0.0000 0.0000 25.0000 25.0000 0.0000 
1.0000 20.0000 39.7588 13.6870 9.7261 
2.0000 116.0000 26.8658 16.7645 13.5485 
3.0000 57.0000 7.4670 26.0061 9.1823 
4.0000 34.0000 1.7367 21.1611 12.7732 
5.0000 25.0000 24.7237 41.8125 10.5803 
6.0000 77.0000 41.9026 2.2806 6.4430 
7.0000 92.0000 23.2722 24.1164 12.6766 
8.0000 105.0000 12.9571 45.7609 7.5107 
9.0000 51.0000 26.7259 31.5201 12.2205 
10.0000 69.0000 34.1183 34.1550 9.2424 
11.0000 72.0000 31.4815 10.6807 9.5148 
12.0000 100.0000 42.7250 19.3619 8.6056 
13.0000 118.0000 36.8487 31.6854 6.3977 
14.0000 113.0000 38.1934 35.5107 6.4880 
15.0000 32.0000 1.2065 27.8496 9.1370 
16.0000 91.0000 39.4675 31.2022 11.5183 
17.0000 99.0000 6.5855 8.9965 9.6560 
18.0000 22.0000 33.5579 7.5556 10.4165 
19.0000 89.0000 42.9712 36.3213 9.8313 
20.0000 112.0000 22.3889 47.4716 14.8557 
21.0000 65.0000 41.3320 10.3576 8.0030 
22.0000 67.0000 6.7949 38.6586 10.9825 
23.0000 110.0000 45.2350 29.1265 8.5496 
24.0000 116.0000 23.3046 33.8449 13.7651 
25.0000 26.0000 11.9979 34.4726 12.4786 
26.0000 22.0000 36.2981 26.1758 13.3435 
27.0000 61.0000 5.0350 22.3942 9.3084 
28.0000 58.0000 18.4272 21.6723 7.3407 
29.0000 112.0000 43.4569 28.8946 5.2842 
30.0000 85.0000 40.4721 34.6920 8.7363 
31.0000 38.0000 23.9946 1.6313 5.3798 
32.0000 20.0000 10.3617 5.2799 5.2683 
33.0000 32.0000 26.3204 43.6465 14.6641 
34.0000 34.0000 4.9993 49.5564 8.4395 
35.0000 51.0000 46.8017 30.1048 12.3818 
36.0000 45.0000 4.8290 28.8042 10.9150 
37.0000 107.0000 33.8384 45.2192 6.4722 
38.0000 94.0000 35.4914 19.3271 9.8704 
39.0000 91.0000 23.2437 48.2955 9.3587 
40.0000 34.0000 13.5421 7.8648 9.3446 
41.0000 114.0000 42.3973 29.6742 9.5008 
42.0000 93.0000 38.7916 36.5314 8.8078 
43.0000 95.0000 23.9913 14.2038 10.1016 
44.0000 49.0000 24.6860 5.7663 14.4534 
45.0000 103.0000 41.5145 31.1329 14.8676 
46.0000 79.0000 20.5727 28.0828 7.6753 
47.0000 104.0000 48.3877 21.6300 11.1078 
48.0000 51.0000 5.4288 10.9845 7.8285 
49.0000 101.0000 20.2159 49.6665 5.0735 
50.0000 53.0000 2.9990 33.2448 12.1392 
