0.0000 0.0000 25.0000 25.0000 0.0000 
1.0000 144.0000 35.4879 31.8304 13.5622 
2.0000 106.0000 26.6760 5.2252 5.8372 
3.0000 136.0000 24.1809 24.5200 6.0509 
4.0000 84.0000 9.0096 40.6100 7.5827 
5.0000 115.0000 19.8257 28.4524 10.4920 
6.0000 101.0000 36.1063 33.4388 13.7871 
7.0000 125.0000 29.5801 24.1300 6.9686 
8.0000 112.0000 39.5786 9.8686 12.5907 
9.0000 70.0000 35.0223 33.0666 12.9136 
10.0000 104.0000 19.9515 5.7009 11.7812 
11.0000 134.0000 26.4348 23.4576 14.8902 
12.0000 136.0000 2.3214 42.6315 14.7211 
13.0000 144.0000 13.9451 10.7899 9.4210 
14.0000 118.0000 29.0308 19.3407 6.4458 
15.0000 88.0000 7.9888 28.6885 11.1385 
16.0000 66.0000 24.8755 29.3287 5.9443 
17.0000 140.0000 48.4906 8.9846 9.6564 
18.0000 129.0000 49.3880 40.4658 13.2690 
19.0000 65.0000 42.4819 18.4149 5.8732 
20.0000 84.0000 17.2860 29.8210 13.2369 
21.0000 95.0000 38.6957 9.8433 6.3069 
22.0000 98.0000 41.3184 21.2377 14.1099 
23.0000 107.0000 5.5719 32.9059 5.1439 
24.0000 99.0000 38.9484 22.9547 7.7913 
25.0000 71.0000 30.4007 35.4914 13.0803 
26.0000 128.0000 3.9384 34.2386 9.5570 
27.0000 120.0000 20.2249 40.1676 5.3701 
28.0000 134.0000 48.6068 32.6809 6.5806 
29.0000 132.0000 40.0284 33.0450 6.7086 
30.0000 108.0000 45.2722 41.4845 6.4402 
31.0000 131.0000 6.5354 21.4711 13.6419 
32.0000 108.0000 10.1855 19.9402 10.0520 
33.0000 109.0000 7.7061 44.6738 10.2990 
34.0000 150.0000 41.7685 33.4865 12.3234 
35.0000 91.0000 15.3697 48.1877 10.3472 
36.0000 64.0000 20.1310 6.9385 11.3274 
37.0000 78.0000 6.0373 4.3418 14.3696 
38.0000 149.0000 38.1880 0.4151 13.1462 
39.0000 69.0000 29.5603 31.7191 11.2120 
40.0000 103.0000 6.0201 30.8646 5.7738 
41.0000 62.0000 23.5947 23.5525 7.9932 
42.0000 73.0000 28.8876 25.3598 8.3089 
43.0000 119.0000 9.0022 40.0697 10.5639 
44.0000 91.0000 30.7581 28.4835 14.3231 
45.0000 88.0000 10.7011 32.9237 7.2014 
46.0000 126.0000 47.3539 40.5089 8.7709 
47.0000 65.0000 26.5891 15.5960 11.6008 
48.0000 116.0000 25.3303 40.2487 11.7184 
49.0000 98.0000 31.6092 25.2587 8.5833 
50.0000 109.0000 9.8024 44.2794 8.7628 
51.0000 76.0000 5.9263 19.4920 6.0794 
52.0000 76.0000 42.6924 49.0379 6.9752 
53.0000 113.0000 39.5488 19.5496 10.3200 
54.0000 62.0000 31.7474 2.4942 14.5374 
55.0000 95.0000 21.7531 44.8916 12.7980 
56.0000 135.0000 6.9731 35.4505 9.0622 
57.0000 126.0000 49.6765 42.9606 6.6088 
58.0000 99.0000 15.8890 14.7395 10.9568 
59.0000 99.0000 10.5280 30.1629 5.9716 
60.0000 109.0000 17.2025 30.7060 10.6294 
61.0000 97.0000 15.7424 46.6568 5.8188 
62.0000 117.0000 21.3052 36.6102 8.5127 
63.0000 119.0000 36.5855 12.0806 10.3151 
64.0000 146.0000 36.0438 40.2928 12.3341 
65.0000 138.0000 20.5630 9.1262 10.0029 
66.0000 104.0000 4.2757 10.7102 11.1841 
67.0000 70.0000 16.0628 37.7651 12.3748 
68.0000 147.0000 17.2252 40.3701 12.3092 
69.0000 106.0000 1.8391 25.9489 11.0869 
70.0000 150.0000 21.9105 0.0214 6.9950 
71.0000 147.0000 33.4122 23.0963 9.1696 
72.0000 85.0000 6.0093 48.6479 10.1920 
73.0000 86.0000 10.9522 0.2044 8.7695 
74.0000 117.0000 37.1091 36.1780 13.8314 
75.0000 134.0000 38.6558 16.6014 5.3770 
76.0000 116.0000 22.1386 40.0294 12.3201 
77.0000 119.0000 44.2738 17.3172 7.4595 
78.0000 115.0000 35.7798 9.0718 13.0924 
79.0000 90.0000 8.2969 6.2718 5.6564 
80.0000 129.0000 47.9654 19.4447 13.2800 
81.0000 127.0000 29.9960 1.2040 13.3398 
82.0000 78.0000 34.1656 6.9094 6.1564 
83.0000 107.0000 7.0258 46.0321 10.2958 
84.0000 96.0000 2.5111 48.5710 7.3239 
85.0000 114.0000 34.1987 9.2845 7.9408 
86.0000 142.0000 49.9590 36.4390 12.2672 
87.0000 64.0000 3.7627 27.6682 12.3731 
88.0000 95.0000 49.5944 9.0311 5.8797 
89.0000 116.0000 30.6887 17.9758 9.4779 
90.0000 67.0000 38.0678 27.1717 14.1104 
91.0000 147.0000 19.2592 9.6823 14.2556 
92.0000 106.0000 44.7889 47.8963 6.0191 
93.0000 72.0000 34.2852 33.5001 10.8379 
94.0000 120.0000 34.9720 43.8970 13.2841 
95.0000 88.0000 39.1395 24.9057 11.5337 
96.0000 112.0000 6.5669 16.5235 11.2083 
97.0000 82.0000 35.8115 18.7228 11.9895 
98.0000 98.0000 16.9676 13.0361 5.2185 
99.0000 109.0000 24.6475 22.6182 10.5184 
100.0000 77.0000 22.8090 39.2909 8.5868 
101.0000 121.0000 41.8855 24.8061 7.5816 
102.0000 131.0000 12.8011 20.5963 12.5558 
103.0000 150.0000 7.5017 41.4081 11.6183 
104.0000 81.0000 26.0270 26.9386 8.0820 
105.0000 128.0000 24.5637 16.7857 8.2677 
106.0000 142.0000 2.3555 26.3177 14.4226 
107.0000 122.0000 38.9917 21.2377 5.0765 
108.0000 97.0000 40.9936 34.0937 12.8812 
109.0000 130.0000 38.3283 18.8849 8.1967 
110.0000 136.0000 32.6071 2.0485 12.1715 
111.0000 137.0000 26.9155 24.8595 11.5644 
112.0000 83.0000 7.1517 34.3775 5.9746 
113.0000 83.0000 8.9536 48.3624 8.6006 
114.0000 117.0000 40.6784 8.6586 14.1166 
115.0000 64.0000 34.0968 22.7498 13.0255 
116.0000 144.0000 10.7326 17.4787 13.8272 
117.0000 139.0000 48.3176 21.5524 7.4819 
118.0000 78.0000 15.3914 31.2397 10.7531 
119.0000 121.0000 21.1755 47.9454 8.8448 
120.0000 67.0000 32.4844 9.0371 10.7035 
121.0000 144.0000 15.0886 1.2590 10.7102 
122.0000 79.0000 6.8009 18.4863 11.6190 
123.0000 129.0000 15.4189 13.5850 13.8459 
124.0000 128.0000 3.3043 41.1890 13.9562 
125.0000 112.0000 32.8015 33.1816 5.9579 
126.0000 105.0000 20.0509 6.1595 6.8189 
127.0000 150.0000 27.7853 28.1840 11.5849 
128.0000 95.0000 22.8049 32.5512 8.6887 
129.0000 150.0000 33.1316 40.7557 7.9591 
130.0000 79.0000 27.1228 46.4789 11.4464 
131.0000 126.0000 33.9765 18.8753 6.1264 
132.0000 135.0000 20.2055 34.2079 14.0816 
133.0000 72.0000 31.2551 27.9009 13.0304 
134.0000 97.0000 7.0760 9.7701 6.1961 
135.0000 85.0000 20.2978 39.9236 5.2423 
136.0000 113.0000 47.5722 34.7236 7.5065 
137.0000 71.0000 21.4714 8.3220 6.3194 
138.0000 134.0000 3.3820 36.9735 8.0477 
139.0000 125.0000 6.5333 3.4780 11.1614 
140.0000 131.0000 7.1118 26.5172 8.2982 
141.0000 144.0000 32.6393 15.4332 11.4948 
142.0000 128.0000 44.8675 23.8674 9.7319 
143.0000 117.0000 20.0645 18.8775 9.7152 
144.0000 90.0000 16.9467 4.7837 10.8720 
145.0000 76.0000 31.0973 43.8354 7.5064 
146.0000 99.0000 48.4798 21.6833 6.3718 
147.0000 150.0000 16.0419 38.7613 10.3328 
148.0000 136.0000 17.9275 44.4839 9.5127 
149.0000 76.0000 43.9347 37.4861 14.4001 
150.0000 61.0000 9.6153 8.5695 12.6272 
151.0000 105.0000 44.3728 34.7246 9.6210 
152.0000 61.0000 35.5141 20.8019 7.6729 
153.0000 96.0000 49.9316 5.2284 5.8333 
154.0000 69.0000 15.2681 41.7129 9.3220 
155.0000 83.0000 18.3827 20.3400 8.8685 
156.0000 112.0000 46.8377 7.1363 7.6059 
157.0000 78.0000 17.2447 1.1644 11.9031 
158.0000 120.0000 45.9529 37.5319 14.0134 
159.0000 82.0000 6.2968 4.0366 11.7588 
160.0000 122.0000 12.0643 24.2781 7.0896 
161.0000 86.0000 0.4766 16.0522 12.6737 
162.0000 105.0000 5.8912 25.8864 14.7069 
163.0000 133.0000 33.3119 39.0351 5.0120 
164.0000 129.0000 33.1676 40.6471 11.2909 
165.0000 114.0000 29.3657 22.0887 12.0066 
166.0000 116.0000 36.0130 23.0100 13.9980 
167.0000 103.0000 29.4580 15.7390 11.7773 
168.0000 73.0000 25.7858 3.8649 6.1635 
169.0000 135.0000 40.2825 30.2909 12.8205 
170.0000 127.0000 5.5819 44.9641 11.4635 
171.0000 145.0000 43.5464 4.9121 11.3734 
172.0000 82.0000 30.1866 8.3955 8.3678 
173.0000 116.0000 47.5154 16.6247 7.2818 
174.0000 121.0000 17.9770 20.9917 14.9639 
175.0000 86.0000 14.7771 44.4680 6.5020 
176.0000 66.0000 29.0580 9.3351 7.1890 
177.0000 99.0000 37.6431 10.6073 14.8096 
178.0000 79.0000 27.5240 36.9897 9.4150 
179.0000 96.0000 7.7404 21.2392 13.3803 
180.0000 121.0000 12.4747 13.7762 13.6212 
181.0000 100.0000 46.1698 45.6231 7.9136 
182.0000 96.0000 40.1066 36.9054 10.6353 
183.0000 80.0000 45.8155 36.9281 10.3178 
184.0000 75.0000 24.1389 44.7661 5.8026 
185.0000 78.0000 12.7182 29.2483 7.7609 
186.0000 84.0000 43.1265 15.6164 8.0516 
187.0000 143.0000 21.3530 10.0140 9.0375 
188.0000 77.0000 33.1406 28.7177 14.2539 
189.0000 125.0000 19.8286 15.7758 8.8975 
190.0000 134.0000 0.9231 18.2586 13.6732 
191.0000 137.0000 49.2783 0.9592 12.1422 
192.0000 100.0000 45.2031 6.8943 13.1440 
193.0000 87.0000 22.9045 15.7518 14.0806 
194.0000 148.0000 20.8012 28.8076 7.6616 
195.0000 65.0000 1.1245 11.7467 11.3723 
196.0000 72.0000 42.5870 17.2032 11.2403 
197.0000 76.0000 29.7558 17.9299 6.8175 
198.0000 104.0000 10.6897 31.7533 9.6208 
199.0000 129.0000 24.4522 18.8808 11.5793 
200.0000 122.0000 36.4366 31.0426 10.0867 
201.0000 142.0000 20.8348 37.8680 10.9571 
202.0000 80.0000 8.4704 16.8985 10.8773 
203.0000 148.0000 18.3765 0.7428 5.3379 
204.0000 125.0000 48.1973 46.1390 14.7685 
205.0000 84.0000 7.2201 49.5745 13.4014 
206.0000 78.0000 3.7256 21.9536 7.0338 
207.0000 99.0000 20.5669 24.0120 13.1576 
208.0000 103.0000 14.4824 41.4209 9.3321 
209.0000 103.0000 14.6528 20.6906 11.5940 
210.0000 146.0000 22.6365 39.9596 11.5653 
211.0000 112.0000 36.8437 47.1801 12.4190 
212.0000 63.0000 21.1288 31.2091 10.6388 
213.0000 92.0000 48.2374 37.9436 6.6105 
214.0000 149.0000 32.4672 7.8151 11.6257 
215.0000 68.0000 43.8250 17.4854 5.4417 
216.0000 88.0000 10.4651 33.4165 5.3467 
217.0000 88.0000 27.0357 11.6250 12.9460 
218.0000 106.0000 1.1178 8.3543 12.7289 
219.0000 134.0000 49.5912 22.0243 13.0391 
220.0000 134.0000 37.2719 26.2569 10.8477 
221.0000 114.0000 46.0976 11.5617 5.8812 
222.0000 90.0000 47.2996 35.0794 6.1319 
223.0000 102.0000 3.1410 37.6166 7.7095 
224.0000 120.0000 11.6646 1.5162 11.9336 
225.0000 102.0000 47.5087 11.4015 6.2091 
226.0000 118.0000 29.4494 10.9445 8.9825 
227.0000 91.0000 26.3431 13.5473 10.0051 
228.0000 99.0000 3.0194 2.9526 5.3366 
229.0000 143.0000 31.9734 30.4140 8.5789 
230.0000 141.0000 42.7049 9.7081 7.8154 
231.0000 129.0000 0.7906 12.8435 12.9498 
232.0000 110.0000 10.5196 45.4792 8.9148 
233.0000 118.0000 48.6542 12.3916 13.7900 
234.0000 71.0000 41.6849 1.3058 10.1115 
235.0000 113.0000 6.9886 41.8896 11.5698 
236.0000 149.0000 19.6636 46.9033 14.1711 
237.0000 86.0000 34.1239 22.9185 6.3742 
238.0000 86.0000 17.1541 44.7765 9.1066 
239.0000 87.0000 32.2123 33.1391 9.0200 
240.0000 95.0000 29.8013 25.6784 14.7779 
241.0000 119.0000 2.2311 38.7033 6.6007 
242.0000 76.0000 39.4174 40.2884 12.8368 
243.0000 98.0000 47.5065 21.8892 8.3472 
244.0000 76.0000 31.1697 30.6225 5.4200 
245.0000 115.0000 3.0689 41.6052 6.6447 
246.0000 132.0000 10.8349 38.3888 7.2307 
247.0000 112.0000 34.3865 27.1096 12.4694 
248.0000 135.0000 7.7746 19.8676 14.4095 
249.0000 87.0000 4.1615 0.4582 10.7191 
250.0000 64.0000 13.9627 49.4147 11.6725 
251.0000 118.0000 15.3516 28.5124 14.0427 
252.0000 112.0000 10.0148 9.7737 6.1439 
253.0000 90.0000 7.4199 10.0478 7.9120 
254.0000 148.0000 17.7722 11.5881 14.6710 
255.0000 101.0000 25.2661 16.8474 9.0378 
256.0000 136.0000 9.8967 29.6638 7.9631 
257.0000 63.0000 18.4559 17.6865 9.8794 
258.0000 97.0000 23.3215 28.7912 8.7645 
259.0000 79.0000 32.2040 10.8365 5.9931 
260.0000 147.0000 29.5353 34.8266 9.7357 
261.0000 72.0000 21.8934 40.0360 10.4705 
262.0000 105.0000 6.7362 35.8292 6.5794 
263.0000 92.0000 49.7830 9.7639 14.7114 
264.0000 95.0000 11.5730 48.3997 13.7642 
265.0000 87.0000 17.3306 1.7645 6.7468 
266.0000 140.0000 32.5757 0.5055 13.3652 
267.0000 144.0000 22.6817 17.9456 7.7880 
268.0000 80.0000 32.6450 18.8657 7.8346 
269.0000 141.0000 12.8309 2.5833 10.7197 
270.0000 104.0000 4.8777 3.7101 13.1558 
271.0000 85.0000 26.9869 22.2959 9.6283 
272.0000 119.0000 4.8291 33.3336 13.2340 
273.0000 101.0000 2.7278 33.7968 12.7300 
274.0000 102.0000 45.3802 32.7209 7.6960 
275.0000 140.0000 26.2412 39.2582 13.7794 
276.0000 109.0000 27.0115 12.9309 10.4625 
277.0000 117.0000 23.2640 5.3212 10.7648 
278.0000 129.0000 6.8989 13.7210 14.7085 
279.0000 131.0000 27.5693 20.7709 10.8301 
280.0000 83.0000 12.8149 24.8294 13.8102 
281.0000 127.0000 35.4687 38.9861 10.7819 
282.0000 98.0000 16.7822 40.2801 12.9163 
283.0000 124.0000 1.7509 44.3951 6.5837 
284.0000 137.0000 32.5793 2.8846 5.1092 
285.0000 148.0000 32.0783 13.8805 13.0791 
286.0000 106.0000 41.6733 29.8164 7.4640 
287.0000 70.0000 5.7542 28.1396 6.4340 
288.0000 149.0000 29.5271 1.9430 7.6059 
289.0000 94.0000 7.2139 23.7080 10.3364 
290.0000 119.0000 41.5565 28.4932 10.5725 
291.0000 118.0000 10.3798 20.8736 8.9944 
292.0000 122.0000 13.6912 43.5109 13.7383 
293.0000 60.0000 40.3552 3.7307 14.2125 
294.0000 95.0000 28.4811 30.7614 8.7288 
295.0000 132.0000 11.7346 26.3693 10.3054 
296.0000 97.0000 46.4099 29.3931 9.6845 
297.0000 76.0000 6.5598 37.1054 13.2122 
298.0000 60.0000 44.0567 29.5591 13.4798 
299.0000 89.0000 30.6711 22.2670 5.6877 
300.0000 147.0000 47.0279 31.5915 6.4381 
301.0000 112.0000 17.6241 10.1718 14.6350 
302.0000 87.0000 48.2836 46.9133 13.4967 
303.0000 78.0000 16.6356 38.3266 6.3211 
304.0000 124.0000 45.2554 29.2500 10.4129 
305.0000 61.0000 19.8666 18.1744 5.9648 
306.0000 70.0000 40.1406 14.9545 11.2830 
307.0000 80.0000 40.1767 10.9373 9.3353 
308.0000 113.0000 27.2144 36.4586 14.6834 
309.0000 61.0000 49.6791 25.2812 10.6923 
310.0000 127.0000 23.8274 0.7802 10.0925 
311.0000 124.0000 21.1134 20.1939 8.1263 
312.0000 105.0000 26.0551 19.7855 7.6909 
313.0000 84.0000 3.9257 39.0302 12.4980 
314.0000 138.0000 12.2299 21.4756 8.4476 
315.0000 104.0000 44.5605 35.7089 10.8387 
316.0000 124.0000 35.8006 11.2898 7.7468 
317.0000 121.0000 0.1702 22.2929 10.6472 
318.0000 128.0000 40.8974 49.5838 12.9878 
319.0000 117.0000 42.3713 32.7140 12.9480 
320.0000 142.0000 31.0137 5.8855 13.9286 
321.0000 118.0000 29.2880 9.4683 7.4692 
322.0000 66.0000 28.2967 42.5194 8.4981 
323.0000 121.0000 17.0589 35.6068 13.4450 
324.0000 74.0000 36.4308 33.6745 7.4213 
325.0000 95.0000 48.3828 5.2190 5.1151 
326.0000 133.0000 32.4363 33.2914 6.5802 
327.0000 117.0000 36.2890 14.1134 11.0560 
328.0000 144.0000 12.7435 22.1197 6.1202 
329.0000 144.0000 16.8614 42.3245 7.2642 
330.0000 119.0000 17.5740 19.2860 7.9451 
331.0000 146.0000 4.3092 7.0105 9.3319 
332.0000 63.0000 10.5873 42.5676 11.9496 
333.0000 144.0000 47.1125 42.6371 11.2172 
334.0000 101.0000 36.2443 42.1472 13.4912 
335.0000 142.0000 41.7792 7.2066 8.5109 
336.0000 148.0000 23.4769 20.8735 12.1448 
337.0000 64.0000 26.8301 44.4391 14.4439 
338.0000 85.0000 10.2825 24.1871 10.2369 
339.0000 141.0000 44.6314 46.3847 6.9998 
340.0000 145.0000 18.1361 3.2418 9.3192 
341.0000 129.0000 15.6958 39.7204 6.3898 
342.0000 108.0000 27.7497 42.6515 12.6485 
343.0000 85.0000 19.2650 19.4586 6.5446 
344.0000 114.0000 22.2733 7.6004 6.1646 
345.0000 82.0000 20.8009 44.8642 11.2063 
346.0000 71.0000 46.9175 48.8864 14.3126 
347.0000 85.0000 10.8295 40.9335 8.1459 
348.0000 145.0000 22.1807 39.0344 13.3243 
349.0000 67.0000 18.6342 22.2110 5.6738 
350.0000 66.0000 18.5520 14.3471 6.7034 
351.0000 81.0000 25.8867 41.6409 8.3164 
352.0000 110.0000 27.1078 44.6102 10.0108 
353.0000 103.0000 10.4817 1.3746 10.1597 
354.0000 112.0000 6.7465 9.7219 11.8633 
355.0000 85.0000 25.5076 4.4588 13.4028 
356.0000 74.0000 25.2995 43.4110 8.5431 
357.0000 127.0000 41.5436 40.8496 5.5825 
358.0000 90.0000 0.6398 24.3775 7.3312 
359.0000 98.0000 36.4779 1.2246 10.5813 
360.0000 127.0000 8.8456 48.9834 7.3680 
361.0000 143.0000 3.9332 22.4771 13.5353 
362.0000 119.0000 26.2827 40.0672 11.7932 
363.0000 75.0000 13.9994 39.2881 6.0083 
364.0000 104.0000 40.0298 5.6010 14.2061 
365.0000 89.0000 26.7759 37.2226 11.3108 
366.0000 125.0000 39.2162 40.1379 8.5767 
367.0000 146.0000 17.1852 30.9275 8.8815 
368.0000 119.0000 29.0494 25.1833 10.6716 
369.0000 140.0000 25.3471 17.6203 13.8236 
370.0000 83.0000 46.0082 33.2836 14.7317 
371.0000 72.0000 3.3677 48.0385 6.9377 
372.0000 62.0000 31.8928 27.3442 6.7450 
373.0000 67.0000 0.0118 45.3595 8.3487 
374.0000 116.0000 4.6480 15.4696 6.0341 
375.0000 88.0000 18.9812 38.0244 10.9249 
376.0000 130.0000 22.7361 19.5320 8.9475 
377.0000 104.0000 10.4765 36.1470 10.8879 
378.0000 77.0000 1.5066 1.6774 12.1163 
379.0000 124.0000 39.0710 24.5558 10.9982 
380.0000 81.0000 6.2640 16.6232 10.9175 
381.0000 83.0000 42.7437 6.9507 14.8153 
382.0000 101.0000 30.3362 9.9224 9.4742 
383.0000 113.0000 26.5357 35.2756 14.7573 
384.0000 64.0000 43.2556 21.9041 11.0933 
385.0000 123.0000 30.9048 13.9813 6.3697 
386.0000 143.0000 38.4092 17.4428 10.5201 
387.0000 79.0000 2.7171 29.3076 8.3467 
388.0000 125.0000 1.4466 47.2885 14.8398 
389.0000 137.0000 45.5666 18.0388 8.3468 
390.0000 121.0000 43.5295 32.4370 14.0737 
391.0000 135.0000 9.2020 35.2845 13.8635 
392.0000 77.0000 38.2811 3.1300 10.9819 
393.0000 102.0000 30.6876 33.4300 8.4865 
394.0000 60.0000 15.2799 11.4168 11.0145 
395.0000 72.0000 27.3503 4.3075 13.1042 
396.0000 86.0000 18.7249 45.1366 5.2058 
397.0000 121.0000 24.1113 32.8762 10.4740 
398.0000 94.0000 48.3950 35.0274 9.1385 
399.0000 142.0000 5.8878 9.4974 5.6356 
400.0000 93.0000 16.6284 7.4672 14.2151 
401.0000 84.0000 12.7587 10.1755 11.2480 
402.0000 141.0000 13.0375 1.3291 7.3756 
403.0000 104.0000 49.8492 18.4648 6.4026 
404.0000 84.0000 26.4265 22.7718 10.7908 
405.0000 95.0000 9.5364 12.7070 9.6490 
406.0000 127.0000 15.8132 15.9297 9.1379 
407.0000 114.0000 2.9508 46.5823 7.7651 
408.0000 119.0000 34.9833 28.2619 10.4312 
409.0000 68.0000 28.4704 13.0049 8.7433 
410.0000 99.0000 49.5582 17.5027 7.4009 
411.0000 62.0000 18.2420 1.8517 13.9758 
412.0000 74.0000 22.3518 1.7050 9.4426 
413.0000 124.0000 43.5853 35.9550 14.4552 
414.0000 145.0000 44.5688 39.3260 5.6344 
415.0000 116.0000 40.1580 22.9913 11.6959 
416.0000 121.0000 25.4240 14.5155 9.1497 
417.0000 112.0000 45.4556 24.9898 9.6597 
418.0000 93.0000 31.7025 10.3744 11.1580 
419.0000 65.0000 15.5598 35.7584 14.9632 
420.0000 88.0000 18.9039 21.8034 7.2092 
421.0000 79.0000 20.6064 3.3879 11.3605 
422.0000 95.0000 24.2058 28.6133 11.5149 
423.0000 125.0000 35.2759 5.0912 12.2269 
424.0000 97.0000 33.0885 8.8748 6.5749 
425.0000 65.0000 12.9986 45.4962 7.7457 
426.0000 90.0000 35.9907 33.3150 7.0858 
427.0000 149.0000 2.0830 6.6246 10.0417 
428.0000 81.0000 18.7295 5.2327 9.7170 
429.0000 142.0000 11.4283 20.1666 8.0806 
430.0000 108.0000 47.1051 45.3718 13.0492 
431.0000 121.0000 19.6390 10.9119 9.4856 
432.0000 110.0000 23.7053 19.1524 13.9091 
433.0000 147.0000 39.0279 46.4439 7.9377 
434.0000 107.0000 28.9624 29.5639 11.2824 
435.0000 109.0000 2.0006 33.3149 14.0519 
436.0000 131.0000 33.6297 6.5791 14.7974 
437.0000 74.0000 19.8174 11.8543 7.3822 
438.0000 98.0000 36.8428 15.2598 10.5847 
439.0000 130.0000 34.7454 40.1028 10.8750 
440.0000 65.0000 19.0688 43.0530 14.0615 
441.0000 96.0000 47.4416 26.7924 8.9590 
442.0000 149.0000 40.1838 36.2305 10.1899 
443.0000 75.0000 24.1333 17.4946 8.3028 
444.0000 89.0000 43.0319 46.0814 7.6241 
445.0000 97.0000 49.2467 33.6778 5.8923 
446.0000 115.0000 26.6001 23.8848 8.2132 
447.0000 102.0000 48.4918 13.7525 14.2120 
448.0000 98.0000 43.5290 41.1707 5.5986 
449.0000 108.0000 24.9544 21.2401 7.8004 
450.0000 94.0000 35.8255 31.0445 9.3286 
