0.0000 0.0000 25.0000 25.0000 0.0000 
1.0000 77.0000 40.8524 40.8195 8.2044 
2.0000 44.0000 34.4150 36.8490 13.8772 
3.0000 118.0000 46.0736 28.5542 12.1052 
4.0000 24.0000 27.5308 31.4462 8.3265 
5.0000 21.0000 49.1702 49.4011 14.0070 
6.0000 119.0000 26.4466 7.4976 7.4072 
7.0000 68.0000 5.9001 32.6101 12.7936 
8.0000 53.0000 30.0766 37.0316 11.0762 
9.0000 65.0000 21.7182 26.0066 9.7466 
10.0000 63.0000 16.6128 49.4035 7.8288 
11.0000 23.0000 21.8674 49.8014 6.1011 
12.0000 27.0000 11.2670 31.8348 10.3363 
13.0000 82.0000 22.8593 27.1791 5.9616 
14.0000 36.0000 1.1055 30.7773 9.9188 
15.0000 61.0000 31.3624 38.2180 9.9727 
16.0000 74.0000 3.8907 25.8166 8.6881 
17.0000 40.0000 11.6087 2.0826 5.2433 
18.0000 35.0000 1.2483 39.2753 14.2383 
19.0000 86.0000 20.7121 0.2781 10.3012 
20.0000 38.0000 10.8416 10.7817 8.7031 
21.0000 74.0000 42.1971 5.0079 5.3008 
22.0000 43.0000 12.9525 3.7285 9.3034 
23.0000 96.0000 19.4069 12.3873 11.7631 
24.0000 88.0000 44.9104 21.7116 11.6039 
25.0000 65.0000 2.2028 49.4486 7.5955 
26.0000 52.0000 2.4253 28.3779 7.1609 
27.0000 105.0000 3.3626 38.1146 12.6266 
28.0000 105.0000 5.8263 11.5573 11.9380 
29.0000 59.0000 6.7101 9.8109 7.0044 
30.0000 80.0000 39.6861 12.1567 11.7104 
31.0000 102.0000 12.2867 18.2878 13.8423 
32.0000 73.0000 40.8098 29.5029 10.3853 
33.0000 23.0000 14.7596 18.4624 14.9801 
34.0000 27.0000 5.8597 8.3704 6.2213 
35.0000 99.0000 13.0292 12.9674 12.8735 
36.0000 62.0000 5.5587 32.8628 11.8439 
37.0000 61.0000 46.8471 44.7416 7.3623 
38.0000 80.0000 0.4634 42.9450 12.1172 
39.0000 43.0000 13.9699 16.3805 7.5470 
40.0000 114.0000 29.9819 28.6585 6.9342 
41.0000 108.0000 18.3735 41.5964 5.4405 
42.0000 104.0000 48.0750 44.4760 12.4793 
43.0000 33.0000 1.8470 28.4259 14.4079 
44.0000 39.0000 43.2176 48.3380 13.3638 
45.0000 106.0000 44.0210 10.1989 9.4337 
46.0000 70.0000 37.8980 9.6644 8.4270 
47.0000 26.0000 32.4755 40.0605 9.8389 
48.0000 105.0000 9.3137 15.3516 6.0689 
49.0000 53.0000 42.6562 44.4586 12.1872 
50.0000 24.0000 42.7254 18.6381 6.8161 
51.0000 116.0000 13.3246 0.2111 13.7595 
52.0000 117.0000 27.7075 43.6030 6.2786 
53.0000 98.0000 30.8589 6.6581 7.3027 
54.0000 71.0000 32.1042 21.9202 14.3215 
55.0000 94.0000 22.0118 4.0330 14.2614 
56.0000 26.0000 48.5108 20.2381 6.9204 
57.0000 67.0000 31.4289 39.6290 13.5227 
58.0000 25.0000 19.3952 25.8577 12.7335 
59.0000 63.0000 8.9841 10.2292 8.3388 
60.0000 81.0000 39.5602 5.2202 11.7342 
61.0000 82.0000 30.1747 45.4454 13.2982 
62.0000 23.0000 11.3048 11.9267 7.1834 
63.0000 57.0000 30.8964 15.8181 12.9923 
64.0000 35.0000 0.7799 5.7579 14.2243 
65.0000 120.0000 23.8886 9.0303 12.3234 
66.0000 93.0000 22.1228 25.9429 13.7818 
67.0000 79.0000 26.1037 26.9933 7.8075 
68.0000 78.0000 7.8006 28.5069 11.7651 
69.0000 77.0000 20.9763 30.6370 10.5187 
70.0000 48.0000 26.0219 35.7978 5.8056 
71.0000 70.0000 39.8772 23.0150 9.2370 
72.0000 100.0000 0.3720 2.9731 14.7396 
73.0000 64.0000 13.7558 12.0389 10.9591 
74.0000 73.0000 43.8470 20.4218 11.0810 
75.0000 84.0000 37.1623 33.6078 13.9193 
76.0000 119.0000 4.6715 41.4599 12.4759 
77.0000 28.0000 40.2738 34.7774 5.6593 
78.0000 101.0000 25.2609 18.8375 11.3854 
79.0000 48.0000 9.2947 20.6908 7.3589 
80.0000 40.0000 14.6621 28.4166 8.5739 
81.0000 57.0000 4.8762 8.7779 8.7496 
82.0000 41.0000 5.4890 7.1751 14.8983 
83.0000 104.0000 21.1910 30.9752 10.3777 
84.0000 81.0000 14.9683 19.3643 6.4901 
85.0000 51.0000 7.3383 43.9509 13.5378 
86.0000 62.0000 15.4088 25.5708 6.9933 
87.0000 67.0000 3.0300 17.3529 8.4941 
88.0000 67.0000 12.2653 27.8652 5.5739 
89.0000 104.0000 11.0413 25.4598 13.9115 
90.0000 97.0000 7.7863 24.6790 6.9654 
91.0000 72.0000 20.8496 9.3516 9.9611 
92.0000 22.0000 16.8542 25.1070 5.4431 
93.0000 44.0000 10.6850 5.6853 14.7031 
94.0000 21.0000 3.9808 45.7966 11.2408 
95.0000 25.0000 34.1393 2.7523 11.6018 
96.0000 72.0000 26.2358 9.8923 7.3640 
97.0000 108.0000 10.9510 9.3085 6.7442 
98.0000 73.0000 38.7999 1.2623 12.1523 
99.0000 86.0000 7.5342 24.2768 6.0593 
100.0000 49.0000 44.2510 6.9105 13.7094 
101.0000 31.0000 46.5141 24.8734 8.8824 
102.0000 60.0000 2.1980 49.3294 10.0785 
103.0000 91.0000 30.6679 22.9548 9.5748 
104.0000 48.0000 24.4736 49.4658 12.7497 
105.0000 115.0000 30.0535 27.8544 14.1753 
106.0000 65.0000 49.1057 20.4585 11.4455 
107.0000 63.0000 22.1831 26.4440 9.8771 
108.0000 59.0000 21.8141 41.1104 7.5045 
109.0000 31.0000 20.5690 2.3287 12.9352 
110.0000 61.0000 44.1835 19.2771 6.5842 
111.0000 103.0000 36.5541 0.4405 10.7126 
112.0000 70.0000 38.8769 30.8204 9.9764 
113.0000 38.0000 36.2568 25.3442 10.1908 
114.0000 74.0000 26.6179 20.3945 13.5837 
115.0000 22.0000 27.7458 34.3425 9.5537 
116.0000 101.0000 22.7294 45.2419 5.2930 
117.0000 32.0000 25.6893 33.4279 14.2685 
118.0000 56.0000 8.4128 24.0723 12.4303 
119.0000 69.0000 21.8490 27.9409 7.3754 
120.0000 52.0000 8.7985 41.2714 10.0796 
121.0000 108.0000 6.9755 37.6950 13.2319 
122.0000 118.0000 0.0746 29.5903 10.6972 
123.0000 33.0000 45.3746 22.4803 9.7082 
124.0000 62.0000 13.1386 30.4465 12.7824 
125.0000 49.0000 19.0867 27.1774 5.1754 
126.0000 21.0000 46.3037 49.4071 9.9875 
127.0000 32.0000 21.2078 24.9332 7.7471 
128.0000 99.0000 22.3191 14.2989 9.0247 
129.0000 28.0000 42.5286 40.5804 6.6908 
130.0000 34.0000 13.0949 14.8610 8.4943 
131.0000 32.0000 47.3668 22.6561 9.2622 
132.0000 83.0000 40.1933 6.2480 13.8566 
133.0000 64.0000 32.9068 27.3520 13.4237 
134.0000 84.0000 39.1765 21.6829 9.1546 
135.0000 33.0000 29.9631 22.2861 12.6987 
136.0000 102.0000 40.5837 14.0749 9.7744 
137.0000 63.0000 5.3029 32.0679 8.2263 
138.0000 29.0000 32.3462 4.0133 7.2882 
139.0000 65.0000 44.8214 40.3037 13.5540 
140.0000 64.0000 39.7442 13.4511 6.8231 
141.0000 74.0000 31.9351 43.8862 8.9526 
142.0000 85.0000 36.5574 25.4272 9.0796 
143.0000 92.0000 14.4778 47.7279 14.2646 
144.0000 88.0000 8.9690 48.6897 11.6952 
145.0000 108.0000 28.3799 20.7967 12.7961 
146.0000 120.0000 9.3220 24.4260 14.9616 
147.0000 70.0000 39.9081 11.5232 11.4664 
148.0000 24.0000 27.4566 15.0142 11.9171 
149.0000 37.0000 15.6176 49.8485 13.8417 
150.0000 25.0000 0.4307 47.7697 5.0429 
151.0000 118.0000 3.6111 23.1739 10.9382 
152.0000 89.0000 31.0985 28.9535 12.7629 
153.0000 101.0000 15.3093 28.3471 9.2581 
154.0000 26.0000 19.4525 7.1588 14.8948 
155.0000 29.0000 17.8367 47.3526 14.7336 
156.0000 45.0000 7.2181 22.2907 11.8018 
157.0000 84.0000 24.7308 48.8000 14.4249 
158.0000 39.0000 29.6891 18.4246 14.7975 
159.0000 72.0000 25.8681 45.1812 11.1758 
160.0000 87.0000 21.0485 28.7330 5.3936 
161.0000 70.0000 23.5843 5.5256 13.6917 
162.0000 24.0000 12.1956 14.6439 11.0579 
163.0000 112.0000 3.7534 30.0560 13.3313 
164.0000 44.0000 30.7158 14.3443 9.6723 
165.0000 27.0000 14.0867 33.6541 7.5594 
166.0000 100.0000 42.5200 23.7012 9.6270 
167.0000 115.0000 33.0396 29.5238 10.0102 
168.0000 78.0000 9.9600 22.3901 14.9154 
169.0000 53.0000 1.9752 5.8538 8.0967 
170.0000 83.0000 24.0956 21.6421 7.3944 
171.0000 119.0000 34.1748 21.8774 10.0275 
172.0000 46.0000 19.8455 32.5762 10.1996 
173.0000 91.0000 28.2818 10.2682 11.2565 
174.0000 67.0000 27.3505 26.2541 12.9894 
175.0000 70.0000 32.8867 23.7355 8.4253 
176.0000 113.0000 35.8682 5.4862 10.9255 
177.0000 98.0000 34.6777 45.5070 13.8573 
178.0000 23.0000 0.1140 9.2101 10.5639 
179.0000 79.0000 46.0064 46.3307 7.0156 
180.0000 38.0000 29.9767 44.3867 8.4521 
181.0000 45.0000 41.6491 27.3168 8.3106 
182.0000 64.0000 39.1926 36.7020 12.1034 
183.0000 92.0000 30.6609 5.4436 11.8833 
184.0000 44.0000 49.7761 34.3157 8.1398 
185.0000 43.0000 23.5805 27.7352 11.9642 
186.0000 66.0000 41.8750 19.9530 10.6605 
187.0000 63.0000 24.4921 41.6680 6.6547 
188.0000 44.0000 28.1324 34.7274 5.9053 
189.0000 110.0000 13.7066 2.4820 9.9529 
190.0000 92.0000 36.2994 12.1382 8.7918 
191.0000 65.0000 15.2327 31.6599 13.6255 
192.0000 78.0000 17.4399 40.9113 11.6268 
193.0000 99.0000 41.5789 35.9917 13.0085 
194.0000 42.0000 19.1798 18.6368 6.1552 
195.0000 79.0000 6.0832 12.9888 6.0111 
196.0000 84.0000 27.2270 7.4363 8.3311 
197.0000 80.0000 47.6151 41.2673 11.8260 
198.0000 110.0000 18.7502 28.3920 12.1920 
199.0000 101.0000 29.3910 14.1590 9.9899 
200.0000 21.0000 22.9733 18.5698 7.2795 
201.0000 86.0000 47.6448 36.7111 14.8510 
202.0000 77.0000 14.1451 0.1445 14.2350 
203.0000 116.0000 22.0906 21.5417 14.7254 
204.0000 82.0000 12.3010 43.5865 6.3169 
205.0000 89.0000 25.4160 44.2476 5.1486 
206.0000 54.0000 26.8102 41.5718 7.5374 
207.0000 67.0000 30.6092 19.8747 14.3112 
208.0000 91.0000 24.2077 8.3337 5.1259 
209.0000 78.0000 21.4741 17.9158 6.2461 
210.0000 89.0000 22.2973 28.2996 6.1328 
211.0000 72.0000 34.0283 17.1306 8.8159 
212.0000 67.0000 3.2456 46.0120 13.8314 
213.0000 57.0000 14.0901 33.3815 6.5659 
214.0000 110.0000 39.5581 32.2009 12.9580 
215.0000 35.0000 11.9653 10.0054 13.8750 
216.0000 28.0000 6.9606 12.6278 13.8763 
217.0000 82.0000 40.6687 7.5333 12.6813 
218.0000 118.0000 38.1456 37.7319 11.4427 
219.0000 64.0000 11.6132 37.0120 8.0546 
220.0000 29.0000 39.2064 28.3871 11.6168 
221.0000 113.0000 39.9336 41.7189 9.1906 
222.0000 74.0000 10.9084 40.7405 5.9439 
223.0000 68.0000 0.6037 23.9336 7.0064 
224.0000 62.0000 3.0896 16.4915 9.8586 
225.0000 70.0000 19.7290 5.3933 14.7131 
226.0000 63.0000 33.4007 23.6333 6.3526 
227.0000 67.0000 36.0880 40.8735 6.9671 
228.0000 87.0000 16.0930 9.3260 10.1655 
229.0000 23.0000 21.4311 13.1609 8.0894 
230.0000 49.0000 40.3164 39.6958 7.2216 
231.0000 116.0000 33.2120 16.6496 14.7168 
232.0000 74.0000 19.3972 49.0634 13.4381 
233.0000 112.0000 31.0870 10.3601 13.1918 
234.0000 97.0000 2.5359 11.3861 12.0277 
235.0000 35.0000 30.9889 20.7812 10.2309 
236.0000 85.0000 2.8848 17.8328 11.4079 
237.0000 84.0000 4.7369 33.4572 7.3574 
238.0000 85.0000 25.2670 14.4157 10.6860 
239.0000 107.0000 30.0870 20.8497 12.5218 
240.0000 33.0000 35.2231 48.0817 7.9110 
241.0000 96.0000 0.6069 0.7386 11.3880 
242.0000 37.0000 15.4928 18.2057 9.6530 
243.0000 56.0000 32.2605 1.4832 9.5526 
244.0000 85.0000 2.1976 1.6552 14.1492 
245.0000 40.0000 19.3096 29.2294 10.0422 
246.0000 66.0000 46.6935 1.1046 7.4035 
247.0000 93.0000 23.8677 2.6757 12.4657 
248.0000 78.0000 40.6498 21.7680 10.8174 
249.0000 63.0000 30.2814 36.8743 10.0740 
250.0000 32.0000 29.1138 39.7352 7.1095 
