0.0000 0.0000 25.0000 25.0000 0.0000 
1.0000 139.0000 20.3906 1.5348 14.1902 
2.0000 72.0000 10.3455 36.2635 6.9791 
3.0000 95.0000 39.6852 7.1996 8.8101 
4.0000 60.0000 40.7489 1.3895 11.8311 
5.0000 66.0000 43.9729 2.2434 8.3296 
6.0000 79.0000 16.5213 11.1532 12.0630 
7.0000 121.0000 19.8437 28.9568 14.1314 
8.0000 74.0000 2.5709 38.6818 12.0787 
9.0000 123.0000 43.7973 13.5292 5.7384 
10.0000 136.0000 34.3703 25.8956 10.3920 
11.0000 76.0000 17.8328 35.2040 8.3598 
12.0000 120.0000 28.1062 48.4152 12.5494 
13.0000 123.0000 36.9608 26.9724 14.8576 
14.0000 137.0000 9.2439 41.2608 7.6216 
15.0000 108.0000 23.1846 9.7144 13.3748 
16.0000 59.0000 27.9038 13.3214 8.6034 
17.0000 80.0000 45.0698 16.0849 12.9635 
18.0000 128.0000 5.6160 18.0087 12.8796 
19.0000 70.0000 10.9232 30.2778 11.3705 
20.0000 58.0000 24.5481 42.9875 8.4537 
21.0000 140.0000 16.9834 30.8445 6.2164 
22.0000 109.0000 26.0036 0.3307 5.2500 
23.0000 109.0000 4.4960 16.2781 14.6531 
24.0000 82.0000 20.8641 21.6732 12.2828 
25.0000 67.0000 5.5788 34.0960 5.5517 
26.0000 116.0000 41.6058 20.4848 14.4657 
27.0000 130.0000 20.4857 24.3945 9.5211 
28.0000 74.0000 45.2726 43.6089 8.2452 
29.0000 68.0000 12.2682 31.6285 8.0290 
30.0000 74.0000 12.7922 23.8644 5.1253 
31.0000 113.0000 41.6685 3.5618 11.1965 
32.0000 102.0000 5.5444 38.9864 9.5513 
33.0000 130.0000 11.4673 49.4679 10.8078 
34.0000 105.0000 47.8896 24.3365 12.7727 
35.0000 130.0000 22.6488 35.1222 14.8666 
36.0000 79.0000 8.6274 43.6461 14.0351 
37.0000 121.0000 21.2523 4.3336 11.8422 
38.0000 85.0000 47.3097 35.8923 13.1012 
39.0000 71.0000 29.9959 2.0139 8.6477 
40.0000 89.0000 24.9033 0.7822 10.2361 
41.0000 79.0000 38.9158 36.5409 12.1890 
42.0000 101.0000 3.2140 30.9287 9.9798 
43.0000 113.0000 9.1413 23.5958 10.9267 
44.0000 53.0000 40.6180 38.5624 14.8975 
45.0000 76.0000 2.6361 12.3286 6.1906 
46.0000 86.0000 3.9479 49.2879 8.0279 
47.0000 137.0000 29.6494 36.7956 12.5480 
48.0000 78.0000 48.5967 30.5499 14.8312 
49.0000 124.0000 6.2975 9.0147 14.7193 
50.0000 92.0000 17.2818 13.0881 9.9595 
51.0000 104.0000 5.6701 11.4903 6.2941 
52.0000 113.0000 47.3798 7.8922 5.2460 
53.0000 134.0000 5.6534 25.8695 6.5486 
54.0000 55.0000 33.1649 19.2320 6.0433 
55.0000 90.0000 7.3502 23.1964 9.7390 
56.0000 124.0000 13.4636 28.7059 6.9766 
57.0000 121.0000 8.9186 27.0805 10.5444 
58.0000 62.0000 10.5462 15.3052 13.9820 
59.0000 92.0000 15.8286 20.0268 11.6212 
60.0000 72.0000 20.4615 3.8324 13.6574 
61.0000 104.0000 34.5364 47.6495 13.4366 
62.0000 132.0000 36.8328 15.5158 9.4456 
63.0000 77.0000 25.0081 25.8846 8.3750 
64.0000 60.0000 5.4576 47.8154 7.0410 
65.0000 65.0000 35.9399 19.0978 8.0368 
66.0000 131.0000 32.3338 47.0895 14.5402 
67.0000 116.0000 37.4869 6.8875 12.0448 
68.0000 130.0000 30.8566 10.8580 9.3900 
69.0000 108.0000 8.8371 12.6256 14.5976 
70.0000 79.0000 11.8507 31.7153 12.3663 
71.0000 123.0000 27.6220 26.8268 9.6940 
72.0000 139.0000 48.5778 7.2531 12.4559 
73.0000 112.0000 27.2850 35.7351 8.1818 
74.0000 137.0000 18.3815 41.8449 13.9557 
75.0000 78.0000 20.8286 17.5752 11.9894 
76.0000 126.0000 48.5977 33.6879 7.6766 
77.0000 86.0000 40.4237 28.2358 10.9791 
78.0000 104.0000 30.4741 37.8151 12.1620 
79.0000 50.0000 11.6500 45.5156 11.3489 
80.0000 126.0000 31.8907 15.7545 9.6181 
81.0000 52.0000 31.7713 49.4172 10.6192 
82.0000 130.0000 30.7167 24.0482 12.1770 
83.0000 71.0000 9.5051 31.0783 6.3357 
84.0000 78.0000 37.7158 28.1001 5.8974 
85.0000 117.0000 29.4248 42.7767 7.6216 
86.0000 96.0000 17.6374 25.8390 11.2087 
87.0000 114.0000 5.9192 38.9908 12.7307 
88.0000 115.0000 19.7733 32.7305 7.7431 
89.0000 57.0000 8.6475 8.1801 11.1726 
90.0000 122.0000 8.9101 35.8968 8.3368 
91.0000 91.0000 13.0817 21.3585 7.1504 
92.0000 65.0000 6.0277 16.0906 10.4068 
93.0000 74.0000 13.1470 16.7541 5.7127 
94.0000 53.0000 20.6214 37.2787 5.4531 
95.0000 137.0000 36.5654 29.2259 7.4105 
96.0000 105.0000 41.0266 12.6401 13.7062 
97.0000 122.0000 48.6720 0.7590 13.8123 
98.0000 93.0000 2.5264 46.0378 11.7309 
99.0000 102.0000 32.4519 18.4115 12.7609 
100.0000 118.0000 10.0583 43.6932 12.6934 
101.0000 105.0000 18.2856 13.8032 13.2810 
102.0000 97.0000 14.1990 32.4367 5.9379 
103.0000 54.0000 36.8132 36.3072 9.9216 
104.0000 50.0000 8.6439 49.5320 7.0758 
105.0000 86.0000 0.9363 5.3958 12.6945 
106.0000 83.0000 15.8548 15.3193 12.9786 
107.0000 128.0000 36.3702 35.1052 12.4781 
108.0000 69.0000 18.4609 12.1732 8.8612 
109.0000 65.0000 22.9775 12.1781 11.8575 
110.0000 118.0000 5.1632 34.0765 6.4261 
111.0000 104.0000 38.8593 26.5074 11.1987 
112.0000 82.0000 10.8773 16.3951 8.6330 
113.0000 134.0000 33.9973 0.4255 14.9903 
114.0000 79.0000 48.7192 41.0145 10.7125 
115.0000 124.0000 14.7849 47.8835 11.3539 
116.0000 75.0000 43.0118 0.2926 8.3285 
117.0000 93.0000 42.8536 2.7184 6.5015 
118.0000 100.0000 24.6741 22.8763 8.5240 
119.0000 133.0000 36.7170 25.9196 8.0642 
120.0000 109.0000 46.3632 10.4902 13.4304 
121.0000 52.0000 36.8828 39.8280 12.4332 
122.0000 116.0000 36.3340 5.0842 5.4835 
123.0000 70.0000 47.1671 36.7060 7.4146 
124.0000 119.0000 36.8915 46.4974 10.5073 
125.0000 138.0000 46.4636 33.8176 6.3383 
126.0000 56.0000 24.3272 47.6309 12.1851 
127.0000 51.0000 9.5952 41.6357 13.3783 
128.0000 106.0000 45.9586 29.4178 5.4675 
129.0000 106.0000 28.0068 4.0261 8.5729 
130.0000 100.0000 11.7776 36.8250 5.8538 
131.0000 117.0000 27.0824 9.5230 13.2759 
132.0000 50.0000 26.7266 49.9640 13.5312 
133.0000 61.0000 13.6353 27.2263 5.5499 
134.0000 113.0000 30.1845 36.8518 12.6336 
135.0000 76.0000 34.2190 36.6182 5.1410 
136.0000 77.0000 4.5984 7.9504 14.1926 
137.0000 111.0000 0.9200 20.7470 14.8152 
138.0000 67.0000 6.8975 25.3218 5.0958 
139.0000 108.0000 4.5632 34.1257 8.9074 
140.0000 83.0000 12.8787 49.9463 14.6523 
141.0000 125.0000 0.4842 40.4594 5.7444 
142.0000 60.0000 23.9739 31.5108 13.1087 
143.0000 140.0000 6.4036 22.9743 9.1155 
144.0000 72.0000 49.1738 8.5025 10.3523 
145.0000 131.0000 22.3059 49.4891 5.6451 
146.0000 78.0000 39.1612 15.6529 8.8263 
147.0000 90.0000 42.2524 13.7792 14.9251 
148.0000 72.0000 21.3168 6.7916 8.4644 
149.0000 52.0000 49.7461 16.7453 6.3168 
150.0000 74.0000 48.6886 14.5016 13.7036 
151.0000 86.0000 6.7048 41.5303 12.8892 
152.0000 82.0000 19.7880 9.0170 8.5959 
153.0000 127.0000 6.5922 22.8664 8.8423 
154.0000 74.0000 20.8912 1.8906 14.6929 
155.0000 137.0000 49.5033 38.8321 5.4776 
156.0000 82.0000 20.8915 23.4011 7.1140 
157.0000 125.0000 28.4958 20.6089 9.5806 
158.0000 128.0000 43.9759 4.7262 13.2094 
159.0000 65.0000 36.8845 3.6585 8.2605 
160.0000 68.0000 18.8439 3.9948 6.2860 
161.0000 94.0000 9.2732 38.1996 12.5808 
162.0000 95.0000 28.7390 35.6029 10.0045 
163.0000 116.0000 14.8667 7.0380 5.3514 
164.0000 99.0000 27.5077 11.9253 9.3822 
165.0000 96.0000 22.8149 26.3756 8.5337 
166.0000 78.0000 3.2326 33.2130 5.5156 
167.0000 67.0000 16.4511 8.5769 6.8514 
168.0000 79.0000 17.5499 45.8968 7.4763 
169.0000 128.0000 36.8651 39.9025 5.2422 
170.0000 60.0000 24.8914 2.1562 9.2550 
171.0000 109.0000 46.0586 14.7061 14.3512 
172.0000 102.0000 38.6716 31.2357 8.2053 
173.0000 88.0000 28.8248 33.0469 13.8631 
174.0000 111.0000 36.9790 38.9314 5.0769 
175.0000 101.0000 9.3336 15.1829 14.0538 
176.0000 136.0000 30.0656 31.7086 6.1842 
177.0000 87.0000 33.3333 34.7258 5.4663 
178.0000 82.0000 10.1698 34.2934 11.5572 
179.0000 112.0000 24.7653 13.9724 9.0297 
180.0000 74.0000 28.0970 14.2171 9.4074 
181.0000 81.0000 7.3613 41.7381 11.9881 
182.0000 104.0000 39.3159 27.4150 6.7398 
183.0000 85.0000 28.2083 14.4743 12.1030 
184.0000 50.0000 30.1433 10.6445 13.9730 
185.0000 67.0000 44.7684 22.0367 13.4332 
186.0000 60.0000 30.4332 3.0754 5.3278 
187.0000 139.0000 13.4428 47.8823 8.0040 
188.0000 106.0000 9.8774 37.5925 12.1729 
189.0000 138.0000 13.9428 19.1944 8.8285 
190.0000 115.0000 17.3437 42.3550 6.8333 
191.0000 127.0000 18.8636 26.1853 9.6114 
192.0000 93.0000 5.3056 31.7018 6.8983 
193.0000 114.0000 20.6186 24.0371 7.9844 
194.0000 57.0000 43.1063 23.1832 9.1283 
195.0000 97.0000 38.8589 40.0032 5.2938 
196.0000 129.0000 11.8067 7.9935 13.7840 
197.0000 64.0000 22.6444 28.0099 11.2252 
198.0000 53.0000 42.1876 5.7771 10.9731 
199.0000 54.0000 11.5894 29.8778 6.4446 
200.0000 119.0000 12.4858 48.7302 12.9346 
201.0000 108.0000 21.1537 5.4716 14.5281 
202.0000 105.0000 0.4965 49.6159 6.4910 
203.0000 95.0000 43.4140 34.4618 12.0301 
204.0000 104.0000 2.9641 2.6842 12.2439 
205.0000 63.0000 35.1802 47.2764 12.3909 
206.0000 74.0000 36.5442 27.2994 7.2883 
207.0000 84.0000 32.0026 7.6190 7.5016 
208.0000 77.0000 17.1905 9.2532 12.6103 
209.0000 115.0000 4.5861 49.7990 5.1797 
210.0000 52.0000 0.0477 22.6490 7.8981 
211.0000 136.0000 20.6399 43.8183 12.8802 
212.0000 97.0000 27.7646 2.2828 5.0275 
213.0000 137.0000 16.2290 3.2411 14.5466 
214.0000 105.0000 39.2612 28.9754 9.7351 
215.0000 76.0000 26.7429 44.6856 11.9408 
216.0000 124.0000 2.5062 34.1167 13.5570 
217.0000 58.0000 15.4995 11.0386 8.3116 
218.0000 120.0000 19.2250 31.9726 8.7791 
219.0000 124.0000 13.2662 8.1174 11.9608 
220.0000 140.0000 27.3015 9.4472 13.5917 
221.0000 95.0000 33.7955 14.7892 5.1290 
222.0000 119.0000 15.4163 12.3274 12.4035 
223.0000 132.0000 27.0077 48.0556 12.8972 
224.0000 113.0000 35.6156 1.9176 12.5754 
225.0000 53.0000 26.9127 1.5740 12.2458 
226.0000 89.0000 1.2989 15.3714 11.4916 
227.0000 56.0000 42.1343 12.2422 8.2335 
228.0000 68.0000 13.2836 23.7307 5.3921 
229.0000 58.0000 23.4140 37.8405 6.6566 
230.0000 65.0000 24.5825 42.8960 7.9523 
231.0000 131.0000 16.0155 22.4382 10.6990 
232.0000 84.0000 16.8379 22.4602 12.3063 
233.0000 55.0000 19.7063 15.2486 8.5132 
234.0000 122.0000 7.3896 1.8919 11.4942 
235.0000 136.0000 2.8413 31.0187 8.7021 
236.0000 115.0000 40.4208 49.5429 12.4431 
237.0000 52.0000 12.1987 31.0932 7.0514 
238.0000 87.0000 21.7854 33.8602 11.4603 
239.0000 64.0000 18.7197 26.7249 8.5574 
240.0000 83.0000 5.2416 24.0911 9.7803 
241.0000 93.0000 33.2414 7.8085 6.7261 
242.0000 59.0000 14.7746 36.2953 11.9016 
243.0000 109.0000 13.5608 2.9017 6.4671 
244.0000 133.0000 45.2988 35.7697 13.9018 
245.0000 82.0000 29.7647 12.7445 12.1138 
246.0000 74.0000 25.0205 35.1981 12.9761 
247.0000 90.0000 31.3305 42.1400 6.1304 
248.0000 90.0000 15.0556 49.6213 9.3585 
249.0000 131.0000 35.1838 3.4059 11.7435 
250.0000 120.0000 34.8493 0.7011 7.3149 
