0.0000 0.0000 25.0000 25.0000 0.0000 
1.0000 38.0000 47.5853 0.1222 7.4565 
2.0000 102.0000 48.3195 5.3272 6.2699 
3.0000 79.0000 42.2284 31.7703 11.6870 
4.0000 45.0000 30.8982 10.9732 7.7188 
5.0000 56.0000 41.6560 39.2267 11.8533 
6.0000 69.0000 32.9011 39.5899 8.9494 
7.0000 92.0000 27.7407 31.5557 11.7137 
8.0000 52.0000 8.2231 9.5130 11.7735 
9.0000 109.0000 38.6081 12.6768 13.1169 
10.0000 36.0000 41.4297 3.0312 8.0260 
11.0000 105.0000 14.2375 24.8529 6.9454 
12.0000 99.0000 9.2211 45.8758 5.8341 
13.0000 78.0000 6.4794 17.0853 10.2290 
14.0000 104.0000 5.2395 34.9041 11.0297 
15.0000 110.0000 8.9177 48.4168 8.1948 
16.0000 108.0000 38.4158 15.0739 8.0015 
17.0000 117.0000 25.4102 6.6001 13.0956 
18.0000 80.0000 44.4511 41.8122 12.0878 
19.0000 70.0000 31.3150 33.9137 10.1604 
20.0000 55.0000 40.4065 3.4284 9.0669 
21.0000 78.0000 31.6445 5.9590 7.4036 
22.0000 43.0000 6.4490 31.7393 10.0723 
23.0000 41.0000 20.4922 21.4346 13.3717 
24.0000 111.0000 15.2462 41.2981 7.5890 
25.0000 56.0000 15.7728 39.2393 6.9129 
26.0000 51.0000 34.3841 0.6612 5.9564 
27.0000 66.0000 15.3337 7.3000 8.2460 
28.0000 52.0000 10.4164 33.4117 11.7893 
29.0000 71.0000 16.9425 33.5679 5.9148 
30.0000 58.0000 45.5630 2.7918 6.4380 
31.0000 47.0000 39.0953 6.0264 8.8469 
32.0000 111.0000 13.6512 39.8058 14.0530 
33.0000 76.0000 40.0696 31.8828 13.8422 
34.0000 73.0000 44.5752 40.4333 14.9175 
35.0000 31.0000 43.8343 48.9782 6.8216 
36.0000 106.0000 33.2281 6.6668 5.3030 
37.0000 77.0000 13.1095 36.8337 8.9200 
38.0000 116.0000 43.5618 46.2108 11.7512 
39.0000 98.0000 11.1589 47.1343 14.1283 
40.0000 79.0000 27.5894 39.9864 5.8273 
41.0000 50.0000 22.2933 32.8245 10.5115 
42.0000 30.0000 12.0946 8.8002 11.2729 
43.0000 85.0000 21.4559 6.6321 6.4524 
44.0000 62.0000 14.2952 42.8655 10.9438 
45.0000 109.0000 48.3251 34.8738 6.6165 
46.0000 31.0000 29.5153 30.4450 9.2216 
47.0000 39.0000 43.9697 24.6772 12.9869 
48.0000 55.0000 1.7792 21.9770 7.7127 
49.0000 37.0000 22.9797 8.3175 10.0781 
50.0000 85.0000 28.3372 35.2744 10.9481 
51.0000 74.0000 5.4540 15.4139 8.1256 
52.0000 57.0000 48.3636 2.5051 12.5457 
53.0000 96.0000 36.2891 32.3570 6.4506 
54.0000 39.0000 13.7119 46.7912 7.0164 
55.0000 66.0000 30.6419 48.2720 7.1594 
56.0000 78.0000 37.2466 42.4233 12.5624 
57.0000 120.0000 0.2702 3.2728 7.5348 
58.0000 109.0000 3.4569 30.8004 12.3093 
59.0000 58.0000 32.2215 40.8756 9.6337 
60.0000 91.0000 47.7827 46.5504 7.7675 
61.0000 75.0000 4.8089 20.7017 9.7938 
62.0000 43.0000 36.3796 29.7098 9.3099 
63.0000 63.0000 17.1004 23.2146 5.6881 
64.0000 83.0000 38.3199 41.0232 9.4050 
65.0000 117.0000 8.3777 43.9663 9.7006 
66.0000 34.0000 11.4503 3.0491 8.4695 
67.0000 114.0000 0.7329 11.1910 13.1644 
68.0000 72.0000 28.8926 13.4280 7.8797 
69.0000 62.0000 22.1627 18.6644 7.5715 
70.0000 32.0000 10.6872 43.9435 12.6358 
71.0000 63.0000 7.6571 8.2322 12.1261 
72.0000 101.0000 24.7138 49.9000 13.5583 
73.0000 109.0000 32.6885 23.4405 8.4978 
74.0000 36.0000 44.1922 9.8946 10.9965 
75.0000 83.0000 31.4942 29.1381 5.2860 
76.0000 49.0000 34.4372 41.7663 11.0916 
77.0000 102.0000 1.4185 5.3080 10.1567 
78.0000 96.0000 6.7274 14.6343 7.4075 
79.0000 106.0000 12.0355 28.6666 10.5546 
80.0000 75.0000 5.5046 25.1785 14.7018 
81.0000 46.0000 24.4842 2.9979 9.3046 
82.0000 87.0000 39.8641 14.7760 5.8232 
83.0000 31.0000 18.8817 1.6488 11.3634 
84.0000 104.0000 38.9404 23.6415 10.7286 
85.0000 69.0000 21.0967 34.3414 12.7360 
86.0000 114.0000 3.0938 27.2130 13.4410 
87.0000 76.0000 33.5917 33.9474 13.1938 
88.0000 39.0000 31.9701 21.4962 11.3234 
89.0000 87.0000 26.1008 30.6936 8.3329 
90.0000 110.0000 18.4434 27.3924 8.6879 
91.0000 47.0000 8.5404 1.2880 5.7764 
92.0000 57.0000 43.1641 37.5882 8.3339 
93.0000 102.0000 17.0646 20.9031 9.7370 
94.0000 58.0000 33.8456 5.9290 13.9810 
95.0000 74.0000 7.6962 16.2327 10.0069 
96.0000 67.0000 17.8500 23.6225 9.4424 
97.0000 49.0000 25.2469 19.0786 14.3165 
98.0000 75.0000 46.9685 32.9882 6.2913 
99.0000 39.0000 17.6667 34.0232 10.7157 
100.0000 84.0000 40.4203 36.1871 9.5627 
101.0000 83.0000 5.6722 44.1868 7.0617 
102.0000 60.0000 38.8466 40.8375 5.3257 
103.0000 41.0000 0.4647 2.3599 11.6685 
104.0000 50.0000 16.4404 27.4699 9.2597 
105.0000 89.0000 25.1629 34.7858 14.4384 
106.0000 48.0000 46.8529 28.1984 6.5699 
107.0000 74.0000 15.6076 44.8234 9.6920 
108.0000 110.0000 16.1729 40.4154 13.1556 
109.0000 119.0000 30.1927 28.5649 9.9344 
110.0000 89.0000 4.7075 4.7199 8.5621 
111.0000 81.0000 30.5665 29.4985 11.9290 
112.0000 50.0000 45.7082 9.6106 13.4365 
113.0000 72.0000 6.7266 37.2354 8.2703 
114.0000 38.0000 24.3340 29.3501 11.2089 
115.0000 93.0000 27.9950 22.2730 5.8548 
116.0000 103.0000 23.0342 1.8899 10.5219 
117.0000 41.0000 4.2540 6.3589 12.5130 
118.0000 54.0000 0.5636 44.8524 8.6372 
119.0000 75.0000 42.3578 31.7447 6.7993 
120.0000 63.0000 28.7950 4.8181 11.1800 
121.0000 104.0000 35.5739 34.4702 10.3722 
122.0000 35.0000 42.1417 10.5602 5.7461 
123.0000 45.0000 23.1179 20.4849 7.2164 
124.0000 36.0000 16.1466 29.2404 6.6601 
125.0000 64.0000 17.7609 40.0450 14.0806 
126.0000 51.0000 19.6648 13.0603 10.2970 
127.0000 81.0000 26.9086 26.3291 11.4993 
128.0000 93.0000 10.2252 6.7177 11.3384 
129.0000 72.0000 36.0762 46.0670 13.2015 
130.0000 78.0000 23.3250 27.0487 9.8257 
131.0000 117.0000 5.8350 13.0160 6.9096 
132.0000 55.0000 1.6732 37.3461 12.6459 
133.0000 31.0000 49.1336 4.8664 13.9315 
134.0000 55.0000 26.4883 34.9358 11.9530 
135.0000 106.0000 33.9173 10.8984 12.9873 
136.0000 63.0000 43.8281 27.0098 7.7742 
137.0000 81.0000 22.5539 32.9224 14.1258 
138.0000 32.0000 44.7305 47.7030 9.3766 
139.0000 77.0000 26.5405 2.4876 7.3118 
140.0000 78.0000 47.3699 33.2249 6.3555 
141.0000 50.0000 2.7249 10.1907 10.0470 
142.0000 80.0000 35.3698 26.2743 13.8630 
143.0000 55.0000 48.1911 22.0137 13.5028 
144.0000 60.0000 8.9755 38.5255 5.2377 
145.0000 74.0000 1.2588 32.9113 6.4949 
146.0000 43.0000 49.5653 44.8501 12.9416 
147.0000 84.0000 10.4721 33.9037 11.7361 
148.0000 90.0000 43.8974 13.2279 9.3671 
149.0000 56.0000 8.6121 11.7938 14.1668 
150.0000 117.0000 26.9774 37.8650 8.1984 
151.0000 74.0000 32.8911 0.5198 13.1071 
152.0000 86.0000 3.4008 27.6555 11.8248 
153.0000 70.0000 24.1785 20.0820 14.6487 
154.0000 50.0000 4.4569 26.3192 9.7803 
155.0000 101.0000 6.8439 19.9200 6.2312 
156.0000 41.0000 10.0895 24.5963 5.7960 
157.0000 79.0000 44.9562 28.1525 7.0306 
158.0000 97.0000 16.9013 1.6732 8.0041 
159.0000 102.0000 35.2701 35.3836 5.1097 
160.0000 53.0000 48.3976 8.3646 14.5132 
161.0000 47.0000 28.9868 10.4544 7.4724 
162.0000 104.0000 36.7038 21.7103 14.9570 
163.0000 106.0000 15.8981 25.7946 9.2161 
164.0000 60.0000 26.5910 2.8631 11.9543 
165.0000 41.0000 46.6803 39.0897 12.4171 
166.0000 51.0000 22.1628 34.3083 13.8637 
167.0000 38.0000 3.0787 13.3205 7.3715 
168.0000 65.0000 11.8101 24.2249 7.2057 
169.0000 103.0000 7.0372 13.6617 5.8824 
170.0000 105.0000 47.3187 24.3537 14.9697 
171.0000 97.0000 44.1289 21.2421 5.3423 
172.0000 88.0000 42.0213 10.7239 9.9300 
173.0000 93.0000 43.1874 42.6156 14.9680 
174.0000 82.0000 44.7855 38.7550 13.0815 
175.0000 38.0000 16.1726 38.0960 9.5021 
176.0000 49.0000 49.2004 38.0836 11.6956 
177.0000 114.0000 27.1584 28.6864 11.1018 
178.0000 112.0000 8.1272 9.2370 6.9563 
179.0000 62.0000 32.0648 45.6850 13.5017 
180.0000 100.0000 14.9293 22.4517 11.9514 
181.0000 97.0000 34.2119 40.7125 12.6503 
182.0000 96.0000 22.9316 35.1033 7.7801 
183.0000 112.0000 23.1315 41.2171 13.3375 
184.0000 55.0000 29.4238 28.2872 7.0189 
185.0000 37.0000 3.6623 23.7605 5.2012 
186.0000 112.0000 45.8947 24.2893 8.4471 
187.0000 114.0000 32.7252 9.0481 14.9228 
188.0000 59.0000 8.7499 36.2031 12.1567 
189.0000 112.0000 44.9460 32.0632 8.0796 
190.0000 101.0000 20.9729 2.3271 14.8166 
191.0000 30.0000 27.6267 41.9766 9.1354 
192.0000 43.0000 28.6610 40.1280 11.6576 
193.0000 103.0000 30.5491 0.9560 14.8201 
194.0000 120.0000 14.9466 4.7350 8.7029 
195.0000 114.0000 12.2137 38.8197 12.4694 
196.0000 54.0000 27.6425 18.8087 8.7221 
197.0000 99.0000 20.3545 47.4851 12.0791 
198.0000 39.0000 9.7400 45.0214 12.1548 
199.0000 52.0000 31.9615 23.9692 7.8672 
200.0000 96.0000 31.1927 36.4237 5.8527 
201.0000 92.0000 18.1857 41.6902 8.5715 
202.0000 111.0000 27.7209 32.7868 14.3138 
203.0000 75.0000 13.4798 45.8016 11.3347 
204.0000 116.0000 36.8008 25.2534 12.9637 
205.0000 76.0000 16.9501 20.0298 7.1807 
206.0000 116.0000 38.5196 45.4779 5.2050 
207.0000 103.0000 45.1296 19.3934 12.1259 
208.0000 99.0000 39.4817 24.2605 8.1743 
209.0000 120.0000 44.9629 49.3721 7.0957 
210.0000 77.0000 14.6284 48.8171 11.9935 
211.0000 112.0000 33.7892 33.4723 6.6392 
212.0000 59.0000 47.3932 0.4145 14.4661 
213.0000 46.0000 10.4461 2.2050 9.8724 
214.0000 70.0000 42.2247 11.7216 9.1656 
215.0000 44.0000 10.7858 17.8662 6.1686 
216.0000 83.0000 39.2707 22.2447 14.9415 
217.0000 98.0000 6.5832 26.3378 14.9005 
218.0000 92.0000 4.9168 31.8766 8.0218 
219.0000 58.0000 7.8289 9.1071 11.6679 
220.0000 114.0000 14.0118 29.8657 9.6116 
221.0000 109.0000 33.0783 5.5114 13.5816 
222.0000 94.0000 5.0728 28.6267 6.1137 
223.0000 113.0000 28.9038 24.5672 11.6831 
224.0000 84.0000 29.5550 37.1884 11.3287 
225.0000 38.0000 27.2555 43.7195 14.9849 
226.0000 114.0000 36.1175 14.4160 12.5353 
227.0000 67.0000 33.8309 16.1464 13.4974 
228.0000 68.0000 17.3619 3.7321 9.6440 
229.0000 62.0000 14.9067 1.4316 5.4829 
230.0000 103.0000 42.3334 8.5974 10.4507 
231.0000 46.0000 36.6938 29.9993 13.9084 
232.0000 40.0000 39.3298 49.4242 14.8039 
233.0000 35.0000 38.1103 48.1216 8.8892 
234.0000 111.0000 24.1083 12.6743 6.1060 
235.0000 77.0000 9.5570 24.1545 5.4372 
236.0000 47.0000 23.0887 41.5968 11.8451 
237.0000 101.0000 3.9547 41.0931 8.3087 
238.0000 68.0000 11.3475 14.6578 13.9755 
239.0000 55.0000 39.4328 1.5874 7.3076 
240.0000 75.0000 31.8338 17.0037 12.0068 
241.0000 84.0000 25.7459 33.9811 7.9356 
242.0000 86.0000 46.9346 10.9066 9.4632 
243.0000 103.0000 39.9447 48.6987 9.8717 
244.0000 89.0000 10.6364 35.4372 10.2658 
245.0000 46.0000 1.3995 12.3404 11.7202 
246.0000 66.0000 44.7207 23.2590 11.6483 
247.0000 36.0000 37.4571 15.2328 14.9938 
248.0000 52.0000 28.8458 8.4611 10.8460 
249.0000 54.0000 12.5213 7.7464 13.1219 
250.0000 100.0000 13.1104 28.5424 7.9308 
