0.0000 0.0000 25.0000 25.0000 0.0000 
1.0000 115.0000 35.1176 43.8030 11.8405 
2.0000 123.0000 33.4324 48.6090 6.3972 
3.0000 121.0000 16.1194 20.2864 6.0319 
4.0000 114.0000 49.7205 46.1823 11.7912 
5.0000 152.0000 6.2872 34.3243 7.9618 
6.0000 172.0000 26.1791 20.0535 12.2889 
7.0000 96.0000 47.7829 38.3129 8.0725 
8.0000 163.0000 30.5014 3.4226 5.7533 
9.0000 125.0000 18.2265 25.4851 13.7825 
10.0000 138.0000 37.1235 34.1078 10.4817 
11.0000 97.0000 32.4517 37.9703 5.2771 
12.0000 112.0000 47.5539 8.6023 8.6504 
13.0000 128.0000 15.1096 2.7664 8.7995 
14.0000 173.0000 0.0654 4.2431 14.4691 
15.0000 173.0000 22.2917 33.8240 7.1760 
16.0000 97.0000 18.8748 5.5494 13.1467 
17.0000 145.0000 37.6016 29.6308 5.3332 
18.0000 169.0000 0.7733 24.3089 5.4021 
19.0000 123.0000 7.5903 27.8635 12.1274 
20.0000 122.0000 31.4740 49.0807 10.2148 
21.0000 174.0000 5.5974 0.5076 12.8249 
22.0000 161.0000 35.9678 3.6192 6.9717 
23.0000 161.0000 14.5186 11.5025 6.7460 
24.0000 93.0000 29.6486 31.5975 5.9922 
25.0000 135.0000 26.5897 24.6532 11.5426 
26.0000 93.0000 47.4339 0.5904 11.5508 
27.0000 109.0000 29.9243 0.3742 6.9967 
28.0000 144.0000 7.7120 26.0809 14.7193 
29.0000 142.0000 5.1909 13.4472 5.0891 
30.0000 157.0000 44.4055 12.1334 6.8654 
31.0000 172.0000 45.7617 38.5004 9.2975 
32.0000 105.0000 26.7467 19.3000 6.5103 
33.0000 167.0000 48.7485 34.0201 7.7681 
34.0000 125.0000 10.1488 23.2628 14.4934 
35.0000 117.0000 39.4140 4.8792 14.4863 
36.0000 146.0000 49.3505 18.3866 5.9951 
37.0000 171.0000 28.9734 48.3455 7.8794 
38.0000 169.0000 11.8138 19.1836 10.0450 
39.0000 133.0000 44.3921 35.4519 5.9637 
40.0000 154.0000 16.5125 0.1082 8.9346 
41.0000 101.0000 2.8427 14.9937 9.0980 
42.0000 158.0000 41.3397 48.7462 9.6120 
43.0000 157.0000 17.7137 21.0256 8.1691 
44.0000 149.0000 13.3088 13.3158 6.1540 
45.0000 159.0000 7.5876 44.8267 7.8984 
46.0000 140.0000 34.7511 49.9635 11.3574 
47.0000 148.0000 48.9744 43.4981 7.1043 
48.0000 104.0000 5.3199 13.5172 10.2280 
49.0000 148.0000 29.8407 10.5307 10.5989 
50.0000 174.0000 16.6067 1.9994 10.0905 
51.0000 99.0000 47.9599 9.3230 7.3875 
52.0000 95.0000 1.2502 39.8783 6.4069 
53.0000 155.0000 22.4519 33.9282 5.3469 
54.0000 109.0000 42.5100 9.8923 13.0117 
55.0000 103.0000 5.5997 15.1368 5.8624 
56.0000 99.0000 48.6794 44.8049 6.0760 
57.0000 179.0000 49.0032 8.9563 12.1141 
58.0000 112.0000 22.4873 41.8983 12.6672 
59.0000 142.0000 9.0496 34.5658 7.9637 
60.0000 149.0000 19.7323 40.8502 10.2553 
61.0000 155.0000 42.5148 2.1376 12.8247 
62.0000 157.0000 4.7066 37.7300 14.9297 
63.0000 160.0000 19.2969 9.6798 10.7746 
64.0000 132.0000 48.5045 44.4584 6.8265 
65.0000 172.0000 7.6225 27.1076 7.7204 
66.0000 113.0000 7.3523 24.5977 11.6023 
67.0000 111.0000 8.8706 24.2463 14.4334 
68.0000 135.0000 32.9208 44.4865 9.6323 
69.0000 167.0000 48.1737 7.6315 7.8630 
70.0000 112.0000 13.3378 5.3583 5.9394 
71.0000 162.0000 29.6843 39.5702 8.7712 
72.0000 132.0000 12.0991 42.3783 7.8327 
73.0000 103.0000 19.3562 17.0071 9.5698 
74.0000 129.0000 47.1588 37.9273 9.3137 
75.0000 151.0000 11.3391 19.1452 5.2208 
76.0000 159.0000 38.6167 21.2940 11.0506 
77.0000 146.0000 2.0569 9.1695 8.1610 
78.0000 150.0000 48.6540 10.7298 6.1494 
79.0000 102.0000 49.3182 47.4145 14.7056 
80.0000 145.0000 15.1875 1.3282 13.3288 
81.0000 172.0000 48.4232 43.7422 11.6504 
82.0000 103.0000 11.0565 31.0608 12.8152 
83.0000 156.0000 10.4544 44.0777 12.2455 
84.0000 110.0000 0.1926 0.2092 14.0380 
85.0000 135.0000 35.2873 36.7876 12.5845 
86.0000 94.0000 41.7732 45.8055 7.9333 
87.0000 107.0000 3.3210 39.5778 12.9037 
88.0000 126.0000 23.5062 6.3243 10.6069 
89.0000 176.0000 2.7987 42.4819 14.8682 
90.0000 180.0000 33.3160 10.4594 10.1980 
91.0000 112.0000 16.0577 18.0275 5.0639 
92.0000 106.0000 34.7032 18.8335 5.2140 
93.0000 111.0000 34.2393 17.8443 10.8106 
94.0000 153.0000 41.1254 6.6386 9.7845 
95.0000 150.0000 27.5161 46.1851 10.1220 
96.0000 129.0000 43.7436 28.6170 10.3704 
97.0000 106.0000 18.8974 7.7667 6.6709 
98.0000 160.0000 45.2391 49.0356 14.7743 
99.0000 167.0000 17.1572 5.3539 10.7320 
100.0000 90.0000 30.3331 37.4843 14.5752 
101.0000 132.0000 21.9366 28.7369 14.7954 
102.0000 158.0000 12.6386 14.4355 11.3432 
103.0000 111.0000 22.5344 9.9681 14.0179 
104.0000 157.0000 45.2273 45.9920 13.4846 
105.0000 99.0000 4.8420 33.2719 6.5840 
106.0000 157.0000 10.1094 31.9862 5.9548 
107.0000 158.0000 28.6122 41.2885 10.8136 
108.0000 156.0000 1.6941 3.0718 13.3888 
109.0000 100.0000 25.7881 48.7516 8.2866 
110.0000 144.0000 34.0262 44.7257 14.1256 
111.0000 134.0000 8.5349 16.4464 11.4011 
112.0000 171.0000 8.8047 18.6512 12.9245 
113.0000 111.0000 48.3389 28.2146 13.4011 
114.0000 174.0000 13.7521 33.7625 12.2539 
115.0000 179.0000 47.6991 23.1984 14.1245 
116.0000 127.0000 1.7652 43.6590 6.4216 
117.0000 138.0000 42.6173 0.9759 5.9447 
118.0000 100.0000 24.7179 44.2249 12.1596 
119.0000 152.0000 3.0203 25.4714 14.2281 
120.0000 100.0000 16.2752 39.4147 6.9762 
121.0000 145.0000 29.1078 43.6280 11.1298 
122.0000 124.0000 2.8153 33.3691 7.4248 
123.0000 106.0000 31.3893 18.9283 5.1671 
124.0000 140.0000 47.4123 43.7767 6.4823 
125.0000 136.0000 35.6553 9.7872 9.2109 
126.0000 141.0000 33.3726 15.8162 13.6192 
127.0000 140.0000 2.3547 36.8533 11.8716 
128.0000 147.0000 32.8119 33.4011 8.0431 
129.0000 151.0000 29.4175 44.1071 12.1816 
130.0000 93.0000 3.5277 13.5911 10.5459 
131.0000 132.0000 35.4525 41.3264 10.4916 
132.0000 126.0000 13.7863 21.5441 7.2331 
133.0000 146.0000 7.6038 0.9097 9.7037 
134.0000 99.0000 22.1488 28.8901 10.2816 
135.0000 101.0000 5.7162 38.6818 6.7263 
136.0000 143.0000 1.8068 41.7681 5.5066 
137.0000 97.0000 16.8355 2.0371 13.7296 
138.0000 143.0000 0.1245 42.9300 7.0935 
139.0000 102.0000 44.3800 48.6992 10.3635 
140.0000 157.0000 34.7586 21.8008 8.6880 
141.0000 109.0000 26.1379 40.0239 6.0520 
142.0000 107.0000 39.6432 42.9559 12.0549 
143.0000 168.0000 19.9075 44.2144 5.8527 
144.0000 112.0000 37.8651 2.8466 9.9411 
145.0000 167.0000 3.6683 7.7055 5.5387 
146.0000 124.0000 4.3717 47.9408 6.0276 
147.0000 144.0000 29.9126 14.9334 6.5276 
148.0000 105.0000 19.1059 6.9214 7.4823 
149.0000 169.0000 45.4678 9.0062 12.7146 
150.0000 124.0000 10.8807 26.1636 5.1572 
151.0000 135.0000 43.7798 43.5749 9.3722 
152.0000 128.0000 17.6869 26.3123 11.5440 
153.0000 98.0000 10.6586 1.5487 10.8877 
154.0000 147.0000 8.8754 11.4597 5.1286 
155.0000 128.0000 39.7964 41.5257 7.2024 
156.0000 100.0000 41.5806 6.2065 11.2950 
157.0000 135.0000 1.0508 33.9378 8.2943 
158.0000 176.0000 32.4233 16.9276 14.3613 
159.0000 175.0000 35.7771 28.9238 9.0969 
160.0000 150.0000 17.5704 27.2840 5.7971 
161.0000 175.0000 35.5829 38.2950 13.8170 
162.0000 150.0000 26.5348 31.1219 11.7413 
163.0000 127.0000 46.2839 20.3128 13.4474 
164.0000 91.0000 30.9772 28.8238 11.2478 
165.0000 111.0000 48.6575 22.0317 14.3125 
166.0000 175.0000 16.3151 8.4873 6.6559 
167.0000 145.0000 9.2617 29.7288 6.5137 
168.0000 96.0000 38.6252 44.3454 7.4893 
169.0000 166.0000 2.0586 39.5012 5.6906 
170.0000 119.0000 29.0943 19.0948 12.1253 
171.0000 120.0000 0.2679 20.5687 9.2737 
172.0000 153.0000 42.2835 45.8333 10.3461 
173.0000 140.0000 42.7752 0.5562 12.9957 
174.0000 123.0000 6.2918 4.3821 6.5788 
175.0000 158.0000 31.4919 15.1612 11.9577 
176.0000 131.0000 49.7725 45.9574 5.7929 
177.0000 117.0000 4.4342 18.2104 6.2333 
178.0000 155.0000 43.3793 9.6247 12.5130 
179.0000 90.0000 39.4607 16.3444 13.1740 
180.0000 137.0000 21.6041 49.4358 10.9654 
181.0000 108.0000 12.9786 22.3645 12.8938 
182.0000 180.0000 18.9675 40.2414 7.2701 
183.0000 96.0000 10.9851 34.4443 7.3310 
184.0000 135.0000 0.4128 42.2620 9.1952 
185.0000 166.0000 9.0192 26.1721 5.7744 
186.0000 102.0000 37.9211 36.8376 9.1710 
187.0000 138.0000 14.5561 36.8654 13.6799 
188.0000 172.0000 13.8192 7.6800 12.7652 
189.0000 120.0000 18.5159 2.7684 10.4133 
190.0000 156.0000 36.7188 5.9630 14.6246 
191.0000 180.0000 22.8458 33.4682 11.8178 
192.0000 150.0000 16.1224 12.5108 13.8634 
193.0000 156.0000 0.9255 26.3688 5.3386 
194.0000 172.0000 26.4054 9.1244 12.9386 
195.0000 167.0000 46.3747 16.6694 10.6357 
196.0000 149.0000 32.3664 19.9184 8.1896 
197.0000 144.0000 7.3575 45.1169 12.2271 
198.0000 97.0000 12.4565 24.6106 5.3297 
199.0000 146.0000 40.2987 39.7661 5.7525 
200.0000 140.0000 29.2122 12.2875 6.3880 
201.0000 97.0000 7.3254 20.8982 6.5905 
202.0000 145.0000 40.8616 23.3377 6.1976 
203.0000 125.0000 30.1457 6.2709 13.5746 
204.0000 116.0000 11.1863 24.4262 13.5518 
205.0000 151.0000 1.1682 29.5722 6.6197 
206.0000 172.0000 27.5125 45.3003 8.5785 
207.0000 102.0000 14.5620 9.1060 11.7387 
208.0000 158.0000 19.7972 45.4597 12.0534 
209.0000 151.0000 13.7897 5.4218 7.1907 
210.0000 105.0000 9.1834 49.2638 5.0917 
211.0000 93.0000 8.0319 11.8560 7.3546 
212.0000 97.0000 14.9831 49.5629 10.1451 
213.0000 127.0000 4.9067 32.4146 14.2626 
214.0000 135.0000 26.7445 5.7210 8.9907 
215.0000 135.0000 11.5790 22.5022 5.4007 
216.0000 103.0000 37.6801 49.0818 13.2881 
217.0000 118.0000 1.2593 25.8601 8.2996 
218.0000 140.0000 32.3947 47.9059 7.8717 
219.0000 179.0000 45.7257 49.8219 7.3514 
220.0000 141.0000 9.9049 17.3271 12.7393 
221.0000 140.0000 11.3469 6.1150 12.1170 
222.0000 164.0000 42.0552 8.4410 14.4600 
223.0000 163.0000 18.7877 18.5451 14.0375 
224.0000 102.0000 9.5998 47.3875 6.5402 
225.0000 126.0000 41.4988 7.0450 12.2378 
226.0000 125.0000 8.4096 48.9803 6.8741 
227.0000 142.0000 4.6928 49.0874 8.7892 
228.0000 99.0000 1.6053 13.8577 7.0286 
229.0000 123.0000 14.0814 3.0024 9.2343 
230.0000 108.0000 13.0505 35.7894 6.8810 
231.0000 117.0000 45.8636 26.9151 13.9433 
232.0000 162.0000 38.7278 27.5259 12.1757 
233.0000 134.0000 46.2969 46.0040 8.5435 
234.0000 96.0000 39.1610 22.3709 5.1651 
235.0000 165.0000 42.2341 2.4098 11.6406 
236.0000 136.0000 17.4342 44.4921 6.0141 
237.0000 105.0000 33.8565 22.4110 5.1544 
238.0000 138.0000 48.3386 36.0349 12.5461 
239.0000 113.0000 37.0177 10.0906 5.4216 
240.0000 166.0000 30.4247 5.3388 10.9268 
241.0000 114.0000 29.8904 39.3375 9.2175 
242.0000 118.0000 42.4818 4.9461 10.2031 
243.0000 118.0000 45.1808 43.4207 13.5364 
244.0000 127.0000 34.7734 48.7581 12.9763 
245.0000 176.0000 27.3973 27.8613 13.9312 
246.0000 155.0000 44.5438 32.1343 13.4753 
247.0000 161.0000 5.1158 36.2851 12.3106 
248.0000 141.0000 44.5659 29.8377 10.9187 
249.0000 173.0000 26.4451 47.8621 9.6647 
250.0000 136.0000 29.0389 23.2656 9.5821 
251.0000 106.0000 35.9691 38.3918 11.0119 
252.0000 94.0000 36.4171 4.7994 10.5991 
253.0000 121.0000 38.5292 30.6783 13.8574 
254.0000 139.0000 43.3807 41.0299 5.9757 
255.0000 133.0000 14.4448 3.7403 6.6488 
256.0000 165.0000 43.0065 30.0975 11.7057 
257.0000 159.0000 5.9435 30.3770 5.1948 
258.0000 154.0000 0.7695 2.5654 11.8504 
259.0000 163.0000 24.2017 28.3810 14.7953 
260.0000 118.0000 10.8970 35.2775 7.0360 
261.0000 98.0000 39.0718 46.7369 9.9577 
262.0000 152.0000 2.6533 29.8683 12.2641 
263.0000 108.0000 24.0982 6.5033 13.8044 
264.0000 151.0000 25.9237 13.0471 10.7709 
265.0000 118.0000 9.5237 10.1311 14.3450 
266.0000 168.0000 36.5274 1.0328 10.8055 
267.0000 102.0000 8.7390 15.2908 12.5785 
268.0000 96.0000 35.9008 23.5936 13.8998 
269.0000 134.0000 48.2220 29.5788 10.6815 
270.0000 137.0000 37.7053 41.6980 11.6148 
271.0000 136.0000 44.4345 46.9047 6.1932 
272.0000 149.0000 18.6878 4.5921 10.5878 
273.0000 176.0000 6.7792 47.5719 13.2151 
274.0000 107.0000 44.2793 48.4171 10.9507 
275.0000 141.0000 6.6841 49.8389 7.2839 
276.0000 118.0000 12.9671 3.0115 12.7698 
277.0000 109.0000 4.8101 0.3157 5.4836 
278.0000 164.0000 0.6132 2.7706 14.2641 
279.0000 97.0000 46.5637 38.8350 5.6713 
280.0000 125.0000 0.5418 7.0567 9.5666 
281.0000 133.0000 41.6221 34.9697 13.3265 
282.0000 157.0000 15.9434 17.5130 8.2166 
283.0000 134.0000 26.3824 33.8811 9.7475 
284.0000 144.0000 41.2078 13.7533 12.4991 
285.0000 153.0000 49.3244 22.4511 12.1527 
286.0000 133.0000 49.3214 0.1601 13.8990 
287.0000 171.0000 42.3825 26.2200 8.4360 
288.0000 149.0000 41.7054 16.5822 7.1020 
289.0000 160.0000 21.4748 48.9999 5.0534 
290.0000 175.0000 46.6348 25.1360 5.8904 
291.0000 131.0000 13.5616 13.7035 5.8542 
292.0000 140.0000 34.6978 28.0537 8.9145 
293.0000 96.0000 45.1923 2.7989 9.9939 
294.0000 154.0000 45.5235 1.4364 5.3126 
295.0000 151.0000 13.8662 18.5392 8.0587 
296.0000 135.0000 44.2401 20.7014 8.0998 
297.0000 118.0000 12.9920 21.3325 12.1185 
298.0000 170.0000 13.2626 34.8234 5.4939 
299.0000 175.0000 18.9935 39.8536 8.8462 
300.0000 100.0000 36.2722 15.0816 9.9917 
