0.0000 0.0000 25.0000 25.0000 0.0000 
1.0000 70.0000 45.1224 38.1033 14.9597 
2.0000 118.0000 25.5128 31.8773 5.9403 
3.0000 63.0000 34.1656 15.5407 7.7416 
4.0000 122.0000 21.5321 7.7148 6.0977 
5.0000 132.0000 19.7216 16.3389 12.4805 
6.0000 69.0000 14.9026 34.2141 11.9313 
7.0000 114.0000 38.5063 19.1034 6.9277 
8.0000 117.0000 45.5481 5.4945 8.8353 
9.0000 139.0000 26.4336 11.5840 9.7350 
10.0000 88.0000 5.0667 19.3073 10.7938 
11.0000 98.0000 6.0084 49.0420 5.6437 
12.0000 60.0000 42.7306 3.9242 9.8693 
13.0000 143.0000 49.3153 22.6241 8.7436 
14.0000 72.0000 36.0834 1.7961 6.6213 
15.0000 81.0000 26.4414 34.9785 6.5060 
16.0000 71.0000 3.7838 11.3330 8.5546 
17.0000 86.0000 2.1476 4.1732 8.2256 
18.0000 85.0000 16.2805 1.9594 12.5600 
19.0000 144.0000 38.6357 8.6682 6.7254 
20.0000 75.0000 4.9582 41.9820 9.6013 
21.0000 74.0000 26.4617 42.8298 9.1573 
22.0000 101.0000 1.4143 28.3726 10.5397 
23.0000 135.0000 13.1967 30.6022 8.1908 
24.0000 147.0000 26.2782 44.3316 6.0015 
25.0000 98.0000 28.6099 48.6504 9.9040 
26.0000 106.0000 21.8656 13.2081 10.4614 
27.0000 131.0000 45.6847 43.2133 5.3782 
28.0000 93.0000 9.5009 49.9100 5.2702 
29.0000 110.0000 14.3934 5.2193 7.4848 
30.0000 127.0000 37.4608 8.1492 6.9937 
31.0000 108.0000 47.1776 14.3212 11.1890 
32.0000 138.0000 6.7040 6.6557 10.9756 
33.0000 61.0000 48.4336 2.1918 8.5065 
34.0000 109.0000 16.4170 28.2534 8.2299 
35.0000 60.0000 20.8889 11.1947 6.4810 
36.0000 84.0000 13.6521 13.9400 9.8413 
37.0000 60.0000 2.2195 13.9712 12.7569 
38.0000 64.0000 21.7164 31.5927 10.0023 
39.0000 132.0000 23.6081 6.3124 13.2131 
40.0000 80.0000 12.9112 20.7396 8.2611 
41.0000 65.0000 2.3703 30.9916 9.7546 
42.0000 97.0000 47.3061 23.5179 9.3915 
43.0000 92.0000 39.3478 27.0163 12.7149 
44.0000 110.0000 18.1314 36.2031 9.7692 
45.0000 134.0000 19.7384 11.4154 6.2072 
46.0000 142.0000 18.4106 30.6736 12.0221 
47.0000 92.0000 2.7880 4.9689 10.7149 
48.0000 104.0000 19.8065 42.3973 9.2531 
49.0000 113.0000 47.7615 49.2626 7.2554 
50.0000 115.0000 24.9811 1.6523 9.0087 
51.0000 133.0000 9.2293 41.0218 8.1664 
52.0000 112.0000 48.7852 40.2788 11.8289 
53.0000 103.0000 26.9830 0.1994 8.9893 
54.0000 81.0000 13.4817 27.8636 6.1341 
55.0000 102.0000 41.6896 37.1377 7.5103 
56.0000 69.0000 31.3574 26.5659 10.2111 
57.0000 96.0000 0.9325 45.4500 5.7555 
58.0000 71.0000 48.6802 9.7008 8.1557 
59.0000 78.0000 0.7186 8.1476 8.2766 
60.0000 89.0000 37.9695 3.0614 8.1368 
61.0000 121.0000 42.5430 25.4874 11.5690 
62.0000 96.0000 42.2959 31.4031 13.3672 
63.0000 65.0000 4.2579 47.6615 14.6840 
64.0000 75.0000 1.2379 6.3461 5.8306 
65.0000 88.0000 43.6243 31.8674 7.8010 
66.0000 109.0000 40.8609 43.1718 10.4406 
67.0000 73.0000 27.0362 3.0606 6.4942 
68.0000 103.0000 24.5544 31.0512 9.1976 
69.0000 116.0000 37.1955 3.6915 6.2152 
70.0000 97.0000 38.1417 10.5897 11.3043 
71.0000 127.0000 37.3219 5.5186 11.6682 
72.0000 69.0000 8.4456 2.8072 9.4166 
73.0000 142.0000 19.9020 29.9943 8.5266 
74.0000 116.0000 21.2916 45.0457 10.2122 
75.0000 122.0000 7.9613 46.0709 14.2947 
76.0000 146.0000 13.1407 18.9755 7.2216 
77.0000 138.0000 42.4810 27.6127 13.8510 
78.0000 105.0000 0.3179 20.2100 9.9721 
79.0000 128.0000 40.6382 28.1377 8.2691 
80.0000 92.0000 25.6710 26.4272 6.6761 
81.0000 112.0000 21.0704 39.7882 14.4672 
82.0000 119.0000 39.4297 14.3094 8.9101 
83.0000 113.0000 49.2917 5.2607 14.3402 
84.0000 111.0000 18.1827 39.9021 8.7777 
85.0000 117.0000 44.9376 16.2661 11.5009 
86.0000 113.0000 0.2857 31.1619 7.7674 
87.0000 142.0000 31.1120 4.5885 6.2096 
88.0000 143.0000 21.8188 6.6763 5.6626 
89.0000 119.0000 20.3385 49.6352 14.4233 
90.0000 101.0000 32.3529 43.7712 12.3589 
91.0000 148.0000 29.6980 0.5212 6.2932 
92.0000 104.0000 18.9067 32.4873 13.0579 
93.0000 150.0000 15.9391 8.2125 9.0769 
94.0000 150.0000 29.4048 18.4162 12.5527 
95.0000 133.0000 41.5536 29.6281 8.9900 
96.0000 148.0000 29.5773 40.5566 11.1004 
97.0000 85.0000 19.1952 47.2582 7.7689 
98.0000 123.0000 3.3165 43.2983 11.6416 
99.0000 103.0000 8.0394 42.4245 11.3873 
100.0000 119.0000 18.7491 24.6700 11.5194 
101.0000 150.0000 26.8212 40.2507 10.9777 
102.0000 98.0000 26.6971 27.1319 13.1109 
103.0000 82.0000 8.3645 47.3753 5.1040 
104.0000 135.0000 18.9278 25.7644 12.0793 
105.0000 145.0000 15.1619 7.5475 6.6732 
106.0000 127.0000 7.1083 38.4905 13.8433 
107.0000 105.0000 13.4922 17.1813 9.7704 
108.0000 105.0000 7.8906 40.6828 10.2905 
109.0000 113.0000 30.2514 7.0068 14.0089 
110.0000 73.0000 14.4763 4.2054 6.9698 
111.0000 98.0000 47.8867 10.1411 9.3439 
112.0000 127.0000 20.1732 10.5191 10.9271 
113.0000 70.0000 9.9861 47.5005 10.7554 
114.0000 98.0000 5.6928 48.2382 11.4236 
115.0000 78.0000 2.4488 18.7704 12.9001 
116.0000 103.0000 8.9346 2.1522 13.4082 
117.0000 102.0000 12.4189 34.3219 7.9639 
118.0000 93.0000 43.3928 24.6787 7.3734 
119.0000 119.0000 26.7133 35.5517 14.5388 
120.0000 133.0000 7.6170 21.6537 12.9592 
121.0000 132.0000 2.5192 45.6509 9.4968 
122.0000 100.0000 25.5522 4.8234 7.9270 
123.0000 143.0000 45.0704 28.5347 13.1271 
124.0000 108.0000 41.1570 24.2683 6.0439 
125.0000 118.0000 32.5759 4.2374 13.1180 
126.0000 93.0000 19.8691 48.2248 6.7507 
127.0000 103.0000 45.0788 38.7907 14.6639 
128.0000 90.0000 2.1526 10.3306 9.2868 
129.0000 83.0000 37.1088 33.1461 8.8879 
130.0000 80.0000 13.7508 24.1748 8.7649 
131.0000 132.0000 14.8533 38.8236 10.7946 
132.0000 127.0000 12.0214 15.6473 13.3270 
133.0000 117.0000 37.2149 21.2351 8.8713 
134.0000 112.0000 36.7511 35.1555 8.2813 
135.0000 116.0000 47.8217 5.5223 11.9895 
136.0000 83.0000 35.0584 25.4819 14.0395 
137.0000 138.0000 5.5150 5.9575 10.3300 
138.0000 71.0000 3.6872 34.9209 6.0028 
139.0000 62.0000 17.2317 26.1879 11.8719 
140.0000 117.0000 22.8166 27.3042 12.2374 
141.0000 110.0000 30.3035 43.5188 8.1279 
142.0000 128.0000 20.2925 22.6283 9.9732 
143.0000 109.0000 23.1769 7.6159 10.8727 
144.0000 68.0000 33.3777 33.7733 7.2294 
145.0000 140.0000 13.0603 18.5464 7.8895 
146.0000 67.0000 43.8067 5.6878 6.3522 
147.0000 124.0000 41.7879 8.6858 6.8528 
148.0000 138.0000 23.8482 4.6156 7.0645 
149.0000 82.0000 26.4793 46.3286 12.4648 
150.0000 79.0000 26.2800 10.7654 7.0543 
151.0000 119.0000 33.6491 6.7682 11.2446 
152.0000 111.0000 8.1832 23.8685 12.6762 
153.0000 78.0000 14.3380 21.1647 7.8114 
154.0000 65.0000 13.6602 1.0463 6.8130 
155.0000 66.0000 27.1269 26.5810 13.7685 
156.0000 79.0000 48.4781 12.8249 14.9760 
157.0000 86.0000 8.4051 43.6630 14.0693 
158.0000 89.0000 28.5480 16.0772 5.4760 
159.0000 140.0000 30.4557 14.1924 11.3394 
160.0000 81.0000 30.8236 0.1071 5.1681 
161.0000 90.0000 5.2012 28.8605 13.0653 
162.0000 133.0000 22.7791 9.8190 14.3943 
163.0000 145.0000 8.2881 11.2558 7.9524 
164.0000 121.0000 31.6336 15.4767 6.6554 
165.0000 124.0000 24.2593 28.7011 11.8559 
166.0000 150.0000 26.1915 41.6232 11.4156 
167.0000 88.0000 17.2917 24.8759 7.3626 
168.0000 136.0000 9.6861 4.5483 5.0862 
169.0000 101.0000 11.3250 35.8330 11.8222 
170.0000 93.0000 45.4158 44.9175 8.0213 
171.0000 87.0000 26.9217 1.5913 6.9779 
172.0000 112.0000 28.6746 33.6135 5.4950 
173.0000 98.0000 29.7980 19.1179 6.2343 
174.0000 81.0000 8.1489 22.0149 12.7875 
175.0000 94.0000 23.1830 0.7785 5.0264 
176.0000 119.0000 20.0637 2.7262 11.0713 
177.0000 136.0000 1.2293 12.6581 14.9960 
178.0000 117.0000 17.8643 7.3512 14.7791 
179.0000 129.0000 2.0439 15.1855 14.5093 
180.0000 112.0000 17.0688 38.2849 14.3558 
181.0000 69.0000 0.7711 32.4805 7.1024 
182.0000 149.0000 3.4112 28.9845 10.4733 
183.0000 120.0000 23.4120 7.5135 6.1238 
184.0000 98.0000 30.0447 13.5230 9.1194 
185.0000 140.0000 31.3079 13.6448 10.1419 
186.0000 60.0000 33.0436 9.4544 9.5876 
187.0000 63.0000 7.6217 17.1337 10.9969 
188.0000 85.0000 35.8734 48.6647 7.2504 
189.0000 150.0000 18.7157 19.0142 13.8134 
190.0000 77.0000 22.9831 49.4101 12.8513 
191.0000 119.0000 24.2715 15.8562 5.4143 
192.0000 70.0000 47.4330 21.4792 8.7637 
193.0000 89.0000 31.4734 2.2214 10.9872 
194.0000 127.0000 44.5023 49.1743 13.3130 
195.0000 107.0000 28.1624 46.6242 9.5087 
196.0000 140.0000 48.8346 44.5777 9.6214 
197.0000 77.0000 10.5264 30.2529 5.0230 
198.0000 67.0000 28.2935 16.0527 9.4472 
199.0000 139.0000 15.6045 10.7755 10.8818 
200.0000 98.0000 18.7129 31.5406 7.2351 
201.0000 145.0000 41.1672 9.7081 12.3585 
202.0000 146.0000 21.7397 3.4442 7.6974 
203.0000 148.0000 0.8828 29.4249 8.8450 
204.0000 137.0000 21.7537 39.1427 8.6963 
205.0000 117.0000 33.9584 20.7152 14.8693 
206.0000 96.0000 20.1935 44.6807 8.1009 
207.0000 115.0000 23.3625 4.2443 6.3556 
208.0000 64.0000 40.3787 42.2100 14.7027 
209.0000 83.0000 16.2154 22.7222 7.6279 
210.0000 82.0000 2.2382 16.3623 6.6064 
211.0000 77.0000 27.5627 32.0038 11.5178 
212.0000 78.0000 26.4940 18.6555 14.4379 
213.0000 115.0000 37.8593 2.6300 11.4207 
214.0000 94.0000 6.8504 42.3903 7.5251 
215.0000 98.0000 45.9398 49.3417 5.5244 
216.0000 118.0000 45.1135 47.8007 7.4064 
217.0000 84.0000 14.0292 43.6664 14.5559 
218.0000 74.0000 23.9813 40.4152 14.3028 
219.0000 73.0000 18.4966 3.2694 10.7794 
220.0000 139.0000 8.9736 29.6893 13.6514 
221.0000 120.0000 4.4928 23.9741 14.0735 
222.0000 90.0000 37.8448 16.6076 7.7204 
223.0000 112.0000 33.9166 41.9116 6.4148 
224.0000 108.0000 43.9759 28.4606 10.6085 
225.0000 112.0000 14.9827 37.1612 6.0884 
226.0000 117.0000 19.6373 10.8551 5.6966 
227.0000 120.0000 49.7646 15.0993 12.8805 
228.0000 136.0000 36.1258 41.7798 11.5741 
229.0000 105.0000 20.1688 30.7942 10.2121 
230.0000 135.0000 39.6428 11.1607 10.8218 
231.0000 118.0000 24.4448 44.3238 13.4204 
232.0000 67.0000 18.5013 24.8427 12.8615 
233.0000 90.0000 0.7460 31.6757 9.0865 
234.0000 141.0000 15.7811 11.4606 10.0275 
235.0000 109.0000 20.7892 3.9331 7.2487 
236.0000 123.0000 37.0052 10.0089 14.5774 
237.0000 70.0000 1.8861 49.5935 5.8098 
238.0000 68.0000 10.3665 39.0270 12.6759 
239.0000 147.0000 8.4723 9.0796 10.4600 
240.0000 140.0000 16.8997 9.3606 13.1046 
241.0000 107.0000 36.7909 44.6878 8.9977 
242.0000 84.0000 6.6082 14.0795 10.7592 
243.0000 69.0000 22.7031 45.8127 11.4781 
244.0000 126.0000 48.4939 21.2504 10.7891 
245.0000 92.0000 31.3776 35.3099 12.8570 
246.0000 141.0000 0.2654 47.6704 5.1080 
247.0000 149.0000 33.6020 19.5909 6.8798 
248.0000 123.0000 3.5841 39.1589 9.8793 
249.0000 95.0000 30.8271 26.5022 12.9090 
250.0000 120.0000 41.8692 24.4707 13.0825 
251.0000 61.0000 31.0254 7.3070 13.6195 
252.0000 87.0000 8.0382 48.9245 12.9433 
253.0000 142.0000 1.9193 5.3158 12.5295 
254.0000 107.0000 43.1715 6.0427 9.7348 
255.0000 121.0000 27.5236 5.6615 5.4152 
256.0000 148.0000 2.3647 8.7752 7.8644 
257.0000 141.0000 14.3185 8.5300 7.9127 
258.0000 118.0000 6.8537 4.8192 6.5332 
259.0000 84.0000 25.5829 25.0952 11.3052 
260.0000 65.0000 17.6673 17.7660 11.8275 
261.0000 137.0000 8.8978 27.7061 10.4167 
262.0000 101.0000 26.7050 22.3042 8.7668 
263.0000 67.0000 46.6125 1.4793 5.9823 
264.0000 78.0000 38.0216 17.2145 7.7340 
265.0000 80.0000 47.2323 31.8266 9.0471 
266.0000 102.0000 45.9601 39.2541 14.5143 
267.0000 60.0000 6.2618 49.2715 6.9179 
268.0000 89.0000 14.1122 45.6949 7.8039 
269.0000 73.0000 45.8784 27.7868 7.0346 
270.0000 81.0000 4.0067 24.8058 9.1291 
271.0000 120.0000 43.6700 16.2907 5.4925 
272.0000 82.0000 49.7024 46.1842 8.3500 
273.0000 123.0000 15.3608 38.0713 12.2120 
274.0000 126.0000 11.7557 15.7163 7.2777 
275.0000 95.0000 4.4009 10.4119 12.6427 
276.0000 100.0000 6.7738 26.4251 5.8296 
277.0000 133.0000 37.6220 25.4707 8.5800 
278.0000 68.0000 43.8484 43.3115 12.4595 
279.0000 66.0000 7.5542 14.0297 10.4464 
280.0000 85.0000 18.5243 17.4927 14.6863 
281.0000 129.0000 21.1172 33.8209 9.1974 
282.0000 80.0000 28.6826 19.1802 5.1078 
283.0000 126.0000 18.6666 15.7667 9.5650 
284.0000 107.0000 48.1476 11.2551 14.3725 
285.0000 76.0000 20.8249 4.2423 8.4452 
286.0000 148.0000 7.3150 35.8133 9.6319 
287.0000 73.0000 21.5909 33.1262 6.7159 
288.0000 146.0000 21.4749 3.2196 9.4550 
289.0000 93.0000 13.7733 38.1360 11.8275 
290.0000 128.0000 4.0362 11.4535 6.1092 
291.0000 108.0000 13.6955 30.0521 6.5866 
292.0000 90.0000 12.3428 46.1191 13.8065 
293.0000 108.0000 21.3787 19.1377 11.6069 
294.0000 80.0000 5.7164 32.2706 5.1824 
295.0000 112.0000 37.6154 6.2242 5.6780 
296.0000 101.0000 37.6791 41.2488 14.2073 
297.0000 126.0000 49.2334 38.3551 13.3066 
298.0000 60.0000 8.9986 2.9676 10.4596 
299.0000 84.0000 18.2046 5.7539 5.7795 
300.0000 110.0000 7.2463 29.2045 7.8005 
301.0000 67.0000 12.9729 10.8998 11.2329 
302.0000 122.0000 23.4886 26.1865 9.6301 
303.0000 135.0000 18.0054 34.7489 8.1299 
304.0000 140.0000 47.8104 35.9950 7.1534 
305.0000 112.0000 13.0118 4.9533 14.2842 
306.0000 87.0000 33.5459 23.7861 6.2024 
307.0000 85.0000 22.3737 14.0905 11.8425 
308.0000 76.0000 29.1010 9.9332 5.1207 
309.0000 94.0000 14.3374 3.1348 14.5089 
310.0000 84.0000 42.3535 37.4961 9.3227 
311.0000 123.0000 42.6766 27.7448 9.1993 
312.0000 143.0000 18.4312 16.0083 7.3638 
313.0000 138.0000 7.2475 38.4346 8.9491 
314.0000 115.0000 13.8634 20.6535 12.1749 
315.0000 134.0000 45.1965 34.2292 12.6059 
316.0000 127.0000 42.6833 40.4290 8.5164 
317.0000 143.0000 15.4815 35.8632 8.0119 
318.0000 117.0000 24.2058 29.0914 11.3311 
319.0000 99.0000 19.3899 49.5763 14.1212 
320.0000 85.0000 34.6620 15.4100 8.6740 
321.0000 111.0000 5.3966 16.4998 11.3933 
322.0000 140.0000 43.2797 22.4491 7.3573 
323.0000 88.0000 29.8985 41.8943 10.5242 
324.0000 129.0000 26.1004 11.6677 6.5647 
325.0000 84.0000 46.7950 29.1947 14.6097 
326.0000 110.0000 27.6729 13.7405 5.1283 
327.0000 143.0000 21.4993 44.5084 11.7605 
328.0000 62.0000 15.8028 46.7393 11.1854 
329.0000 143.0000 32.0044 26.6092 14.5191 
330.0000 81.0000 25.0750 20.2722 12.2085 
331.0000 80.0000 5.6436 6.9103 8.1413 
332.0000 105.0000 37.4535 36.5196 12.6583 
333.0000 82.0000 29.9657 2.2008 6.2737 
334.0000 121.0000 14.6541 20.7538 13.8152 
335.0000 126.0000 23.6188 38.6587 8.2415 
336.0000 144.0000 34.1191 28.2032 6.0676 
337.0000 148.0000 7.8144 38.4199 5.3229 
338.0000 115.0000 47.2094 40.1626 8.8028 
339.0000 111.0000 34.2562 40.7686 11.0023 
340.0000 120.0000 27.4424 31.9210 5.5930 
341.0000 61.0000 0.7934 6.4680 14.5716 
342.0000 105.0000 11.4970 20.5947 8.6994 
343.0000 106.0000 45.0577 38.7856 13.7398 
344.0000 73.0000 27.8385 48.9907 12.9117 
345.0000 95.0000 13.0683 40.1390 7.7196 
346.0000 60.0000 41.9771 8.5765 14.3967 
347.0000 100.0000 28.9625 42.4245 11.5938 
348.0000 82.0000 19.9400 40.3375 11.5994 
349.0000 117.0000 25.5987 49.0043 6.7695 
350.0000 93.0000 1.4003 3.7377 9.8034 
351.0000 144.0000 21.8915 2.2591 6.9589 
352.0000 108.0000 24.6181 25.8051 14.7707 
353.0000 80.0000 17.6255 47.0096 9.9884 
354.0000 76.0000 2.9832 34.2319 13.4153 
355.0000 112.0000 38.0645 5.0038 10.2106 
356.0000 88.0000 29.8133 3.4047 10.0888 
357.0000 73.0000 25.9026 26.2475 6.8017 
358.0000 131.0000 37.5014 49.0544 7.4483 
359.0000 80.0000 34.1676 36.9892 5.0303 
360.0000 96.0000 36.1830 42.1279 9.4829 
361.0000 101.0000 35.5671 15.3746 9.6257 
362.0000 96.0000 46.7124 9.1120 7.1256 
363.0000 99.0000 5.1629 17.0728 11.1213 
364.0000 64.0000 26.1452 8.0985 7.5630 
365.0000 78.0000 18.3869 31.5872 12.5757 
366.0000 139.0000 10.3941 21.5216 13.6485 
367.0000 84.0000 8.0259 30.0203 13.2293 
368.0000 115.0000 8.2948 48.4135 9.6625 
369.0000 93.0000 25.5894 32.5480 11.0033 
370.0000 130.0000 33.6472 24.9824 14.3207 
371.0000 119.0000 16.2907 37.0902 13.7899 
372.0000 79.0000 15.0295 3.2815 9.0509 
373.0000 144.0000 1.3357 38.8184 10.2360 
374.0000 131.0000 28.2766 18.7622 5.2435 
375.0000 116.0000 45.1058 39.7629 8.6954 
376.0000 139.0000 14.6694 6.8184 8.3609 
377.0000 149.0000 23.1558 26.1155 13.8269 
378.0000 62.0000 38.2648 23.2501 11.9839 
379.0000 117.0000 28.5094 3.3450 6.2189 
380.0000 128.0000 5.3757 5.7374 12.1048 
381.0000 61.0000 26.5509 30.8950 5.3812 
382.0000 108.0000 22.0083 5.6772 11.7395 
383.0000 66.0000 34.8626 47.7766 13.7869 
384.0000 123.0000 21.7702 30.4985 5.6430 
385.0000 70.0000 19.7875 36.3448 10.9760 
386.0000 118.0000 23.9366 41.6747 10.3343 
387.0000 84.0000 14.5019 2.1104 11.3523 
388.0000 99.0000 34.0288 12.7119 13.3646 
389.0000 66.0000 19.6238 49.0843 14.1798 
390.0000 109.0000 35.1755 21.4716 13.3230 
391.0000 89.0000 29.9491 34.9030 10.9603 
392.0000 125.0000 25.5700 3.4146 6.3514 
393.0000 109.0000 4.3116 12.4603 8.1398 
394.0000 95.0000 17.0525 19.8658 8.4953 
395.0000 72.0000 38.7048 45.5467 11.4386 
396.0000 106.0000 29.8234 26.9930 14.2900 
397.0000 93.0000 43.5758 5.5981 7.3788 
398.0000 140.0000 45.6307 44.9053 5.0824 
399.0000 127.0000 31.2413 6.6934 13.4223 
400.0000 83.0000 33.4788 26.0151 6.7175 
401.0000 120.0000 2.7475 43.1125 14.9056 
402.0000 71.0000 19.7797 24.4993 7.6665 
403.0000 111.0000 22.9589 13.4706 5.0788 
404.0000 143.0000 22.4688 15.0044 9.1581 
405.0000 61.0000 38.8218 17.3813 7.6471 
406.0000 96.0000 35.1231 17.0343 14.0906 
407.0000 124.0000 7.9722 8.7657 13.8841 
408.0000 82.0000 47.2810 46.9363 14.9740 
409.0000 72.0000 33.8816 3.5363 7.4564 
410.0000 141.0000 11.4632 30.7812 9.2433 
411.0000 78.0000 16.9607 21.6636 11.2421 
412.0000 141.0000 41.1480 49.5238 11.0093 
413.0000 81.0000 21.6065 16.8287 13.8805 
414.0000 111.0000 37.4849 38.3799 13.0895 
415.0000 142.0000 6.0914 34.8191 13.8621 
416.0000 79.0000 5.3993 33.3268 14.9371 
417.0000 70.0000 20.8274 42.4283 5.1956 
418.0000 70.0000 47.8675 37.1471 8.7361 
419.0000 71.0000 8.4665 40.3399 12.0814 
420.0000 150.0000 19.1925 48.7357 12.1156 
421.0000 137.0000 3.7180 47.3283 12.5214 
422.0000 108.0000 19.9889 43.5549 6.0567 
423.0000 112.0000 37.8401 44.5233 7.6121 
424.0000 60.0000 17.5724 21.0414 8.4282 
425.0000 98.0000 39.4765 33.0432 11.2115 
426.0000 63.0000 1.7201 30.1317 10.6510 
427.0000 96.0000 18.9882 8.6301 7.9007 
428.0000 70.0000 48.0779 32.7642 13.6695 
429.0000 92.0000 1.8165 3.1036 8.0439 
430.0000 120.0000 13.9659 46.9318 14.1787 
431.0000 70.0000 0.4965 37.0413 14.3618 
432.0000 97.0000 6.4693 49.9552 13.9519 
433.0000 85.0000 38.4745 15.8461 11.1067 
434.0000 87.0000 49.7862 12.2912 14.9940 
435.0000 67.0000 11.7764 48.0154 5.4157 
436.0000 148.0000 41.5892 19.4707 5.9032 
437.0000 72.0000 46.9615 21.0487 11.6071 
438.0000 144.0000 35.4418 36.1937 12.0586 
439.0000 112.0000 10.3211 13.2234 13.5037 
440.0000 125.0000 8.6759 20.2554 6.8488 
441.0000 99.0000 43.3175 4.2086 9.4133 
442.0000 130.0000 42.9889 8.1476 9.0640 
443.0000 146.0000 25.6261 7.7300 12.5194 
444.0000 129.0000 45.2496 37.8199 9.1135 
445.0000 144.0000 19.2391 36.2412 7.3468 
446.0000 60.0000 29.6768 45.8752 7.1502 
447.0000 106.0000 23.3115 25.3918 6.9818 
448.0000 77.0000 18.3837 48.6230 9.7037 
449.0000 149.0000 25.1589 20.2362 11.3784 
450.0000 95.0000 14.2227 19.4818 6.2780 
451.0000 97.0000 24.1888 13.4107 11.4711 
452.0000 129.0000 26.9628 38.2318 9.1441 
453.0000 102.0000 6.0194 18.2226 11.0584 
454.0000 120.0000 14.3809 24.4527 10.9250 
455.0000 63.0000 0.6886 36.3256 13.9924 
456.0000 73.0000 24.9743 7.0264 14.6791 
457.0000 138.0000 5.7199 10.3340 11.3279 
458.0000 103.0000 38.2716 48.2021 7.5193 
459.0000 80.0000 8.2106 41.6189 11.6188 
460.0000 111.0000 27.8457 7.1740 11.4926 
461.0000 108.0000 19.6735 22.2969 10.8737 
462.0000 146.0000 20.4375 43.5755 6.4740 
463.0000 111.0000 26.6711 0.7495 11.2427 
464.0000 91.0000 33.5247 28.2331 9.1112 
465.0000 93.0000 44.7221 44.2901 11.0745 
466.0000 64.0000 20.5302 13.7554 11.7496 
467.0000 91.0000 42.4613 36.0606 9.8224 
468.0000 150.0000 45.6223 36.6836 14.1470 
469.0000 136.0000 30.7494 30.5554 10.5344 
470.0000 74.0000 4.4007 13.3140 12.8836 
471.0000 133.0000 38.9718 7.7827 5.8239 
472.0000 75.0000 26.3403 38.9699 7.0621 
473.0000 125.0000 7.2556 36.5690 10.9259 
474.0000 65.0000 44.8122 7.0461 5.6038 
475.0000 65.0000 39.2455 22.4895 14.8011 
476.0000 102.0000 42.7132 39.9276 9.0092 
477.0000 120.0000 10.7333 45.1855 11.6474 
478.0000 73.0000 49.2306 18.7830 5.0658 
479.0000 85.0000 34.4527 24.8708 10.9853 
480.0000 144.0000 27.4088 25.5465 5.1854 
481.0000 139.0000 11.4156 43.0955 9.4614 
482.0000 76.0000 22.3744 10.8277 6.2726 
483.0000 126.0000 19.1562 22.4182 12.1699 
484.0000 132.0000 9.8600 48.1260 13.5033 
485.0000 122.0000 12.1479 44.4523 6.7342 
486.0000 76.0000 44.6812 37.0117 9.9583 
487.0000 61.0000 24.5772 13.5333 13.0616 
488.0000 78.0000 47.0051 27.0560 7.5427 
489.0000 112.0000 5.5047 4.3247 8.4850 
490.0000 93.0000 12.6645 49.5578 12.2106 
491.0000 84.0000 7.3838 2.6943 9.0621 
492.0000 82.0000 4.2969 5.7555 10.9774 
493.0000 66.0000 4.1754 10.6997 10.7087 
494.0000 142.0000 31.2038 15.0639 10.4701 
495.0000 92.0000 37.8811 39.9374 13.6901 
496.0000 144.0000 28.4502 25.3848 7.7792 
497.0000 99.0000 22.0670 19.1459 9.7388 
498.0000 117.0000 8.3838 47.3192 13.5276 
499.0000 62.0000 21.8503 46.6631 8.5432 
500.0000 146.0000 49.9718 38.6504 5.9593 
