0.0000 0.0000 25.0000 25.0000 0.0000 
1.0000 55.0000 20.8679 29.2712 6.1639 
2.0000 80.0000 39.8802 40.1066 13.1538 
3.0000 64.0000 17.2307 37.8886 13.9176 
4.0000 70.0000 47.4981 46.1688 13.8728 
5.0000 60.0000 21.9133 11.6070 14.2717 
6.0000 104.0000 6.4555 39.3417 13.1458 
7.0000 110.0000 11.7541 7.1347 14.3414 
8.0000 30.0000 26.5831 24.7586 5.5940 
9.0000 82.0000 48.9126 42.7576 12.1526 
10.0000 96.0000 33.5275 31.1190 12.0990 
11.0000 103.0000 45.1816 10.7597 5.8749 
12.0000 35.0000 2.9926 39.9318 5.2645 
13.0000 107.0000 44.1781 28.5102 5.6269 
14.0000 75.0000 6.6657 8.0487 10.0200 
15.0000 33.0000 8.7001 49.9385 8.3898 
16.0000 102.0000 38.5881 9.3014 9.6434 
17.0000 82.0000 20.4013 22.5750 14.7241 
18.0000 96.0000 30.9458 2.5602 13.5937 
19.0000 54.0000 16.1005 29.9309 14.0708 
20.0000 97.0000 24.7134 30.4001 8.5225 
21.0000 46.0000 33.7033 25.7758 5.9103 
22.0000 59.0000 46.4500 21.4606 12.9756 
23.0000 71.0000 48.4420 33.9746 9.7978 
24.0000 85.0000 13.5675 46.6579 9.6345 
25.0000 108.0000 30.6750 26.9452 10.0393 
26.0000 20.0000 34.7154 5.7502 14.7976 
27.0000 103.0000 7.8433 17.1502 6.8648 
28.0000 119.0000 35.8760 25.9927 10.8077 
29.0000 47.0000 16.2104 45.8690 12.9532 
30.0000 25.0000 0.4584 23.7986 5.5301 
31.0000 51.0000 47.3470 24.3655 9.1014 
32.0000 72.0000 9.4255 9.2073 13.1479 
33.0000 93.0000 20.4548 44.4886 6.2505 
34.0000 86.0000 44.4754 45.9766 7.8700 
35.0000 53.0000 32.2335 35.4961 6.4278 
36.0000 52.0000 32.4547 28.4572 14.2083 
37.0000 112.0000 2.0950 31.9001 8.5345 
38.0000 60.0000 15.0397 18.5521 7.7124 
39.0000 80.0000 32.8059 20.5321 13.1932 
40.0000 40.0000 8.5370 45.2687 5.2832 
41.0000 83.0000 2.6277 17.5165 6.6062 
42.0000 116.0000 47.1816 36.8062 12.4755 
43.0000 68.0000 48.3046 35.2812 8.2484 
44.0000 112.0000 32.1420 36.1877 9.0520 
45.0000 63.0000 23.8047 22.8016 14.6678 
46.0000 96.0000 29.7821 38.3999 13.4292 
47.0000 32.0000 17.0917 32.1137 10.0524 
48.0000 86.0000 20.0615 34.4846 11.0088 
49.0000 102.0000 5.7578 20.0806 11.2875 
50.0000 35.0000 4.0852 1.6311 11.8584 
51.0000 103.0000 2.5460 2.8280 13.2492 
52.0000 88.0000 39.3804 18.6519 9.6647 
53.0000 54.0000 36.8748 17.5563 8.2661 
54.0000 47.0000 32.2017 48.8065 10.2746 
55.0000 106.0000 5.9184 33.5882 5.9539 
56.0000 62.0000 6.3428 24.3048 10.1161 
57.0000 31.0000 22.7165 42.9070 13.3896 
58.0000 85.0000 19.7765 14.3868 10.4522 
59.0000 50.0000 17.7487 49.0105 13.6755 
60.0000 88.0000 35.1114 21.0866 5.7551 
61.0000 32.0000 31.5728 23.2222 9.9476 
62.0000 56.0000 26.3950 46.3610 6.2557 
63.0000 23.0000 15.7462 19.4701 8.2388 
64.0000 26.0000 9.7701 12.1886 12.0260 
65.0000 28.0000 2.3503 44.3024 13.9577 
66.0000 71.0000 12.2307 8.6368 13.5066 
67.0000 119.0000 19.8180 42.3559 13.1918 
68.0000 77.0000 15.4950 9.3459 8.6583 
69.0000 49.0000 28.6484 11.3745 12.0439 
70.0000 22.0000 36.5932 3.9700 11.4762 
71.0000 103.0000 48.0056 28.1145 14.6765 
72.0000 79.0000 29.6508 49.8011 13.4938 
73.0000 54.0000 18.6040 26.9407 7.4656 
74.0000 110.0000 18.0124 32.1918 9.1922 
75.0000 77.0000 32.4402 19.1298 11.4527 
76.0000 105.0000 22.1493 21.3255 8.8510 
77.0000 21.0000 24.6658 29.5840 7.0608 
78.0000 101.0000 3.1169 30.6850 14.5598 
79.0000 54.0000 31.1174 13.7327 7.5171 
80.0000 29.0000 2.4966 11.1347 11.6228 
81.0000 103.0000 42.0881 30.2892 14.5977 
82.0000 103.0000 6.8840 20.1120 11.5818 
83.0000 68.0000 6.3306 31.8357 9.6253 
84.0000 48.0000 17.8532 13.4620 7.5600 
85.0000 32.0000 28.8460 1.8061 6.5818 
86.0000 90.0000 10.8177 38.8338 14.9952 
87.0000 68.0000 22.3489 49.6520 13.3491 
88.0000 113.0000 48.3140 17.8778 11.9807 
89.0000 89.0000 24.0452 38.6556 8.1425 
90.0000 83.0000 0.4427 16.8998 12.6403 
91.0000 103.0000 38.6144 18.0755 12.7836 
92.0000 76.0000 8.0933 38.4299 8.1518 
93.0000 111.0000 47.4156 17.0675 14.1589 
94.0000 37.0000 48.5938 46.3725 9.7503 
95.0000 73.0000 44.1406 22.5593 6.3132 
96.0000 114.0000 47.6395 14.8407 5.2924 
97.0000 101.0000 48.6839 27.9388 13.3864 
98.0000 59.0000 41.6611 1.1987 5.7900 
99.0000 92.0000 18.6065 40.2637 12.5058 
100.0000 31.0000 6.0998 49.7019 10.9275 
101.0000 98.0000 48.1456 38.9869 6.5288 
102.0000 37.0000 47.7413 13.2488 10.9135 
103.0000 95.0000 35.8187 37.5295 8.5833 
104.0000 110.0000 20.9056 44.2301 7.0332 
105.0000 114.0000 21.2744 5.8045 10.8111 
106.0000 39.0000 49.8368 25.3315 11.9558 
107.0000 118.0000 21.3991 37.8258 14.3752 
108.0000 113.0000 37.1315 27.4488 14.5179 
109.0000 83.0000 32.0405 5.8677 5.8661 
110.0000 85.0000 41.1511 1.3025 13.9995 
111.0000 50.0000 11.5773 0.3937 11.8166 
112.0000 61.0000 31.4959 2.0703 13.6022 
113.0000 68.0000 26.2677 12.7265 9.4454 
114.0000 66.0000 48.9571 46.7239 12.1166 
115.0000 98.0000 10.9433 5.5682 10.4819 
116.0000 76.0000 11.3336 47.8648 10.8138 
117.0000 22.0000 25.4605 37.8930 7.0903 
118.0000 40.0000 43.3890 35.5981 6.6792 
119.0000 94.0000 23.8580 47.0172 11.7828 
120.0000 35.0000 17.0192 29.1386 10.2992 
121.0000 45.0000 5.0604 26.5729 5.1598 
122.0000 47.0000 1.8639 14.3488 13.7840 
123.0000 92.0000 23.3996 25.7148 11.9149 
124.0000 55.0000 23.8744 40.5223 11.7697 
125.0000 97.0000 32.0263 26.0854 10.2558 
126.0000 120.0000 13.4411 12.1191 11.0903 
127.0000 44.0000 9.0752 32.5533 5.6599 
128.0000 79.0000 6.0322 8.7237 9.0473 
129.0000 63.0000 23.5835 13.0163 11.4805 
130.0000 120.0000 2.5227 35.0501 12.8237 
131.0000 23.0000 9.1775 42.6640 12.9763 
132.0000 59.0000 29.2606 45.2137 8.1365 
133.0000 87.0000 10.7594 23.9199 6.9923 
134.0000 112.0000 31.5161 44.3575 9.3623 
135.0000 84.0000 19.8330 15.2953 5.9886 
136.0000 120.0000 14.9648 5.5312 13.8897 
137.0000 93.0000 48.7935 5.4973 14.5894 
138.0000 106.0000 40.5589 46.5753 9.5878 
139.0000 73.0000 15.7161 40.4546 13.8692 
140.0000 70.0000 7.1892 2.9816 8.9102 
141.0000 109.0000 4.6929 44.6149 8.4118 
142.0000 35.0000 31.3924 36.9430 10.3566 
143.0000 52.0000 2.3245 18.2795 10.3198 
144.0000 108.0000 0.8248 31.1518 7.4598 
145.0000 44.0000 29.4554 31.5148 8.4346 
146.0000 69.0000 37.2367 15.9694 10.3115 
147.0000 41.0000 11.3533 42.7864 10.3354 
148.0000 42.0000 6.5973 0.2897 12.2382 
149.0000 45.0000 46.8536 49.1182 7.1503 
150.0000 80.0000 9.3717 1.2540 5.2424 
151.0000 23.0000 6.9661 43.0216 13.7054 
152.0000 119.0000 19.7080 44.7207 12.1170 
153.0000 40.0000 9.2558 30.4838 12.5221 
154.0000 72.0000 40.2260 26.0649 10.1448 
155.0000 66.0000 43.4300 0.4024 6.8382 
156.0000 68.0000 0.7611 46.3794 13.7272 
157.0000 99.0000 27.9932 3.5698 8.1499 
158.0000 53.0000 26.2263 27.5515 11.0480 
159.0000 100.0000 17.8001 17.8731 14.2530 
160.0000 70.0000 24.9237 7.3846 10.7637 
161.0000 96.0000 16.9038 4.1626 6.2135 
162.0000 57.0000 49.9736 10.7446 7.0779 
163.0000 43.0000 4.0630 41.0522 13.2174 
164.0000 59.0000 20.1853 48.2465 14.7063 
165.0000 23.0000 7.8091 19.3333 13.4558 
166.0000 54.0000 36.8618 23.8824 8.9389 
167.0000 47.0000 46.0783 32.5227 13.8189 
168.0000 93.0000 28.1253 24.1136 13.0616 
169.0000 106.0000 26.5115 24.5385 10.7484 
170.0000 20.0000 33.7832 36.2715 13.9863 
171.0000 36.0000 40.1552 11.9822 11.6829 
172.0000 113.0000 46.2399 5.7323 13.5066 
173.0000 61.0000 46.4819 11.0462 9.5468 
174.0000 29.0000 19.3430 28.6537 12.2179 
175.0000 90.0000 35.9942 10.8560 11.8948 
176.0000 96.0000 48.6652 33.0721 7.3770 
177.0000 83.0000 6.2979 30.0194 11.7628 
178.0000 40.0000 6.3837 0.8147 7.7975 
179.0000 22.0000 15.9910 30.6148 11.6429 
180.0000 46.0000 49.9295 19.0518 10.6455 
181.0000 96.0000 21.4268 20.9879 8.5969 
182.0000 37.0000 34.8257 19.6918 13.5276 
183.0000 22.0000 45.1972 5.0695 11.5366 
184.0000 110.0000 4.7897 22.7186 10.3614 
185.0000 75.0000 21.6940 23.5470 12.2108 
186.0000 50.0000 40.3038 15.9748 5.1331 
187.0000 116.0000 40.8946 17.8861 5.9941 
188.0000 69.0000 6.4051 48.0614 5.2534 
189.0000 83.0000 33.3415 9.1821 5.4854 
190.0000 67.0000 41.7406 35.5694 14.5739 
191.0000 86.0000 10.0881 19.1568 7.3635 
192.0000 93.0000 13.5905 21.8894 14.8405 
193.0000 32.0000 21.4865 40.7980 13.3875 
194.0000 66.0000 2.0427 16.3763 8.7349 
195.0000 109.0000 42.2106 20.9593 14.9834 
196.0000 68.0000 4.5754 22.6687 12.5402 
197.0000 90.0000 24.9638 29.2691 12.7843 
198.0000 79.0000 39.6355 9.4497 13.7119 
199.0000 69.0000 48.5975 16.0788 7.9830 
200.0000 48.0000 12.7807 43.6751 13.2220 
201.0000 34.0000 29.4378 0.9836 12.3416 
202.0000 22.0000 20.0381 38.0510 10.2607 
203.0000 39.0000 43.4835 7.4525 11.4888 
204.0000 109.0000 8.5418 39.8006 6.4047 
205.0000 81.0000 30.3908 28.9829 11.3403 
206.0000 81.0000 21.3311 35.8913 9.0733 
207.0000 89.0000 34.3831 6.3975 10.1897 
208.0000 41.0000 24.3740 9.5622 11.1255 
209.0000 71.0000 12.3826 34.5538 10.0698 
210.0000 44.0000 17.0906 24.1324 12.0093 
211.0000 43.0000 8.2958 1.0331 14.9623 
212.0000 39.0000 8.7810 4.6931 7.5996 
213.0000 97.0000 27.2664 26.8594 6.9687 
214.0000 25.0000 26.1610 23.3823 8.8815 
215.0000 36.0000 40.5772 20.4469 9.7129 
216.0000 30.0000 34.6441 41.4705 8.3195 
217.0000 89.0000 4.9516 49.6074 8.9226 
218.0000 22.0000 24.1898 33.2836 10.6461 
219.0000 73.0000 33.5329 28.6045 6.6816 
220.0000 61.0000 34.7835 15.6599 9.9344 
221.0000 42.0000 35.1931 40.6638 7.3909 
222.0000 23.0000 35.0043 42.6982 5.5676 
223.0000 95.0000 2.3969 1.4172 12.2144 
224.0000 92.0000 20.4964 15.8498 10.6623 
225.0000 22.0000 35.8445 40.5853 7.8743 
226.0000 63.0000 33.3170 30.6377 5.6999 
227.0000 112.0000 14.7552 20.2545 6.4860 
228.0000 101.0000 7.6050 47.9317 6.5079 
229.0000 59.0000 41.2327 43.0443 12.9587 
230.0000 104.0000 42.3306 35.2052 14.4419 
231.0000 90.0000 31.4795 33.0222 11.3823 
232.0000 76.0000 7.9425 13.4514 11.3609 
233.0000 33.0000 49.9141 38.2340 8.0204 
234.0000 30.0000 39.5901 20.5135 10.6239 
235.0000 102.0000 8.1142 2.4176 7.4795 
236.0000 38.0000 5.7270 28.9091 7.9098 
237.0000 46.0000 20.2702 13.7342 5.9160 
238.0000 63.0000 15.1828 25.3770 6.8673 
239.0000 73.0000 2.5132 15.2588 6.9174 
240.0000 52.0000 15.3559 21.8938 13.3212 
241.0000 116.0000 3.3145 35.6083 7.4605 
242.0000 54.0000 22.7054 44.8187 12.8986 
243.0000 29.0000 48.9206 4.1547 8.0758 
244.0000 111.0000 9.3661 13.1789 11.3802 
245.0000 60.0000 33.9170 16.0339 10.4696 
246.0000 61.0000 37.6270 23.3147 11.1646 
247.0000 38.0000 33.7474 48.7499 13.4770 
248.0000 71.0000 2.2388 22.3806 6.0297 
249.0000 80.0000 16.5193 36.7664 11.7237 
250.0000 85.0000 15.6213 21.1898 10.8217 
251.0000 24.0000 13.0035 29.5664 13.8458 
252.0000 68.0000 49.7810 44.9987 11.1434 
253.0000 64.0000 47.1875 38.1986 7.7599 
254.0000 41.0000 2.0152 9.5312 10.3672 
255.0000 75.0000 16.9194 26.0995 10.8228 
256.0000 95.0000 6.7932 22.5004 9.6703 
257.0000 56.0000 44.3839 48.3533 10.0316 
258.0000 49.0000 20.0479 43.4839 12.7991 
259.0000 75.0000 41.2889 12.2956 6.9366 
260.0000 72.0000 40.0757 0.5687 5.6695 
261.0000 34.0000 43.8052 6.1102 14.7264 
262.0000 41.0000 16.3005 39.1354 13.9954 
263.0000 67.0000 20.6187 44.0854 6.5215 
264.0000 36.0000 7.3914 24.8976 7.6622 
265.0000 65.0000 29.7358 48.2923 10.3223 
266.0000 66.0000 15.2623 33.6622 9.4048 
267.0000 119.0000 37.3841 18.2042 8.8978 
268.0000 107.0000 11.0078 42.6712 9.5085 
269.0000 22.0000 35.8115 2.5935 7.7724 
270.0000 37.0000 0.9603 15.2168 13.8190 
271.0000 112.0000 10.1022 31.3495 8.7219 
272.0000 120.0000 21.4058 14.1253 11.4992 
273.0000 95.0000 23.8663 34.5745 9.5154 
274.0000 117.0000 27.9772 47.4540 11.7247 
275.0000 100.0000 40.3515 4.7473 7.9059 
276.0000 43.0000 5.0607 17.1934 5.3739 
277.0000 51.0000 15.7710 29.0049 14.1266 
278.0000 53.0000 21.9193 29.9697 11.7240 
279.0000 101.0000 39.8780 10.5523 5.0514 
280.0000 117.0000 18.7266 10.4887 12.2452 
281.0000 95.0000 23.3507 23.8615 10.9877 
282.0000 24.0000 46.3813 41.3783 5.9401 
283.0000 24.0000 45.6393 9.7508 6.6106 
284.0000 39.0000 26.8805 36.7592 10.8275 
285.0000 42.0000 0.3838 6.0351 6.0082 
286.0000 88.0000 32.8370 24.0608 13.0264 
287.0000 120.0000 1.9241 2.9822 14.3445 
288.0000 35.0000 27.6303 15.6692 14.7503 
289.0000 52.0000 4.2275 38.8825 14.4725 
290.0000 95.0000 17.6332 38.5051 11.4859 
291.0000 78.0000 30.4254 44.7229 12.0358 
292.0000 34.0000 24.4697 25.8807 6.2746 
293.0000 111.0000 44.1980 10.5985 6.3953 
294.0000 68.0000 21.7634 19.0874 5.4883 
295.0000 39.0000 3.8087 13.0102 9.3506 
296.0000 112.0000 44.3620 38.5177 14.8967 
297.0000 69.0000 27.4692 25.2235 13.0289 
298.0000 105.0000 28.9057 40.0424 5.2462 
299.0000 29.0000 42.9693 3.4135 14.3805 
300.0000 75.0000 15.4658 46.5087 9.0364 
301.0000 51.0000 29.5557 3.2129 10.6558 
302.0000 30.0000 32.1866 36.6621 6.7149 
303.0000 21.0000 23.2263 26.7575 14.1864 
304.0000 48.0000 20.2505 29.0830 9.3366 
305.0000 96.0000 13.9708 21.9131 10.3052 
306.0000 83.0000 13.4708 41.6845 7.6581 
307.0000 114.0000 31.2045 17.6249 13.1715 
308.0000 83.0000 3.3961 37.4425 8.6754 
309.0000 115.0000 44.6560 23.6841 9.7605 
310.0000 55.0000 0.8640 37.1500 13.6119 
311.0000 93.0000 25.6543 30.7620 5.7689 
312.0000 109.0000 42.7965 30.8347 9.8908 
313.0000 49.0000 13.5966 14.3281 7.7227 
314.0000 64.0000 5.6362 5.1431 13.8358 
315.0000 31.0000 33.5413 19.2430 14.2083 
316.0000 30.0000 30.1688 23.1457 14.7206 
317.0000 57.0000 42.5285 29.5257 8.8025 
318.0000 75.0000 24.4163 47.9691 5.4834 
319.0000 25.0000 46.0219 16.1568 8.6704 
320.0000 72.0000 47.8545 34.9873 10.4859 
321.0000 120.0000 34.2849 27.9013 5.5821 
322.0000 115.0000 22.9564 46.0328 14.6813 
323.0000 47.0000 34.7592 25.9807 8.4475 
324.0000 46.0000 17.0841 28.8681 13.4858 
325.0000 85.0000 28.9854 14.7380 14.5221 
326.0000 103.0000 31.7919 47.6639 13.3914 
327.0000 94.0000 35.4680 2.8053 12.0881 
328.0000 61.0000 16.0193 32.2070 6.5307 
329.0000 120.0000 43.1967 18.0418 10.8352 
330.0000 77.0000 1.0803 7.9113 9.8924 
331.0000 72.0000 31.1923 2.4537 7.0345 
332.0000 105.0000 28.9874 30.6626 9.8365 
333.0000 95.0000 39.3599 21.7240 6.6062 
334.0000 58.0000 11.8278 23.6150 6.1122 
335.0000 57.0000 12.7141 1.3360 12.2962 
336.0000 68.0000 20.0559 29.7960 14.3989 
337.0000 113.0000 41.0326 32.3825 10.8927 
338.0000 26.0000 47.7011 1.2100 6.8785 
339.0000 70.0000 29.0211 41.6596 13.9039 
340.0000 81.0000 17.7178 8.8243 8.2318 
341.0000 41.0000 18.2172 32.8914 13.1316 
342.0000 119.0000 9.4188 31.6698 11.7828 
343.0000 101.0000 13.9289 9.2741 9.2318 
344.0000 22.0000 32.4985 18.3664 6.8933 
345.0000 22.0000 6.8128 7.3364 10.0135 
346.0000 105.0000 7.1783 13.3792 11.1391 
347.0000 46.0000 45.7037 13.0625 12.6175 
348.0000 119.0000 23.9928 36.7407 5.6873 
349.0000 50.0000 16.2311 17.5416 14.4503 
350.0000 108.0000 19.0636 7.1771 7.8736 
351.0000 60.0000 6.1800 1.6773 13.8216 
352.0000 119.0000 48.6888 9.9127 10.2839 
353.0000 26.0000 49.1942 43.0314 13.7585 
354.0000 62.0000 27.5718 18.3647 6.7860 
355.0000 113.0000 25.9042 0.8889 13.6599 
356.0000 68.0000 33.4786 17.1419 6.0752 
357.0000 74.0000 38.7730 5.2381 6.7240 
358.0000 55.0000 5.6248 42.7729 8.5657 
359.0000 100.0000 43.3306 36.0805 14.0072 
360.0000 61.0000 29.3893 44.7584 8.6848 
361.0000 73.0000 1.5425 43.5363 6.1741 
362.0000 20.0000 27.7022 27.7414 12.8796 
363.0000 82.0000 32.1927 27.3634 13.3267 
364.0000 110.0000 20.0155 14.7878 10.1792 
365.0000 76.0000 26.2334 33.4317 6.2152 
366.0000 92.0000 30.4998 43.0551 6.4338 
367.0000 63.0000 23.1002 29.9453 12.6197 
368.0000 65.0000 34.8377 36.8124 10.7864 
369.0000 64.0000 29.4785 4.8313 8.8809 
370.0000 102.0000 21.2052 25.1089 7.8806 
371.0000 56.0000 6.0259 29.9984 8.4985 
372.0000 110.0000 30.4387 46.3975 14.5311 
373.0000 56.0000 4.1503 22.9345 5.1967 
374.0000 61.0000 41.2622 11.6306 5.9773 
375.0000 83.0000 25.1213 42.2529 8.5766 
376.0000 67.0000 8.8835 7.3118 13.0515 
377.0000 90.0000 7.9316 31.8666 13.2301 
378.0000 81.0000 26.9073 15.9960 10.9057 
379.0000 47.0000 3.4809 23.9640 8.1003 
380.0000 44.0000 25.1294 17.5388 12.5106 
381.0000 116.0000 45.6154 9.4946 12.5378 
382.0000 90.0000 38.8240 42.6705 7.1568 
383.0000 89.0000 6.1625 28.0789 14.4411 
384.0000 92.0000 45.6568 9.6447 13.9485 
385.0000 73.0000 44.1914 42.9716 8.5199 
386.0000 57.0000 48.2210 17.5435 7.8695 
387.0000 73.0000 4.4132 39.2526 8.3552 
388.0000 44.0000 47.8822 38.7574 10.9969 
389.0000 31.0000 13.7241 24.8899 10.3477 
390.0000 114.0000 31.4562 48.5635 10.2980 
391.0000 119.0000 39.6921 40.0507 7.1152 
392.0000 75.0000 44.3799 34.4652 14.0559 
393.0000 107.0000 42.2450 1.2764 14.9427 
394.0000 77.0000 0.8944 1.9630 8.2569 
395.0000 33.0000 2.3498 19.4730 8.1844 
396.0000 51.0000 4.7767 24.9123 5.6841 
397.0000 40.0000 18.9897 31.9407 5.8236 
398.0000 68.0000 14.8178 28.7931 6.1160 
399.0000 51.0000 36.9090 18.5258 5.6142 
400.0000 119.0000 38.6573 0.4707 10.9897 
401.0000 39.0000 10.8278 10.0023 7.3050 
402.0000 23.0000 48.4571 7.4680 12.7300 
403.0000 119.0000 38.8842 21.2970 9.0797 
404.0000 87.0000 34.7857 34.8513 7.2713 
405.0000 65.0000 35.3970 47.7174 11.4603 
406.0000 72.0000 2.9007 29.8774 10.3887 
407.0000 31.0000 9.2864 36.9777 8.3611 
408.0000 26.0000 28.3149 13.5714 8.1174 
409.0000 45.0000 48.6545 22.6457 12.0947 
410.0000 25.0000 32.7634 26.2699 7.1487 
411.0000 51.0000 13.8204 17.4917 9.3953 
412.0000 87.0000 2.2612 19.1616 6.6450 
413.0000 54.0000 16.1444 49.9483 6.4240 
414.0000 117.0000 42.9468 10.3499 14.4389 
415.0000 37.0000 21.8697 29.2814 6.0615 
416.0000 72.0000 17.7220 11.2023 5.9799 
417.0000 114.0000 25.6514 43.6076 14.4299 
418.0000 48.0000 29.5131 6.5025 9.5503 
419.0000 49.0000 13.8029 38.3765 6.7386 
420.0000 39.0000 38.6836 46.0149 6.3544 
421.0000 68.0000 5.3396 46.5608 14.4397 
422.0000 21.0000 11.0805 8.3252 6.1879 
423.0000 120.0000 1.9640 5.2982 10.8846 
424.0000 117.0000 49.1013 30.2213 12.2765 
425.0000 96.0000 47.8005 15.0151 9.8552 
426.0000 34.0000 40.1128 18.4071 5.5350 
427.0000 106.0000 13.3238 18.0301 8.1031 
428.0000 101.0000 13.0632 27.9050 14.4453 
429.0000 101.0000 31.9469 5.9597 13.6285 
430.0000 102.0000 46.1534 14.1502 8.7914 
431.0000 68.0000 36.7013 37.6732 13.2677 
432.0000 54.0000 33.7705 9.8972 10.4685 
433.0000 101.0000 30.9433 18.2501 8.9123 
434.0000 63.0000 35.7529 19.2986 5.0420 
435.0000 77.0000 33.4223 34.4615 6.1823 
436.0000 101.0000 30.5221 15.5026 7.1077 
437.0000 110.0000 8.9754 22.1699 12.1949 
438.0000 83.0000 17.5832 25.0328 6.9539 
439.0000 77.0000 48.8649 8.5284 14.6580 
440.0000 69.0000 26.4410 16.8811 9.9101 
441.0000 88.0000 8.3778 22.6123 14.5617 
442.0000 49.0000 30.4173 15.2383 7.0191 
443.0000 35.0000 16.5910 3.6213 12.6470 
444.0000 87.0000 23.3541 2.5213 5.3044 
445.0000 81.0000 8.7312 23.6956 10.0941 
446.0000 35.0000 32.5441 30.0788 12.1637 
447.0000 56.0000 26.0935 43.8053 6.4979 
448.0000 97.0000 38.0822 25.1045 11.5253 
449.0000 40.0000 20.1233 45.8369 5.0738 
450.0000 31.0000 42.0861 34.5279 9.4758 
451.0000 83.0000 9.8206 22.1231 14.9699 
452.0000 56.0000 49.7160 15.0948 9.4011 
453.0000 110.0000 9.8383 33.9559 11.9333 
454.0000 28.0000 40.2199 25.8473 10.0622 
455.0000 26.0000 8.4901 9.0233 8.5655 
456.0000 72.0000 37.9996 31.9179 8.7292 
457.0000 73.0000 9.6591 26.1277 10.9249 
458.0000 57.0000 28.8732 13.7617 8.1386 
459.0000 43.0000 42.1791 42.1621 13.2002 
460.0000 50.0000 8.0182 44.5731 5.6775 
461.0000 24.0000 36.9353 9.0172 12.7189 
462.0000 75.0000 21.3787 33.1901 10.8557 
463.0000 64.0000 2.2677 8.6887 10.7590 
464.0000 101.0000 38.1337 6.7972 10.3484 
465.0000 120.0000 2.3802 41.3339 7.6484 
466.0000 32.0000 31.6284 14.1365 7.5761 
467.0000 114.0000 49.3732 19.5103 13.4473 
468.0000 108.0000 31.4662 41.0168 14.6636 
469.0000 91.0000 35.9410 31.1023 13.5528 
470.0000 88.0000 46.3207 26.4791 13.9784 
471.0000 114.0000 40.7513 3.7764 6.8334 
472.0000 57.0000 38.3731 2.5090 9.4207 
473.0000 58.0000 15.4461 4.3111 14.7213 
474.0000 88.0000 5.5339 48.1175 13.7246 
475.0000 117.0000 35.8704 4.7323 9.9605 
476.0000 92.0000 41.0045 22.7611 12.8113 
477.0000 95.0000 9.7169 49.7010 10.8907 
478.0000 70.0000 45.1475 38.9142 10.4896 
479.0000 28.0000 43.0037 15.8075 5.1245 
480.0000 116.0000 34.1737 42.9220 13.2432 
481.0000 102.0000 19.6392 26.9921 8.8213 
482.0000 46.0000 37.0778 44.6078 6.5623 
483.0000 88.0000 30.3320 47.8729 6.2162 
484.0000 31.0000 44.2165 13.5145 11.1934 
485.0000 72.0000 23.9779 9.2770 7.8264 
486.0000 75.0000 46.8347 8.4722 9.2964 
487.0000 24.0000 0.7785 49.8038 8.1013 
488.0000 118.0000 14.1096 47.7248 6.9207 
489.0000 44.0000 11.3087 41.9402 11.1020 
490.0000 107.0000 28.1774 15.5948 13.4269 
491.0000 51.0000 7.9360 41.4880 7.0949 
492.0000 100.0000 39.8369 21.4441 7.5283 
493.0000 23.0000 46.2552 38.6525 13.2975 
494.0000 116.0000 19.8268 11.2990 12.4487 
495.0000 57.0000 0.5252 22.8115 7.6658 
496.0000 22.0000 14.6916 2.7833 13.7466 
497.0000 62.0000 13.1558 15.6894 12.3228 
498.0000 42.0000 1.7584 30.6692 12.4613 
499.0000 39.0000 8.7879 22.3622 5.7158 
500.0000 45.0000 19.7750 32.9082 6.3999 
