0.0000 0.0000 25.0000 25.0000 0.0000 
1.0000 97.0000 45.5130 0.5816 13.7056 
2.0000 154.0000 1.2281 20.8606 11.6043 
3.0000 93.0000 34.0112 39.1539 12.5450 
4.0000 133.0000 36.4531 27.5446 8.1977 
5.0000 114.0000 35.5998 27.5028 12.0032 
6.0000 158.0000 6.5453 2.1323 14.5651 
7.0000 115.0000 17.7280 43.9444 7.9770 
8.0000 179.0000 22.6957 31.3806 11.6819 
9.0000 122.0000 37.7131 3.9564 7.6772 
10.0000 123.0000 25.3353 43.0370 5.8078 
11.0000 172.0000 23.6081 45.0357 10.4441 
12.0000 160.0000 4.1969 36.3504 8.2913 
13.0000 144.0000 35.3852 16.9633 12.3999 
14.0000 111.0000 12.2911 23.9041 12.9605 
15.0000 108.0000 20.1836 27.4284 9.0247 
16.0000 166.0000 4.0308 28.8684 6.1674 
17.0000 129.0000 45.3414 18.8777 7.3815 
18.0000 168.0000 17.6835 19.0142 8.7913 
19.0000 176.0000 39.9755 2.5746 14.8161 
20.0000 121.0000 14.2611 22.2324 6.1549 
21.0000 163.0000 25.9980 37.5982 8.9327 
22.0000 103.0000 14.9515 43.7004 13.7661 
23.0000 163.0000 30.8226 6.5791 9.8913 
24.0000 154.0000 47.7312 39.7866 11.1072 
25.0000 148.0000 46.4680 20.2949 13.9893 
26.0000 162.0000 12.0385 27.6404 5.2974 
27.0000 175.0000 29.1810 44.1721 9.5967 
28.0000 167.0000 26.7323 40.9061 14.1163 
29.0000 121.0000 17.0292 5.5265 8.0817 
30.0000 131.0000 31.7649 34.0974 13.8558 
31.0000 174.0000 26.9234 38.4196 11.3549 
32.0000 111.0000 22.3322 25.1986 5.8826 
33.0000 167.0000 47.8195 10.0734 8.9948 
34.0000 100.0000 43.2917 15.7806 12.6391 
35.0000 94.0000 34.3775 22.0585 7.0925 
36.0000 127.0000 15.9551 37.8135 7.6784 
37.0000 90.0000 32.3745 29.5416 13.2803 
38.0000 105.0000 15.8740 13.7487 11.8312 
39.0000 165.0000 31.7757 38.8193 7.0083 
40.0000 138.0000 44.9585 24.2961 5.8393 
41.0000 131.0000 24.6527 9.6757 8.5019 
42.0000 157.0000 42.9276 28.4369 8.7885 
43.0000 149.0000 25.8006 17.0877 13.2788 
44.0000 128.0000 2.2608 29.1780 13.0892 
45.0000 147.0000 45.6514 19.7604 14.4140 
46.0000 130.0000 12.9328 7.2591 14.8351 
47.0000 154.0000 11.6206 14.1571 6.2203 
48.0000 111.0000 13.2042 19.4707 11.3679 
49.0000 91.0000 29.7765 20.0660 12.1863 
50.0000 98.0000 29.0580 8.8511 13.0192 
51.0000 179.0000 20.7983 42.2893 10.3582 
52.0000 154.0000 6.8895 15.6224 8.8152 
53.0000 105.0000 9.5018 9.0043 9.6799 
54.0000 180.0000 2.0139 16.1788 9.3390 
55.0000 170.0000 0.6083 4.5718 5.4855 
56.0000 161.0000 44.9278 36.7516 9.5382 
57.0000 171.0000 39.7387 3.2516 11.4143 
58.0000 161.0000 28.3393 22.5707 5.1840 
59.0000 156.0000 42.8153 37.9157 8.9389 
60.0000 97.0000 42.3809 9.7921 8.3408 
61.0000 172.0000 5.4687 47.8721 12.4949 
62.0000 124.0000 27.2032 36.6353 14.3906 
63.0000 106.0000 29.4857 33.8845 9.1355 
64.0000 147.0000 23.5895 28.3610 7.7035 
65.0000 114.0000 38.6716 3.0336 5.8676 
66.0000 174.0000 18.9710 48.6955 9.3833 
67.0000 105.0000 32.5726 44.0260 6.0853 
68.0000 146.0000 25.5672 6.1585 6.5097 
69.0000 90.0000 39.5151 23.7296 14.4886 
70.0000 93.0000 40.3060 10.9718 10.7781 
71.0000 116.0000 1.5462 12.8751 12.4226 
72.0000 175.0000 23.1824 48.5859 13.2876 
73.0000 134.0000 22.2970 32.6260 8.1251 
74.0000 111.0000 35.8548 34.3108 13.3889 
75.0000 162.0000 12.6735 9.5651 13.4247 
76.0000 175.0000 17.0176 28.9978 14.6116 
77.0000 113.0000 17.3468 33.9305 5.6019 
78.0000 175.0000 1.4129 24.5153 12.7276 
79.0000 166.0000 47.9592 41.4571 14.5256 
80.0000 107.0000 1.9820 20.3545 10.5729 
81.0000 135.0000 12.5026 3.6461 5.9049 
82.0000 160.0000 42.5500 4.8139 9.5266 
83.0000 156.0000 28.8177 40.5242 9.0879 
84.0000 105.0000 32.8044 15.2884 14.6880 
85.0000 100.0000 20.8527 45.6465 7.3104 
86.0000 103.0000 17.9098 19.6834 14.0788 
87.0000 112.0000 3.8132 42.5581 6.7483 
88.0000 120.0000 27.8976 23.9719 8.8455 
89.0000 97.0000 34.2357 18.6095 7.2339 
90.0000 141.0000 23.1345 9.2753 12.9417 
91.0000 149.0000 8.6935 2.6320 7.0693 
92.0000 163.0000 10.2447 29.9717 8.5071 
93.0000 161.0000 37.8587 38.8024 12.3615 
94.0000 159.0000 46.5736 44.7408 8.2307 
95.0000 138.0000 13.8050 30.0150 10.6526 
96.0000 161.0000 25.3416 23.1029 11.9673 
97.0000 94.0000 38.1719 23.1815 13.8789 
98.0000 112.0000 6.1798 28.5271 8.1873 
99.0000 175.0000 18.2698 41.9328 11.5538 
100.0000 173.0000 20.4579 26.8283 7.4662 
