0.0000 0.0000 25.0000 25.0000 0.0000 
1.0000 103.0000 8.9332 20.1406 14.8331 
2.0000 123.0000 45.6677 44.2304 14.1239 
3.0000 135.0000 40.3108 32.6126 5.8061 
4.0000 118.0000 33.5696 9.4369 6.3717 
5.0000 93.0000 16.8665 11.9949 5.2248 
6.0000 125.0000 45.0205 41.7102 6.7841 
7.0000 102.0000 17.3140 2.6837 7.0473 
8.0000 99.0000 28.0560 36.0046 8.0605 
9.0000 114.0000 20.7562 21.8882 6.2146 
10.0000 58.0000 24.4180 37.2597 7.0165 
11.0000 114.0000 24.2448 21.8903 10.4938 
12.0000 139.0000 12.3567 32.0663 6.7067 
13.0000 58.0000 29.4579 14.0255 11.8841 
14.0000 73.0000 13.5835 23.5752 5.0039 
15.0000 50.0000 5.4372 26.3094 11.6821 
16.0000 80.0000 10.2032 2.8897 12.4360 
17.0000 126.0000 46.0760 5.7123 6.0244 
18.0000 137.0000 6.0009 26.9615 12.1865 
19.0000 114.0000 19.9191 23.9753 12.5891 
20.0000 92.0000 32.2467 7.1101 7.2240 
21.0000 69.0000 21.6192 23.6468 13.4295 
22.0000 130.0000 44.5803 27.1787 8.7620 
23.0000 93.0000 32.1672 42.2953 6.8829 
24.0000 73.0000 28.2807 31.8014 5.7647 
25.0000 100.0000 20.4831 42.2055 7.6341 
26.0000 74.0000 4.8132 14.9774 14.7020 
27.0000 66.0000 43.7280 46.1796 8.7121 
28.0000 79.0000 32.9615 29.0876 9.0914 
29.0000 97.0000 38.4026 4.0425 6.3282 
30.0000 87.0000 41.9574 41.2451 13.4715 
31.0000 54.0000 35.7597 0.5199 11.4165 
32.0000 99.0000 31.4661 22.9304 9.3651 
33.0000 139.0000 15.7349 39.7933 12.6017 
34.0000 69.0000 3.2939 40.0660 5.8910 
35.0000 116.0000 44.6552 26.8966 14.7462 
36.0000 50.0000 39.4081 22.1863 14.0201 
37.0000 136.0000 9.9029 5.4194 7.8795 
38.0000 109.0000 26.5426 46.1246 9.3759 
39.0000 66.0000 41.3136 8.4977 10.6767 
40.0000 83.0000 10.1888 8.3188 6.8715 
41.0000 103.0000 26.2579 19.2331 7.9816 
42.0000 123.0000 44.8197 38.0302 5.4435 
43.0000 108.0000 5.0719 30.6459 6.7251 
44.0000 124.0000 42.3068 38.9224 9.9283 
45.0000 101.0000 34.5690 39.4076 10.1334 
46.0000 88.0000 4.2877 14.0146 8.9812 
47.0000 78.0000 22.5757 49.4956 14.5594 
48.0000 124.0000 13.1210 41.7218 10.0774 
49.0000 120.0000 31.5966 22.9872 6.4208 
50.0000 96.0000 3.8964 21.6672 5.2812 
51.0000 133.0000 39.9283 22.0355 8.3440 
52.0000 89.0000 33.8580 42.6871 14.2086 
53.0000 90.0000 22.8656 47.7049 11.0721 
54.0000 65.0000 41.0654 16.1752 13.4439 
55.0000 53.0000 14.9306 16.1073 10.9175 
56.0000 131.0000 27.6874 39.8803 14.4747 
57.0000 68.0000 1.4418 1.7515 14.2710 
58.0000 95.0000 29.7511 2.1235 5.5658 
59.0000 52.0000 13.4536 27.8395 8.4404 
60.0000 84.0000 18.7797 7.5688 9.6776 
61.0000 58.0000 37.0878 2.3621 10.3232 
62.0000 64.0000 1.5023 7.0916 10.4559 
63.0000 103.0000 33.6693 47.7861 13.6085 
64.0000 71.0000 12.1403 45.9546 12.6885 
65.0000 128.0000 32.0689 22.1086 7.5835 
66.0000 81.0000 19.9928 48.8550 13.2282 
67.0000 75.0000 4.0398 2.5412 7.8272 
68.0000 59.0000 42.1391 1.4526 13.4373 
69.0000 85.0000 16.0547 33.8377 6.1027 
70.0000 70.0000 39.9216 37.3477 7.4580 
71.0000 129.0000 37.0912 5.0268 6.4932 
72.0000 92.0000 12.6548 13.7728 5.4708 
73.0000 115.0000 27.7239 17.3234 5.7541 
74.0000 72.0000 11.3624 28.3550 7.9736 
75.0000 90.0000 22.2413 28.5031 10.7916 
76.0000 59.0000 17.0567 11.7786 13.0625 
77.0000 138.0000 13.8549 30.4779 9.4061 
78.0000 128.0000 21.3093 34.0662 8.8001 
79.0000 114.0000 3.8414 24.9302 12.0802 
80.0000 86.0000 7.5085 38.3724 14.3250 
81.0000 122.0000 0.0522 17.5019 14.0886 
82.0000 124.0000 6.0852 45.3688 12.8997 
83.0000 52.0000 39.2165 43.9452 14.1844 
84.0000 135.0000 12.6227 15.5093 10.3441 
85.0000 137.0000 18.6953 5.5894 6.2652 
86.0000 98.0000 31.6455 22.7652 8.5394 
87.0000 131.0000 40.0070 5.0078 11.6819 
88.0000 95.0000 38.5448 39.3228 7.2969 
89.0000 131.0000 18.5408 38.9220 13.8224 
90.0000 86.0000 11.1016 32.0697 9.2077 
91.0000 106.0000 21.5103 29.7155 9.4762 
92.0000 131.0000 46.3448 18.8683 11.3948 
93.0000 136.0000 43.6608 32.2143 10.0764 
94.0000 76.0000 10.9899 39.8168 10.9492 
95.0000 118.0000 29.4189 31.8082 13.3409 
96.0000 95.0000 47.5040 34.1431 13.8541 
97.0000 70.0000 34.7078 9.6950 7.4261 
98.0000 83.0000 44.1747 14.8020 10.9157 
99.0000 116.0000 42.7335 6.0880 13.8917 
100.0000 128.0000 24.0807 9.1482 7.9292 
101.0000 102.0000 10.0464 11.4729 14.2722 
102.0000 95.0000 1.6633 47.5309 7.1366 
103.0000 87.0000 43.5834 14.3027 7.3107 
104.0000 74.0000 35.5000 24.4599 6.1240 
105.0000 63.0000 33.5567 10.4633 8.7726 
106.0000 118.0000 26.1519 12.9902 8.8211 
107.0000 96.0000 41.2948 39.3135 9.6104 
108.0000 89.0000 17.7866 36.8075 8.6229 
109.0000 68.0000 9.7044 19.1663 7.0034 
110.0000 104.0000 27.9262 9.9278 8.7435 
111.0000 106.0000 40.2340 46.4779 7.3335 
112.0000 105.0000 19.3885 9.2323 9.0508 
113.0000 124.0000 7.3365 8.9528 11.2429 
114.0000 114.0000 42.8411 9.5975 8.4549 
115.0000 89.0000 29.7328 44.3700 8.9799 
116.0000 113.0000 46.3793 31.2220 10.1835 
117.0000 52.0000 19.0618 42.5130 12.3364 
118.0000 81.0000 34.7745 4.1213 14.5126 
119.0000 128.0000 48.5244 36.3246 11.6453 
120.0000 103.0000 20.8167 28.3699 13.7573 
121.0000 65.0000 11.5001 20.0796 5.5552 
122.0000 140.0000 8.2545 4.4129 5.7159 
123.0000 129.0000 5.3598 28.7397 10.8505 
124.0000 106.0000 3.1848 13.7081 13.9113 
125.0000 58.0000 10.2347 10.1653 11.9473 
126.0000 93.0000 46.6651 36.9087 11.7760 
127.0000 59.0000 38.6007 35.9013 6.9386 
128.0000 64.0000 35.7106 26.1718 8.8201 
129.0000 113.0000 36.0736 48.3150 10.5609 
130.0000 127.0000 25.3477 15.5538 13.2562 
131.0000 71.0000 16.8439 26.3861 10.4753 
132.0000 85.0000 42.5267 18.2402 6.3149 
133.0000 112.0000 40.3900 2.9595 10.2967 
134.0000 69.0000 12.0055 31.2012 6.4323 
135.0000 83.0000 42.8743 6.2192 12.6770 
136.0000 140.0000 35.1661 48.2429 5.5022 
137.0000 110.0000 0.6248 46.3395 9.3625 
138.0000 62.0000 26.2248 23.8107 10.2466 
139.0000 138.0000 31.5583 38.3816 10.7717 
140.0000 54.0000 46.1511 7.1737 8.6388 
141.0000 89.0000 21.0313 26.1195 8.6657 
142.0000 91.0000 14.6549 7.1910 9.1357 
143.0000 76.0000 27.3165 14.4991 5.6388 
144.0000 60.0000 28.0400 14.9939 12.8557 
145.0000 123.0000 35.5344 10.3288 13.3283 
146.0000 75.0000 28.7375 48.1546 10.7999 
147.0000 90.0000 38.9106 45.6319 12.9837 
148.0000 75.0000 7.3180 28.2540 12.3497 
149.0000 53.0000 48.4995 25.8693 7.2032 
150.0000 104.0000 28.0466 36.1019 12.0463 
151.0000 82.0000 29.9379 13.9919 9.9017 
152.0000 58.0000 33.9854 12.2065 11.2675 
153.0000 75.0000 30.7748 17.5820 13.2070 
154.0000 134.0000 12.1529 11.2011 10.4062 
155.0000 96.0000 49.3047 24.9584 10.0672 
156.0000 76.0000 25.0805 45.9951 13.4760 
157.0000 52.0000 4.8691 4.1844 9.3627 
158.0000 97.0000 48.9573 27.4401 7.4647 
159.0000 57.0000 1.1795 33.7153 7.0470 
160.0000 80.0000 12.8910 35.5244 10.2734 
161.0000 106.0000 21.9581 39.6462 10.6843 
162.0000 118.0000 32.0706 20.6187 7.1260 
163.0000 54.0000 4.6574 39.9290 9.7117 
164.0000 79.0000 32.4099 29.7654 14.4163 
165.0000 56.0000 20.0737 31.2837 10.5459 
166.0000 123.0000 11.8926 43.8250 8.6831 
167.0000 118.0000 29.2879 42.0310 14.1420 
168.0000 54.0000 22.4678 1.7882 13.9528 
169.0000 83.0000 33.0645 21.0672 5.6851 
170.0000 131.0000 44.1611 22.8671 12.1018 
171.0000 120.0000 41.3346 47.5877 5.9687 
172.0000 92.0000 39.7812 12.9979 6.4323 
173.0000 75.0000 27.7499 31.1782 11.4565 
174.0000 52.0000 19.8093 44.0219 9.7024 
175.0000 61.0000 25.2972 24.6227 8.2749 
176.0000 117.0000 10.1821 23.7852 14.6685 
177.0000 129.0000 8.1155 41.4913 7.8150 
178.0000 79.0000 10.8481 45.3609 11.1625 
179.0000 83.0000 36.7596 46.7853 6.0645 
180.0000 64.0000 7.5799 25.2834 6.1346 
181.0000 140.0000 21.0582 10.9905 11.4804 
182.0000 100.0000 23.1813 40.1753 9.7944 
183.0000 107.0000 29.3195 8.5831 7.5107 
184.0000 98.0000 45.4652 8.0961 14.5201 
185.0000 125.0000 40.2820 45.4435 10.9632 
186.0000 97.0000 43.3322 13.6342 6.7072 
187.0000 50.0000 37.6573 28.6815 13.1793 
188.0000 131.0000 44.9121 19.4117 10.0673 
189.0000 111.0000 41.0671 1.8495 11.1375 
190.0000 138.0000 41.5380 9.4588 5.5800 
191.0000 89.0000 34.8556 33.1398 5.0230 
192.0000 67.0000 7.5309 13.2082 12.6553 
193.0000 86.0000 4.9931 17.6865 11.0098 
194.0000 122.0000 41.1552 20.6857 11.9751 
195.0000 119.0000 34.1818 31.2934 6.0970 
196.0000 133.0000 44.8393 21.7096 6.2486 
197.0000 64.0000 1.4538 27.5797 14.2584 
198.0000 79.0000 23.2004 27.2063 9.7292 
199.0000 132.0000 15.8061 9.0078 11.5504 
200.0000 130.0000 1.7778 34.7133 8.8806 
201.0000 104.0000 19.9182 18.6796 6.2958 
202.0000 89.0000 15.1182 36.5661 10.6483 
203.0000 84.0000 1.7733 30.2302 11.3038 
204.0000 109.0000 45.9981 18.1343 6.6018 
205.0000 138.0000 4.6002 10.7610 8.9488 
206.0000 107.0000 27.0543 21.9970 12.8101 
207.0000 94.0000 49.1230 31.4881 7.5184 
208.0000 123.0000 42.0617 24.8823 13.2255 
209.0000 126.0000 31.3526 12.5870 6.3265 
210.0000 58.0000 5.8024 4.6924 14.5731 
211.0000 69.0000 22.2398 49.8703 6.7155 
212.0000 125.0000 46.1115 22.5935 11.1303 
213.0000 97.0000 5.9605 47.1597 14.3067 
214.0000 111.0000 39.6642 18.9758 6.6384 
215.0000 84.0000 27.2016 18.4230 9.2300 
216.0000 132.0000 25.9680 41.0524 7.7348 
217.0000 133.0000 12.0037 4.2729 12.3251 
218.0000 114.0000 18.6898 38.2308 13.8791 
219.0000 81.0000 3.0687 47.5056 8.3753 
220.0000 92.0000 5.7912 27.9172 12.2649 
221.0000 120.0000 3.2360 22.7080 5.8347 
222.0000 140.0000 11.0784 18.6244 5.6845 
223.0000 113.0000 45.3358 6.5306 9.9774 
224.0000 124.0000 9.0916 27.1884 7.5812 
225.0000 140.0000 20.6460 29.6260 8.4850 
226.0000 91.0000 9.7999 5.5200 7.1445 
227.0000 129.0000 13.5602 27.2658 7.1687 
228.0000 65.0000 13.7216 45.2891 9.0793 
229.0000 91.0000 0.6135 10.7548 11.6450 
230.0000 61.0000 21.1706 32.9400 11.1715 
231.0000 95.0000 21.0393 15.5976 6.6437 
232.0000 96.0000 26.5575 36.4728 9.2007 
233.0000 117.0000 2.0308 16.6449 13.8549 
234.0000 84.0000 42.3604 23.7869 10.8923 
235.0000 55.0000 48.0878 24.8724 12.6429 
236.0000 82.0000 9.5587 34.4705 7.8777 
237.0000 63.0000 11.1937 12.8323 5.6430 
238.0000 74.0000 31.3989 44.8274 11.7282 
239.0000 107.0000 30.9749 0.1105 10.6100 
240.0000 84.0000 37.2281 18.4450 13.9167 
241.0000 92.0000 44.8704 7.7339 7.0018 
242.0000 115.0000 1.1504 12.3967 7.4157 
243.0000 71.0000 11.5425 34.6954 10.3769 
244.0000 125.0000 43.2417 40.9881 8.1899 
245.0000 113.0000 37.9488 9.5755 8.1500 
246.0000 97.0000 25.7886 5.6187 12.1457 
247.0000 74.0000 37.1292 43.8187 5.4198 
248.0000 59.0000 47.8529 4.8332 12.0979 
249.0000 99.0000 1.5227 3.4146 14.8199 
250.0000 95.0000 42.6589 10.3273 8.7145 
251.0000 99.0000 17.4837 49.9091 14.8573 
252.0000 58.0000 18.6056 45.6692 8.5769 
253.0000 96.0000 31.9547 47.3670 6.6294 
254.0000 62.0000 7.9437 41.4298 8.2302 
255.0000 133.0000 27.8391 28.8902 6.5939 
256.0000 62.0000 39.8796 33.0610 8.8453 
257.0000 121.0000 3.1371 38.7409 9.4720 
258.0000 122.0000 24.1029 39.3222 11.2486 
259.0000 56.0000 12.4199 18.1173 13.3121 
260.0000 65.0000 13.8218 14.4265 6.4323 
261.0000 90.0000 20.4451 19.1528 10.2283 
262.0000 97.0000 18.3889 22.0136 10.1649 
263.0000 51.0000 18.7445 14.4327 10.7297 
264.0000 99.0000 29.6720 12.8647 12.2299 
265.0000 125.0000 20.7020 31.6117 12.1140 
266.0000 54.0000 5.5077 35.0563 12.3131 
267.0000 104.0000 29.6673 4.4638 14.1823 
268.0000 111.0000 21.6674 18.5061 13.5326 
269.0000 72.0000 2.5701 46.2124 9.9587 
270.0000 90.0000 24.9236 12.6861 6.1245 
271.0000 108.0000 18.4029 29.8593 7.9574 
272.0000 119.0000 31.2781 30.2775 11.2560 
273.0000 63.0000 39.6318 2.8060 5.4236 
274.0000 73.0000 3.3171 39.4173 7.7732 
275.0000 52.0000 30.9922 46.1574 11.5631 
276.0000 119.0000 42.8513 22.3553 9.8997 
277.0000 120.0000 3.7328 11.5102 5.9168 
278.0000 74.0000 31.1431 8.8927 11.1835 
279.0000 128.0000 1.7009 35.8350 5.4529 
280.0000 104.0000 0.3741 0.6475 8.1966 
281.0000 113.0000 42.9360 26.7410 13.4886 
282.0000 95.0000 43.5658 26.4906 7.0478 
283.0000 106.0000 4.2744 12.6537 6.5837 
284.0000 64.0000 21.0923 14.5881 7.2911 
285.0000 106.0000 18.7551 48.8594 13.7532 
286.0000 85.0000 31.2027 19.9253 13.9032 
287.0000 118.0000 30.4419 2.8646 13.8069 
288.0000 91.0000 14.1812 37.3547 14.9100 
289.0000 78.0000 26.8491 26.2719 10.7423 
290.0000 86.0000 48.8533 17.3979 5.1795 
291.0000 79.0000 19.2765 3.9446 10.0399 
292.0000 122.0000 35.0300 17.7498 11.6631 
293.0000 126.0000 3.9871 9.1961 8.3563 
294.0000 109.0000 7.6749 0.5343 7.3092 
295.0000 63.0000 34.5186 27.1463 14.4100 
296.0000 66.0000 48.9396 30.2363 12.5281 
297.0000 55.0000 49.0730 35.6640 6.6134 
298.0000 138.0000 36.6255 4.9017 9.2583 
299.0000 111.0000 7.0734 4.4933 8.9146 
300.0000 77.0000 15.9592 48.4319 8.3754 
301.0000 109.0000 49.5540 14.2008 9.0981 
302.0000 100.0000 6.4312 30.9369 7.3063 
303.0000 123.0000 18.8812 7.6364 7.3254 
304.0000 117.0000 46.2288 42.4607 14.3262 
305.0000 116.0000 24.7824 26.9129 14.6018 
306.0000 140.0000 11.0785 13.1736 11.1546 
307.0000 117.0000 13.9206 6.1591 5.6496 
308.0000 71.0000 42.0998 40.3926 7.2807 
309.0000 66.0000 44.0451 12.1690 10.9050 
310.0000 132.0000 11.5918 37.3341 6.4003 
311.0000 66.0000 3.3405 19.2122 6.2825 
312.0000 110.0000 20.3814 28.3873 6.6021 
313.0000 74.0000 45.4592 4.3869 12.4122 
314.0000 134.0000 14.1250 14.2260 5.6496 
315.0000 82.0000 13.3416 27.8520 10.3824 
316.0000 119.0000 10.4289 7.7605 9.8823 
317.0000 105.0000 48.9384 41.3009 11.7549 
318.0000 73.0000 26.5535 40.3514 6.5744 
319.0000 110.0000 17.0647 15.3759 8.9369 
320.0000 89.0000 37.7411 34.2802 11.9372 
321.0000 101.0000 32.7617 21.4797 14.6677 
322.0000 133.0000 2.9564 30.9738 11.6972 
323.0000 58.0000 9.6708 37.5930 11.5510 
324.0000 101.0000 7.7558 46.9574 11.9679 
325.0000 61.0000 33.1876 33.3029 12.6540 
326.0000 133.0000 1.8138 13.4076 9.4286 
327.0000 138.0000 17.3550 47.4055 8.7347 
328.0000 72.0000 15.0090 49.9436 11.2265 
329.0000 94.0000 26.1128 0.7291 10.3000 
330.0000 58.0000 5.0439 35.5018 7.9077 
331.0000 77.0000 10.6148 11.4574 14.1603 
332.0000 122.0000 48.7709 49.1551 11.0295 
333.0000 79.0000 15.8179 38.1462 12.9861 
334.0000 105.0000 39.0083 28.6640 10.5508 
335.0000 108.0000 21.0419 23.3046 9.6676 
336.0000 71.0000 6.2284 20.0698 14.1789 
337.0000 103.0000 45.6274 5.2773 6.2483 
338.0000 138.0000 22.1483 7.2428 12.1654 
339.0000 77.0000 14.3247 36.4189 5.3112 
340.0000 130.0000 32.8591 35.9081 10.8452 
341.0000 56.0000 45.6762 13.8595 12.4383 
342.0000 73.0000 48.0747 24.7397 13.0538 
343.0000 123.0000 10.7071 49.9130 8.8014 
344.0000 129.0000 46.0726 8.5679 9.3342 
345.0000 81.0000 8.4490 30.6949 14.8517 
346.0000 59.0000 14.0581 36.0331 12.8108 
347.0000 83.0000 33.0276 49.6145 10.6585 
348.0000 60.0000 28.6299 38.5383 12.4778 
349.0000 118.0000 37.0993 38.2760 5.0967 
350.0000 66.0000 9.0164 20.4609 11.8765 
351.0000 92.0000 13.4551 31.8563 5.5983 
352.0000 133.0000 45.7145 7.9493 14.2562 
353.0000 131.0000 20.4689 4.2835 8.8400 
354.0000 70.0000 35.2259 39.2392 9.5789 
355.0000 59.0000 19.2087 25.6027 8.3373 
356.0000 65.0000 5.5127 8.9832 11.5301 
357.0000 85.0000 10.8234 26.9645 13.8137 
358.0000 114.0000 26.0018 14.3491 11.8129 
359.0000 50.0000 35.6321 23.0421 13.1322 
360.0000 140.0000 10.2139 25.6544 12.7189 
361.0000 77.0000 14.8599 38.3889 12.7073 
362.0000 60.0000 1.9754 24.1317 10.6629 
363.0000 128.0000 41.4566 33.0602 14.6579 
364.0000 58.0000 29.8886 49.6120 6.2234 
365.0000 63.0000 37.8178 11.9720 5.1421 
366.0000 89.0000 32.3716 32.8548 6.9205 
367.0000 83.0000 48.0999 27.1458 13.0873 
368.0000 66.0000 37.6476 34.8789 7.7567 
369.0000 119.0000 31.1268 22.4045 5.3069 
370.0000 138.0000 14.4887 22.0620 8.4017 
371.0000 114.0000 33.8395 14.6878 13.1592 
372.0000 95.0000 32.0296 20.2701 7.9009 
373.0000 76.0000 2.7417 41.6841 10.5465 
374.0000 119.0000 36.1059 20.8933 9.8251 
375.0000 72.0000 8.8318 16.5403 12.9064 
376.0000 120.0000 44.3237 33.1737 5.1058 
377.0000 81.0000 3.0084 49.7109 5.2480 
378.0000 118.0000 0.3250 33.2983 10.2866 
379.0000 69.0000 19.6716 1.9025 10.9304 
380.0000 63.0000 6.3441 28.8868 8.4472 
381.0000 113.0000 6.8246 23.1041 13.2577 
382.0000 94.0000 44.2412 15.1462 7.1530 
383.0000 62.0000 14.8468 0.9676 12.7941 
384.0000 138.0000 17.9016 4.1742 5.3733 
385.0000 93.0000 48.9844 33.4891 14.1922 
386.0000 54.0000 24.9022 38.3452 9.4715 
387.0000 92.0000 46.0357 9.8798 13.1374 
388.0000 137.0000 4.0349 45.0925 11.1849 
389.0000 127.0000 21.4250 4.4709 6.7980 
390.0000 100.0000 28.9956 26.7759 13.8626 
391.0000 134.0000 32.3271 1.9464 7.1803 
392.0000 131.0000 23.5458 47.0914 14.2600 
393.0000 76.0000 1.7531 2.6751 8.5657 
394.0000 57.0000 46.8353 18.5912 5.8931 
395.0000 127.0000 15.6146 20.7324 14.1153 
396.0000 92.0000 29.9177 13.7859 6.1058 
397.0000 89.0000 11.7238 27.1602 9.0060 
398.0000 136.0000 9.6851 0.3408 10.1726 
399.0000 121.0000 0.9790 35.1762 9.8224 
400.0000 113.0000 25.1036 22.9007 6.2699 
