0.0000 0.0000 25.0000 25.0000 0.0000 
1.0000 26.0000 42.3919 2.1901 6.6059 
2.0000 22.0000 29.9908 35.9342 10.1711 
3.0000 45.0000 4.3612 41.7540 6.5639 
4.0000 89.0000 38.4201 10.5305 14.9415 
5.0000 100.0000 16.4930 19.3052 6.6906 
6.0000 26.0000 47.8838 19.3346 11.8022 
7.0000 49.0000 10.3109 49.7466 10.5731 
8.0000 63.0000 17.8113 41.7322 10.3314 
9.0000 25.0000 44.0691 8.5992 10.4930 
10.0000 58.0000 37.9349 48.1382 13.3328 
11.0000 42.0000 32.6770 23.4451 10.1466 
12.0000 33.0000 1.9300 1.6903 12.3825 
13.0000 90.0000 42.1277 44.5645 8.8160 
14.0000 54.0000 25.5258 14.4849 7.3638 
15.0000 111.0000 23.7357 49.9884 11.4956 
16.0000 61.0000 22.2033 23.5501 9.6301 
17.0000 31.0000 2.9756 6.0493 9.8693 
18.0000 35.0000 30.5229 2.4118 11.5802 
19.0000 39.0000 36.0357 49.1933 10.3364 
20.0000 24.0000 21.0151 1.6466 9.5707 
21.0000 25.0000 18.9523 26.1206 13.1180 
22.0000 83.0000 0.8492 35.7256 6.4446 
23.0000 47.0000 40.2686 22.7960 5.6180 
24.0000 44.0000 26.7988 14.3017 7.6959 
25.0000 44.0000 0.7937 3.5782 12.2420 
26.0000 65.0000 28.3636 16.3986 5.3699 
27.0000 27.0000 4.4193 44.2124 6.9427 
28.0000 47.0000 48.3293 32.3761 9.7493 
29.0000 103.0000 41.8324 46.4268 10.0668 
30.0000 118.0000 17.4537 3.8093 13.8635 
31.0000 106.0000 3.2762 36.7287 10.3931 
32.0000 75.0000 47.3722 40.4330 7.6448 
33.0000 78.0000 45.1207 48.0326 12.2839 
34.0000 37.0000 17.9872 37.8159 10.4398 
35.0000 36.0000 9.8337 42.2601 13.4367 
36.0000 115.0000 1.4020 24.9851 12.3724 
37.0000 104.0000 18.3400 24.5477 13.6192 
38.0000 24.0000 29.4924 49.8212 11.8039 
39.0000 117.0000 6.7069 4.3707 12.6161 
40.0000 56.0000 32.8578 29.2130 9.9094 
41.0000 99.0000 44.8996 14.7575 11.9894 
42.0000 73.0000 14.8847 22.3313 12.4680 
43.0000 82.0000 20.6380 32.7535 13.2579 
44.0000 42.0000 20.7264 24.4559 9.9264 
45.0000 90.0000 1.5931 19.9147 14.3268 
46.0000 71.0000 35.3605 11.2245 12.2567 
47.0000 57.0000 13.2572 15.8293 10.0706 
48.0000 102.0000 31.2183 26.8605 8.4920 
49.0000 22.0000 15.8703 45.5483 11.1091 
50.0000 20.0000 45.9366 43.3979 7.1595 
51.0000 22.0000 28.8061 3.1258 12.1080 
52.0000 28.0000 23.1695 1.0811 6.5658 
53.0000 91.0000 1.5811 42.2673 5.1112 
54.0000 73.0000 12.5721 7.4191 13.5804 
55.0000 77.0000 34.3716 37.2160 14.1095 
56.0000 56.0000 31.9238 31.0879 9.5481 
57.0000 70.0000 23.0771 27.3354 14.9773 
58.0000 95.0000 37.1856 22.2582 5.5069 
59.0000 68.0000 34.1660 45.6924 13.7354 
60.0000 109.0000 13.6237 19.5772 12.9323 
61.0000 58.0000 32.9943 11.5790 6.8383 
62.0000 48.0000 31.8171 8.2379 14.7642 
63.0000 79.0000 32.7539 20.0515 7.9542 
64.0000 113.0000 16.7962 23.2181 7.2564 
65.0000 49.0000 23.8966 7.7165 8.6967 
66.0000 105.0000 14.1035 17.1200 5.5539 
67.0000 21.0000 43.4045 14.3853 6.1382 
68.0000 96.0000 5.9999 49.6968 11.0676 
69.0000 100.0000 5.2024 44.8883 14.8810 
70.0000 119.0000 49.4201 40.6762 6.7317 
71.0000 23.0000 23.8290 4.9245 5.1713 
72.0000 69.0000 2.7504 15.7317 14.8003 
73.0000 37.0000 12.5241 38.4973 13.1417 
74.0000 52.0000 6.5071 16.5442 12.0652 
75.0000 44.0000 6.3059 42.9478 12.9094 
76.0000 100.0000 16.8569 49.9772 14.8999 
77.0000 38.0000 14.2147 49.1186 14.9610 
78.0000 82.0000 9.9775 12.4489 5.6591 
79.0000 37.0000 12.3660 17.0962 6.2327 
80.0000 29.0000 35.9213 41.8323 13.5036 
81.0000 115.0000 2.9355 46.9245 10.3055 
82.0000 81.0000 21.1080 0.0231 8.7488 
83.0000 24.0000 36.8594 49.5733 6.9267 
84.0000 53.0000 26.8532 18.1530 13.7877 
85.0000 26.0000 21.6721 9.3002 6.1280 
86.0000 89.0000 44.4461 13.6590 8.8445 
87.0000 114.0000 4.3393 3.5936 7.6779 
88.0000 21.0000 14.4570 46.8983 12.0980 
89.0000 32.0000 24.3165 39.3090 11.4936 
90.0000 91.0000 21.8706 40.0710 12.9028 
91.0000 25.0000 39.4343 7.9979 8.8484 
92.0000 67.0000 30.8921 16.7293 7.6712 
93.0000 63.0000 37.1664 26.6889 10.4863 
94.0000 117.0000 32.3366 43.9415 14.8528 
95.0000 86.0000 44.9104 10.5416 6.2475 
96.0000 46.0000 41.3445 28.8917 7.5035 
97.0000 20.0000 25.1398 30.4863 5.6340 
98.0000 115.0000 35.7613 8.3496 12.2881 
99.0000 78.0000 26.2267 3.5142 11.9881 
100.0000 75.0000 40.6254 30.0573 12.9215 
101.0000 100.0000 9.2758 9.8961 13.2244 
102.0000 24.0000 14.5697 20.2734 7.9560 
103.0000 80.0000 28.2570 38.9812 11.2881 
104.0000 60.0000 47.2559 17.3477 10.6595 
105.0000 106.0000 22.8875 16.1924 8.7926 
106.0000 114.0000 42.1311 48.1293 8.1989 
107.0000 33.0000 9.3713 19.5353 13.1449 
108.0000 100.0000 33.7508 7.7632 5.5248 
109.0000 85.0000 36.2859 26.7249 14.5905 
110.0000 29.0000 25.7825 43.6941 9.3858 
111.0000 55.0000 1.0918 37.9222 9.7131 
112.0000 25.0000 41.8878 5.1655 10.1591 
113.0000 83.0000 17.3023 26.0386 12.3350 
114.0000 47.0000 48.8931 31.9597 13.7491 
115.0000 92.0000 4.6573 37.3712 7.2268 
116.0000 90.0000 38.7894 14.1719 8.6854 
117.0000 97.0000 37.6194 23.6545 14.0617 
118.0000 94.0000 8.7392 47.0645 12.8828 
119.0000 100.0000 23.4730 42.0886 10.6569 
120.0000 119.0000 3.1091 0.6252 9.3589 
121.0000 85.0000 27.8589 1.5784 9.3073 
122.0000 36.0000 13.9761 22.0089 6.0882 
123.0000 86.0000 15.0747 30.1710 5.7417 
124.0000 61.0000 24.7255 5.3077 9.2224 
125.0000 33.0000 36.5243 34.3853 11.2352 
126.0000 101.0000 43.6558 35.0215 9.8624 
127.0000 22.0000 18.6771 30.3183 6.0167 
128.0000 79.0000 9.2959 32.0956 9.5856 
129.0000 87.0000 44.1922 30.5320 13.1790 
130.0000 59.0000 11.1994 32.1364 10.2727 
131.0000 93.0000 30.7445 22.6457 7.6143 
132.0000 63.0000 37.6435 44.2835 8.0944 
133.0000 45.0000 43.4378 20.4433 13.2606 
134.0000 94.0000 0.0322 45.8683 5.6145 
135.0000 21.0000 22.1925 26.1077 5.4130 
136.0000 105.0000 43.7884 49.9587 5.7204 
137.0000 63.0000 35.9596 27.7110 13.8262 
138.0000 71.0000 40.6372 21.0576 7.9447 
139.0000 46.0000 37.0725 4.6043 11.3189 
140.0000 89.0000 37.9723 13.4424 12.7222 
141.0000 92.0000 22.5342 10.3970 5.2287 
142.0000 74.0000 4.2599 10.1683 8.6426 
143.0000 48.0000 33.2105 44.5137 9.2276 
144.0000 28.0000 7.2540 20.7354 11.6829 
145.0000 120.0000 34.9617 25.9032 14.2114 
146.0000 102.0000 7.5933 23.5862 12.8362 
147.0000 58.0000 26.2072 23.1316 11.9257 
148.0000 75.0000 35.9591 41.4469 8.4769 
149.0000 83.0000 8.4155 9.8794 14.2335 
150.0000 110.0000 10.6627 20.2298 14.7377 
