0.0000 0.0000 25.0000 25.0000 0.0000 
1.0000 60.0000 33.4152 0.2154 12.5158 
2.0000 103.0000 27.8258 14.5699 8.8440 
3.0000 37.0000 21.3105 36.8961 5.4893 
4.0000 92.0000 30.9090 12.7878 7.7230 
5.0000 96.0000 1.3186 26.6547 12.8605 
6.0000 44.0000 30.1912 19.8384 10.1268 
7.0000 118.0000 10.7704 45.7672 14.8081 
8.0000 85.0000 16.0511 4.8175 11.8651 
9.0000 47.0000 10.5376 44.3581 7.9133 
10.0000 51.0000 13.5972 37.6908 8.0997 
11.0000 41.0000 25.2784 3.3263 10.4418 
12.0000 100.0000 7.7630 20.4100 9.4658 
13.0000 60.0000 29.9473 14.3003 6.6681 
14.0000 99.0000 40.1442 36.3356 5.6849 
15.0000 32.0000 23.2706 14.0577 9.6566 
16.0000 79.0000 39.9023 16.0043 5.8724 
17.0000 78.0000 31.3533 22.3663 5.5812 
18.0000 113.0000 45.4602 21.8412 10.1747 
19.0000 41.0000 19.8037 2.3794 6.9431 
20.0000 102.0000 28.5912 5.3908 11.0730 
21.0000 39.0000 24.0171 6.4617 8.6597 
22.0000 78.0000 42.3526 18.1019 12.7597 
23.0000 112.0000 44.3913 29.0295 13.7452 
24.0000 77.0000 14.3422 48.2768 7.7460 
25.0000 54.0000 33.7602 35.5306 7.3791 
26.0000 117.0000 19.9457 47.7483 8.9724 
27.0000 79.0000 37.2128 24.9282 12.3665 
28.0000 68.0000 19.3415 42.9735 13.9165 
29.0000 90.0000 2.6018 16.1370 13.7579 
30.0000 111.0000 27.5937 18.8462 10.7020 
31.0000 99.0000 1.9021 34.9369 12.9423 
32.0000 118.0000 16.5597 8.1421 13.9697 
33.0000 42.0000 36.3080 25.6576 11.3816 
34.0000 55.0000 10.9437 13.4116 11.6844 
35.0000 52.0000 14.1069 25.9491 14.3204 
36.0000 119.0000 48.9785 39.0402 13.0587 
37.0000 67.0000 7.5151 7.9218 7.0428 
38.0000 46.0000 16.6662 38.2611 12.0435 
39.0000 53.0000 18.9190 1.0404 13.7160 
40.0000 48.0000 20.2329 24.5889 14.8860 
41.0000 57.0000 8.5940 22.2040 7.9211 
42.0000 70.0000 3.6973 15.2061 7.8690 
43.0000 45.0000 20.5219 3.1458 8.1462 
44.0000 68.0000 5.3786 45.6920 8.1568 
45.0000 85.0000 11.7670 47.9187 14.1868 
46.0000 101.0000 15.7187 48.5979 8.1246 
47.0000 43.0000 23.2237 37.2049 7.5235 
48.0000 81.0000 17.9380 34.1190 5.7752 
49.0000 118.0000 31.9096 22.0782 12.5062 
50.0000 102.0000 48.0223 40.4094 13.1274 
