0.0000 0.0000 25.0000 25.0000 0.0000 
1.0000 47.0000 35.4318 10.2936 8.1162 
2.0000 21.0000 39.6116 34.1837 12.9564 
3.0000 118.0000 6.8431 37.5981 6.3934 
4.0000 109.0000 15.3493 29.5744 10.8399 
5.0000 45.0000 33.0988 41.7721 5.6898 
6.0000 54.0000 28.8391 28.5576 9.3263 
7.0000 54.0000 33.7015 15.5435 12.1132 
8.0000 70.0000 33.6303 37.8825 11.7696 
9.0000 32.0000 0.4942 41.7683 10.4071 
10.0000 61.0000 49.0306 23.2349 9.1592 
11.0000 44.0000 19.9529 22.9035 13.8035 
12.0000 116.0000 14.0892 3.5501 10.2046 
13.0000 25.0000 38.8590 13.1662 13.7860 
14.0000 50.0000 41.3851 30.1512 7.2882 
15.0000 91.0000 31.1589 40.0949 9.9462 
16.0000 27.0000 23.7104 34.2377 9.0706 
17.0000 44.0000 22.7966 23.1862 10.5497 
18.0000 25.0000 8.9441 7.5523 8.0661 
19.0000 28.0000 27.6514 49.7318 12.2823 
20.0000 32.0000 19.7754 21.9066 7.1190 
21.0000 38.0000 32.9898 47.3962 13.1424 
22.0000 112.0000 48.1405 26.8923 11.2233 
23.0000 94.0000 36.5761 41.1269 6.3676 
24.0000 111.0000 48.0622 41.3859 12.8893 
25.0000 71.0000 2.9451 41.6303 6.0373 
26.0000 61.0000 43.0062 19.2958 14.8279 
27.0000 49.0000 33.4178 29.6228 5.8686 
28.0000 91.0000 11.5286 10.3059 8.1481 
29.0000 115.0000 36.3813 30.0175 13.9699 
30.0000 46.0000 1.6755 17.4174 7.9008 
31.0000 69.0000 35.2742 49.3240 10.3932 
32.0000 34.0000 3.6774 28.0514 5.8398 
33.0000 105.0000 48.7072 42.7555 10.2981 
34.0000 88.0000 22.4533 40.7390 5.9061 
35.0000 63.0000 23.9527 38.0131 7.9384 
36.0000 35.0000 15.1646 33.9113 12.2794 
37.0000 112.0000 2.7178 23.4641 11.1123 
38.0000 66.0000 33.2411 16.2819 7.3420 
39.0000 56.0000 19.0932 20.1439 9.6583 
40.0000 114.0000 26.0735 13.9696 14.2701 
41.0000 120.0000 39.3955 30.6444 9.3573 
42.0000 42.0000 43.1338 29.5589 11.7031 
43.0000 58.0000 7.5475 44.5124 5.9426 
44.0000 32.0000 1.9625 9.7168 8.3595 
45.0000 36.0000 35.1384 24.0954 12.4473 
46.0000 80.0000 5.0217 47.6801 11.1042 
47.0000 95.0000 10.9101 19.3771 11.0787 
48.0000 32.0000 1.2872 8.6620 11.5673 
49.0000 102.0000 43.6780 14.2597 14.6716 
50.0000 24.0000 41.4327 29.5072 11.0322 
51.0000 96.0000 28.3808 36.4851 12.4589 
52.0000 61.0000 22.4126 3.1589 5.1059 
53.0000 84.0000 2.8692 29.3679 13.9505 
54.0000 108.0000 13.4455 33.0408 8.9089 
55.0000 120.0000 9.5162 10.6349 9.6680 
56.0000 45.0000 4.3378 49.8220 14.3991 
57.0000 112.0000 18.1781 4.5088 6.5181 
58.0000 26.0000 38.6472 37.1398 6.9037 
59.0000 68.0000 14.5130 12.1137 11.2792 
60.0000 34.0000 13.3467 16.6056 12.9258 
61.0000 110.0000 35.3729 27.2741 14.4822 
62.0000 49.0000 15.5256 28.4885 6.4535 
63.0000 98.0000 30.9973 46.5159 11.6893 
64.0000 59.0000 7.3592 32.8104 12.4341 
65.0000 33.0000 22.4964 32.9167 5.8887 
66.0000 39.0000 23.5322 41.2234 5.7459 
67.0000 22.0000 20.8384 8.3694 8.8009 
68.0000 72.0000 22.0467 24.0898 6.0615 
69.0000 51.0000 26.4252 11.1631 5.4692 
70.0000 59.0000 18.7220 32.2604 8.0688 
71.0000 43.0000 28.8852 5.0525 9.8505 
72.0000 81.0000 39.7816 4.3818 9.8664 
73.0000 40.0000 26.8403 48.3394 14.2870 
74.0000 105.0000 32.2239 10.2415 9.3754 
75.0000 73.0000 20.2828 5.8575 6.3745 
