0.0000 0.0000 25.0000 25.0000 0.0000 
1.0000 162.0000 19.7913 17.4310 14.6606 
2.0000 175.0000 10.4490 9.3189 6.8502 
3.0000 172.0000 29.8492 38.5292 13.7738 
4.0000 117.0000 1.8145 31.6647 9.5569 
5.0000 104.0000 24.7597 15.2281 14.9048 
6.0000 176.0000 4.6791 19.9535 7.1564 
7.0000 127.0000 40.1396 0.7241 13.6683 
8.0000 133.0000 0.9682 14.0145 7.4487 
9.0000 145.0000 49.1750 10.8528 5.5262 
10.0000 119.0000 15.9570 2.3572 12.8708 
11.0000 148.0000 31.4984 10.7628 14.3154 
12.0000 141.0000 7.9453 48.2686 11.8498 
13.0000 150.0000 10.9994 48.1556 10.6337 
14.0000 132.0000 43.9067 4.8368 11.6919 
15.0000 90.0000 15.9362 22.2882 11.3049 
16.0000 153.0000 7.3195 45.5268 7.2410 
17.0000 154.0000 6.3641 11.6916 7.8862 
18.0000 165.0000 0.0767 47.0617 11.0708 
19.0000 102.0000 46.1949 15.8554 13.5731 
20.0000 94.0000 14.3750 27.4858 11.9915 
21.0000 130.0000 43.0906 37.0048 11.6687 
22.0000 160.0000 22.3380 31.7467 6.5141 
23.0000 128.0000 45.7870 8.8990 11.8341 
24.0000 171.0000 48.5822 22.2352 10.3811 
25.0000 90.0000 8.0753 27.7982 8.9339 
26.0000 101.0000 24.5049 4.3675 8.5633 
27.0000 154.0000 11.1741 27.6414 6.3063 
28.0000 113.0000 13.1239 3.8809 8.2541 
29.0000 138.0000 3.5104 11.2922 7.2348 
30.0000 174.0000 5.8188 19.5615 12.7127 
31.0000 137.0000 0.1882 9.8290 8.3405 
32.0000 92.0000 9.7996 33.3875 6.3408 
33.0000 154.0000 22.2177 6.3640 13.5856 
34.0000 135.0000 45.2811 9.2424 14.1998 
35.0000 108.0000 30.7672 49.8051 5.4588 
36.0000 118.0000 25.3169 14.3047 14.2976 
37.0000 126.0000 47.2648 47.1181 8.5249 
38.0000 127.0000 22.2185 27.5146 8.6193 
39.0000 98.0000 5.2042 38.4608 12.7696 
40.0000 136.0000 34.7425 16.2748 6.2906 
41.0000 157.0000 24.1695 18.0244 12.1993 
42.0000 143.0000 30.1455 18.0159 7.4138 
43.0000 136.0000 24.6509 14.3433 12.8358 
44.0000 171.0000 6.1966 48.4530 9.5375 
45.0000 153.0000 3.6845 32.9261 7.7510 
46.0000 136.0000 42.4488 17.7228 7.0138 
47.0000 169.0000 38.6407 17.4988 6.1215 
48.0000 104.0000 17.6059 4.3989 8.1230 
49.0000 148.0000 48.2563 7.3839 5.0583 
50.0000 154.0000 33.5395 10.5204 9.5460 
51.0000 177.0000 16.6234 38.4261 7.1231 
52.0000 121.0000 39.3593 2.5226 7.8766 
53.0000 144.0000 24.4309 9.6502 11.0905 
54.0000 130.0000 6.2977 14.9882 13.3517 
55.0000 127.0000 11.2120 9.6972 12.9604 
56.0000 172.0000 38.0578 15.8415 10.9409 
57.0000 173.0000 20.9836 47.4519 7.7118 
58.0000 155.0000 2.0619 4.0661 14.9175 
59.0000 170.0000 6.5851 11.3158 8.0845 
60.0000 94.0000 38.0282 12.3269 13.8586 
61.0000 171.0000 4.8534 0.8293 6.2672 
62.0000 94.0000 25.9419 2.9357 8.2240 
63.0000 101.0000 32.0334 23.0804 7.7718 
64.0000 131.0000 17.2030 16.1948 9.4266 
65.0000 91.0000 21.3254 6.8533 8.0620 
66.0000 170.0000 4.5636 33.6259 9.8538 
67.0000 101.0000 48.5601 8.1031 9.7881 
68.0000 165.0000 19.2495 3.3787 12.0982 
69.0000 108.0000 49.1447 24.5282 13.5769 
70.0000 163.0000 43.0059 42.9634 5.2347 
71.0000 142.0000 12.6753 45.2670 9.3189 
72.0000 139.0000 5.1880 12.4971 8.1623 
73.0000 149.0000 40.8061 7.2212 11.9674 
74.0000 104.0000 24.3766 16.1939 5.9758 
75.0000 143.0000 29.7533 26.7229 13.4704 
76.0000 136.0000 15.1118 47.3899 14.9727 
77.0000 90.0000 21.7601 40.5225 7.2766 
78.0000 159.0000 14.6275 22.6830 13.7466 
79.0000 133.0000 35.2549 23.6755 11.5162 
80.0000 176.0000 6.4508 33.2819 8.5502 
81.0000 151.0000 17.2625 26.9380 10.9689 
82.0000 159.0000 6.1241 13.0430 6.7548 
83.0000 115.0000 45.5683 20.1408 6.6357 
84.0000 163.0000 37.4085 35.1947 14.3482 
85.0000 123.0000 3.2653 18.4006 6.6318 
86.0000 177.0000 29.7987 49.8335 9.0896 
87.0000 152.0000 31.7613 43.1536 13.0800 
88.0000 150.0000 18.3867 7.9021 7.2735 
89.0000 148.0000 9.2092 33.2092 12.2323 
90.0000 150.0000 39.8172 45.2755 6.1204 
91.0000 180.0000 15.9669 17.9518 9.7833 
92.0000 90.0000 17.4012 27.0986 8.7705 
93.0000 151.0000 18.0553 24.1555 11.9357 
94.0000 165.0000 11.6752 27.1002 8.4062 
95.0000 171.0000 2.4044 13.3633 13.1791 
96.0000 129.0000 29.5288 10.1212 13.8981 
97.0000 170.0000 34.2170 25.8582 13.2572 
98.0000 93.0000 34.8676 2.1908 14.4221 
99.0000 171.0000 14.1314 49.8280 6.1439 
100.0000 116.0000 41.9866 17.4116 14.8230 
101.0000 118.0000 36.6858 43.1305 10.8976 
102.0000 160.0000 20.2184 30.1113 11.2531 
103.0000 177.0000 30.5413 16.8348 5.0515 
104.0000 167.0000 0.4298 13.9935 12.3614 
105.0000 154.0000 20.2756 40.0824 9.3665 
106.0000 97.0000 13.8474 47.1333 5.2214 
107.0000 179.0000 33.3801 29.8487 5.9559 
108.0000 177.0000 9.3180 2.2294 10.0029 
109.0000 115.0000 44.1761 0.8549 11.3675 
110.0000 113.0000 19.0826 15.6210 9.5372 
111.0000 137.0000 39.8690 9.5551 14.9058 
112.0000 162.0000 2.9925 46.2017 12.3280 
113.0000 92.0000 28.8044 2.4211 5.0477 
114.0000 92.0000 18.5451 25.8146 12.0693 
115.0000 91.0000 23.2948 47.1656 11.4878 
116.0000 169.0000 12.0496 43.7190 5.5743 
117.0000 169.0000 43.5059 8.2808 10.6526 
118.0000 158.0000 7.9990 0.1810 11.5838 
119.0000 143.0000 41.0773 13.1753 14.5150 
120.0000 151.0000 38.5792 4.6724 10.1985 
121.0000 133.0000 37.3430 17.0633 11.8687 
122.0000 134.0000 45.1972 7.6691 5.8819 
123.0000 93.0000 34.1875 25.2859 6.8386 
124.0000 93.0000 30.6781 1.7998 8.2850 
125.0000 148.0000 29.1607 17.3164 8.4416 
126.0000 122.0000 32.8586 46.9277 11.8371 
127.0000 150.0000 30.0990 8.1587 13.4055 
128.0000 135.0000 20.3652 25.2018 10.7864 
129.0000 112.0000 24.7860 43.1020 10.7672 
130.0000 168.0000 4.3034 34.0452 11.0179 
131.0000 157.0000 10.7259 23.9896 6.7300 
132.0000 123.0000 24.7191 36.1413 7.0036 
133.0000 178.0000 27.8873 30.3262 13.6316 
134.0000 132.0000 8.8824 3.1785 13.9058 
135.0000 94.0000 33.4114 27.8730 11.0856 
136.0000 154.0000 41.1894 47.4932 6.5963 
137.0000 125.0000 41.8174 44.5091 14.1137 
138.0000 107.0000 7.2905 42.0574 5.9068 
139.0000 162.0000 29.6741 28.7163 9.9005 
140.0000 91.0000 12.1187 35.9003 9.0966 
141.0000 96.0000 23.2996 32.2936 12.2887 
142.0000 139.0000 27.7372 43.9914 5.5727 
143.0000 130.0000 23.0354 38.6703 7.9089 
144.0000 110.0000 18.4792 43.8571 10.0702 
145.0000 155.0000 20.2401 11.3466 13.1710 
146.0000 146.0000 34.1652 0.5757 9.3176 
147.0000 148.0000 12.0261 42.2786 11.2954 
148.0000 176.0000 11.1814 23.0446 14.8054 
149.0000 120.0000 2.7213 26.4706 13.6381 
150.0000 168.0000 16.0076 1.3350 9.0237 
151.0000 171.0000 9.0033 7.2286 10.8548 
152.0000 119.0000 25.4855 3.8471 6.9193 
153.0000 171.0000 25.8210 8.9583 7.3551 
154.0000 156.0000 45.2259 25.0780 6.9914 
155.0000 104.0000 44.5016 20.7479 12.7950 
156.0000 171.0000 0.2907 23.2767 8.7394 
157.0000 150.0000 35.6924 22.5696 5.1533 
158.0000 153.0000 34.5451 40.3861 7.7589 
159.0000 113.0000 36.5011 39.5944 14.2973 
160.0000 171.0000 3.3353 8.1025 11.5197 
161.0000 119.0000 24.8882 27.5585 8.0262 
162.0000 123.0000 42.9630 10.6995 13.9326 
163.0000 121.0000 42.3805 30.6376 6.9660 
164.0000 143.0000 5.3724 41.3057 8.5974 
165.0000 125.0000 0.6132 35.9242 13.4241 
166.0000 98.0000 0.9091 3.9459 7.6324 
167.0000 178.0000 46.7410 26.9342 9.9889 
168.0000 165.0000 19.8678 11.5148 9.6623 
169.0000 166.0000 9.4771 47.5376 7.4397 
170.0000 145.0000 7.5932 4.3808 9.7018 
171.0000 114.0000 29.7138 12.5951 13.9692 
172.0000 173.0000 14.4610 47.8389 12.2009 
173.0000 97.0000 26.8981 1.9932 11.3430 
174.0000 140.0000 14.7173 44.2292 8.6226 
175.0000 127.0000 1.4339 0.4447 10.2432 
176.0000 143.0000 27.0847 26.5539 9.8564 
177.0000 155.0000 14.0720 1.8110 5.3965 
178.0000 129.0000 8.7558 44.6759 12.8804 
179.0000 168.0000 46.4110 11.6069 10.2272 
180.0000 98.0000 42.7638 6.2128 5.1141 
181.0000 177.0000 5.1983 8.6652 9.8243 
182.0000 100.0000 44.6236 31.6951 9.4431 
183.0000 143.0000 49.4262 1.7821 6.5122 
184.0000 142.0000 21.9506 12.7138 6.4100 
185.0000 175.0000 10.0131 38.7219 6.7365 
186.0000 151.0000 10.1420 7.4913 8.0943 
187.0000 103.0000 48.2689 33.1169 12.7106 
188.0000 110.0000 28.5961 25.4473 8.6672 
189.0000 153.0000 35.0046 18.4031 11.9169 
190.0000 137.0000 26.4090 44.3501 12.1348 
191.0000 164.0000 39.7863 28.4305 14.9456 
192.0000 105.0000 37.8772 49.1488 13.7102 
193.0000 122.0000 3.5016 18.9256 10.7108 
194.0000 108.0000 43.4326 22.9135 12.0849 
195.0000 176.0000 12.8587 23.2288 6.8608 
196.0000 92.0000 19.5898 33.3267 9.7058 
197.0000 116.0000 48.6334 10.8438 11.6088 
198.0000 114.0000 17.7987 0.6939 5.3283 
199.0000 122.0000 5.5284 4.3556 10.0687 
200.0000 160.0000 18.6058 6.6069 9.0671 
201.0000 117.0000 42.7158 28.1620 14.6489 
202.0000 126.0000 8.0070 25.2674 8.5983 
203.0000 163.0000 47.6548 24.8689 14.1025 
204.0000 163.0000 4.5815 17.1564 13.0334 
205.0000 156.0000 44.8284 22.3997 7.3129 
206.0000 171.0000 19.5776 20.3868 5.6521 
207.0000 104.0000 43.9387 32.8455 12.8717 
208.0000 108.0000 2.5075 34.3644 13.2071 
209.0000 113.0000 34.2367 6.1023 12.2371 
210.0000 117.0000 24.1924 1.6466 7.2257 
211.0000 99.0000 39.8968 31.3529 6.0768 
212.0000 129.0000 11.4147 43.9208 7.8599 
213.0000 158.0000 44.9229 39.7781 5.0691 
214.0000 127.0000 5.6867 24.0578 8.1626 
215.0000 101.0000 4.9670 44.9774 9.6528 
216.0000 167.0000 19.3427 9.0038 13.1170 
217.0000 173.0000 34.8344 45.4130 12.2752 
218.0000 172.0000 38.8880 16.4709 7.3514 
219.0000 99.0000 12.3599 34.6250 10.3512 
220.0000 155.0000 32.2179 7.2406 14.7675 
221.0000 112.0000 47.0747 40.3471 10.0658 
222.0000 169.0000 46.8167 44.4844 13.6823 
223.0000 161.0000 32.5781 27.7978 6.8097 
224.0000 112.0000 45.8214 21.0715 11.3820 
225.0000 104.0000 38.2472 32.8454 9.5246 
226.0000 139.0000 11.0835 9.2616 11.1633 
227.0000 137.0000 25.0998 41.1610 13.2306 
228.0000 121.0000 22.8550 20.4993 10.2391 
229.0000 104.0000 34.1649 36.8035 7.3716 
230.0000 93.0000 20.9813 40.5382 14.2785 
231.0000 157.0000 37.0031 6.0195 12.9963 
232.0000 162.0000 21.4596 8.6932 6.2770 
233.0000 142.0000 36.6910 40.9116 11.4624 
234.0000 122.0000 39.2436 42.2380 13.5056 
235.0000 117.0000 33.7755 22.8282 5.6525 
236.0000 113.0000 6.2249 41.4476 5.3794 
237.0000 134.0000 32.3149 40.1271 14.0447 
238.0000 166.0000 1.3042 25.2836 9.4394 
239.0000 99.0000 20.3214 42.5660 10.0563 
240.0000 99.0000 4.9777 26.3662 14.1689 
241.0000 173.0000 20.3606 27.9950 5.6102 
242.0000 155.0000 9.5739 5.3514 13.9249 
243.0000 140.0000 49.1738 6.8213 5.0760 
244.0000 175.0000 33.0364 19.4936 7.1832 
245.0000 163.0000 33.3460 16.2426 10.4714 
246.0000 126.0000 40.1575 10.8332 6.9833 
247.0000 156.0000 2.7643 5.5935 12.0534 
248.0000 110.0000 33.5057 20.6535 8.3231 
249.0000 135.0000 15.8833 22.6222 6.8547 
250.0000 95.0000 16.0192 14.7557 13.1074 
