0.0000 0.0000 25.0000 25.0000 0.0000 
1.0000 78.0000 15.3793 34.7414 11.3778 
2.0000 80.0000 9.9587 38.9317 13.8467 
3.0000 74.0000 33.1698 17.6161 11.5943 
4.0000 84.0000 26.4067 36.3708 6.4374 
5.0000 63.0000 6.2996 25.9484 7.2541 
6.0000 111.0000 42.2485 40.9590 5.6920 
7.0000 67.0000 1.5931 0.8799 5.8465 
8.0000 118.0000 26.2665 37.8817 7.3265 
9.0000 92.0000 22.7680 13.3109 6.6968 
10.0000 61.0000 6.0263 30.1112 7.0663 
11.0000 48.0000 32.8068 36.4717 7.0862 
12.0000 86.0000 46.3175 13.5997 8.2062 
13.0000 76.0000 4.1254 25.6272 7.8755 
14.0000 69.0000 5.1215 14.2451 5.2444 
15.0000 96.0000 15.1598 34.7295 11.5129 
16.0000 91.0000 33.2706 26.5603 8.9602 
17.0000 38.0000 24.8210 42.4657 7.6984 
18.0000 72.0000 28.8629 16.5546 6.6629 
19.0000 60.0000 7.4722 48.3334 8.8524 
20.0000 37.0000 43.0371 18.7906 5.7583 
21.0000 113.0000 17.6864 14.2176 7.8451 
22.0000 60.0000 13.6841 25.4116 14.8975 
23.0000 119.0000 3.2257 47.8940 7.8506 
24.0000 34.0000 46.8037 19.4959 10.1880 
25.0000 30.0000 45.4083 18.6826 10.7875 
26.0000 115.0000 6.1312 24.4245 6.0119 
27.0000 76.0000 21.1893 34.7008 14.0746 
28.0000 96.0000 48.4631 16.9375 9.9791 
29.0000 104.0000 26.4646 20.7705 8.4173 
30.0000 118.0000 48.7925 19.4088 13.1805 
31.0000 99.0000 9.1433 14.6918 6.2349 
32.0000 108.0000 46.7342 29.0330 11.1087 
33.0000 83.0000 32.9010 10.8777 13.1514 
34.0000 83.0000 0.1567 39.2063 10.8680 
35.0000 113.0000 38.5232 24.6865 7.7943 
36.0000 106.0000 44.0596 49.0324 13.4631 
37.0000 33.0000 17.9776 14.3332 12.4510 
38.0000 56.0000 11.9915 25.6828 11.6255 
39.0000 78.0000 0.8020 32.6526 13.2451 
40.0000 48.0000 31.0235 4.6819 13.6603 
41.0000 110.0000 29.5677 0.7340 5.7476 
42.0000 53.0000 38.7559 26.5942 5.4909 
43.0000 39.0000 34.2378 6.8755 14.7210 
44.0000 96.0000 38.6075 38.5861 10.8726 
45.0000 113.0000 45.1911 42.4970 8.2040 
46.0000 55.0000 34.2889 16.7039 11.3978 
47.0000 95.0000 48.7648 30.5333 14.0674 
48.0000 99.0000 10.8754 25.6084 12.1427 
49.0000 93.0000 31.5011 0.5569 8.3057 
50.0000 76.0000 37.5490 14.2543 14.2710 
51.0000 100.0000 7.7913 30.5473 7.2185 
52.0000 69.0000 37.2983 39.4236 7.2271 
53.0000 46.0000 41.4935 21.8067 13.9243 
54.0000 107.0000 39.8417 4.6705 8.5783 
55.0000 109.0000 49.8149 28.7384 5.7396 
56.0000 56.0000 15.0223 20.0704 9.0396 
57.0000 54.0000 5.3270 43.9386 14.3310 
58.0000 82.0000 26.3618 44.1667 12.9903 
59.0000 56.0000 13.6172 29.9362 12.2012 
60.0000 85.0000 42.4039 8.0999 12.7752 
61.0000 118.0000 10.2705 33.1274 12.7737 
62.0000 70.0000 18.9687 43.1647 12.2488 
63.0000 106.0000 8.9324 5.9226 7.3118 
64.0000 87.0000 46.0268 39.7731 13.0749 
65.0000 42.0000 48.3520 40.3191 7.5064 
66.0000 113.0000 28.7517 28.2385 7.8941 
67.0000 89.0000 42.7100 35.9119 12.2552 
68.0000 57.0000 7.9564 49.2613 9.6059 
69.0000 56.0000 35.2983 4.7701 9.3598 
70.0000 37.0000 0.0313 32.8063 9.8569 
71.0000 42.0000 35.2022 24.2291 9.5826 
72.0000 77.0000 11.2581 41.4109 13.2661 
73.0000 87.0000 15.1028 25.2797 9.8345 
74.0000 106.0000 6.8888 35.2637 12.1859 
75.0000 108.0000 33.7100 15.5180 5.2278 
76.0000 91.0000 12.4500 10.5074 7.2455 
77.0000 31.0000 42.1637 47.5297 6.3801 
78.0000 32.0000 41.4183 43.9135 9.0501 
79.0000 113.0000 16.8306 31.6876 5.4220 
80.0000 42.0000 7.4539 12.5872 7.0959 
81.0000 37.0000 0.1171 11.8778 9.7137 
82.0000 65.0000 20.2610 27.9006 14.4854 
83.0000 80.0000 4.0084 30.7241 12.4583 
84.0000 64.0000 49.2804 36.3156 6.8829 
85.0000 61.0000 30.5043 31.1159 10.2009 
86.0000 71.0000 25.1408 28.2647 11.5327 
87.0000 33.0000 37.1766 0.4120 10.7108 
88.0000 50.0000 32.6668 7.2212 6.6279 
89.0000 61.0000 32.0698 13.3602 14.7820 
90.0000 32.0000 10.6728 30.4625 5.8848 
91.0000 96.0000 12.5449 47.4842 10.8575 
92.0000 54.0000 0.9931 16.2516 12.3329 
93.0000 44.0000 30.4580 24.8847 7.0646 
94.0000 95.0000 43.5264 27.5615 12.4909 
95.0000 107.0000 14.3412 19.2933 14.2135 
96.0000 38.0000 7.9646 7.7786 7.4393 
97.0000 53.0000 47.6597 47.7222 14.2054 
98.0000 95.0000 3.8921 1.5868 8.0632 
99.0000 111.0000 32.9808 44.6310 5.9112 
100.0000 30.0000 18.2728 19.2012 14.5575 
101.0000 108.0000 36.8580 32.0946 13.3334 
102.0000 75.0000 48.0922 43.5820 8.8384 
103.0000 89.0000 37.5566 0.2864 10.5736 
104.0000 99.0000 19.5609 18.3680 13.5320 
105.0000 57.0000 36.0054 46.0434 7.6884 
106.0000 44.0000 7.7839 33.6695 12.0397 
107.0000 56.0000 7.2163 48.1120 8.3356 
108.0000 67.0000 30.1569 44.1871 7.0381 
109.0000 79.0000 5.1833 25.8826 9.9916 
110.0000 60.0000 20.1769 19.7351 10.0069 
111.0000 94.0000 4.3467 33.6725 12.0984 
112.0000 40.0000 5.7911 6.4705 12.2678 
113.0000 92.0000 12.6028 32.0537 9.4232 
114.0000 37.0000 25.9852 2.6422 12.0594 
115.0000 93.0000 3.2915 1.3967 13.6338 
116.0000 78.0000 44.2356 4.5964 9.4529 
117.0000 109.0000 38.2236 25.6368 5.1226 
118.0000 58.0000 26.3129 23.0439 11.9442 
119.0000 109.0000 9.5280 29.2289 5.8527 
120.0000 108.0000 40.2557 48.4667 7.5924 
121.0000 51.0000 7.2468 4.9732 10.6774 
122.0000 72.0000 14.3426 21.2187 14.8327 
123.0000 56.0000 42.5654 27.6578 6.9511 
124.0000 93.0000 47.8383 45.6544 12.9579 
125.0000 40.0000 24.7880 11.2826 9.7740 
126.0000 103.0000 28.4072 4.5441 7.2351 
127.0000 85.0000 38.7216 2.1285 7.2159 
128.0000 108.0000 8.7194 18.6679 11.1864 
129.0000 54.0000 8.5247 4.3929 6.8266 
130.0000 73.0000 31.2161 20.7530 13.7085 
131.0000 69.0000 26.9228 29.0037 13.7320 
132.0000 71.0000 46.2237 20.6492 10.9387 
133.0000 67.0000 3.8936 20.0021 13.6801 
134.0000 40.0000 10.6717 9.0706 14.4575 
135.0000 94.0000 42.6325 9.7768 6.1702 
136.0000 88.0000 38.3433 18.3715 14.6469 
137.0000 106.0000 15.3296 42.5028 6.7253 
138.0000 70.0000 7.5171 31.5293 10.4579 
139.0000 88.0000 11.3568 23.4004 12.5285 
140.0000 104.0000 16.3511 36.6779 5.3706 
141.0000 65.0000 29.4723 0.6286 9.2380 
142.0000 85.0000 6.7644 25.3296 11.5655 
143.0000 113.0000 13.9460 35.3370 12.2896 
144.0000 77.0000 31.5572 26.4667 5.5811 
145.0000 71.0000 47.0071 8.9897 7.8547 
146.0000 43.0000 15.2470 5.9682 10.8455 
147.0000 63.0000 30.0394 2.3455 11.6672 
148.0000 119.0000 42.5608 12.8393 6.0426 
149.0000 68.0000 21.1288 34.5920 6.8248 
150.0000 82.0000 0.6998 18.5574 11.0922 
151.0000 119.0000 11.0257 26.5324 5.0159 
152.0000 46.0000 21.4274 22.3774 8.5856 
153.0000 89.0000 7.0724 2.4386 10.0975 
154.0000 39.0000 26.9645 11.7136 8.7964 
155.0000 40.0000 4.1010 39.8823 8.1715 
156.0000 69.0000 11.8244 47.4502 9.4889 
157.0000 78.0000 39.7840 20.8824 6.3698 
158.0000 99.0000 49.1100 10.1745 9.4299 
159.0000 79.0000 19.1905 36.0189 13.5800 
160.0000 51.0000 5.8264 25.9716 12.2597 
161.0000 67.0000 31.1999 20.6081 10.0019 
162.0000 90.0000 12.8827 37.4986 9.2617 
163.0000 66.0000 31.2883 18.2462 7.7774 
164.0000 99.0000 2.0044 43.1622 9.6609 
165.0000 74.0000 31.0579 49.6715 7.0541 
166.0000 74.0000 3.0620 34.7602 12.0560 
167.0000 69.0000 22.3484 41.9066 6.6992 
168.0000 64.0000 19.9045 2.9973 10.6858 
169.0000 30.0000 42.1569 0.9619 11.1015 
170.0000 109.0000 10.4747 25.8301 6.1636 
171.0000 76.0000 3.5818 35.5826 10.0417 
172.0000 111.0000 46.8673 7.7201 10.9682 
173.0000 74.0000 31.3709 32.9070 10.1218 
174.0000 99.0000 15.2592 48.5715 13.1010 
175.0000 37.0000 14.9867 14.1011 14.2369 
176.0000 83.0000 9.8417 32.2173 12.7117 
177.0000 80.0000 38.2505 26.9295 12.8816 
178.0000 84.0000 41.6640 33.8038 11.6117 
179.0000 58.0000 49.3832 23.8340 13.5647 
180.0000 104.0000 4.6368 4.9939 14.7349 
181.0000 53.0000 22.3139 9.0281 10.4248 
182.0000 34.0000 27.5556 5.8886 6.0230 
183.0000 61.0000 14.6110 6.2443 10.2478 
184.0000 54.0000 32.9530 40.1949 6.2049 
185.0000 64.0000 49.5209 42.7251 9.5347 
186.0000 91.0000 2.9591 44.8230 9.6917 
187.0000 114.0000 2.8775 23.4641 8.9562 
188.0000 74.0000 20.4438 0.5180 12.6187 
189.0000 47.0000 24.1817 23.2992 13.3808 
190.0000 78.0000 18.7634 26.0828 6.8405 
191.0000 112.0000 6.4496 43.0692 12.4347 
192.0000 30.0000 33.5184 25.4202 5.0890 
193.0000 108.0000 24.8883 13.2731 11.1844 
194.0000 50.0000 33.8262 21.2931 10.8897 
195.0000 60.0000 2.5201 35.3828 7.6602 
196.0000 107.0000 17.8949 11.2977 13.4485 
197.0000 65.0000 8.6307 45.8560 13.9211 
198.0000 74.0000 38.1501 42.8662 6.7137 
199.0000 43.0000 44.3197 38.0206 9.9382 
200.0000 119.0000 40.9696 24.9763 5.3415 
201.0000 79.0000 6.1031 39.4261 12.1820 
202.0000 100.0000 37.0990 41.2392 5.6455 
203.0000 88.0000 26.3019 3.4679 11.1554 
204.0000 84.0000 6.6928 15.7496 7.4854 
205.0000 44.0000 19.1975 35.4466 7.8885 
206.0000 83.0000 41.6247 14.4153 14.9146 
207.0000 57.0000 17.0732 24.0414 13.3101 
208.0000 103.0000 41.5117 4.3615 12.3243 
209.0000 39.0000 14.8162 27.7229 13.2411 
210.0000 48.0000 13.7654 0.7081 13.7231 
211.0000 56.0000 26.4517 18.6369 11.1434 
212.0000 113.0000 10.9515 19.9392 6.0944 
213.0000 41.0000 28.2217 1.3181 13.4527 
214.0000 53.0000 39.4171 8.5013 9.6067 
215.0000 98.0000 11.4010 4.7842 12.9217 
216.0000 86.0000 44.9329 25.6112 5.5784 
217.0000 88.0000 37.3482 33.2641 9.1809 
218.0000 120.0000 18.4724 47.7849 7.4004 
219.0000 51.0000 18.8200 32.8524 12.7265 
220.0000 48.0000 16.2852 12.9018 7.6896 
221.0000 100.0000 35.6249 37.9537 12.8374 
222.0000 64.0000 20.2826 0.3290 8.9903 
223.0000 96.0000 33.5942 42.7112 6.2065 
224.0000 46.0000 25.2422 22.9302 7.6006 
225.0000 55.0000 41.2376 49.2642 5.5665 
226.0000 34.0000 2.1261 21.9295 11.7084 
227.0000 46.0000 16.0507 20.4764 7.2329 
228.0000 43.0000 22.5298 36.8864 14.2596 
229.0000 82.0000 11.0967 1.1901 6.5577 
230.0000 97.0000 47.3376 44.3205 9.4486 
231.0000 50.0000 19.3061 49.5630 13.3104 
232.0000 30.0000 41.6841 5.0363 7.1854 
233.0000 66.0000 14.2920 49.0631 5.4457 
234.0000 79.0000 47.3436 13.3786 8.2705 
235.0000 74.0000 32.8292 39.7515 10.6420 
236.0000 107.0000 47.2187 40.1248 13.0227 
237.0000 36.0000 44.4203 22.3565 12.5420 
238.0000 57.0000 44.9050 4.4598 13.1095 
239.0000 112.0000 17.8315 6.6890 7.3533 
240.0000 84.0000 8.8995 7.4884 14.8793 
241.0000 55.0000 24.5024 35.0410 9.7314 
242.0000 67.0000 46.2386 21.4470 13.7787 
243.0000 107.0000 29.7623 21.8057 6.1096 
244.0000 107.0000 25.8080 32.7549 8.7418 
245.0000 98.0000 16.9792 3.3454 6.5816 
246.0000 51.0000 3.6684 31.6935 13.0570 
247.0000 57.0000 33.6495 17.7452 5.2998 
248.0000 118.0000 26.2834 8.8471 7.9086 
249.0000 115.0000 14.8517 45.0555 13.0877 
250.0000 49.0000 5.4244 25.0351 10.3543 
251.0000 39.0000 28.4129 47.2135 10.6688 
252.0000 61.0000 12.9822 13.1924 5.3976 
253.0000 73.0000 34.9278 29.1810 9.4614 
254.0000 63.0000 6.0398 41.7699 9.3868 
255.0000 66.0000 33.9607 29.5231 6.5733 
256.0000 77.0000 4.9727 4.9965 8.1002 
257.0000 112.0000 20.7426 0.4582 14.8232 
258.0000 100.0000 43.8723 20.3129 7.6401 
259.0000 68.0000 27.1747 39.3290 11.6974 
260.0000 66.0000 18.4062 18.2538 10.1039 
261.0000 57.0000 26.7275 44.8288 13.1918 
262.0000 46.0000 1.6712 34.9041 9.0612 
263.0000 83.0000 34.4312 20.7348 6.6833 
264.0000 30.0000 3.1965 28.9937 10.2655 
265.0000 103.0000 19.7177 49.1102 8.8762 
266.0000 95.0000 22.5165 22.5167 9.7888 
267.0000 93.0000 32.3396 6.9365 12.1208 
268.0000 62.0000 1.8757 31.2030 10.9785 
269.0000 71.0000 29.6791 49.5552 9.0276 
270.0000 35.0000 24.7561 20.0303 12.7713 
271.0000 90.0000 19.7832 15.9889 6.6918 
272.0000 94.0000 21.0458 28.4923 11.8356 
273.0000 95.0000 43.9712 36.6033 13.8808 
274.0000 112.0000 34.5493 36.5732 10.7321 
275.0000 52.0000 25.4697 2.2249 11.6491 
276.0000 65.0000 44.4057 21.6595 9.4976 
277.0000 56.0000 19.8969 41.6198 11.4751 
278.0000 103.0000 40.4346 22.2368 5.7170 
279.0000 55.0000 47.3868 8.3683 7.8273 
280.0000 74.0000 14.1878 9.6123 9.3285 
281.0000 114.0000 16.4950 43.7475 14.5637 
282.0000 117.0000 44.7615 23.7935 5.5082 
283.0000 37.0000 39.7312 38.1776 6.6224 
284.0000 73.0000 28.3150 34.1006 5.3782 
285.0000 91.0000 3.2742 24.4205 14.7642 
286.0000 109.0000 6.2720 11.6834 5.1351 
287.0000 103.0000 46.1871 3.1914 13.8283 
288.0000 35.0000 33.9762 47.8613 6.4838 
289.0000 69.0000 22.4826 37.1698 5.2844 
290.0000 35.0000 28.2696 28.5043 9.6265 
291.0000 109.0000 21.6456 33.0477 13.0257 
292.0000 118.0000 10.8539 16.4231 10.3523 
293.0000 49.0000 49.9345 44.9507 14.8115 
294.0000 31.0000 28.8044 32.8256 12.1414 
295.0000 30.0000 3.7484 11.4698 14.0811 
296.0000 69.0000 48.2030 28.8889 8.3130 
297.0000 80.0000 32.8847 29.2249 13.4853 
298.0000 92.0000 4.7628 35.6232 7.8146 
299.0000 49.0000 27.1727 0.9864 11.2746 
300.0000 38.0000 2.2920 31.1710 11.9687 
301.0000 110.0000 7.3581 36.2282 5.7614 
302.0000 53.0000 32.5194 7.3622 9.1064 
303.0000 51.0000 31.7644 38.8215 9.4444 
304.0000 96.0000 24.7331 37.2987 12.6687 
305.0000 66.0000 31.8512 30.5530 9.8388 
306.0000 80.0000 2.8158 33.6906 7.9348 
307.0000 45.0000 27.5704 19.7457 11.1797 
308.0000 97.0000 0.2307 3.5757 13.5574 
309.0000 118.0000 43.5016 21.8124 14.4831 
310.0000 45.0000 45.8980 23.4512 9.1377 
311.0000 42.0000 20.8907 34.9682 6.9080 
312.0000 102.0000 47.6244 10.0297 14.7858 
313.0000 42.0000 28.0873 42.5317 8.6791 
314.0000 115.0000 30.5481 39.4310 9.6516 
315.0000 82.0000 3.5102 0.3634 5.6506 
316.0000 40.0000 49.0514 1.4416 5.2203 
317.0000 48.0000 48.8613 23.5761 10.8397 
318.0000 59.0000 43.6863 9.8011 9.0666 
319.0000 97.0000 31.3047 37.3231 7.3524 
320.0000 43.0000 45.3695 26.7619 6.4678 
321.0000 33.0000 20.0958 24.3039 8.3291 
322.0000 55.0000 11.1064 2.4391 6.4585 
323.0000 92.0000 12.7499 23.6738 9.0820 
324.0000 45.0000 4.4435 39.1538 14.1348 
325.0000 83.0000 7.7175 8.8510 5.3491 
326.0000 68.0000 1.2758 37.1402 8.9160 
327.0000 95.0000 44.8203 0.0923 5.6014 
328.0000 48.0000 13.2908 0.0074 14.2677 
329.0000 48.0000 42.2807 47.5635 12.2140 
330.0000 30.0000 0.2903 25.0891 9.9223 
331.0000 69.0000 17.5832 5.2499 10.7869 
332.0000 110.0000 35.0273 26.0721 11.6113 
333.0000 92.0000 41.9751 43.8895 13.9241 
334.0000 35.0000 44.0414 0.8934 7.8602 
335.0000 67.0000 10.8165 18.4330 8.5159 
336.0000 90.0000 1.4591 43.0107 9.5328 
337.0000 90.0000 30.1770 19.1940 8.6886 
338.0000 100.0000 45.1899 6.4976 14.2712 
339.0000 56.0000 32.6696 2.6595 9.4535 
340.0000 41.0000 30.3940 29.1894 8.3139 
341.0000 117.0000 38.2453 37.0494 10.6677 
342.0000 81.0000 35.0448 18.1630 8.1556 
343.0000 35.0000 29.6024 4.5808 6.2930 
344.0000 52.0000 36.2019 4.6168 6.4647 
345.0000 119.0000 34.3366 18.8386 12.5074 
346.0000 68.0000 29.1847 42.6290 5.5911 
347.0000 56.0000 33.3130 4.1136 8.1027 
348.0000 72.0000 40.6844 13.7746 9.9184 
349.0000 54.0000 3.2529 47.5233 6.1296 
350.0000 79.0000 42.7105 38.1732 8.7315 
351.0000 83.0000 27.9429 4.8759 6.3419 
352.0000 94.0000 9.9472 44.8671 6.3489 
353.0000 75.0000 8.3084 5.6141 9.1658 
354.0000 112.0000 22.8315 29.4473 5.7264 
355.0000 80.0000 16.6432 32.5293 5.8448 
356.0000 44.0000 48.3298 45.4034 14.6989 
357.0000 32.0000 12.8299 35.0780 12.1272 
358.0000 98.0000 0.8750 20.0111 6.4196 
359.0000 71.0000 20.3052 43.9493 9.5759 
360.0000 41.0000 7.7489 18.3117 12.5446 
361.0000 45.0000 32.7416 42.6366 6.6812 
362.0000 82.0000 34.2280 29.9492 13.7491 
363.0000 96.0000 1.8443 7.7361 11.9580 
364.0000 47.0000 17.4077 15.3817 8.9196 
365.0000 97.0000 35.7920 12.0093 9.8430 
366.0000 95.0000 32.2072 19.0106 14.6490 
367.0000 92.0000 29.2111 46.4076 10.0116 
368.0000 100.0000 4.8057 25.4277 8.6344 
369.0000 56.0000 29.7256 4.0416 14.6358 
370.0000 76.0000 46.3793 0.2722 6.3171 
371.0000 70.0000 34.4887 35.2216 8.0063 
372.0000 102.0000 2.4061 40.1244 9.6529 
373.0000 64.0000 15.5630 8.5089 8.4121 
374.0000 75.0000 11.9194 23.7206 9.4532 
375.0000 41.0000 36.5834 27.5373 7.2643 
376.0000 120.0000 8.4683 41.9106 6.6279 
377.0000 83.0000 27.2094 38.7657 9.6488 
378.0000 107.0000 24.3171 28.6473 6.5760 
379.0000 111.0000 35.2212 1.0728 10.0140 
380.0000 67.0000 2.5057 44.8703 7.6306 
381.0000 111.0000 34.6830 28.4064 6.6638 
382.0000 90.0000 29.4595 42.0957 7.1491 
383.0000 84.0000 43.3377 11.5837 6.3280 
384.0000 40.0000 44.3913 46.6899 11.2616 
385.0000 75.0000 1.4995 45.0053 6.3231 
386.0000 74.0000 38.9345 22.5787 13.7914 
387.0000 114.0000 32.8293 45.6405 7.1178 
388.0000 99.0000 37.6694 24.5180 10.0028 
389.0000 45.0000 15.1074 43.7684 10.6821 
390.0000 86.0000 34.6057 25.0113 7.7195 
391.0000 103.0000 1.6084 12.9248 6.6818 
392.0000 34.0000 2.8217 35.7147 8.4156 
393.0000 43.0000 42.4193 28.1704 6.9569 
394.0000 37.0000 49.3756 23.7316 12.6657 
395.0000 85.0000 20.9969 27.2527 12.7190 
396.0000 40.0000 16.6044 36.8144 14.7854 
397.0000 59.0000 3.4309 26.2235 5.0943 
398.0000 46.0000 11.3377 42.1792 13.5043 
399.0000 92.0000 21.8093 11.7825 8.9787 
400.0000 40.0000 44.2879 8.2494 10.3464 
