0.0000 0.0000 25.0000 25.0000 0.0000 
1.0000 52.0000 23.5420 19.5658 12.1574 
2.0000 42.0000 10.5147 7.0035 13.3838 
3.0000 32.0000 30.2231 18.5417 13.2026 
4.0000 107.0000 12.0707 8.8761 5.5843 
5.0000 57.0000 45.8417 25.6147 10.6799 
6.0000 70.0000 22.3203 24.3163 6.9808 
7.0000 118.0000 15.5455 12.8666 9.4286 
8.0000 100.0000 19.4785 37.6403 10.6989 
9.0000 114.0000 18.9799 36.8155 5.0778 
10.0000 33.0000 37.4970 24.4492 6.9257 
11.0000 64.0000 31.7973 46.1974 7.1558 
12.0000 58.0000 31.4508 20.4208 14.7750 
13.0000 33.0000 25.9014 9.8577 5.3842 
14.0000 31.0000 11.9993 18.3555 12.9922 
15.0000 45.0000 16.9129 30.0506 14.8244 
16.0000 31.0000 5.4091 12.5968 13.6334 
17.0000 119.0000 7.5410 8.9692 6.5347 
18.0000 34.0000 28.3857 24.3038 10.8001 
19.0000 35.0000 12.3782 12.6882 9.7714 
20.0000 38.0000 41.8146 34.4356 8.3258 
21.0000 50.0000 39.8164 29.4317 7.9692 
22.0000 76.0000 17.5259 48.0244 14.6752 
23.0000 45.0000 48.6953 11.1592 10.6639 
24.0000 43.0000 41.2869 37.3281 6.7087 
25.0000 68.0000 14.0999 39.7023 13.7915 
26.0000 80.0000 21.1470 48.1822 14.6484 
27.0000 70.0000 15.2073 43.8464 8.8971 
28.0000 41.0000 24.7378 6.9234 6.5891 
29.0000 88.0000 15.5169 31.0524 12.2314 
30.0000 78.0000 31.3885 49.6394 14.2498 
31.0000 67.0000 38.7524 45.8686 14.4038 
32.0000 31.0000 41.3677 32.1015 10.6429 
33.0000 114.0000 49.8182 3.4914 12.1886 
34.0000 82.0000 26.9192 18.5008 8.0859 
35.0000 76.0000 11.9033 5.6558 11.9168 
36.0000 101.0000 41.5635 20.2058 9.1119 
37.0000 102.0000 16.9891 7.0036 5.5667 
38.0000 109.0000 40.2111 1.4225 8.5779 
39.0000 30.0000 24.0009 17.8864 9.4976 
40.0000 108.0000 40.4778 41.7180 13.1505 
41.0000 41.0000 26.4040 5.2105 10.8444 
42.0000 95.0000 49.9196 47.5094 8.8343 
43.0000 86.0000 28.8624 17.0639 12.1130 
44.0000 68.0000 38.9772 14.2072 13.8494 
45.0000 36.0000 15.7216 32.7327 8.4049 
46.0000 93.0000 2.6937 34.2997 11.9278 
47.0000 31.0000 6.5545 31.8224 10.5785 
48.0000 77.0000 14.8740 1.3650 12.8244 
49.0000 37.0000 33.6735 28.2400 11.9713 
50.0000 103.0000 28.1157 34.1920 10.2440 
51.0000 34.0000 29.6662 8.0670 5.4671 
52.0000 118.0000 25.0099 23.9008 14.7858 
53.0000 86.0000 19.8133 25.1443 13.7069 
54.0000 83.0000 25.3595 34.6506 10.3057 
55.0000 101.0000 25.7081 28.9135 13.3491 
56.0000 83.0000 16.1983 43.6868 12.9394 
57.0000 96.0000 14.6900 9.4629 5.3428 
58.0000 62.0000 48.4271 42.9053 11.4817 
59.0000 120.0000 6.7262 2.0841 12.5188 
60.0000 79.0000 40.6144 2.6524 9.4157 
61.0000 35.0000 47.0380 42.3767 7.1068 
62.0000 95.0000 27.2458 28.7256 9.7268 
63.0000 105.0000 14.1878 39.6337 8.7207 
64.0000 85.0000 42.2505 20.8556 8.3845 
65.0000 114.0000 46.2546 16.0205 5.8974 
66.0000 119.0000 5.4597 28.7359 5.3743 
67.0000 78.0000 2.8606 28.0223 9.6205 
68.0000 87.0000 6.4399 10.6595 5.0278 
69.0000 73.0000 37.7539 44.7443 6.9500 
70.0000 33.0000 12.6338 12.3621 12.0598 
71.0000 102.0000 37.5556 11.0772 8.4274 
72.0000 93.0000 20.8863 23.4570 11.4080 
73.0000 54.0000 40.1054 45.9724 8.6738 
74.0000 94.0000 30.5618 40.0045 10.4221 
75.0000 76.0000 36.5593 37.4809 11.2346 
76.0000 55.0000 11.0330 34.2742 11.2944 
77.0000 39.0000 10.7648 30.6071 9.6429 
78.0000 41.0000 17.7931 5.0655 13.4168 
79.0000 58.0000 23.3272 37.4330 6.7395 
80.0000 42.0000 24.3012 1.1837 7.8262 
81.0000 91.0000 39.8271 11.9665 12.8051 
82.0000 58.0000 17.4612 0.5424 12.6804 
83.0000 41.0000 18.5936 34.3386 9.1574 
84.0000 60.0000 23.3927 12.4859 5.7805 
85.0000 45.0000 31.7350 47.2992 7.9437 
86.0000 119.0000 20.4300 36.2843 9.3654 
87.0000 56.0000 34.1008 7.4186 13.8357 
88.0000 33.0000 20.2931 34.3687 13.8192 
89.0000 120.0000 37.5796 20.0626 11.8596 
90.0000 58.0000 5.4089 32.8643 7.2874 
91.0000 108.0000 9.4963 47.8492 5.0476 
92.0000 33.0000 12.9168 6.9438 9.3138 
93.0000 102.0000 48.6351 4.8892 11.5375 
94.0000 53.0000 46.1414 18.9173 13.2935 
95.0000 82.0000 43.3663 2.3304 13.9941 
96.0000 82.0000 42.2959 29.0318 7.8576 
97.0000 83.0000 41.9667 9.8895 12.6892 
98.0000 112.0000 32.2149 27.1360 7.0654 
99.0000 105.0000 18.2425 4.7431 5.6523 
100.0000 112.0000 42.0209 0.8754 13.3631 
101.0000 75.0000 37.0720 1.0999 10.7070 
102.0000 39.0000 45.3428 47.3419 12.9548 
103.0000 70.0000 40.1115 48.7651 13.6653 
104.0000 78.0000 19.0563 44.1094 14.3964 
105.0000 65.0000 19.8301 38.6018 9.2998 
106.0000 99.0000 12.7812 22.1993 10.7649 
107.0000 58.0000 8.6359 41.3491 7.4527 
108.0000 61.0000 38.2700 1.2655 5.8487 
109.0000 89.0000 25.0195 19.0455 11.9419 
110.0000 62.0000 15.0065 41.3603 9.4243 
111.0000 32.0000 26.2048 43.0839 12.3016 
112.0000 101.0000 27.2166 43.2293 5.9965 
113.0000 118.0000 38.5172 4.8761 5.6869 
114.0000 98.0000 47.0870 25.8781 13.0763 
115.0000 50.0000 44.6980 13.3996 8.3252 
116.0000 107.0000 19.7855 4.2241 6.5465 
117.0000 75.0000 34.9131 13.8347 6.2631 
118.0000 112.0000 14.8458 39.1391 8.9051 
119.0000 44.0000 12.5704 16.7854 6.9666 
120.0000 43.0000 4.9745 29.5687 5.7364 
121.0000 31.0000 44.7546 35.4215 10.8026 
122.0000 119.0000 44.1691 0.5326 6.2243 
123.0000 106.0000 45.6521 47.4635 13.0077 
124.0000 70.0000 21.5519 48.1086 12.7008 
125.0000 45.0000 19.8590 30.2679 11.9557 
126.0000 90.0000 24.8726 37.9343 14.0893 
127.0000 106.0000 44.5928 21.0333 12.2056 
128.0000 84.0000 44.0006 38.9429 10.3084 
129.0000 104.0000 25.5462 31.6912 14.6274 
130.0000 76.0000 35.8100 18.1612 10.4243 
131.0000 97.0000 12.5230 28.4580 13.9664 
132.0000 99.0000 20.1692 40.3335 7.5192 
133.0000 68.0000 35.9317 6.9679 9.6595 
134.0000 41.0000 16.8429 33.2805 7.0890 
135.0000 37.0000 21.9462 45.3687 9.9818 
136.0000 55.0000 34.4328 13.8891 14.3111 
137.0000 97.0000 9.7969 40.8940 13.3138 
138.0000 77.0000 30.0263 40.5626 5.9065 
139.0000 50.0000 35.1630 45.1370 9.0125 
140.0000 104.0000 5.0213 26.7212 9.6681 
141.0000 55.0000 5.4329 26.6676 12.3769 
142.0000 120.0000 20.4214 24.3327 12.2061 
143.0000 111.0000 17.9436 4.3926 11.8093 
144.0000 100.0000 7.0606 35.0442 12.0914 
145.0000 77.0000 27.4624 16.0800 10.4934 
146.0000 73.0000 22.4367 4.0228 10.3244 
147.0000 73.0000 8.6151 28.7795 9.7081 
148.0000 55.0000 13.4979 23.8177 12.8003 
149.0000 43.0000 10.0781 46.7249 12.1067 
150.0000 99.0000 42.1632 0.8615 5.6876 
151.0000 59.0000 38.0489 15.0180 11.1415 
152.0000 104.0000 22.4663 44.9688 11.0603 
153.0000 42.0000 33.5505 13.0245 7.5913 
154.0000 81.0000 31.7626 46.1191 13.0940 
155.0000 89.0000 9.7019 27.5817 11.5522 
156.0000 118.0000 14.7653 47.1625 9.7493 
157.0000 99.0000 23.1233 25.0277 5.8957 
158.0000 92.0000 7.9587 2.2551 10.2110 
159.0000 54.0000 22.2003 31.8657 12.3537 
160.0000 41.0000 8.1008 2.3364 10.4685 
161.0000 72.0000 11.0106 1.4173 11.3006 
162.0000 56.0000 17.4661 46.4344 10.1938 
163.0000 120.0000 46.2360 7.3470 11.7140 
164.0000 119.0000 32.2466 11.4585 12.5562 
165.0000 59.0000 44.8959 24.8443 13.5443 
166.0000 39.0000 36.6116 9.9645 12.4588 
167.0000 76.0000 29.0237 32.4322 10.2542 
168.0000 98.0000 34.1945 12.6855 10.2835 
169.0000 52.0000 3.2238 15.3904 8.1780 
170.0000 85.0000 13.1061 48.4783 6.8329 
171.0000 85.0000 39.2277 46.8752 14.0742 
172.0000 37.0000 6.5883 29.3803 13.1410 
173.0000 56.0000 5.3121 10.9948 10.0417 
174.0000 49.0000 16.8771 4.7535 13.0386 
175.0000 118.0000 47.9199 18.0364 10.4912 
176.0000 85.0000 30.1263 22.6387 5.2777 
177.0000 64.0000 36.2429 46.5487 6.4880 
178.0000 52.0000 19.7653 12.0061 6.6439 
179.0000 63.0000 19.0397 36.1329 7.3970 
180.0000 114.0000 15.9997 46.0013 5.1003 
181.0000 47.0000 43.7894 9.2224 14.9217 
182.0000 64.0000 4.7350 15.5065 7.9890 
183.0000 67.0000 35.5725 20.5537 6.1461 
184.0000 115.0000 6.5003 14.9795 7.1316 
185.0000 92.0000 36.2732 31.4793 8.1299 
186.0000 67.0000 3.8038 43.2254 11.7802 
187.0000 79.0000 15.0059 36.8907 13.0606 
188.0000 94.0000 36.9845 43.8510 14.1001 
189.0000 81.0000 28.7038 24.8896 14.0961 
190.0000 69.0000 1.5161 41.3660 10.8312 
191.0000 110.0000 17.4502 17.9616 14.4828 
192.0000 68.0000 41.5250 15.5865 6.1791 
193.0000 33.0000 8.1277 5.1071 11.9608 
194.0000 101.0000 41.2086 23.4597 12.0858 
195.0000 85.0000 7.4403 29.9393 12.7357 
196.0000 118.0000 22.3473 40.7036 5.0116 
197.0000 66.0000 15.1294 22.7081 9.5826 
198.0000 53.0000 43.1869 0.6669 6.8412 
199.0000 56.0000 39.3229 49.7062 14.1886 
200.0000 98.0000 1.8308 14.4382 12.2651 
201.0000 30.0000 36.0007 21.2729 10.6300 
202.0000 68.0000 9.8276 6.9444 14.7220 
203.0000 63.0000 38.5065 39.3506 9.7291 
204.0000 40.0000 37.6019 7.7196 12.5188 
205.0000 102.0000 12.2536 25.9900 14.3616 
206.0000 58.0000 49.5504 48.6168 6.3112 
207.0000 41.0000 12.9330 30.2604 8.9758 
208.0000 59.0000 21.2647 17.2718 12.8233 
209.0000 90.0000 37.1922 8.6677 9.2965 
210.0000 111.0000 45.3320 37.4914 12.6360 
211.0000 65.0000 27.3997 0.3249 7.5470 
212.0000 49.0000 45.2329 34.0152 10.4913 
213.0000 103.0000 28.5129 20.4802 5.3305 
214.0000 106.0000 39.5102 16.5150 11.3828 
215.0000 65.0000 39.9023 35.6496 13.7152 
216.0000 104.0000 29.1045 10.1634 8.9717 
217.0000 78.0000 39.8474 25.6396 14.7396 
218.0000 85.0000 13.6493 35.4623 7.7312 
219.0000 58.0000 9.3014 15.4694 6.1750 
220.0000 80.0000 10.8647 13.3383 5.4222 
221.0000 78.0000 45.4021 10.3048 8.0241 
222.0000 63.0000 1.6936 6.1632 7.5509 
223.0000 114.0000 23.8022 40.7021 5.2737 
224.0000 119.0000 22.2391 9.9168 8.0058 
225.0000 37.0000 5.0326 5.3408 10.2112 
226.0000 43.0000 13.7512 22.1731 14.5083 
227.0000 79.0000 47.6201 44.7240 14.3683 
228.0000 83.0000 2.9020 42.7370 12.0998 
229.0000 59.0000 38.0300 4.4062 8.7827 
230.0000 37.0000 42.4744 32.4366 10.2021 
231.0000 118.0000 39.2188 28.5011 7.5352 
232.0000 95.0000 48.3182 44.1244 6.5809 
233.0000 45.0000 29.9626 21.7476 10.2785 
234.0000 38.0000 46.0040 41.0691 6.2952 
235.0000 56.0000 28.4814 9.9841 7.2439 
236.0000 73.0000 40.9587 46.7069 13.0535 
237.0000 37.0000 12.1053 40.6285 7.2366 
238.0000 65.0000 31.0528 9.7738 10.6828 
239.0000 78.0000 32.4065 13.9257 11.0494 
240.0000 93.0000 43.7272 10.3238 9.8199 
241.0000 41.0000 40.7303 9.6286 13.0862 
242.0000 71.0000 32.4973 39.9635 5.0320 
243.0000 95.0000 23.5576 3.2022 6.6274 
244.0000 88.0000 43.9145 28.5992 12.9898 
245.0000 50.0000 16.2028 45.6476 9.5061 
246.0000 41.0000 12.5058 7.6256 8.6944 
247.0000 45.0000 37.4265 24.2272 8.0013 
248.0000 53.0000 38.7840 10.9777 6.9642 
249.0000 108.0000 11.6728 2.3550 12.4181 
250.0000 77.0000 8.6249 40.6296 13.5525 
251.0000 65.0000 2.9625 36.7089 6.8272 
252.0000 38.0000 36.6595 17.7412 8.7651 
253.0000 68.0000 38.3509 16.5724 13.8817 
254.0000 63.0000 37.3160 12.0078 5.2660 
255.0000 81.0000 40.1590 11.2790 12.5076 
256.0000 112.0000 44.4301 16.7583 9.7088 
257.0000 47.0000 12.1236 25.5707 11.0353 
258.0000 30.0000 44.5017 24.5236 6.2882 
259.0000 49.0000 1.9695 10.4589 13.0130 
260.0000 84.0000 43.3245 6.4516 11.8613 
261.0000 78.0000 31.7604 23.1384 14.3314 
262.0000 101.0000 10.1418 35.1145 14.2607 
263.0000 69.0000 33.7681 41.1288 9.9800 
264.0000 30.0000 19.8723 27.0003 10.5135 
265.0000 88.0000 3.2737 39.3197 10.0384 
266.0000 62.0000 16.0518 22.5476 6.0811 
267.0000 45.0000 42.8177 27.9828 14.4707 
268.0000 89.0000 44.9683 34.5520 6.2896 
269.0000 49.0000 47.5500 33.4136 6.8125 
270.0000 86.0000 13.4741 42.4902 12.0852 
271.0000 30.0000 13.0263 11.3152 5.2110 
272.0000 69.0000 11.7380 2.5175 6.2876 
273.0000 92.0000 28.6035 2.1369 14.5594 
274.0000 43.0000 40.6298 32.5433 7.0737 
275.0000 46.0000 27.1214 32.2072 8.3465 
276.0000 43.0000 40.8804 47.8557 12.9810 
277.0000 83.0000 26.9343 18.1487 13.6980 
278.0000 94.0000 13.1413 41.6727 5.9623 
279.0000 82.0000 44.7716 16.2972 9.6095 
280.0000 55.0000 9.4855 16.9552 14.0499 
281.0000 56.0000 4.8442 6.2874 13.3068 
282.0000 91.0000 35.1597 35.2986 7.9973 
283.0000 76.0000 17.6001 24.1404 14.7072 
284.0000 73.0000 47.0471 19.6724 12.6178 
285.0000 108.0000 25.6264 17.5020 13.6109 
286.0000 91.0000 5.5017 11.7092 12.8186 
287.0000 60.0000 41.2039 49.3260 10.4523 
288.0000 116.0000 40.2432 13.5677 13.7018 
289.0000 111.0000 3.6716 48.9809 7.1845 
290.0000 92.0000 44.6840 25.2015 7.4020 
291.0000 72.0000 37.6238 47.4250 9.1599 
292.0000 31.0000 5.8851 43.5538 10.4285 
293.0000 47.0000 39.8350 41.5859 12.4546 
294.0000 34.0000 16.2903 17.8562 5.2103 
295.0000 79.0000 3.1208 28.4845 13.9946 
296.0000 111.0000 48.2660 10.2272 11.1579 
297.0000 44.0000 4.8887 29.9721 11.2529 
298.0000 36.0000 16.8146 6.0714 11.9654 
299.0000 53.0000 23.6539 3.9717 7.2033 
300.0000 44.0000 17.0145 7.2532 11.6658 
301.0000 96.0000 2.9574 27.6720 10.4959 
302.0000 50.0000 37.1899 48.9122 13.9287 
303.0000 34.0000 32.7780 11.7294 14.1206 
304.0000 84.0000 25.4009 18.3815 8.4088 
305.0000 79.0000 6.4243 27.3383 13.1631 
306.0000 102.0000 13.3272 43.4783 14.6611 
307.0000 33.0000 22.0782 48.1863 13.8214 
308.0000 34.0000 38.9818 12.5884 12.9038 
309.0000 86.0000 16.4735 43.1558 8.4304 
310.0000 105.0000 29.9002 44.2568 13.3493 
311.0000 67.0000 42.5473 1.1861 11.2113 
312.0000 61.0000 42.0969 9.2031 14.9864 
313.0000 39.0000 12.3093 42.7058 6.5055 
314.0000 102.0000 42.0114 37.9562 10.1548 
315.0000 38.0000 5.2480 0.2867 6.6055 
316.0000 62.0000 20.8662 42.7833 5.4123 
317.0000 111.0000 12.8048 15.1978 13.3187 
318.0000 113.0000 15.2762 38.6993 12.6212 
319.0000 74.0000 39.5484 7.2134 14.4311 
320.0000 54.0000 22.7671 3.9775 6.9717 
321.0000 107.0000 30.7863 30.3792 13.3291 
322.0000 53.0000 20.4298 36.9413 8.9743 
323.0000 94.0000 19.8697 35.2699 14.9564 
324.0000 60.0000 5.6602 22.1169 10.8427 
325.0000 76.0000 33.8128 30.1772 10.3537 
326.0000 52.0000 34.0777 29.7877 5.8879 
327.0000 46.0000 10.1633 37.3444 11.9870 
328.0000 113.0000 3.9789 20.3217 9.1063 
329.0000 110.0000 39.7845 6.1497 9.7753 
330.0000 48.0000 19.6867 12.0529 6.9225 
331.0000 55.0000 25.0149 16.8219 13.2735 
332.0000 71.0000 6.6038 36.3080 10.4990 
333.0000 35.0000 16.2485 39.4977 10.0171 
334.0000 100.0000 3.7253 15.1608 10.7940 
335.0000 43.0000 47.0621 10.8322 9.0490 
336.0000 95.0000 47.0916 28.4436 13.8483 
337.0000 31.0000 4.6752 43.9785 13.9821 
338.0000 92.0000 46.2767 47.8087 8.8790 
339.0000 74.0000 32.0846 44.9314 7.1015 
340.0000 70.0000 36.4763 42.0010 11.1846 
341.0000 90.0000 20.5126 36.7140 11.8602 
342.0000 50.0000 30.1047 31.8704 7.2996 
343.0000 108.0000 33.7247 13.0333 6.8782 
344.0000 45.0000 26.3534 2.3527 9.5298 
345.0000 88.0000 43.9559 48.1567 14.1431 
346.0000 80.0000 4.7936 42.8421 8.1758 
347.0000 49.0000 24.0929 22.5421 14.2562 
348.0000 116.0000 6.1511 49.6880 7.3501 
349.0000 105.0000 26.8657 2.1423 12.9142 
350.0000 55.0000 47.6976 1.2781 14.2239 
351.0000 48.0000 14.7701 31.3368 6.8637 
352.0000 50.0000 4.8877 35.9003 14.9385 
353.0000 45.0000 18.3176 30.6887 5.0635 
354.0000 98.0000 41.4988 42.1024 13.4956 
355.0000 31.0000 21.9169 34.2409 12.3713 
356.0000 73.0000 44.1774 15.2895 7.5379 
357.0000 51.0000 1.5386 48.5509 10.6172 
358.0000 115.0000 25.3481 33.3045 7.3665 
359.0000 74.0000 14.5232 14.7617 14.3393 
360.0000 31.0000 39.0059 5.6311 12.0472 
361.0000 56.0000 38.3622 42.4056 12.8177 
362.0000 108.0000 21.6037 48.1164 14.1935 
363.0000 90.0000 45.0990 27.0089 14.6322 
364.0000 80.0000 9.2022 17.5880 9.4896 
365.0000 55.0000 22.8063 32.9320 9.0958 
366.0000 108.0000 43.1894 1.9998 11.1008 
367.0000 114.0000 36.2250 0.4905 14.3593 
368.0000 50.0000 0.1434 3.5083 7.1320 
369.0000 65.0000 9.7713 38.7141 13.8882 
370.0000 78.0000 1.8145 27.2783 6.9335 
371.0000 68.0000 43.9225 0.4579 7.5830 
372.0000 74.0000 2.7923 3.6173 9.4669 
373.0000 48.0000 13.4511 29.7457 6.1296 
374.0000 32.0000 32.9906 15.3516 7.0233 
375.0000 34.0000 17.6102 22.8776 10.4640 
376.0000 94.0000 21.1971 6.9090 9.5252 
377.0000 108.0000 39.7800 5.9005 5.7299 
378.0000 39.0000 48.0051 11.9754 12.8591 
379.0000 30.0000 40.1107 26.5245 11.8106 
380.0000 64.0000 47.5514 36.1109 10.2095 
381.0000 59.0000 11.0344 33.5780 12.1615 
382.0000 37.0000 41.1328 28.3712 12.9061 
383.0000 81.0000 14.9120 0.7833 10.5932 
384.0000 67.0000 24.3158 49.2033 5.5944 
385.0000 116.0000 17.7667 13.2408 14.6161 
386.0000 114.0000 0.9121 44.1538 12.0326 
387.0000 36.0000 46.0120 35.7511 10.3937 
388.0000 78.0000 36.8185 10.3075 11.5546 
389.0000 78.0000 39.6452 6.3314 8.9602 
390.0000 99.0000 16.8749 36.9047 9.3796 
391.0000 66.0000 39.2428 47.3968 12.7108 
392.0000 102.0000 7.7534 9.5990 10.2204 
393.0000 85.0000 38.0836 19.3150 11.6870 
394.0000 60.0000 34.5678 27.1021 10.1719 
395.0000 92.0000 10.0707 21.9216 9.9565 
396.0000 41.0000 23.0215 18.3166 7.1973 
397.0000 110.0000 39.7786 42.9818 11.3062 
398.0000 39.0000 27.1231 18.5700 12.0517 
399.0000 32.0000 48.7494 7.4726 5.6667 
400.0000 88.0000 37.0598 12.0892 14.0130 
401.0000 105.0000 10.8563 22.8443 7.3393 
402.0000 53.0000 41.0345 43.7940 8.7651 
403.0000 106.0000 30.3111 2.4313 14.6529 
404.0000 58.0000 0.3325 3.2879 14.3890 
405.0000 97.0000 42.8834 38.6265 5.7366 
406.0000 65.0000 0.4250 25.9315 14.3839 
407.0000 90.0000 11.2907 20.6056 11.0529 
408.0000 54.0000 33.7541 8.1911 6.6511 
409.0000 98.0000 18.6125 38.6110 5.4367 
410.0000 83.0000 3.5913 29.5730 7.1195 
411.0000 96.0000 8.3161 27.5626 13.5144 
412.0000 47.0000 38.2951 1.2109 8.0818 
413.0000 79.0000 17.6724 3.2977 7.9008 
414.0000 30.0000 32.4253 34.9782 7.6715 
415.0000 101.0000 27.7989 46.8635 14.4876 
416.0000 103.0000 46.0092 9.5838 13.7782 
417.0000 36.0000 47.9182 36.3274 14.7380 
418.0000 60.0000 27.2406 22.3309 9.7960 
419.0000 36.0000 31.5296 41.8911 9.0563 
420.0000 38.0000 5.3770 42.6803 12.4893 
421.0000 111.0000 3.3604 18.5102 9.1470 
422.0000 69.0000 6.6788 11.6973 6.4247 
423.0000 34.0000 38.8961 48.2922 9.3597 
424.0000 43.0000 33.5961 23.5417 5.2474 
425.0000 46.0000 45.4846 12.9132 12.7250 
426.0000 110.0000 2.1638 37.4695 11.8026 
427.0000 76.0000 1.8965 10.4789 11.6564 
428.0000 95.0000 4.5830 47.1658 8.1019 
429.0000 60.0000 10.7833 27.1544 12.7743 
430.0000 45.0000 28.7340 24.0893 14.1635 
431.0000 55.0000 11.6051 30.2954 11.9471 
432.0000 91.0000 16.4968 26.1632 9.0300 
433.0000 93.0000 43.5058 42.7762 7.8862 
434.0000 97.0000 33.1678 49.4220 14.5208 
435.0000 100.0000 26.3575 30.1904 13.1815 
436.0000 43.0000 10.0668 13.7197 5.6164 
437.0000 71.0000 23.9298 13.0469 14.1587 
438.0000 51.0000 22.9341 8.6672 9.0509 
439.0000 41.0000 43.3026 6.7322 9.1193 
440.0000 73.0000 10.8703 25.9381 7.8475 
441.0000 87.0000 1.3010 31.2832 6.8489 
442.0000 81.0000 39.8777 12.5908 14.8348 
443.0000 48.0000 3.6396 12.1558 5.1112 
444.0000 30.0000 41.1872 3.0063 13.5227 
445.0000 110.0000 13.2741 9.7024 5.0307 
446.0000 105.0000 37.6794 19.3885 11.4659 
447.0000 41.0000 16.6446 2.4018 10.9149 
448.0000 91.0000 42.6991 41.9862 9.1608 
449.0000 109.0000 14.9937 6.9421 14.9023 
450.0000 63.0000 31.5982 28.7114 10.4310 
451.0000 87.0000 33.2169 48.8434 5.5695 
452.0000 62.0000 9.2736 8.0186 11.3523 
453.0000 42.0000 44.9380 46.0878 8.1560 
454.0000 119.0000 2.9255 21.1839 7.2880 
455.0000 77.0000 6.6095 34.5025 10.7175 
456.0000 40.0000 39.8218 11.9298 8.7504 
457.0000 45.0000 25.1189 4.7536 10.0017 
458.0000 70.0000 45.2693 2.5682 7.5061 
459.0000 48.0000 49.5101 9.6756 14.4678 
460.0000 33.0000 11.1041 8.3314 12.1947 
461.0000 48.0000 44.1270 14.2171 11.7544 
462.0000 73.0000 34.5068 0.7891 14.8959 
463.0000 92.0000 42.4602 32.6500 6.0078 
464.0000 70.0000 3.0597 18.0663 12.2636 
465.0000 84.0000 1.5390 27.4235 11.3163 
466.0000 107.0000 30.6715 19.9046 6.2750 
467.0000 36.0000 15.7167 22.3964 12.9231 
468.0000 54.0000 9.0432 33.1530 10.8780 
469.0000 99.0000 46.3138 26.3622 11.6924 
470.0000 36.0000 43.5231 49.7696 12.3565 
471.0000 107.0000 49.1317 43.4062 6.7971 
472.0000 63.0000 18.0004 47.2620 12.1313 
473.0000 107.0000 31.2261 39.5945 8.5412 
474.0000 53.0000 37.6892 20.2113 12.1161 
475.0000 103.0000 26.8791 14.1828 5.3218 
476.0000 36.0000 18.3354 27.3296 9.0276 
477.0000 89.0000 38.6289 44.1629 6.3627 
478.0000 116.0000 33.4468 33.0897 8.4090 
479.0000 70.0000 39.8501 18.0078 14.8739 
480.0000 52.0000 48.2435 49.7907 8.7303 
481.0000 116.0000 48.6735 41.0997 5.6770 
482.0000 109.0000 42.1659 6.8459 14.6621 
483.0000 70.0000 20.6755 31.6005 8.2926 
484.0000 42.0000 15.9396 36.7957 12.1739 
485.0000 44.0000 11.6872 43.4779 9.2715 
486.0000 95.0000 2.3736 44.0345 14.2204 
487.0000 78.0000 16.8353 22.3526 8.8134 
488.0000 33.0000 16.3820 41.6926 12.8775 
489.0000 97.0000 30.7963 47.9473 7.8272 
490.0000 90.0000 42.4905 33.9467 7.9604 
491.0000 64.0000 21.1863 21.5858 12.6575 
492.0000 62.0000 8.6056 19.1652 12.4668 
493.0000 115.0000 4.6158 31.7735 11.7954 
494.0000 70.0000 29.1203 34.3339 10.8652 
495.0000 84.0000 31.3484 20.8984 5.4289 
496.0000 54.0000 41.2526 1.5952 8.9898 
497.0000 72.0000 17.6609 4.2691 11.7827 
498.0000 58.0000 7.2425 44.0682 13.9929 
499.0000 92.0000 42.8449 25.9945 12.8574 
500.0000 100.0000 44.0571 25.6247 6.2987 
