0.0000 0.0000 25.0000 25.0000 0.0000 
1.0000 86.0000 5.0760 2.2559 8.2101 
2.0000 85.0000 25.9968 48.3638 13.2998 
3.0000 99.0000 27.7312 35.3137 11.5427 
4.0000 88.0000 6.4034 2.6958 10.6296 
5.0000 115.0000 22.3374 2.7356 13.8374 
6.0000 140.0000 0.7698 41.5227 12.0363 
7.0000 144.0000 21.3517 36.4175 14.1339 
8.0000 98.0000 18.7764 1.5013 9.8594 
9.0000 118.0000 43.4558 30.7140 12.6180 
10.0000 66.0000 44.3350 26.7607 5.5706 
11.0000 124.0000 17.9299 45.8686 5.0394 
12.0000 125.0000 10.8326 44.2337 8.8004 
13.0000 94.0000 32.1393 8.1462 13.2570 
14.0000 137.0000 18.6257 21.7141 13.8725 
15.0000 83.0000 37.4062 47.9273 12.3742 
16.0000 140.0000 5.1630 26.3789 12.9192 
17.0000 71.0000 44.4455 7.8992 13.1291 
18.0000 131.0000 13.3421 30.4353 14.4139 
19.0000 84.0000 45.5509 34.6508 8.5766 
20.0000 94.0000 25.0164 5.5349 5.9830 
21.0000 113.0000 28.2702 16.0743 6.9359 
22.0000 113.0000 4.0237 35.8167 6.3503 
23.0000 63.0000 9.4742 32.6762 6.5752 
24.0000 96.0000 44.0897 26.9565 5.7622 
25.0000 139.0000 48.6143 26.5754 9.6549 
26.0000 117.0000 33.7613 31.8788 13.7644 
27.0000 113.0000 0.0773 24.4640 10.7310 
28.0000 108.0000 24.3178 31.1142 14.8059 
29.0000 63.0000 39.8809 46.8492 5.9447 
30.0000 62.0000 17.9514 22.1113 7.1222 
31.0000 112.0000 41.1744 10.4139 11.5706 
32.0000 123.0000 49.3959 19.0675 14.5312 
33.0000 82.0000 49.3489 6.8458 7.0395 
34.0000 80.0000 43.6601 34.9396 10.6803 
35.0000 100.0000 48.8388 14.3274 12.0827 
36.0000 65.0000 26.9325 40.3397 13.4269 
37.0000 120.0000 14.4839 19.9542 5.3339 
38.0000 92.0000 39.3164 46.2947 11.1411 
39.0000 118.0000 8.7803 14.0814 14.0034 
40.0000 145.0000 41.6188 29.4095 13.7602 
41.0000 113.0000 15.9725 12.4231 7.3348 
42.0000 138.0000 49.2104 25.8997 8.0663 
43.0000 129.0000 24.9833 35.3209 10.8384 
44.0000 73.0000 20.9602 25.8069 11.4708 
45.0000 87.0000 43.2670 43.7640 8.7349 
46.0000 90.0000 46.2246 45.4363 14.9333 
47.0000 81.0000 8.1068 12.8819 5.0962 
48.0000 96.0000 15.3304 39.1238 12.5511 
49.0000 115.0000 24.1117 18.2658 14.5695 
50.0000 127.0000 14.4238 5.8306 13.9862 
51.0000 122.0000 41.2164 34.3929 6.7330 
52.0000 107.0000 29.0873 16.5206 11.4661 
53.0000 85.0000 11.7199 25.9155 8.1673 
54.0000 89.0000 38.4204 30.4526 13.5698 
55.0000 134.0000 9.7287 49.8728 9.1094 
56.0000 106.0000 18.4189 35.8941 5.6764 
57.0000 89.0000 25.2941 35.0294 8.0465 
58.0000 67.0000 34.4104 6.9966 11.0459 
59.0000 76.0000 7.5486 25.4178 10.7945 
60.0000 109.0000 21.8236 24.5108 6.6027 
61.0000 103.0000 13.6952 15.7893 5.9580 
62.0000 136.0000 27.4588 36.8619 5.1031 
63.0000 74.0000 0.4239 11.0847 11.9508 
64.0000 148.0000 5.5255 32.5018 13.6426 
65.0000 108.0000 24.8763 30.0825 11.4562 
66.0000 60.0000 15.8511 4.0580 9.1001 
67.0000 115.0000 19.1677 12.8781 7.1174 
68.0000 94.0000 38.9226 43.4925 9.1916 
69.0000 131.0000 8.2561 16.2979 10.9843 
70.0000 109.0000 9.2163 17.6962 6.3493 
71.0000 70.0000 39.3934 16.5913 7.0463 
72.0000 110.0000 5.4052 0.2610 5.5842 
73.0000 85.0000 11.6117 15.7525 12.3294 
74.0000 143.0000 34.1739 6.8433 6.9315 
75.0000 62.0000 21.1056 46.6147 5.5602 
