0.0000 0.0000 25.0000 25.0000 0.0000 
1.0000 71.0000 4.2831 6.8231 12.1448 
2.0000 99.0000 33.8784 4.1706 5.9009 
3.0000 29.0000 27.6392 41.5202 12.2570 
4.0000 33.0000 23.1393 19.8692 13.0515 
5.0000 101.0000 36.2161 15.9767 11.1918 
6.0000 76.0000 40.7755 36.8138 7.9869 
7.0000 106.0000 28.0186 9.6791 8.8699 
8.0000 20.0000 35.2383 1.6330 14.9681 
9.0000 119.0000 23.7248 35.4626 14.9800 
10.0000 118.0000 17.1125 49.6765 14.4278 
11.0000 102.0000 23.6515 13.5528 10.2061 
12.0000 100.0000 17.3816 35.8873 6.5036 
13.0000 42.0000 46.3063 19.2049 8.6492 
14.0000 87.0000 20.0039 21.0690 7.9623 
15.0000 95.0000 13.3552 24.0610 10.1724 
16.0000 104.0000 24.9247 41.9081 7.4888 
17.0000 96.0000 1.1649 6.9246 8.4198 
18.0000 60.0000 10.6675 16.4780 10.2019 
19.0000 113.0000 38.6575 36.5585 13.7679 
20.0000 60.0000 41.4704 5.7483 10.3227 
21.0000 36.0000 42.4636 42.0202 9.3247 
22.0000 105.0000 0.6307 10.8580 10.4842 
23.0000 45.0000 3.1181 6.2445 5.1811 
24.0000 94.0000 15.5368 41.4816 6.8262 
25.0000 45.0000 8.9168 38.0128 9.4782 
26.0000 38.0000 1.6261 40.7121 10.7163 
27.0000 80.0000 35.9882 4.2010 14.2379 
28.0000 73.0000 39.2153 37.3723 14.6654 
29.0000 100.0000 13.6843 25.3133 5.6149 
30.0000 72.0000 21.2412 45.8885 11.8104 
31.0000 104.0000 6.1397 33.1682 8.2138 
32.0000 89.0000 31.5076 40.8729 11.3191 
33.0000 33.0000 38.4191 35.7356 10.1964 
34.0000 77.0000 22.3891 45.5984 14.7712 
35.0000 109.0000 22.6183 27.8540 11.5931 
36.0000 37.0000 39.3505 28.3091 11.9734 
37.0000 77.0000 43.9125 37.1284 12.6764 
38.0000 61.0000 2.0634 16.5563 12.3125 
39.0000 80.0000 24.4194 0.5473 9.1602 
40.0000 110.0000 49.3872 30.4200 8.0425 
41.0000 68.0000 27.7536 5.0648 6.5672 
42.0000 55.0000 1.2707 41.9270 14.1246 
43.0000 63.0000 8.9556 48.8244 8.7786 
44.0000 92.0000 12.5890 31.7004 11.0035 
45.0000 67.0000 17.8562 17.2828 6.6400 
46.0000 43.0000 31.9734 13.7740 5.0558 
47.0000 112.0000 0.3908 14.0239 11.9095 
48.0000 115.0000 49.8924 35.1942 12.6299 
49.0000 31.0000 14.9879 8.5866 5.6814 
50.0000 52.0000 27.6797 27.1337 6.5231 
51.0000 81.0000 15.0231 38.3007 5.8616 
52.0000 71.0000 15.1949 11.4633 13.1753 
53.0000 86.0000 47.9396 22.6918 11.9738 
54.0000 20.0000 18.0346 21.9505 13.1386 
55.0000 117.0000 31.3812 26.7162 11.4933 
56.0000 81.0000 20.8560 20.5413 13.1301 
57.0000 73.0000 20.7706 17.7360 14.8271 
58.0000 96.0000 13.7772 42.7732 8.1445 
59.0000 39.0000 0.0799 5.2030 13.1908 
60.0000 66.0000 28.6571 8.0538 6.7512 
61.0000 96.0000 20.0473 0.8948 7.5289 
62.0000 94.0000 38.2045 18.3290 8.6450 
63.0000 87.0000 9.7671 16.9979 6.5103 
64.0000 42.0000 45.0206 49.3560 8.0269 
65.0000 108.0000 28.4670 5.2166 8.4124 
66.0000 23.0000 24.0036 22.2926 13.1513 
67.0000 83.0000 48.0780 9.2927 7.4459 
68.0000 70.0000 1.3808 49.0794 9.5269 
69.0000 35.0000 33.7533 18.5454 12.4538 
70.0000 88.0000 46.3570 29.4697 11.4766 
71.0000 113.0000 8.9042 49.8851 12.2676 
72.0000 57.0000 2.3485 24.7114 8.5605 
73.0000 40.0000 1.4409 15.9788 6.5303 
74.0000 44.0000 18.1427 20.9778 7.0508 
75.0000 40.0000 22.0517 46.7233 12.9409 
76.0000 89.0000 40.1306 13.0823 11.6124 
77.0000 38.0000 39.4937 8.7359 12.2312 
78.0000 63.0000 24.1642 49.2874 7.1885 
79.0000 93.0000 44.2216 40.6030 6.2191 
80.0000 47.0000 47.6981 18.3102 14.0434 
81.0000 56.0000 28.4228 22.1668 6.2864 
82.0000 34.0000 7.0857 38.6391 10.6552 
83.0000 98.0000 45.0189 10.6915 12.4459 
84.0000 98.0000 0.8845 49.1083 6.0637 
85.0000 61.0000 48.3471 20.5908 5.3484 
86.0000 89.0000 48.0281 32.2328 12.5852 
87.0000 118.0000 20.9036 13.3085 11.6092 
88.0000 53.0000 34.8922 42.1800 6.0864 
89.0000 82.0000 39.6273 6.8482 7.0876 
90.0000 82.0000 10.8653 14.1121 11.8706 
91.0000 63.0000 10.5266 22.0749 10.7345 
92.0000 49.0000 6.0267 11.8506 9.3386 
93.0000 105.0000 8.3151 46.3794 6.4909 
94.0000 44.0000 6.4438 11.0946 6.8599 
95.0000 41.0000 45.8394 21.4422 10.1595 
96.0000 76.0000 13.5157 40.5604 6.9735 
97.0000 120.0000 5.8433 13.0135 13.2912 
98.0000 110.0000 10.4539 19.6238 8.5251 
99.0000 62.0000 2.9202 36.7295 14.1688 
100.0000 111.0000 37.2573 14.8915 7.5052 
101.0000 75.0000 37.8668 25.5281 11.1592 
102.0000 75.0000 29.4355 0.0531 14.0350 
103.0000 47.0000 14.0620 0.0252 13.0902 
104.0000 39.0000 3.8835 43.8951 7.2770 
105.0000 55.0000 43.9161 14.3330 14.4242 
106.0000 62.0000 25.0585 2.2624 10.0093 
107.0000 35.0000 28.8408 2.4950 10.6157 
108.0000 33.0000 14.4646 5.0321 9.2229 
109.0000 23.0000 43.8768 49.8835 6.8188 
110.0000 82.0000 40.9597 25.4532 7.9194 
111.0000 68.0000 42.1023 25.5683 12.6921 
112.0000 63.0000 15.8894 31.9485 13.5564 
113.0000 78.0000 14.1352 21.8755 7.9074 
114.0000 96.0000 35.2526 37.4661 13.6004 
115.0000 47.0000 43.4946 41.1594 9.1394 
116.0000 63.0000 39.2434 4.4180 13.8324 
117.0000 90.0000 34.0357 41.2509 12.0649 
118.0000 69.0000 17.5408 18.8787 12.7961 
119.0000 112.0000 15.3504 15.2366 12.2043 
120.0000 72.0000 21.6801 15.5661 9.0579 
121.0000 25.0000 26.8003 24.0774 7.4084 
122.0000 49.0000 15.6465 24.8788 12.5098 
123.0000 120.0000 46.7878 8.5202 13.0704 
124.0000 56.0000 49.5792 38.7591 11.2953 
125.0000 82.0000 35.5156 40.6868 8.2950 
126.0000 35.0000 29.3304 41.8703 5.3265 
127.0000 111.0000 48.7836 48.8108 8.2341 
128.0000 20.0000 6.1150 32.6681 9.7365 
129.0000 119.0000 7.9394 12.1046 13.1475 
130.0000 106.0000 5.1862 2.1970 9.4430 
131.0000 84.0000 18.8524 42.7918 6.8148 
132.0000 105.0000 49.2748 17.2945 6.6974 
133.0000 85.0000 45.6704 12.8735 6.6543 
134.0000 66.0000 35.5602 4.2240 14.4421 
135.0000 94.0000 27.5138 34.2232 7.0128 
136.0000 86.0000 26.5410 21.6551 10.3150 
137.0000 48.0000 49.8184 13.8815 6.6574 
138.0000 110.0000 31.8537 6.0786 6.1286 
139.0000 85.0000 13.2440 4.5487 9.5710 
140.0000 40.0000 31.5835 34.7040 7.3668 
141.0000 63.0000 7.2521 6.2761 14.4464 
142.0000 73.0000 3.9773 6.2971 10.6124 
143.0000 101.0000 19.7203 1.3905 8.5632 
144.0000 120.0000 7.7127 14.7407 11.4101 
145.0000 56.0000 5.1746 12.4314 5.3141 
146.0000 86.0000 10.2020 33.8360 9.7845 
147.0000 84.0000 20.7130 20.0592 10.8437 
148.0000 99.0000 21.9537 17.6695 8.1786 
149.0000 57.0000 21.4266 47.1835 11.6841 
150.0000 120.0000 19.1848 10.4924 11.7422 
151.0000 63.0000 32.1937 42.6231 8.4596 
152.0000 26.0000 12.2983 0.2469 7.6547 
153.0000 99.0000 11.2139 22.0232 12.2612 
154.0000 23.0000 32.9212 11.0238 9.8847 
155.0000 40.0000 7.0541 40.0192 9.4631 
156.0000 76.0000 19.6034 18.6185 14.6880 
157.0000 113.0000 46.7682 47.5427 13.3140 
158.0000 58.0000 33.6314 2.1775 13.8372 
159.0000 100.0000 43.1756 24.6900 14.2909 
160.0000 41.0000 40.0023 7.1130 6.4421 
161.0000 64.0000 0.0451 38.7712 7.0487 
162.0000 114.0000 32.1134 31.7443 12.2734 
163.0000 105.0000 48.3406 31.0419 13.5214 
164.0000 58.0000 5.1267 7.7311 8.7519 
165.0000 41.0000 49.9666 6.2084 13.9721 
166.0000 73.0000 25.4077 14.4354 10.1567 
167.0000 67.0000 5.1785 33.2673 5.5585 
168.0000 100.0000 19.4996 7.5002 14.8025 
169.0000 48.0000 30.6176 8.4194 8.7739 
170.0000 119.0000 41.1814 12.3054 9.4078 
171.0000 104.0000 16.9483 21.7279 5.1850 
172.0000 92.0000 29.5779 8.2275 14.2648 
173.0000 120.0000 44.7078 34.8734 14.6116 
174.0000 77.0000 47.7591 23.6657 13.5473 
175.0000 119.0000 14.4213 21.6168 9.1601 
176.0000 109.0000 28.6746 1.1255 10.4320 
177.0000 106.0000 20.6020 11.6559 11.6136 
178.0000 84.0000 38.3071 28.4935 9.4292 
179.0000 94.0000 29.6594 49.6419 5.3276 
180.0000 95.0000 22.9047 4.0298 5.9083 
181.0000 103.0000 18.0828 43.7398 8.1445 
182.0000 21.0000 9.5206 16.8435 8.9346 
183.0000 96.0000 0.1840 29.2684 11.0968 
184.0000 69.0000 43.9601 24.4331 5.4653 
185.0000 55.0000 30.8001 9.6112 10.7314 
186.0000 68.0000 44.4743 48.1114 13.4038 
187.0000 60.0000 24.2530 43.8930 6.0947 
188.0000 76.0000 37.8257 7.1329 9.2463 
189.0000 37.0000 28.2666 5.6776 10.9331 
190.0000 34.0000 30.2179 18.6410 9.7090 
191.0000 28.0000 13.5834 5.1291 13.2446 
192.0000 28.0000 46.8521 39.0304 5.0228 
193.0000 90.0000 17.8977 32.1764 7.3188 
194.0000 108.0000 31.0157 30.0207 11.9042 
195.0000 75.0000 26.4719 14.4242 8.4016 
196.0000 36.0000 10.7971 35.7122 10.3665 
197.0000 74.0000 26.8265 46.9071 6.4285 
198.0000 66.0000 2.7393 35.7307 9.7129 
199.0000 93.0000 1.3082 23.3027 7.9525 
200.0000 117.0000 19.6698 18.0171 11.7641 
