0.0000 0.0000 25.0000 25.0000 0.0000 
1.0000 132.0000 12.1087 11.9736 14.2031 
2.0000 168.0000 17.4233 18.0403 9.6703 
3.0000 173.0000 32.1500 43.7304 12.1995 
4.0000 127.0000 34.3479 31.4681 7.9827 
5.0000 140.0000 12.2583 39.9151 7.6442 
6.0000 90.0000 46.2888 14.1527 11.8440 
7.0000 161.0000 32.4663 20.3453 13.5260 
8.0000 99.0000 22.8548 14.6836 6.3308 
9.0000 159.0000 34.1183 19.7312 7.8856 
10.0000 96.0000 21.6843 8.0178 7.4940 
11.0000 116.0000 7.1679 45.0936 12.6834 
12.0000 153.0000 16.8316 19.4534 13.8768 
13.0000 127.0000 45.1923 13.8973 14.5013 
14.0000 148.0000 28.2134 11.8393 11.1894 
15.0000 139.0000 29.2400 35.0798 9.7074 
16.0000 170.0000 43.2668 33.8812 5.0968 
17.0000 128.0000 49.3301 21.5838 7.7038 
18.0000 120.0000 3.7760 15.4090 10.2100 
19.0000 140.0000 10.0121 1.5796 10.2707 
20.0000 144.0000 12.4488 45.6998 10.8727 
21.0000 157.0000 39.4416 9.9701 7.2835 
22.0000 146.0000 40.0968 43.9578 12.5746 
23.0000 139.0000 30.4988 19.0612 8.3368 
24.0000 106.0000 22.1561 26.4722 12.4188 
25.0000 136.0000 27.2218 10.3487 9.4039 
