0.0000 0.0000 25.0000 25.0000 0.0000 
1.0000 97.0000 16.4933 19.1713 10.0969 
2.0000 176.0000 40.8807 43.1114 5.5521 
3.0000 142.0000 30.9757 1.7167 11.3325 
4.0000 91.0000 37.6091 46.5218 11.7733 
5.0000 165.0000 26.4769 13.7774 11.5610 
6.0000 173.0000 44.0073 44.2536 10.8870 
7.0000 102.0000 23.3519 36.4838 14.5870 
8.0000 162.0000 13.5716 6.2948 9.1022 
9.0000 97.0000 45.1197 21.0535 11.3818 
10.0000 177.0000 14.9848 46.1979 13.3840 
11.0000 135.0000 31.9469 36.3800 5.7410 
12.0000 134.0000 5.3908 44.5977 7.4052 
13.0000 123.0000 7.6217 24.5069 7.8714 
14.0000 101.0000 39.7744 4.9588 11.2564 
15.0000 141.0000 49.5012 41.1385 10.0987 
16.0000 136.0000 44.4985 39.4452 9.6079 
17.0000 106.0000 27.8082 24.8443 12.2008 
18.0000 100.0000 1.2331 42.4998 6.0835 
19.0000 113.0000 27.2806 33.5010 10.5951 
20.0000 134.0000 3.4460 39.1564 9.7025 
21.0000 127.0000 31.3369 17.7318 12.7971 
22.0000 110.0000 30.6620 36.8476 12.3963 
23.0000 127.0000 37.0099 12.0324 8.9140 
24.0000 156.0000 4.8811 43.1948 9.4987 
25.0000 119.0000 20.9548 2.8491 8.5286 
26.0000 97.0000 33.8200 9.4220 12.5964 
27.0000 173.0000 4.0034 19.8925 9.3165 
28.0000 131.0000 19.3707 5.3016 14.2945 
29.0000 152.0000 31.0400 15.6416 11.6803 
30.0000 147.0000 16.5512 7.0944 13.3879 
31.0000 122.0000 16.1416 49.6030 14.8362 
32.0000 144.0000 46.4726 24.7663 10.5157 
33.0000 138.0000 22.3870 28.9482 9.3392 
34.0000 172.0000 1.3784 0.2235 7.2989 
35.0000 140.0000 28.3275 35.6716 6.8146 
36.0000 154.0000 27.2941 23.1652 10.7915 
37.0000 107.0000 25.2285 14.5961 10.7156 
38.0000 94.0000 0.6087 14.7197 7.7833 
39.0000 158.0000 37.5581 5.5730 9.1578 
40.0000 93.0000 31.6646 42.4692 6.4707 
41.0000 139.0000 47.4525 45.4333 6.3515 
42.0000 96.0000 16.4220 43.3178 8.2808 
43.0000 146.0000 6.3840 9.3105 8.9460 
44.0000 131.0000 49.2029 23.4254 14.9269 
45.0000 125.0000 8.6857 0.0698 5.0540 
46.0000 144.0000 43.6027 12.0742 9.4730 
47.0000 153.0000 16.2238 37.4057 11.7113 
48.0000 136.0000 26.3000 38.9554 7.1479 
49.0000 96.0000 40.3506 32.6003 7.6609 
50.0000 130.0000 46.2692 44.7576 9.1918 
51.0000 160.0000 31.8817 34.4259 14.2206 
52.0000 101.0000 8.3833 13.7041 9.2993 
53.0000 148.0000 5.8801 39.8131 14.9603 
54.0000 105.0000 0.8280 30.5516 11.2776 
55.0000 179.0000 44.7644 33.2452 11.2410 
56.0000 138.0000 47.9153 20.9798 6.9536 
57.0000 126.0000 21.1850 17.2838 7.9868 
58.0000 168.0000 47.5466 23.4719 13.5584 
59.0000 155.0000 9.2011 9.4984 5.8433 
60.0000 147.0000 26.7545 0.3534 8.8694 
61.0000 133.0000 33.5006 44.8756 5.0542 
62.0000 93.0000 4.1331 39.4735 5.7335 
63.0000 106.0000 48.2411 20.1719 14.0596 
64.0000 95.0000 30.1194 17.9008 9.0140 
65.0000 165.0000 9.7793 33.8066 7.2567 
66.0000 123.0000 49.4138 34.0446 11.1453 
67.0000 156.0000 18.7358 37.8089 10.3523 
68.0000 173.0000 7.5184 38.6272 14.5374 
69.0000 147.0000 27.4507 12.1249 14.1352 
70.0000 161.0000 12.2525 2.7305 11.7876 
71.0000 127.0000 38.5052 30.6647 6.4748 
72.0000 118.0000 46.9880 40.3420 12.0278 
73.0000 140.0000 18.9783 30.9140 14.2292 
74.0000 133.0000 26.4840 12.0343 13.8744 
75.0000 99.0000 14.8417 47.4035 13.4313 
