0.0000 0.0000 25.0000 25.0000 0.0000 
1.0000 107.0000 43.9263 12.2519 12.8502 
2.0000 137.0000 31.5557 7.9751 11.6024 
3.0000 103.0000 1.5172 19.1893 6.6532 
4.0000 60.0000 18.5991 40.6072 6.1595 
5.0000 99.0000 0.2047 14.3415 14.5218 
6.0000 112.0000 28.1254 41.9635 7.1939 
7.0000 145.0000 34.8665 16.3939 8.1900 
8.0000 117.0000 41.7254 4.6324 14.3961 
9.0000 71.0000 12.9121 15.5848 8.3414 
10.0000 124.0000 18.4881 21.6966 7.8600 
11.0000 119.0000 13.0244 29.0237 10.5542 
12.0000 135.0000 47.4752 35.7786 12.6619 
13.0000 106.0000 45.9678 6.2717 11.1355 
14.0000 96.0000 23.9419 32.0711 13.6082 
15.0000 64.0000 2.2146 46.4864 14.0400 
16.0000 65.0000 24.3413 6.9021 7.8667 
17.0000 75.0000 44.2965 31.3492 6.3911 
18.0000 137.0000 22.9094 4.0414 13.7155 
19.0000 147.0000 42.7751 9.2609 10.4240 
20.0000 81.0000 11.8517 18.6485 10.7884 
21.0000 95.0000 32.5135 37.9990 11.9058 
22.0000 123.0000 26.0164 46.1905 12.1036 
23.0000 85.0000 31.5113 43.4515 9.7189 
24.0000 84.0000 46.9982 3.5162 14.3073 
25.0000 138.0000 3.6339 1.8470 9.6234 
26.0000 86.0000 36.4533 24.8138 9.0672 
27.0000 147.0000 32.2331 0.4359 12.7245 
28.0000 89.0000 35.8372 46.4164 5.7030 
29.0000 150.0000 42.5631 33.3396 6.6838 
30.0000 65.0000 13.6595 5.4467 11.5611 
31.0000 84.0000 28.1814 20.5631 6.2731 
32.0000 131.0000 3.9021 39.1388 12.3903 
33.0000 84.0000 7.3751 47.0572 6.7179 
34.0000 73.0000 33.1561 14.9894 9.7951 
35.0000 113.0000 32.0185 4.2070 12.6820 
36.0000 117.0000 48.8714 18.7619 10.3203 
37.0000 93.0000 20.3854 23.4471 12.3766 
38.0000 103.0000 5.2191 46.1936 12.9095 
39.0000 100.0000 5.7105 6.3179 13.6449 
40.0000 130.0000 27.2091 21.1208 7.1025 
41.0000 144.0000 15.6075 44.8737 14.7952 
42.0000 101.0000 41.2020 29.1710 12.3127 
43.0000 120.0000 0.5951 10.9289 12.1476 
44.0000 131.0000 43.1101 36.7917 5.2567 
45.0000 76.0000 0.3663 17.1441 8.2075 
46.0000 140.0000 40.4045 28.5039 10.3617 
47.0000 145.0000 25.4390 41.7445 11.5301 
48.0000 78.0000 41.0951 30.5715 6.0349 
49.0000 148.0000 14.3663 5.1115 9.0701 
50.0000 107.0000 28.8946 31.9747 13.0424 
51.0000 111.0000 25.7131 12.5311 11.4345 
52.0000 99.0000 25.9150 36.4392 10.8912 
53.0000 140.0000 2.3169 28.7003 5.2290 
54.0000 89.0000 45.4258 3.0804 8.4896 
55.0000 60.0000 40.1107 25.4783 6.6921 
56.0000 131.0000 29.2852 17.6650 6.7442 
57.0000 77.0000 23.1360 49.0969 7.7969 
58.0000 62.0000 20.6350 6.3230 5.4879 
59.0000 135.0000 44.4537 23.5534 11.1754 
60.0000 141.0000 35.1870 22.4061 6.0400 
61.0000 130.0000 39.4320 30.9170 8.0936 
62.0000 117.0000 25.8897 49.2253 12.6417 
63.0000 137.0000 18.2811 45.0292 12.2128 
64.0000 78.0000 35.6268 46.9329 6.9388 
65.0000 106.0000 43.5035 33.9713 5.6912 
66.0000 68.0000 48.1569 16.4091 6.9150 
67.0000 110.0000 27.6985 40.9199 11.6332 
68.0000 135.0000 43.6752 48.2165 11.1230 
69.0000 138.0000 1.0090 45.0769 8.1386 
70.0000 110.0000 9.4675 27.5436 12.1415 
71.0000 138.0000 38.2241 18.8457 8.6178 
72.0000 64.0000 37.5562 8.5484 8.9129 
73.0000 117.0000 27.5230 4.2658 5.5067 
74.0000 146.0000 37.3151 42.7399 5.6727 
75.0000 109.0000 14.7643 36.1682 9.9309 
76.0000 110.0000 29.4871 33.5710 8.8785 
77.0000 129.0000 30.6274 13.0308 11.3991 
78.0000 137.0000 30.0291 21.2687 9.9129 
79.0000 91.0000 31.4689 29.8390 7.9471 
80.0000 146.0000 45.6817 36.1626 10.7383 
81.0000 86.0000 32.4364 10.6640 10.1605 
82.0000 130.0000 12.8810 32.5055 14.7229 
83.0000 140.0000 22.3265 25.0468 13.3881 
84.0000 102.0000 8.9886 20.1241 14.0819 
85.0000 135.0000 8.9845 29.3916 8.2145 
86.0000 126.0000 16.8126 29.5088 10.9251 
87.0000 112.0000 16.9530 34.1662 10.3944 
88.0000 77.0000 2.8243 21.9367 6.4901 
89.0000 110.0000 38.8617 24.6281 12.3356 
90.0000 143.0000 26.1301 48.6709 12.8566 
91.0000 140.0000 6.5621 30.0171 7.0689 
92.0000 145.0000 37.0944 46.0104 9.3935 
93.0000 128.0000 17.1124 38.2794 11.9801 
94.0000 75.0000 37.3395 2.4688 6.1435 
95.0000 104.0000 48.5174 7.1588 8.6952 
96.0000 83.0000 14.6663 28.2613 10.3520 
97.0000 72.0000 7.5518 34.8866 12.7913 
98.0000 113.0000 45.7975 33.0862 6.6587 
99.0000 111.0000 40.4837 9.0092 5.1121 
100.0000 90.0000 34.1176 20.0808 14.0893 
101.0000 90.0000 38.2262 20.3361 11.0340 
102.0000 85.0000 14.5076 26.2234 6.0929 
103.0000 99.0000 13.7757 16.0097 6.5113 
104.0000 87.0000 38.9117 11.0608 13.8850 
105.0000 129.0000 40.0446 2.4952 10.4229 
106.0000 91.0000 1.0138 36.8401 10.7050 
107.0000 93.0000 49.4333 47.7801 10.3699 
108.0000 136.0000 20.9151 37.8099 6.3228 
109.0000 112.0000 40.0799 25.8780 11.4122 
110.0000 115.0000 7.2908 12.2010 13.8734 
111.0000 114.0000 36.6357 22.6135 8.0202 
112.0000 77.0000 15.0925 12.2327 13.3717 
113.0000 145.0000 42.9530 10.1530 9.9642 
114.0000 123.0000 32.0172 29.7495 5.1707 
115.0000 69.0000 19.6681 10.3114 14.6824 
116.0000 97.0000 45.3343 49.3830 11.9810 
117.0000 73.0000 15.8146 21.5834 7.9583 
118.0000 90.0000 19.0571 43.0516 12.5761 
119.0000 93.0000 30.2600 43.5486 6.6404 
120.0000 98.0000 32.8869 18.1104 5.6315 
121.0000 128.0000 16.9499 27.9338 10.4144 
122.0000 125.0000 25.0442 45.8025 10.8558 
123.0000 103.0000 12.6725 9.8470 11.5875 
124.0000 106.0000 13.2209 3.2379 14.0539 
125.0000 75.0000 9.9727 4.8906 14.4087 
126.0000 71.0000 35.6187 24.9781 8.6938 
127.0000 82.0000 45.1760 41.2456 13.5903 
128.0000 78.0000 9.5325 22.5916 5.8229 
129.0000 131.0000 11.0660 35.6894 14.8363 
130.0000 72.0000 4.1299 44.3728 5.1458 
131.0000 136.0000 5.1629 16.9739 8.6142 
132.0000 146.0000 5.7814 20.0497 14.0537 
133.0000 111.0000 10.5902 26.0517 13.9596 
134.0000 99.0000 48.7449 22.1187 5.9524 
135.0000 86.0000 39.0151 10.1504 8.7054 
136.0000 149.0000 19.1254 27.1944 7.0745 
137.0000 86.0000 16.5176 14.5220 11.2518 
138.0000 132.0000 24.7403 34.3279 5.2316 
139.0000 85.0000 1.8510 26.4260 9.3416 
140.0000 105.0000 26.3802 6.9902 10.9304 
141.0000 61.0000 0.9791 28.9094 14.4510 
142.0000 132.0000 26.7112 17.1082 12.6110 
143.0000 140.0000 26.8860 9.4672 11.4723 
144.0000 129.0000 13.1541 48.5922 6.3102 
145.0000 81.0000 25.6717 47.4907 9.0810 
146.0000 145.0000 18.4848 47.7802 8.2222 
147.0000 108.0000 4.4308 41.8281 6.2988 
148.0000 69.0000 16.0310 23.5370 5.2116 
149.0000 118.0000 16.5047 44.3429 10.8962 
150.0000 82.0000 21.0530 42.2127 12.2204 
151.0000 104.0000 38.6176 24.1954 9.5089 
152.0000 125.0000 32.5890 45.7768 6.8663 
153.0000 101.0000 1.7310 46.3546 5.8805 
154.0000 114.0000 23.6384 10.2447 7.2733 
155.0000 140.0000 24.6522 45.7784 12.6090 
156.0000 108.0000 36.0194 45.4938 13.4845 
157.0000 124.0000 8.4714 47.5907 7.3424 
158.0000 144.0000 4.2996 42.9776 13.3262 
159.0000 138.0000 22.7753 28.1756 14.3260 
160.0000 141.0000 35.1103 22.1990 12.4517 
161.0000 75.0000 13.2163 31.2830 5.4381 
162.0000 129.0000 6.3986 1.9049 11.2951 
163.0000 131.0000 49.7189 7.2167 13.9034 
164.0000 147.0000 19.6374 6.4706 11.2711 
165.0000 103.0000 3.7028 26.2189 9.8596 
166.0000 79.0000 0.4153 46.7384 13.2643 
167.0000 73.0000 8.7697 26.9947 7.6225 
168.0000 138.0000 2.7535 13.3561 10.3695 
169.0000 75.0000 20.7733 20.6677 9.8756 
170.0000 69.0000 0.2291 37.3896 14.0938 
171.0000 124.0000 9.7341 40.6866 6.3183 
172.0000 84.0000 31.2220 44.4551 13.5985 
173.0000 111.0000 13.2012 28.2832 9.6629 
174.0000 111.0000 39.9991 8.6962 8.5618 
175.0000 145.0000 2.2733 42.1850 10.8911 
176.0000 69.0000 6.1393 12.5830 8.6524 
177.0000 104.0000 17.3632 42.5657 8.8794 
178.0000 119.0000 15.9787 19.0139 14.5859 
179.0000 107.0000 45.8996 29.3790 10.7976 
180.0000 134.0000 13.0461 21.6203 9.7902 
181.0000 66.0000 45.7009 5.1075 10.0244 
182.0000 88.0000 6.3878 2.3175 12.9860 
183.0000 94.0000 29.5030 2.4163 11.7241 
184.0000 95.0000 27.2930 37.6901 5.5480 
185.0000 141.0000 40.0624 35.4391 10.7576 
186.0000 84.0000 39.6772 14.3868 11.6055 
187.0000 133.0000 32.2314 27.0030 8.5567 
188.0000 97.0000 20.1154 31.6507 9.6605 
189.0000 109.0000 35.2043 8.2365 11.0434 
190.0000 137.0000 1.6319 6.3530 6.5319 
191.0000 141.0000 42.1268 16.4326 13.8686 
192.0000 72.0000 30.4039 34.2909 8.0638 
193.0000 115.0000 37.3542 15.2832 10.5721 
194.0000 144.0000 16.1136 14.8916 12.5592 
195.0000 149.0000 48.6865 48.4547 14.6017 
196.0000 65.0000 34.0806 37.2605 14.6290 
197.0000 105.0000 14.2533 38.7470 6.5430 
198.0000 66.0000 43.2897 33.9776 10.1746 
199.0000 70.0000 38.1077 41.2355 5.8194 
200.0000 102.0000 2.5829 25.4257 12.1139 
201.0000 122.0000 1.7275 41.4900 13.2284 
202.0000 112.0000 18.5898 39.8788 10.8799 
203.0000 74.0000 43.4899 4.8745 10.5382 
204.0000 119.0000 17.2413 33.0092 7.6667 
205.0000 82.0000 15.6816 2.4260 14.1884 
206.0000 61.0000 9.4663 4.4574 13.7741 
207.0000 62.0000 40.8155 40.2902 8.6354 
208.0000 69.0000 45.0115 26.0491 8.4190 
209.0000 145.0000 42.0869 30.3919 8.2534 
210.0000 67.0000 6.5087 48.7910 9.6271 
211.0000 92.0000 38.2126 45.5387 8.1578 
212.0000 75.0000 49.3073 23.3260 11.5612 
213.0000 131.0000 12.8788 20.4844 5.7432 
214.0000 97.0000 33.8951 19.8023 14.4608 
215.0000 65.0000 20.1317 17.5309 10.1459 
216.0000 77.0000 24.9183 2.2653 14.2353 
217.0000 149.0000 48.5037 40.0023 7.7941 
218.0000 98.0000 28.7465 48.8945 9.8473 
219.0000 84.0000 38.6798 9.9996 9.3026 
220.0000 84.0000 21.8671 30.8604 9.1221 
221.0000 150.0000 4.4464 37.2824 10.5313 
222.0000 89.0000 41.9911 43.3690 10.3999 
223.0000 85.0000 34.8355 41.5064 5.4086 
224.0000 62.0000 47.6965 28.0846 5.2288 
225.0000 121.0000 7.1167 12.2975 6.7505 
226.0000 139.0000 45.5722 11.2112 9.0232 
227.0000 91.0000 26.5503 20.0920 11.5741 
228.0000 133.0000 36.9180 38.7721 9.3068 
229.0000 94.0000 1.6732 45.3444 7.2605 
230.0000 122.0000 4.1216 33.2619 9.1423 
231.0000 96.0000 23.9300 11.3579 13.9946 
232.0000 139.0000 28.2962 24.4246 6.7982 
233.0000 134.0000 39.3161 2.1753 7.9982 
234.0000 104.0000 4.7559 19.9401 8.1062 
235.0000 74.0000 13.3504 26.0002 5.1352 
236.0000 97.0000 23.3500 1.9235 12.8412 
237.0000 76.0000 19.2975 48.3821 14.8857 
238.0000 95.0000 37.3971 26.2188 14.9524 
239.0000 128.0000 1.0496 22.9621 6.4005 
240.0000 100.0000 29.4080 18.3512 14.0715 
241.0000 132.0000 39.2802 46.8694 12.7719 
242.0000 63.0000 17.9349 5.5737 5.8578 
243.0000 130.0000 32.8724 16.4084 7.8470 
244.0000 87.0000 2.8040 37.1176 7.3092 
245.0000 66.0000 14.4151 41.7627 12.4006 
246.0000 134.0000 13.8813 21.7159 6.2490 
247.0000 92.0000 6.3903 44.5705 12.9947 
248.0000 80.0000 22.2474 6.7673 11.8311 
249.0000 142.0000 1.7979 12.1548 8.2960 
250.0000 144.0000 16.5232 35.3358 10.4953 
