0.0000 0.0000 25.0000 25.0000 0.0000 
1.0000 37.0000 9.5794 12.0778 10.1800 
2.0000 59.0000 0.5032 39.1056 14.8487 
3.0000 85.0000 26.2171 24.4935 12.3821 
4.0000 108.0000 27.2461 47.7511 5.4262 
5.0000 90.0000 44.8466 3.6134 13.1746 
6.0000 95.0000 4.5974 31.5340 14.5031 
7.0000 80.0000 17.0354 6.6983 13.7781 
8.0000 87.0000 25.3480 5.6134 5.4456 
9.0000 72.0000 7.2406 11.4404 14.8661 
10.0000 66.0000 35.8004 4.2043 10.0190 
11.0000 100.0000 18.5496 15.7015 7.1251 
12.0000 77.0000 3.3994 33.4730 7.7748 
13.0000 100.0000 31.7183 40.2379 8.1071 
14.0000 57.0000 38.8543 12.7987 8.9499 
15.0000 100.0000 27.6600 39.7439 13.3194 
16.0000 34.0000 24.4463 15.8203 14.0123 
17.0000 64.0000 24.1421 26.9388 8.5962 
18.0000 110.0000 26.9446 3.3518 6.0977 
19.0000 105.0000 33.8650 4.5246 7.1989 
20.0000 46.0000 16.9997 45.1657 9.4594 
21.0000 67.0000 20.0597 41.6887 12.3351 
22.0000 63.0000 22.4316 10.7426 6.6836 
23.0000 44.0000 39.2206 18.8172 14.9170 
24.0000 111.0000 18.1189 11.4594 13.1112 
25.0000 112.0000 14.0045 47.7932 14.0319 
26.0000 48.0000 19.3485 17.2297 12.2786 
27.0000 115.0000 13.3566 22.1480 13.3787 
28.0000 109.0000 30.0392 1.0867 10.9346 
29.0000 83.0000 33.6554 23.6307 12.8786 
30.0000 79.0000 48.6604 35.4287 7.7229 
31.0000 65.0000 37.7310 24.7716 13.6589 
32.0000 63.0000 48.3978 46.5078 6.2516 
33.0000 76.0000 26.2233 26.2589 7.7481 
34.0000 100.0000 47.2412 37.9405 14.8223 
35.0000 103.0000 7.6418 9.6489 6.1778 
36.0000 33.0000 25.8782 15.2302 13.6317 
37.0000 79.0000 4.7759 35.7311 5.9441 
38.0000 108.0000 16.1399 21.9668 7.5459 
39.0000 72.0000 28.5353 7.2573 13.5643 
40.0000 104.0000 27.8659 26.6515 6.8706 
41.0000 79.0000 1.0863 21.5225 7.5683 
42.0000 107.0000 49.4656 48.5854 7.9054 
43.0000 68.0000 47.8932 23.6350 13.0140 
44.0000 108.0000 32.8450 14.7249 13.8530 
45.0000 98.0000 40.9854 18.8171 12.4417 
46.0000 70.0000 44.3385 14.6324 11.2959 
47.0000 76.0000 17.2160 7.4235 8.3864 
48.0000 55.0000 8.0587 43.4548 13.8564 
49.0000 100.0000 5.8751 18.8051 8.9240 
50.0000 31.0000 4.1918 21.9723 12.7822 
51.0000 96.0000 23.0566 13.5685 9.4596 
52.0000 61.0000 27.9700 5.9047 7.1889 
53.0000 115.0000 25.2148 25.9090 12.0566 
54.0000 39.0000 20.4277 31.2187 6.3758 
55.0000 83.0000 0.6793 41.8210 8.9103 
56.0000 36.0000 24.4266 15.4787 11.5857 
57.0000 97.0000 30.3951 19.0784 8.7960 
58.0000 119.0000 14.5668 21.3792 10.3885 
59.0000 112.0000 16.6590 37.2105 12.6281 
60.0000 78.0000 2.5433 33.5576 10.6531 
61.0000 96.0000 27.8820 7.9711 14.2567 
62.0000 92.0000 39.7203 11.6892 11.8190 
63.0000 102.0000 47.9960 34.8877 6.1112 
64.0000 81.0000 20.2175 1.9887 6.3221 
65.0000 100.0000 12.6089 17.1666 9.1162 
66.0000 108.0000 25.9458 13.9925 13.9200 
67.0000 110.0000 42.3980 29.2586 11.9010 
68.0000 100.0000 43.5776 23.4594 13.3318 
69.0000 37.0000 19.6911 42.0271 12.0455 
70.0000 50.0000 38.3033 48.8266 8.9506 
71.0000 101.0000 34.9465 39.2467 9.2261 
72.0000 111.0000 27.8848 9.1712 8.6454 
73.0000 34.0000 46.9566 5.3321 7.4578 
74.0000 114.0000 49.3085 32.9816 10.9106 
75.0000 104.0000 10.5517 15.0963 9.3172 
76.0000 55.0000 42.6218 36.4275 14.5712 
77.0000 106.0000 28.8670 10.7051 7.6182 
78.0000 82.0000 37.6270 36.6615 7.0595 
79.0000 75.0000 27.7208 25.4761 13.7315 
80.0000 112.0000 36.4199 39.6934 6.1767 
81.0000 118.0000 36.2451 4.0054 6.7997 
82.0000 87.0000 36.0938 20.7714 11.9264 
83.0000 55.0000 12.9842 1.2388 9.5738 
84.0000 61.0000 43.5675 34.6648 10.9571 
85.0000 74.0000 26.9078 35.7808 9.2481 
86.0000 75.0000 7.5695 26.8563 7.7421 
87.0000 97.0000 0.1124 43.1328 5.1409 
88.0000 96.0000 17.5987 43.1730 12.0104 
89.0000 97.0000 3.3017 22.1057 9.7727 
90.0000 50.0000 6.3608 40.8885 9.6314 
91.0000 33.0000 5.5821 6.3466 9.8824 
92.0000 90.0000 40.1027 17.3138 13.6140 
93.0000 30.0000 48.2523 28.3561 12.5115 
94.0000 32.0000 30.8230 35.5281 12.7988 
95.0000 55.0000 16.1049 39.1173 6.6958 
96.0000 94.0000 16.7305 26.3423 6.8843 
97.0000 31.0000 25.3906 12.3385 13.9072 
98.0000 110.0000 2.1268 34.9918 9.6174 
99.0000 46.0000 25.5134 24.3072 9.1695 
100.0000 66.0000 33.3039 38.5815 7.6509 
101.0000 66.0000 31.4522 6.8137 12.0011 
102.0000 97.0000 34.9837 33.0252 12.5648 
103.0000 66.0000 29.2240 23.0691 5.3560 
104.0000 80.0000 44.0967 17.8132 11.5575 
105.0000 73.0000 34.7293 32.2928 11.7805 
106.0000 68.0000 35.2317 23.3755 13.4679 
107.0000 59.0000 1.6803 47.4088 11.1806 
108.0000 53.0000 43.7352 44.5060 13.8790 
109.0000 41.0000 4.2816 19.3871 7.3894 
110.0000 105.0000 35.7271 48.6433 12.1514 
111.0000 40.0000 1.3391 37.3655 12.8009 
112.0000 74.0000 36.1599 4.7384 7.4303 
113.0000 61.0000 31.8703 6.9160 10.4502 
114.0000 72.0000 42.3266 5.7477 12.5070 
115.0000 115.0000 44.7570 19.1549 11.2445 
116.0000 63.0000 24.9400 12.1760 12.9178 
117.0000 52.0000 23.9193 36.0031 7.8931 
118.0000 40.0000 12.5694 13.7297 5.1505 
119.0000 87.0000 27.8202 40.9366 11.4625 
120.0000 90.0000 35.7440 4.2531 11.4591 
121.0000 103.0000 24.5300 42.7181 12.2342 
122.0000 36.0000 13.0892 30.8900 11.5039 
123.0000 86.0000 45.3700 21.9107 13.4584 
124.0000 69.0000 10.8247 30.9978 10.5288 
125.0000 81.0000 19.3736 28.3040 10.4893 
126.0000 105.0000 5.9235 42.9149 11.4061 
127.0000 69.0000 1.6347 16.4797 5.4451 
128.0000 94.0000 31.9262 37.2733 11.9906 
129.0000 73.0000 10.1234 19.7733 12.4519 
130.0000 73.0000 35.2026 40.8222 5.7804 
131.0000 83.0000 22.2720 21.3240 14.8341 
132.0000 84.0000 26.6328 13.4625 9.3301 
133.0000 64.0000 34.1812 23.5218 10.1908 
134.0000 50.0000 9.2757 0.8121 5.4925 
135.0000 108.0000 0.3971 9.3271 14.1720 
136.0000 86.0000 24.8912 24.8411 11.0230 
137.0000 88.0000 0.3608 17.2763 7.3985 
138.0000 60.0000 1.3969 9.7815 13.6484 
139.0000 66.0000 34.2662 49.1930 8.1637 
140.0000 80.0000 42.8505 46.4930 9.7165 
141.0000 80.0000 10.4359 4.2766 5.8285 
142.0000 68.0000 29.7174 34.6973 11.5671 
143.0000 52.0000 6.0473 30.9968 14.6301 
144.0000 75.0000 24.2994 7.8718 10.1478 
145.0000 72.0000 20.6290 42.6946 10.3262 
146.0000 115.0000 24.9781 28.1017 5.0090 
147.0000 96.0000 12.3049 24.7407 10.6154 
148.0000 44.0000 7.9083 27.1241 8.3566 
149.0000 46.0000 10.1398 7.8291 14.5678 
150.0000 77.0000 25.0489 33.8116 6.6756 
151.0000 44.0000 26.8911 33.4668 14.5329 
152.0000 31.0000 19.4411 27.6049 14.6241 
153.0000 110.0000 4.5573 22.8852 8.0658 
154.0000 38.0000 39.9427 31.0655 5.9698 
155.0000 67.0000 24.8566 3.4285 8.0903 
156.0000 31.0000 22.3430 28.1840 9.5723 
157.0000 82.0000 12.4997 18.9562 14.0030 
158.0000 44.0000 14.5104 44.5752 6.4766 
159.0000 91.0000 49.4003 8.8903 8.4002 
160.0000 50.0000 42.4997 43.7475 6.0890 
161.0000 109.0000 1.1615 39.6113 9.4317 
162.0000 47.0000 38.3623 5.0092 6.9138 
163.0000 83.0000 46.6060 11.8043 10.9865 
164.0000 107.0000 2.9714 29.9004 8.5341 
165.0000 110.0000 1.5824 47.7169 6.2531 
166.0000 57.0000 34.3732 5.1571 13.0691 
167.0000 102.0000 11.7245 26.8594 13.0633 
168.0000 85.0000 22.3358 18.6051 11.2331 
169.0000 58.0000 23.4522 20.2020 10.9342 
170.0000 51.0000 18.9404 38.9264 11.2559 
171.0000 94.0000 8.9911 28.9516 10.3799 
172.0000 88.0000 31.2458 41.0879 14.5054 
173.0000 59.0000 7.7997 4.7092 11.0895 
174.0000 73.0000 45.0991 35.5391 8.1024 
175.0000 81.0000 12.7634 26.8040 11.1665 
176.0000 70.0000 35.6189 36.3396 11.5409 
177.0000 38.0000 41.4305 7.5508 5.1184 
178.0000 72.0000 37.8410 9.5522 6.7771 
179.0000 63.0000 5.0385 5.5188 10.4488 
180.0000 117.0000 6.5692 26.1812 7.3946 
181.0000 85.0000 36.7646 49.0584 5.4894 
182.0000 60.0000 0.2593 11.0242 11.3982 
183.0000 79.0000 47.6390 39.1702 11.4817 
184.0000 58.0000 37.8835 30.3967 10.2179 
185.0000 110.0000 29.8155 11.1840 7.7632 
186.0000 51.0000 4.8075 38.0211 5.4859 
187.0000 79.0000 1.3652 22.9011 13.2301 
188.0000 51.0000 45.2752 5.7815 9.4457 
189.0000 97.0000 25.2028 14.6760 12.1765 
190.0000 71.0000 11.0157 9.7925 6.0480 
191.0000 111.0000 6.9649 22.4534 7.8906 
192.0000 104.0000 37.3607 31.6250 13.2754 
193.0000 100.0000 42.6384 18.3888 6.0846 
194.0000 86.0000 39.8018 44.9391 12.5365 
195.0000 54.0000 24.8835 9.0888 10.1699 
196.0000 101.0000 34.4590 49.1822 10.8097 
197.0000 62.0000 4.2401 37.0577 11.4200 
198.0000 33.0000 34.6597 17.9401 5.7152 
199.0000 90.0000 40.8177 19.4598 11.0550 
200.0000 72.0000 30.3588 45.6235 13.2793 
