0.0000 0.0000 25.0000 25.0000 0.0000 
1.0000 94.0000 28.7853 1.7743 14.1140 
2.0000 130.0000 17.2258 29.5027 10.9427 
3.0000 77.0000 28.4980 7.6158 14.8497 
4.0000 139.0000 32.9052 10.0999 12.2359 
5.0000 72.0000 2.5982 20.2855 6.9818 
6.0000 75.0000 32.7186 17.8346 8.3535 
7.0000 59.0000 30.0265 45.6506 9.6075 
8.0000 102.0000 25.3513 11.5389 7.4438 
9.0000 79.0000 24.2212 38.3140 8.3216 
10.0000 131.0000 16.9113 17.2776 10.2574 
11.0000 59.0000 24.5214 17.9284 12.4658 
12.0000 78.0000 11.6460 32.7981 5.2326 
13.0000 75.0000 41.2246 12.3456 7.9517 
14.0000 117.0000 4.9542 4.3996 9.4437 
15.0000 128.0000 46.0724 6.3026 8.3753 
16.0000 96.0000 27.1076 4.5089 11.6983 
17.0000 133.0000 30.7643 27.8700 7.6871 
18.0000 68.0000 44.5588 12.0303 7.3717 
19.0000 91.0000 17.0018 48.5330 7.6948 
20.0000 125.0000 20.4296 46.0146 5.8982 
21.0000 112.0000 0.6865 32.0838 10.3052 
22.0000 84.0000 7.1619 7.5690 5.7834 
23.0000 115.0000 19.4139 14.4689 13.9781 
24.0000 123.0000 31.0849 18.2501 9.4573 
25.0000 104.0000 14.5831 12.6183 14.5147 
26.0000 98.0000 33.0417 4.0165 7.9986 
27.0000 96.0000 27.0537 25.9678 11.7187 
28.0000 51.0000 15.5346 20.1874 10.2754 
29.0000 113.0000 47.2238 3.5074 12.8588 
30.0000 71.0000 33.8458 2.5549 5.4943 
31.0000 78.0000 44.5276 46.9060 8.5114 
32.0000 81.0000 10.0207 15.0035 9.5809 
33.0000 69.0000 24.7917 17.1983 14.2411 
34.0000 87.0000 48.5255 22.9677 12.4034 
35.0000 134.0000 25.3762 24.4132 12.8827 
36.0000 52.0000 35.2986 38.6573 9.5211 
37.0000 95.0000 18.5831 6.5541 10.4778 
38.0000 83.0000 18.1214 43.1565 5.6010 
39.0000 74.0000 4.0404 32.8619 13.2013 
40.0000 89.0000 28.7523 11.4312 8.6546 
41.0000 82.0000 47.7582 3.1304 8.3757 
42.0000 80.0000 46.9879 44.4622 10.4730 
43.0000 109.0000 26.7088 34.8020 14.0067 
44.0000 130.0000 29.1254 38.2939 10.2622 
45.0000 73.0000 9.3532 8.4667 7.0744 
46.0000 74.0000 21.9774 25.0252 14.8881 
47.0000 80.0000 41.6478 46.7657 14.0533 
48.0000 65.0000 30.0156 7.2977 13.3746 
49.0000 90.0000 19.5505 15.4390 6.5204 
50.0000 115.0000 16.0099 25.8178 5.0376 
51.0000 84.0000 45.6856 2.0187 10.4532 
52.0000 81.0000 22.4518 4.5847 10.4818 
53.0000 64.0000 38.4364 44.3326 9.1613 
54.0000 127.0000 11.5613 12.1969 9.7108 
55.0000 66.0000 40.6134 41.9506 7.2443 
56.0000 50.0000 35.2627 44.3170 11.8244 
57.0000 55.0000 21.1688 34.9774 14.6687 
58.0000 105.0000 19.4064 19.3288 6.2757 
59.0000 60.0000 34.7152 0.0864 10.1149 
60.0000 85.0000 3.4977 14.0051 6.7743 
61.0000 85.0000 27.2612 16.7398 11.8846 
62.0000 137.0000 32.7366 23.2249 12.1088 
63.0000 72.0000 45.7092 3.5745 13.0263 
64.0000 131.0000 43.3726 5.1938 10.9616 
65.0000 134.0000 8.2896 38.1970 6.2998 
66.0000 96.0000 25.3061 6.2040 13.0282 
67.0000 55.0000 32.6828 23.9515 9.0746 
68.0000 122.0000 45.6674 45.6652 11.7225 
69.0000 108.0000 11.0039 10.7273 9.3815 
70.0000 140.0000 7.5371 20.5720 8.6754 
71.0000 92.0000 44.9303 41.8823 12.4892 
72.0000 82.0000 17.4419 13.1250 5.8525 
73.0000 66.0000 32.4478 47.7617 12.8201 
74.0000 106.0000 46.7825 33.2594 6.8113 
75.0000 80.0000 26.1309 49.7477 14.2660 
76.0000 108.0000 17.8051 3.7976 11.8759 
77.0000 134.0000 45.7208 36.4643 12.8013 
78.0000 120.0000 46.7790 15.2959 6.8251 
79.0000 116.0000 2.5100 6.4570 6.5488 
80.0000 140.0000 19.0366 0.1489 8.2387 
81.0000 104.0000 4.3054 19.3168 11.6273 
82.0000 133.0000 25.8340 39.0233 6.3764 
83.0000 79.0000 16.4703 27.7559 7.3774 
84.0000 90.0000 41.2032 7.5771 8.1343 
85.0000 120.0000 3.3363 26.7322 10.5087 
86.0000 110.0000 49.4522 43.8508 13.6251 
87.0000 53.0000 12.4763 42.7322 5.8356 
88.0000 65.0000 34.4635 47.2025 10.5368 
89.0000 50.0000 22.7180 15.4661 6.0929 
90.0000 121.0000 39.6818 17.0140 12.7490 
91.0000 127.0000 17.8685 34.8820 7.4495 
92.0000 65.0000 17.4389 35.4573 13.5059 
93.0000 134.0000 45.9401 22.8066 7.3921 
94.0000 133.0000 45.6947 48.7260 12.3337 
95.0000 81.0000 13.4553 49.2188 14.7472 
96.0000 125.0000 9.7784 21.5135 7.9311 
97.0000 57.0000 33.1748 1.0002 14.4792 
98.0000 57.0000 31.2135 47.6701 5.8621 
99.0000 139.0000 10.8513 36.7808 6.3207 
100.0000 67.0000 43.2659 36.5315 9.6659 
101.0000 95.0000 7.5090 15.0206 9.3581 
102.0000 73.0000 39.4610 21.3310 10.8404 
103.0000 125.0000 33.7042 49.0028 12.5619 
104.0000 132.0000 14.7239 7.7854 5.1431 
105.0000 104.0000 16.2151 35.4186 6.1817 
106.0000 86.0000 1.9930 22.2048 6.0159 
107.0000 80.0000 39.4149 22.5651 14.4608 
108.0000 62.0000 49.7850 14.4448 9.3483 
109.0000 77.0000 25.3640 3.7942 12.9310 
110.0000 112.0000 29.7256 27.8221 10.7714 
111.0000 135.0000 19.1682 30.3881 10.4653 
112.0000 101.0000 49.9738 19.5114 7.6699 
113.0000 130.0000 41.4653 44.1318 5.2696 
114.0000 75.0000 36.4388 22.6858 7.7413 
115.0000 93.0000 12.6254 7.5791 14.3107 
116.0000 93.0000 19.6591 25.3100 10.5813 
117.0000 126.0000 43.1625 5.9451 13.8201 
118.0000 99.0000 16.1062 38.5251 12.1373 
119.0000 139.0000 8.9304 20.5001 7.6612 
120.0000 107.0000 35.2747 14.9081 11.5118 
121.0000 70.0000 10.2278 45.7538 13.6730 
122.0000 57.0000 33.1036 9.7564 8.7406 
123.0000 119.0000 35.7226 19.7498 11.3446 
124.0000 94.0000 33.9940 26.1502 6.8657 
125.0000 134.0000 5.1140 47.4142 12.2496 
126.0000 91.0000 25.6614 1.4703 10.4043 
127.0000 136.0000 48.8548 46.4248 6.7507 
128.0000 69.0000 24.4825 11.8532 9.3228 
129.0000 127.0000 13.3081 31.0140 9.8293 
130.0000 77.0000 5.6823 16.2599 12.1489 
131.0000 56.0000 46.9470 26.0808 9.1688 
132.0000 131.0000 15.3921 38.1927 8.5397 
133.0000 106.0000 24.3430 37.5850 8.4730 
134.0000 134.0000 25.9153 8.6952 6.3918 
135.0000 59.0000 2.7439 24.5400 5.6734 
136.0000 67.0000 29.0609 40.4693 7.2458 
137.0000 112.0000 5.9355 48.4010 9.1708 
138.0000 59.0000 32.1335 49.8030 6.0106 
139.0000 77.0000 44.4770 24.5459 5.4799 
140.0000 124.0000 7.5236 35.4365 5.9816 
141.0000 75.0000 33.7809 25.0999 9.8445 
142.0000 80.0000 40.3555 33.3607 9.6288 
143.0000 63.0000 0.3711 32.2198 6.0932 
144.0000 51.0000 43.2465 0.1081 10.0714 
145.0000 69.0000 24.9351 31.0084 11.8905 
146.0000 133.0000 13.7079 40.7020 5.0232 
147.0000 105.0000 16.4238 45.9942 14.3380 
148.0000 67.0000 39.8769 10.9856 8.6603 
149.0000 93.0000 15.8947 10.1223 9.0367 
150.0000 138.0000 29.4634 16.4030 8.5357 
151.0000 62.0000 22.7624 49.3712 11.6780 
152.0000 60.0000 9.6182 46.5706 8.1775 
153.0000 104.0000 2.4820 11.7530 10.8604 
154.0000 80.0000 14.8649 34.7710 13.3507 
155.0000 52.0000 13.9298 1.7609 6.2818 
156.0000 55.0000 35.2452 12.6039 11.0575 
157.0000 118.0000 47.9614 38.1351 6.4057 
158.0000 75.0000 5.0707 32.6199 10.9981 
159.0000 134.0000 8.7868 9.5671 12.2351 
160.0000 133.0000 36.1276 39.2940 9.0203 
161.0000 122.0000 31.9471 39.8801 14.2511 
162.0000 66.0000 17.9957 40.8739 12.8397 
163.0000 118.0000 42.2551 18.2090 9.1108 
164.0000 63.0000 38.4004 10.3964 7.4661 
165.0000 71.0000 6.3203 12.9261 9.0139 
166.0000 115.0000 12.7439 39.3498 14.1838 
167.0000 101.0000 29.3029 5.5454 14.7892 
168.0000 134.0000 30.4637 12.8947 6.0626 
169.0000 61.0000 43.6834 18.9543 14.0220 
170.0000 116.0000 19.2063 7.5739 11.9420 
171.0000 102.0000 39.5008 48.2941 8.6686 
172.0000 87.0000 34.4628 7.3319 11.8842 
173.0000 107.0000 22.9567 8.7085 5.8128 
174.0000 66.0000 47.8028 16.3060 8.2990 
175.0000 90.0000 11.9230 39.4859 8.0809 
176.0000 111.0000 17.7952 7.2967 13.3595 
177.0000 65.0000 22.8522 26.4451 8.7128 
178.0000 50.0000 23.1462 12.0713 5.5826 
179.0000 129.0000 29.0471 26.8331 12.7779 
180.0000 102.0000 31.9476 23.6905 12.9282 
181.0000 124.0000 35.2820 2.0473 14.3792 
182.0000 74.0000 48.7752 23.6028 14.3416 
183.0000 76.0000 5.8454 30.0974 14.7040 
184.0000 122.0000 32.5337 26.8250 6.1993 
185.0000 117.0000 38.8340 38.4721 14.0361 
186.0000 128.0000 32.1926 34.4132 10.7185 
187.0000 60.0000 6.1510 38.8428 13.2465 
188.0000 67.0000 29.7071 19.2851 13.5628 
189.0000 140.0000 26.4422 49.1005 11.5781 
190.0000 92.0000 26.6610 8.6386 8.9773 
191.0000 106.0000 0.4095 12.6826 13.3528 
192.0000 108.0000 48.4665 40.3272 13.6634 
193.0000 64.0000 29.5756 29.2080 12.9014 
194.0000 57.0000 28.9402 43.8833 9.6903 
195.0000 54.0000 31.2767 46.7572 11.7154 
196.0000 78.0000 17.7112 13.8252 5.7868 
197.0000 65.0000 7.9304 25.5980 6.5688 
198.0000 74.0000 38.7467 41.1058 12.6870 
199.0000 138.0000 7.0543 27.0978 5.5061 
200.0000 52.0000 18.3336 19.8986 7.3561 
201.0000 63.0000 43.6218 42.4180 13.3632 
202.0000 122.0000 10.0428 12.3316 6.9264 
203.0000 85.0000 43.8744 13.9219 14.2849 
204.0000 109.0000 31.3130 25.4640 6.5992 
205.0000 129.0000 23.6907 30.3437 13.9685 
206.0000 79.0000 39.0184 22.5866 12.2222 
207.0000 90.0000 36.5384 26.6059 12.2816 
208.0000 131.0000 41.3100 18.4035 11.0390 
209.0000 99.0000 31.5023 3.0158 13.1335 
210.0000 65.0000 45.9041 14.0470 5.8961 
211.0000 66.0000 40.2063 28.1657 10.0103 
212.0000 138.0000 41.8259 8.2924 7.4170 
213.0000 118.0000 43.8985 8.3594 13.4794 
214.0000 122.0000 13.1469 3.4289 7.7097 
215.0000 71.0000 38.9758 13.2830 13.6195 
216.0000 89.0000 29.6686 0.5011 7.4247 
217.0000 102.0000 10.8992 19.6527 9.2011 
218.0000 109.0000 26.0632 28.1210 8.0833 
219.0000 63.0000 25.7028 24.9177 8.4833 
220.0000 124.0000 0.2902 27.0852 5.6903 
221.0000 99.0000 44.7594 17.0562 10.1095 
222.0000 72.0000 22.6376 32.6436 5.5720 
223.0000 137.0000 0.8385 30.6209 8.7691 
224.0000 89.0000 29.8668 9.6874 12.8323 
225.0000 101.0000 35.3444 7.8913 10.2730 
226.0000 116.0000 0.0352 7.8020 13.7550 
227.0000 137.0000 6.9844 2.9017 13.1243 
228.0000 67.0000 5.2487 40.3487 7.3152 
229.0000 110.0000 27.3607 49.2136 7.8212 
230.0000 66.0000 38.9715 20.6432 5.8429 
231.0000 106.0000 10.0008 3.8234 12.7592 
232.0000 61.0000 0.6666 4.6940 10.8602 
233.0000 56.0000 39.2992 42.3758 14.0499 
234.0000 130.0000 20.1393 34.8145 11.9891 
235.0000 80.0000 40.3036 8.8378 13.3886 
236.0000 78.0000 32.0981 35.9298 10.7827 
237.0000 81.0000 31.3686 21.3339 6.8782 
238.0000 121.0000 4.9774 42.4461 9.6519 
239.0000 63.0000 16.5895 18.4870 7.4862 
240.0000 133.0000 17.6007 28.8961 8.6264 
241.0000 78.0000 14.2330 6.2339 7.6563 
242.0000 118.0000 39.5762 14.1218 8.1580 
243.0000 72.0000 25.4695 15.1199 7.3005 
244.0000 118.0000 28.2377 4.6556 12.1612 
245.0000 124.0000 35.9140 35.4218 8.0097 
246.0000 56.0000 38.3584 20.6243 13.2566 
247.0000 92.0000 40.8429 13.8617 6.1649 
248.0000 80.0000 25.3739 23.6301 10.0397 
249.0000 137.0000 37.5822 37.3375 14.6695 
250.0000 115.0000 31.7051 23.2233 12.8865 
251.0000 86.0000 42.8732 0.1169 6.2829 
252.0000 120.0000 42.6904 38.1167 12.7887 
253.0000 57.0000 36.7565 40.5878 14.7595 
254.0000 52.0000 9.6638 17.2273 6.5909 
255.0000 78.0000 17.8776 18.3877 6.4945 
256.0000 69.0000 43.7236 43.7880 14.7818 
257.0000 102.0000 21.7052 1.9422 9.4162 
258.0000 76.0000 30.3260 47.1717 7.0440 
259.0000 98.0000 35.7623 18.7322 9.6412 
260.0000 76.0000 7.8398 38.7963 5.6773 
261.0000 63.0000 18.2430 3.2972 9.4584 
262.0000 122.0000 14.5535 46.2535 7.9894 
263.0000 51.0000 30.7623 39.8508 7.5888 
264.0000 78.0000 28.6564 37.4737 6.1222 
265.0000 116.0000 25.3807 38.4855 14.3772 
266.0000 112.0000 24.4101 23.7343 8.9641 
267.0000 68.0000 0.3438 21.6848 11.4933 
268.0000 130.0000 32.7615 2.2724 7.2659 
269.0000 67.0000 15.7391 42.6284 11.3897 
270.0000 73.0000 9.2975 7.3671 14.3371 
271.0000 56.0000 15.4949 22.4386 10.4357 
272.0000 80.0000 43.6402 8.7023 6.8934 
273.0000 121.0000 17.9035 27.7056 9.7650 
274.0000 62.0000 26.9353 0.4684 7.8064 
275.0000 135.0000 45.1095 15.8859 9.1547 
276.0000 106.0000 38.6238 9.3444 10.7337 
277.0000 75.0000 19.4910 16.6280 11.1437 
278.0000 89.0000 27.3636 21.4158 12.4717 
279.0000 114.0000 22.0779 8.8950 14.7135 
280.0000 80.0000 1.1253 37.7101 11.1079 
281.0000 121.0000 39.2188 47.4253 12.1633 
282.0000 78.0000 6.9456 40.3528 14.1757 
283.0000 87.0000 43.5711 49.3031 6.6992 
284.0000 53.0000 41.7650 36.6089 11.8048 
285.0000 79.0000 15.9667 5.9148 10.1889 
286.0000 108.0000 6.0433 26.2173 6.3757 
287.0000 59.0000 24.6393 29.3958 14.0467 
288.0000 97.0000 15.4464 17.8971 10.2923 
289.0000 87.0000 22.1085 49.8974 9.6115 
290.0000 92.0000 41.9385 28.1641 11.0633 
291.0000 131.0000 35.6482 17.4470 11.3402 
292.0000 61.0000 24.6610 44.2957 10.1103 
293.0000 72.0000 49.0169 42.1769 10.3068 
294.0000 81.0000 9.6042 5.3136 5.5797 
295.0000 109.0000 14.0488 43.4064 5.9470 
296.0000 110.0000 37.9544 19.6381 13.7435 
297.0000 59.0000 48.5054 26.1801 7.9593 
298.0000 93.0000 21.5726 47.6886 7.4245 
299.0000 55.0000 30.4423 21.9481 10.4602 
300.0000 116.0000 11.6498 46.3798 13.2196 
301.0000 122.0000 29.9547 14.3746 11.0910 
302.0000 85.0000 11.9313 33.9676 14.4544 
303.0000 58.0000 7.8269 13.8041 12.2148 
304.0000 99.0000 42.3222 31.2648 8.4153 
305.0000 84.0000 26.2986 6.1551 7.5641 
306.0000 91.0000 11.0332 37.0689 13.8156 
307.0000 81.0000 28.4215 31.6174 8.8894 
308.0000 103.0000 18.0025 10.8376 11.2960 
309.0000 129.0000 25.8061 37.4745 11.0377 
310.0000 52.0000 35.2169 8.6411 9.8452 
311.0000 113.0000 20.0200 30.2238 12.3022 
312.0000 53.0000 29.5152 39.4488 14.1665 
313.0000 59.0000 17.5973 31.4661 9.5039 
314.0000 61.0000 13.2999 42.3583 5.9340 
315.0000 133.0000 10.6976 17.9613 5.7523 
316.0000 86.0000 4.8036 17.8100 12.2635 
317.0000 51.0000 32.4034 45.0490 12.8374 
318.0000 52.0000 26.6466 19.6090 14.4151 
319.0000 63.0000 26.6543 44.8598 8.7919 
320.0000 120.0000 47.4734 27.2632 5.8070 
321.0000 75.0000 28.7077 43.0441 14.0573 
322.0000 73.0000 31.1564 12.8398 9.6443 
323.0000 74.0000 25.8195 12.2241 12.9549 
324.0000 123.0000 25.7917 38.6017 7.0572 
325.0000 59.0000 9.3669 40.7944 6.8154 
326.0000 56.0000 11.9306 48.4636 9.9193 
327.0000 65.0000 33.2233 6.2270 14.5491 
328.0000 91.0000 34.4964 30.7999 5.5741 
329.0000 71.0000 35.5356 19.7674 8.6051 
330.0000 93.0000 26.3986 44.9060 8.5690 
331.0000 86.0000 36.9607 15.8272 13.6704 
332.0000 102.0000 33.3954 18.1929 12.3208 
333.0000 107.0000 14.4488 15.5113 11.0892 
334.0000 55.0000 33.3565 41.9396 12.4467 
335.0000 67.0000 6.0718 33.4581 14.3955 
336.0000 111.0000 5.7520 13.1216 13.1027 
337.0000 101.0000 1.1905 32.7825 12.0443 
338.0000 116.0000 35.0328 0.2073 9.5583 
339.0000 72.0000 3.9138 36.9451 12.3219 
340.0000 125.0000 2.0663 34.8222 11.0774 
341.0000 50.0000 29.1577 2.5754 9.9775 
342.0000 140.0000 3.0749 13.2803 13.0472 
343.0000 121.0000 23.2159 41.2388 8.5618 
344.0000 131.0000 46.1108 16.5571 11.9951 
345.0000 84.0000 18.4920 3.8665 8.7163 
346.0000 113.0000 19.5027 44.0346 8.5121 
347.0000 95.0000 32.8722 13.9021 12.7577 
348.0000 114.0000 27.5091 22.7225 6.9855 
349.0000 92.0000 6.4453 7.1594 14.6492 
350.0000 77.0000 1.5663 19.1462 12.7931 
