0.0000 0.0000 25.0000 25.0000 0.0000 
1.0000 119.0000 7.4916 31.4029 14.4592 
2.0000 35.0000 33.4583 49.6306 11.5878 
3.0000 56.0000 31.7446 40.0985 13.0339 
4.0000 114.0000 5.2776 19.3606 9.5531 
5.0000 85.0000 44.7583 20.9495 11.1282 
6.0000 93.0000 29.6090 30.2976 6.9983 
7.0000 50.0000 8.8238 23.6952 12.4205 
8.0000 56.0000 47.2390 46.9528 7.5739 
9.0000 44.0000 0.3811 27.6027 10.2731 
10.0000 72.0000 28.9608 46.2715 8.0301 
11.0000 62.0000 10.2451 29.0142 10.3399 
12.0000 59.0000 13.5276 38.5586 13.5333 
13.0000 120.0000 34.9907 28.1545 6.6990 
14.0000 54.0000 39.8885 14.7573 5.2807 
15.0000 90.0000 2.5460 42.1622 9.1792 
16.0000 87.0000 3.5060 13.3700 14.6819 
17.0000 97.0000 14.4298 10.2793 6.7731 
18.0000 117.0000 13.0619 8.1442 11.7200 
19.0000 42.0000 48.3977 0.3943 8.7036 
20.0000 58.0000 42.2570 39.6471 14.0598 
21.0000 70.0000 33.2954 28.7513 5.6338 
22.0000 53.0000 22.1438 2.3926 14.3780 
23.0000 30.0000 19.5575 45.0040 6.9285 
24.0000 34.0000 3.1282 8.4495 13.8692 
25.0000 30.0000 47.3284 42.8730 7.9569 
26.0000 118.0000 1.5181 1.6146 6.1596 
27.0000 54.0000 34.5714 22.2732 10.1895 
28.0000 82.0000 43.7305 33.7744 7.2795 
29.0000 92.0000 28.5288 10.4320 8.4874 
30.0000 82.0000 11.1556 47.3673 6.0910 
31.0000 108.0000 14.3413 27.0735 13.1048 
32.0000 30.0000 7.0724 42.7879 8.7852 
33.0000 74.0000 9.0453 46.3538 5.6105 
34.0000 68.0000 30.9962 33.0836 7.1702 
35.0000 88.0000 37.8398 25.1550 6.2828 
36.0000 57.0000 31.7753 30.1262 6.9108 
37.0000 120.0000 40.8361 39.7932 14.1850 
38.0000 37.0000 46.9178 40.9979 8.3145 
39.0000 67.0000 4.0924 32.2731 7.2146 
40.0000 33.0000 14.8176 13.9506 5.9116 
41.0000 97.0000 3.6086 3.8272 14.1409 
42.0000 51.0000 28.9133 47.0435 8.4659 
43.0000 31.0000 6.3567 39.5147 7.3011 
44.0000 79.0000 7.3243 30.0843 9.1250 
45.0000 87.0000 37.6751 31.5100 12.0423 
46.0000 76.0000 14.9350 31.7562 5.4379 
47.0000 76.0000 22.9999 31.4244 14.1257 
48.0000 62.0000 44.7415 16.4681 13.1998 
49.0000 101.0000 24.7832 35.3443 6.1081 
50.0000 52.0000 7.6477 0.4493 6.5937 
51.0000 108.0000 20.4287 47.7121 13.5772 
52.0000 91.0000 39.6409 35.4259 6.7859 
53.0000 89.0000 34.1538 11.8155 7.6904 
54.0000 88.0000 20.0977 14.9722 7.3142 
55.0000 100.0000 47.4986 0.5418 14.0278 
56.0000 60.0000 1.2579 28.3789 6.2409 
57.0000 66.0000 34.8661 34.3943 10.4150 
58.0000 69.0000 33.4537 38.2594 12.0043 
59.0000 82.0000 32.3152 6.2588 7.1130 
60.0000 50.0000 31.8885 10.0945 9.1682 
61.0000 34.0000 7.8919 9.6883 10.0225 
62.0000 36.0000 46.1544 14.9025 13.8075 
63.0000 108.0000 23.4224 45.2417 10.0778 
64.0000 111.0000 33.3133 14.2484 6.7934 
65.0000 30.0000 16.0517 22.3105 9.2609 
66.0000 87.0000 14.4658 16.8044 6.9273 
67.0000 68.0000 40.1983 34.7798 13.6731 
68.0000 55.0000 48.5707 18.3087 6.8123 
69.0000 79.0000 5.1882 12.5778 9.4463 
70.0000 85.0000 34.6315 5.5904 13.4082 
71.0000 59.0000 7.3718 5.8703 7.9079 
72.0000 100.0000 26.3110 18.9972 13.9481 
73.0000 42.0000 5.4831 14.8492 12.3617 
74.0000 43.0000 45.9933 10.1428 12.6041 
75.0000 84.0000 10.7573 41.7831 8.4959 
76.0000 102.0000 32.9776 47.6795 8.6364 
77.0000 97.0000 6.9436 41.1299 8.9916 
78.0000 58.0000 46.8318 8.8164 8.5097 
79.0000 79.0000 25.1374 17.4729 12.0744 
80.0000 46.0000 7.8870 14.3937 9.7370 
81.0000 46.0000 22.5987 34.1779 9.0841 
82.0000 80.0000 37.3349 17.2011 6.6698 
83.0000 58.0000 49.6748 10.9143 5.1103 
84.0000 78.0000 9.9838 22.8976 14.4557 
85.0000 86.0000 36.7391 44.9984 10.0241 
86.0000 41.0000 23.4550 30.7948 8.7728 
87.0000 84.0000 8.8255 15.6182 12.0970 
88.0000 63.0000 39.7843 39.7157 9.3144 
89.0000 120.0000 24.0225 9.9717 13.6264 
90.0000 81.0000 22.7338 28.3968 6.4063 
91.0000 40.0000 35.3501 28.3776 13.7976 
92.0000 112.0000 16.1303 15.8231 6.2631 
93.0000 62.0000 49.4953 3.4939 5.9447 
94.0000 108.0000 48.2380 20.6830 11.3113 
95.0000 64.0000 15.9818 47.9559 7.0673 
96.0000 61.0000 45.5795 29.8846 13.3256 
97.0000 63.0000 10.7873 43.6029 8.6283 
98.0000 36.0000 40.5083 26.8498 9.4064 
99.0000 103.0000 12.2977 15.6811 6.2912 
100.0000 38.0000 13.6181 18.4396 7.4771 
101.0000 110.0000 43.9653 24.2505 5.9476 
102.0000 78.0000 20.9395 35.7288 5.4190 
103.0000 39.0000 15.0197 34.7876 11.5256 
104.0000 45.0000 43.6749 9.5719 7.8769 
105.0000 74.0000 10.0928 36.0606 12.7421 
106.0000 118.0000 43.5293 38.6563 5.0194 
107.0000 33.0000 20.0701 41.5509 6.0276 
108.0000 101.0000 20.4260 35.2361 13.8934 
109.0000 86.0000 7.5688 44.1473 5.0932 
110.0000 115.0000 10.8403 30.3251 10.2494 
111.0000 113.0000 37.4861 15.4329 14.2910 
112.0000 76.0000 22.0016 45.6238 10.1268 
113.0000 88.0000 26.5059 21.8365 10.3847 
114.0000 81.0000 28.5279 27.2803 11.2453 
115.0000 110.0000 32.3228 48.1261 5.5835 
116.0000 49.0000 28.6047 35.5092 9.3436 
117.0000 102.0000 36.4449 0.7949 14.3464 
118.0000 106.0000 27.1337 1.0735 14.1506 
119.0000 115.0000 10.0391 48.7130 11.4534 
120.0000 30.0000 13.6273 6.8622 12.9933 
121.0000 32.0000 13.7445 9.4416 12.7696 
122.0000 43.0000 16.4030 6.3922 13.9300 
123.0000 33.0000 25.4330 40.6613 6.3988 
124.0000 102.0000 42.3462 23.9678 7.9330 
125.0000 43.0000 24.9299 31.1584 13.1089 
126.0000 84.0000 41.6809 40.1645 12.9509 
127.0000 51.0000 44.1249 6.0837 12.2691 
128.0000 54.0000 45.9195 36.0515 7.4376 
129.0000 110.0000 28.8171 29.7174 12.5189 
130.0000 71.0000 41.1749 48.4449 9.6302 
131.0000 62.0000 6.9450 25.3143 10.2486 
132.0000 66.0000 38.5460 3.7788 5.5721 
133.0000 118.0000 9.7145 5.0804 5.2966 
134.0000 60.0000 17.8133 49.1392 12.3803 
135.0000 64.0000 14.8878 16.9982 12.0319 
136.0000 64.0000 31.2310 26.1626 14.6705 
137.0000 82.0000 19.8633 10.5318 6.4231 
138.0000 117.0000 28.4087 2.2816 8.4253 
139.0000 62.0000 42.8782 45.5286 7.0732 
140.0000 83.0000 48.4577 41.9372 6.2039 
141.0000 92.0000 45.3654 7.4787 13.6183 
142.0000 114.0000 44.2340 1.0094 13.0755 
143.0000 100.0000 39.6694 34.9006 7.5529 
144.0000 99.0000 48.8116 36.4390 5.4013 
145.0000 79.0000 27.4865 46.8215 5.9129 
146.0000 75.0000 16.6751 29.3356 6.8257 
147.0000 86.0000 4.1276 34.8433 13.8423 
148.0000 75.0000 33.0785 38.6185 7.2782 
149.0000 80.0000 23.8492 23.1697 7.0974 
150.0000 117.0000 11.6636 20.6396 5.4555 
151.0000 42.0000 42.3591 2.9002 5.4117 
152.0000 70.0000 13.6768 49.7836 5.0025 
153.0000 38.0000 31.4612 42.4014 7.1429 
154.0000 57.0000 41.7224 13.5439 5.7653 
155.0000 59.0000 20.5746 29.2823 7.9994 
156.0000 40.0000 44.1105 16.9681 12.9390 
157.0000 115.0000 37.7234 1.3748 5.8799 
158.0000 56.0000 26.5134 10.1890 10.2883 
159.0000 34.0000 4.4296 36.9568 8.9115 
160.0000 69.0000 19.7571 30.3176 5.3063 
161.0000 42.0000 44.2891 23.5979 5.7154 
162.0000 120.0000 39.2357 24.6168 10.2008 
163.0000 88.0000 3.8383 28.3988 8.9759 
164.0000 120.0000 45.5428 36.7404 10.9582 
165.0000 74.0000 27.0378 38.1424 12.9167 
166.0000 64.0000 47.1159 11.1096 8.4014 
167.0000 90.0000 20.0629 27.4463 9.0385 
168.0000 36.0000 2.1323 42.9483 12.4771 
169.0000 76.0000 17.2712 23.0879 5.0343 
170.0000 32.0000 41.4570 1.8360 11.7912 
171.0000 53.0000 11.4272 42.7818 7.8935 
172.0000 53.0000 11.1451 26.9210 5.5582 
173.0000 41.0000 17.9865 45.5414 8.7171 
174.0000 39.0000 9.6334 26.9731 6.1979 
175.0000 106.0000 45.4145 6.0653 5.0864 
176.0000 63.0000 35.5652 27.7359 6.7474 
177.0000 114.0000 29.2736 7.2099 5.2372 
178.0000 96.0000 20.8860 48.5537 5.4446 
179.0000 93.0000 49.3174 36.2157 12.6790 
180.0000 88.0000 7.0731 19.9931 13.5626 
181.0000 113.0000 20.4270 19.5548 13.7792 
182.0000 105.0000 23.0915 17.5765 12.2317 
183.0000 115.0000 6.2219 17.2121 5.6666 
184.0000 48.0000 43.8512 33.3478 6.1091 
185.0000 64.0000 10.5173 37.1409 11.1131 
186.0000 89.0000 34.9713 23.6991 13.7485 
187.0000 113.0000 39.2367 25.1905 7.5546 
188.0000 85.0000 7.4985 40.1822 6.3846 
189.0000 88.0000 42.5820 19.2472 14.3088 
190.0000 35.0000 11.1332 24.9647 6.2985 
191.0000 38.0000 18.0656 27.1587 9.6218 
192.0000 97.0000 29.2114 16.7121 14.9288 
193.0000 61.0000 19.8316 23.0354 9.2163 
194.0000 93.0000 33.3922 27.5685 7.7751 
195.0000 112.0000 23.3972 7.0051 9.3430 
196.0000 112.0000 16.1610 47.9942 5.2843 
197.0000 38.0000 20.2605 20.9764 9.7976 
198.0000 82.0000 20.8228 20.7287 8.9874 
199.0000 85.0000 24.1427 38.0082 14.5728 
200.0000 101.0000 38.4645 28.5630 9.1148 
201.0000 115.0000 13.7955 42.3922 11.4427 
202.0000 73.0000 29.1449 18.9321 7.4605 
203.0000 44.0000 47.6022 33.7682 7.4340 
204.0000 120.0000 39.9376 0.5172 10.0979 
205.0000 75.0000 38.3386 42.9643 12.9066 
206.0000 43.0000 41.7094 40.6007 13.0113 
207.0000 69.0000 45.4357 42.0919 12.8785 
208.0000 45.0000 22.4002 42.1585 10.8005 
209.0000 106.0000 46.4361 26.4992 5.2854 
210.0000 52.0000 31.2556 45.0499 5.7757 
211.0000 104.0000 5.2346 32.7283 9.4031 
212.0000 119.0000 43.1370 49.2465 11.1448 
213.0000 47.0000 46.9547 19.5793 6.2327 
214.0000 112.0000 28.9361 29.8743 10.2970 
215.0000 65.0000 21.9282 22.5622 13.3670 
216.0000 60.0000 21.4837 48.3323 9.1470 
217.0000 32.0000 5.2619 10.0044 13.2178 
218.0000 105.0000 17.6290 44.8790 7.4830 
219.0000 62.0000 42.7721 17.3528 9.5842 
220.0000 80.0000 46.9475 26.1601 13.7951 
221.0000 68.0000 28.3754 2.1366 11.9720 
222.0000 57.0000 8.1501 42.1732 14.5378 
223.0000 34.0000 40.3576 23.5641 6.0104 
224.0000 53.0000 12.2202 27.2443 11.8100 
225.0000 116.0000 3.8433 17.0357 7.7007 
226.0000 57.0000 25.0972 19.5274 11.3053 
227.0000 78.0000 8.1928 29.9963 6.6776 
228.0000 32.0000 27.8479 36.5860 8.2159 
229.0000 109.0000 45.2829 0.7531 14.8029 
230.0000 43.0000 28.8269 20.0543 11.1656 
231.0000 88.0000 45.4453 29.6821 6.0802 
232.0000 63.0000 5.2103 12.5546 11.9722 
233.0000 71.0000 30.6010 30.0891 6.3129 
234.0000 46.0000 45.6605 9.6891 9.6726 
235.0000 38.0000 30.5462 1.1137 14.8413 
236.0000 45.0000 39.7771 46.7875 5.6785 
237.0000 76.0000 38.5167 22.1177 9.8678 
238.0000 102.0000 6.7531 2.4353 5.6331 
239.0000 40.0000 9.8685 11.9118 14.4230 
240.0000 81.0000 20.9199 16.3064 14.0404 
241.0000 67.0000 48.8755 3.4071 8.8224 
242.0000 90.0000 38.0343 13.5272 12.5580 
243.0000 57.0000 37.8452 12.9660 7.8739 
244.0000 35.0000 28.7397 42.8149 6.2156 
245.0000 97.0000 9.4150 15.5960 12.5352 
246.0000 118.0000 1.9404 12.3345 8.4314 
247.0000 104.0000 26.0392 8.6767 10.6612 
248.0000 48.0000 9.4593 47.3199 13.2313 
249.0000 88.0000 29.3734 19.5813 13.6039 
250.0000 59.0000 2.5944 3.6568 9.9260 
251.0000 76.0000 14.4145 15.3370 14.4944 
252.0000 117.0000 19.7430 33.0232 12.3780 
253.0000 50.0000 38.7791 13.8295 13.8872 
254.0000 110.0000 27.2115 24.1515 8.5513 
255.0000 100.0000 19.2815 41.5809 5.7383 
256.0000 61.0000 5.1654 24.3671 14.5485 
257.0000 89.0000 32.8351 38.1788 6.0767 
258.0000 47.0000 45.9637 3.0810 12.2722 
259.0000 110.0000 29.9140 27.5740 9.5814 
260.0000 84.0000 1.2694 42.2306 14.0211 
261.0000 33.0000 4.5459 8.6658 10.8636 
262.0000 33.0000 32.4533 43.3221 11.5392 
263.0000 40.0000 20.4074 2.8113 10.1901 
264.0000 35.0000 16.7877 38.9672 5.0853 
265.0000 66.0000 25.8775 10.5208 11.4074 
266.0000 105.0000 34.8803 22.9781 6.6327 
267.0000 82.0000 33.4769 47.4429 9.5760 
268.0000 117.0000 36.1264 34.1002 11.0108 
269.0000 76.0000 30.9318 22.5406 8.2893 
270.0000 91.0000 7.6090 13.6751 10.4672 
271.0000 99.0000 24.5429 42.7208 14.2490 
272.0000 39.0000 14.0017 3.0052 12.7566 
273.0000 84.0000 11.9051 8.1726 6.9895 
274.0000 119.0000 22.9336 3.5073 10.4851 
275.0000 117.0000 11.9299 1.2630 6.3688 
276.0000 50.0000 11.0296 11.2132 8.5196 
277.0000 102.0000 45.0367 28.6813 10.6863 
278.0000 72.0000 13.6025 49.3588 7.7043 
279.0000 32.0000 1.4885 30.1628 11.0276 
280.0000 88.0000 38.8346 15.1181 5.3529 
281.0000 48.0000 4.6893 29.4731 11.7554 
282.0000 81.0000 8.6723 27.8339 8.5208 
283.0000 92.0000 18.8455 33.3266 11.6062 
284.0000 50.0000 44.2636 26.5773 14.6649 
285.0000 48.0000 35.9068 13.4881 14.3907 
286.0000 70.0000 20.1812 40.6213 8.2912 
287.0000 51.0000 18.3952 14.3836 9.5371 
288.0000 74.0000 20.7465 13.4734 5.8832 
289.0000 63.0000 42.5059 31.1672 5.1797 
290.0000 103.0000 28.9171 4.9249 8.9853 
291.0000 104.0000 48.9843 36.6711 12.0230 
292.0000 36.0000 25.9063 13.3054 6.8492 
293.0000 82.0000 11.0098 21.9059 12.4678 
294.0000 93.0000 17.1042 23.9114 8.2023 
295.0000 114.0000 28.2566 43.0302 6.1001 
296.0000 118.0000 40.0065 41.6115 11.0472 
297.0000 64.0000 28.4291 13.0601 7.5179 
298.0000 72.0000 1.8578 37.7396 9.8795 
299.0000 34.0000 48.4868 19.3760 10.3657 
300.0000 75.0000 0.3005 46.9286 13.3199 
301.0000 37.0000 25.6848 14.8886 7.6475 
302.0000 98.0000 12.6532 5.3609 7.7878 
303.0000 90.0000 42.5977 48.5344 14.8144 
304.0000 77.0000 38.9801 13.6170 5.6792 
305.0000 52.0000 29.8583 17.9586 12.2030 
306.0000 117.0000 35.4654 2.5529 12.4685 
307.0000 39.0000 0.0487 19.0976 7.1675 
308.0000 68.0000 15.4795 22.7336 7.4671 
309.0000 64.0000 36.6848 19.0879 13.5987 
310.0000 117.0000 38.4444 8.8801 9.9901 
311.0000 83.0000 44.7250 10.1197 8.9847 
312.0000 32.0000 33.8236 2.7107 11.6151 
313.0000 33.0000 40.1356 6.1436 13.0015 
314.0000 103.0000 43.4053 44.3813 7.1051 
315.0000 45.0000 46.3321 46.4557 10.9720 
316.0000 72.0000 28.4729 37.1096 9.8850 
317.0000 66.0000 11.0879 8.2513 10.1890 
318.0000 113.0000 48.2044 34.8443 8.3642 
319.0000 70.0000 7.3899 42.8643 9.7083 
320.0000 101.0000 40.3336 38.3290 5.9214 
321.0000 45.0000 35.4746 30.1237 14.6328 
322.0000 56.0000 30.1279 39.6068 6.8297 
323.0000 39.0000 32.4091 9.7628 7.5984 
324.0000 39.0000 48.8940 1.2947 13.7586 
325.0000 81.0000 35.0118 26.8165 11.2847 
326.0000 30.0000 37.7329 4.9710 5.0925 
327.0000 75.0000 35.9092 33.5338 13.5514 
328.0000 65.0000 27.0181 46.3802 11.4543 
329.0000 84.0000 44.1420 10.0588 14.6251 
330.0000 41.0000 9.6326 16.8440 14.4095 
331.0000 64.0000 1.1095 1.2316 8.3200 
332.0000 82.0000 28.2877 26.4202 13.2800 
333.0000 51.0000 37.7258 33.9211 11.5957 
334.0000 92.0000 44.5480 31.6650 6.4526 
335.0000 104.0000 6.8051 0.0303 8.2927 
336.0000 101.0000 26.9189 27.3707 5.4394 
337.0000 117.0000 35.4779 38.8649 8.6866 
338.0000 89.0000 10.9116 5.0292 13.5263 
339.0000 68.0000 9.3330 14.0577 14.4157 
340.0000 117.0000 11.2834 38.8377 6.7319 
341.0000 36.0000 13.9767 9.4868 8.1389 
342.0000 31.0000 33.9491 25.7649 8.2545 
343.0000 42.0000 47.1742 29.9356 14.8729 
344.0000 47.0000 4.0962 45.9442 12.1221 
345.0000 90.0000 37.0530 8.4346 14.5780 
346.0000 81.0000 29.5800 28.9406 10.4151 
347.0000 114.0000 32.4367 40.5304 6.6568 
348.0000 110.0000 28.4101 42.8146 9.1498 
349.0000 103.0000 24.8107 8.4262 14.5711 
350.0000 113.0000 48.2841 19.4086 7.9105 
351.0000 90.0000 7.3638 25.0641 11.8679 
352.0000 68.0000 17.5415 37.1484 11.7047 
353.0000 84.0000 5.7281 39.2559 5.3993 
354.0000 103.0000 16.9132 45.1694 11.8100 
355.0000 66.0000 42.0220 47.5380 5.3099 
356.0000 43.0000 47.4441 11.9274 13.9786 
357.0000 64.0000 6.9641 5.1263 12.5318 
358.0000 118.0000 9.5373 46.6508 13.9538 
359.0000 89.0000 48.8723 2.2076 14.4294 
360.0000 116.0000 36.3627 27.1169 5.7972 
361.0000 52.0000 29.6044 10.1187 10.3065 
362.0000 69.0000 45.7976 30.7471 12.6074 
363.0000 66.0000 10.3974 14.9476 7.9581 
364.0000 88.0000 37.6119 38.5311 10.7245 
365.0000 94.0000 3.6403 45.2222 9.7572 
366.0000 46.0000 30.7807 35.0979 11.1145 
367.0000 62.0000 0.1596 40.8475 8.1393 
368.0000 62.0000 20.1674 12.7789 9.1301 
369.0000 77.0000 14.4505 45.2306 14.0826 
370.0000 87.0000 14.4809 9.0517 6.1755 
371.0000 112.0000 48.9553 43.2953 12.4238 
372.0000 60.0000 18.1121 7.7986 8.4561 
373.0000 81.0000 40.6125 25.1685 12.9668 
374.0000 56.0000 31.1578 10.3279 9.7056 
375.0000 90.0000 28.5317 0.0072 9.4985 
376.0000 44.0000 28.9292 48.0810 5.3038 
377.0000 63.0000 27.8345 10.9281 12.0801 
378.0000 80.0000 5.1138 37.1537 12.4243 
379.0000 92.0000 21.7801 5.5897 10.2753 
380.0000 40.0000 16.6286 49.9271 5.2385 
381.0000 80.0000 5.7381 41.0021 5.1127 
382.0000 60.0000 1.6186 16.5680 11.8987 
383.0000 103.0000 11.1729 16.9759 5.6182 
384.0000 87.0000 34.8025 44.8006 8.8321 
385.0000 59.0000 14.4546 11.3589 9.3091 
386.0000 77.0000 6.5384 19.8277 10.4990 
387.0000 68.0000 48.6236 21.3967 8.5336 
388.0000 62.0000 31.6633 25.8209 7.6549 
389.0000 110.0000 38.8920 30.7235 6.3081 
390.0000 40.0000 0.9732 15.1004 5.3477 
391.0000 100.0000 31.5859 3.8827 6.7067 
392.0000 69.0000 33.2864 48.8134 7.7029 
393.0000 112.0000 15.1093 43.3107 14.7438 
394.0000 42.0000 45.6238 30.1658 8.3111 
395.0000 73.0000 22.6984 36.7692 12.3971 
396.0000 102.0000 41.3762 5.8293 10.0708 
397.0000 56.0000 13.8237 36.7011 13.4718 
398.0000 88.0000 48.9312 26.8108 10.3495 
399.0000 98.0000 5.3394 25.6973 6.2916 
400.0000 103.0000 44.1137 22.1589 7.6532 
401.0000 119.0000 38.3294 14.1913 13.1688 
402.0000 90.0000 33.8288 33.6783 9.9369 
403.0000 72.0000 10.9005 39.8611 9.1346 
404.0000 103.0000 14.6878 32.5685 6.7453 
405.0000 106.0000 45.9307 25.1957 8.3510 
406.0000 114.0000 12.9255 3.1136 6.9250 
407.0000 78.0000 9.5261 6.1617 11.5541 
408.0000 92.0000 2.8053 10.7813 6.3861 
409.0000 102.0000 1.6553 18.0145 13.6787 
410.0000 78.0000 36.6375 11.1745 6.6924 
411.0000 34.0000 17.3891 21.7363 13.2174 
412.0000 72.0000 36.6164 20.7667 7.2676 
413.0000 46.0000 8.5627 18.7272 12.4007 
414.0000 69.0000 16.4138 39.6070 8.2073 
415.0000 83.0000 32.0399 46.4577 12.6595 
416.0000 93.0000 43.5870 46.2640 13.8044 
417.0000 52.0000 1.0287 22.9192 12.8997 
418.0000 75.0000 4.5967 6.6096 7.0335 
419.0000 81.0000 45.0204 41.0395 6.6185 
420.0000 34.0000 11.4344 1.8227 5.2745 
421.0000 34.0000 25.8647 42.5063 5.6998 
422.0000 86.0000 46.0047 47.9196 5.3301 
423.0000 74.0000 36.4168 6.0338 13.6935 
424.0000 91.0000 32.6904 29.3786 7.0651 
425.0000 113.0000 31.5066 45.0575 5.7843 
426.0000 44.0000 42.0636 2.4968 7.6832 
427.0000 106.0000 16.0041 20.2707 14.1028 
428.0000 113.0000 37.3340 0.2384 14.5540 
429.0000 57.0000 41.1795 26.6128 12.3129 
430.0000 41.0000 43.7090 47.4666 7.2163 
431.0000 106.0000 16.3185 11.9116 13.0872 
432.0000 103.0000 40.6612 48.5971 10.3282 
433.0000 51.0000 32.2548 20.6554 7.1283 
434.0000 99.0000 8.3339 48.9045 6.2745 
435.0000 76.0000 7.6124 0.6150 13.6426 
436.0000 105.0000 43.1730 21.8795 9.9787 
437.0000 94.0000 46.5452 39.8892 8.3894 
438.0000 114.0000 27.4075 47.1783 13.6497 
439.0000 38.0000 43.2931 33.5605 6.4026 
440.0000 57.0000 20.7455 22.0543 11.0754 
441.0000 45.0000 34.3974 33.8516 9.0907 
442.0000 68.0000 47.7392 17.7313 5.8651 
443.0000 75.0000 26.6214 37.3487 10.2089 
444.0000 39.0000 43.8322 23.9063 11.4265 
445.0000 86.0000 38.0857 21.1229 6.1617 
446.0000 41.0000 0.2915 5.1812 14.0723 
447.0000 42.0000 21.3050 0.1981 10.5414 
448.0000 37.0000 21.6757 23.6899 9.2133 
449.0000 76.0000 24.7684 23.7872 9.6277 
450.0000 35.0000 49.8959 26.8641 8.7819 
