0.0000 0.0000 25.0000 25.0000 0.0000 
1.0000 56.0000 43.4953 26.9319 7.0059 
2.0000 114.0000 40.2820 9.8155 14.3690 
3.0000 120.0000 12.3515 20.7857 14.0728 
4.0000 111.0000 19.6501 29.9149 14.5292 
5.0000 51.0000 41.0708 9.1458 12.6992 
6.0000 43.0000 13.0671 22.3535 10.4268 
7.0000 43.0000 35.3640 47.1518 12.4092 
8.0000 85.0000 38.3482 33.4435 10.4453 
9.0000 82.0000 15.3549 12.0032 12.2058 
10.0000 75.0000 49.5046 20.9049 13.3716 
11.0000 108.0000 32.7945 49.0294 14.1097 
12.0000 55.0000 47.4270 47.0048 8.4071 
13.0000 109.0000 34.3683 40.9580 11.5567 
14.0000 92.0000 41.6691 40.4926 11.7198 
15.0000 36.0000 12.1796 46.7365 6.8785 
16.0000 51.0000 12.9398 36.6676 6.0377 
17.0000 97.0000 1.6841 37.4279 14.4842 
18.0000 79.0000 44.1516 6.9681 5.4626 
19.0000 42.0000 6.5242 28.5786 7.2798 
20.0000 79.0000 0.7510 12.3028 9.1551 
21.0000 78.0000 2.6035 0.2751 10.6613 
22.0000 102.0000 23.7603 33.4795 13.3930 
23.0000 118.0000 1.2816 0.4078 7.3634 
24.0000 67.0000 3.9015 31.5053 9.4866 
25.0000 45.0000 39.2937 27.3479 7.0410 
