0.0000 0.0000 25.0000 25.0000 0.0000 
1.0000 116.0000 42.7110 26.1666 11.9063 
2.0000 42.0000 32.5166 25.7847 5.8743 
3.0000 34.0000 30.3828 14.8481 5.0158 
4.0000 99.0000 32.5540 37.7938 12.5432 
5.0000 116.0000 18.9504 46.6530 11.0389 
6.0000 51.0000 5.3230 31.5478 13.4860 
7.0000 31.0000 6.7717 49.7566 13.6140 
8.0000 71.0000 40.9261 30.8574 8.8134 
9.0000 25.0000 5.2922 11.5701 13.6553 
10.0000 56.0000 25.6582 12.9246 9.6297 
11.0000 85.0000 24.8691 7.7783 6.8570 
12.0000 52.0000 40.2764 23.6442 6.6076 
13.0000 80.0000 30.8988 31.9989 9.5215 
14.0000 21.0000 32.1009 34.0483 14.4807 
15.0000 118.0000 5.7155 21.1682 14.3373 
16.0000 50.0000 31.2134 2.0470 12.8338 
17.0000 21.0000 39.2772 8.2919 8.8055 
18.0000 33.0000 42.2244 33.1685 7.8863 
19.0000 85.0000 6.9498 23.8851 5.6493 
20.0000 55.0000 9.2083 9.2548 11.3495 
21.0000 26.0000 12.9241 37.3490 9.9597 
22.0000 109.0000 10.4848 46.1085 5.8262 
23.0000 91.0000 41.9511 49.1232 7.7327 
24.0000 36.0000 5.7044 33.9500 8.7937 
25.0000 62.0000 36.7843 13.9055 5.3123 
26.0000 57.0000 25.2138 23.0372 8.3924 
27.0000 84.0000 16.4435 0.5181 11.5230 
28.0000 73.0000 2.9156 31.5134 14.1501 
29.0000 114.0000 0.7409 20.9060 12.5466 
30.0000 28.0000 40.2655 3.5387 14.8062 
31.0000 23.0000 27.5629 34.1800 14.8769 
32.0000 102.0000 42.9989 22.2766 6.7646 
33.0000 31.0000 30.4437 39.6278 12.8828 
34.0000 87.0000 44.4475 22.9394 9.8118 
35.0000 72.0000 31.2368 17.1856 10.8336 
36.0000 115.0000 38.7996 31.4079 14.2046 
37.0000 91.0000 20.6325 11.2567 6.5856 
38.0000 52.0000 41.3063 13.6403 14.9054 
39.0000 29.0000 30.5764 28.8847 6.8623 
40.0000 68.0000 47.9029 48.7001 12.7554 
41.0000 35.0000 46.1514 24.9627 9.6177 
42.0000 24.0000 29.5668 40.2349 8.8004 
43.0000 34.0000 7.3855 10.6883 6.5831 
44.0000 47.0000 48.5278 40.6928 7.0424 
45.0000 61.0000 10.3595 48.8466 8.7877 
46.0000 42.0000 34.0398 34.0166 11.2104 
47.0000 79.0000 45.4550 11.4974 5.9532 
48.0000 111.0000 7.2972 34.9307 9.6712 
49.0000 89.0000 23.8781 14.6654 8.5603 
50.0000 65.0000 19.0514 46.6532 14.1568 
51.0000 74.0000 12.9513 21.2956 10.0534 
52.0000 115.0000 36.3249 4.8656 6.7016 
53.0000 29.0000 5.1623 33.7980 7.4895 
54.0000 115.0000 2.2360 44.5098 7.1131 
55.0000 74.0000 0.3500 23.3289 9.2559 
56.0000 92.0000 14.5206 34.1450 6.8624 
57.0000 38.0000 10.2814 10.1906 6.8181 
58.0000 106.0000 22.2388 24.2222 8.8753 
59.0000 46.0000 1.1710 18.9960 12.5588 
60.0000 78.0000 0.4195 37.6877 8.8101 
61.0000 27.0000 37.3699 34.5364 12.7140 
62.0000 105.0000 14.7545 33.8941 5.8372 
63.0000 100.0000 38.2705 1.6678 13.1682 
64.0000 31.0000 36.0027 25.6710 9.1793 
65.0000 46.0000 4.6114 20.3957 10.1771 
66.0000 83.0000 45.7105 39.0622 13.4931 
67.0000 118.0000 9.6576 8.2926 10.8680 
68.0000 57.0000 38.5181 26.2117 5.3233 
69.0000 102.0000 32.0161 35.0428 7.6961 
70.0000 117.0000 23.2005 31.2998 6.3204 
71.0000 119.0000 4.9414 47.2879 7.2527 
72.0000 30.0000 35.6168 1.3095 8.5717 
73.0000 54.0000 14.1169 19.9662 10.2711 
74.0000 42.0000 41.8847 45.9619 10.7817 
75.0000 25.0000 21.8872 34.9885 7.2884 
76.0000 67.0000 41.3893 2.4269 7.8576 
77.0000 86.0000 7.2766 15.3690 6.7047 
78.0000 58.0000 45.8112 49.6226 8.3055 
79.0000 91.0000 3.0726 25.6381 13.2938 
80.0000 33.0000 47.2655 25.4446 5.5799 
81.0000 107.0000 22.4371 25.7065 10.7475 
82.0000 42.0000 37.1570 0.6455 8.1580 
83.0000 88.0000 7.7280 28.6030 13.9137 
84.0000 116.0000 5.2446 5.5292 11.1944 
85.0000 68.0000 27.6205 15.4894 6.8022 
86.0000 80.0000 25.3407 21.6527 9.0579 
87.0000 74.0000 4.5179 25.1767 7.1960 
88.0000 83.0000 16.2814 32.2881 5.4814 
89.0000 73.0000 48.5759 25.8711 8.7932 
90.0000 40.0000 5.9971 13.5070 11.6602 
91.0000 102.0000 23.0357 6.6920 5.7650 
92.0000 35.0000 37.4721 36.0278 7.6266 
93.0000 94.0000 20.0724 30.8608 14.4452 
94.0000 56.0000 20.5126 5.8208 13.3953 
95.0000 108.0000 23.1946 23.7949 14.8379 
96.0000 67.0000 10.3712 24.2361 5.7035 
97.0000 32.0000 33.9664 33.2746 5.9718 
98.0000 86.0000 44.5107 44.9562 6.5139 
99.0000 36.0000 35.9680 2.2946 13.6741 
100.0000 104.0000 9.0736 2.1223 11.2425 
