0.0000   0.0000   0.0000   0.0000
1.0000   62.0000   16.3755   26.0172
2.0000   74.0000   13.9957   36.7272
3.0000   82.0000   39.3618   9.3109
4.0000   119.0000   0.8990   7.2774
5.0000   95.0000   17.7215   34.2562
6.0000   116.0000   47.0204   24.8513
7.0000   65.0000   47.2155   21.5019
8.0000   37.0000   9.2853   32.6611
9.0000   70.0000   31.1609   29.4906
10.0000   63.0000   21.4969   19.5560
11.0000   66.0000   21.5747   48.9115
12.0000   29.0000   26.6685   44.9549
13.0000   54.0000   32.1027   22.1256
14.0000   117.0000   43.8230   12.9528
15.0000   93.0000   49.4115   42.7512
16.0000   95.0000   26.2545   31.6973
17.0000   27.0000   44.8950   47.1564
18.0000   87.0000   19.5033   7.0506
19.0000   50.0000   12.4934   5.3834
20.0000   95.0000   0.1474   48.5410
21.0000   78.0000   17.0989   16.7036
22.0000   102.0000   34.8968   13.4270
23.0000   72.0000   16.7114   14.1388
24.0000   108.0000   46.7084   42.1739
25.0000   118.0000   20.1697   14.6998
26.0000   100.0000   7.0947   7.1416
27.0000   58.0000   27.2597   21.9762
28.0000   48.0000   37.6311   2.0935
29.0000   81.0000   49.7492   31.2674
30.0000   47.0000   7.5168   3.1575
31.0000   78.0000   47.7283   12.8074
32.0000   93.0000   39.5601   8.9396
33.0000   40.0000   35.0970   25.6609
34.0000   86.0000   13.4293   28.2971
35.0000   61.0000   46.3065   35.5452
36.0000   105.0000   0.4599   46.9360
37.0000   44.0000   9.3421   15.8208
38.0000   50.0000   20.5700   1.4704
39.0000   46.0000   40.3721   37.9291
40.0000   96.0000   41.2222   20.5244
41.0000   69.0000   41.7566   46.9021
42.0000   63.0000   41.7454   12.6018
43.0000   94.0000   40.3008   22.5707
44.0000   112.0000   37.3942   15.4287
45.0000   109.0000   28.5416   24.0746
46.0000   35.0000   26.7344   19.0037
47.0000   41.0000   25.1843   9.1257
48.0000   71.0000   1.7063   37.5446
49.0000   120.0000   9.6033   5.5166
50.0000   69.0000   37.5274   28.8719
51.0000   98.0000   27.1767   38.4658
52.0000   118.0000   13.9544   36.3146
53.0000   56.0000   0.5768   12.3659
54.0000   89.0000   18.6069   9.5483
55.0000   41.0000   1.2344   13.0469
56.0000   90.0000   40.2764   34.6322
57.0000   88.0000   17.1465   8.9125
58.0000   93.0000   26.7107   17.1811
59.0000   69.0000   22.1012   19.9603
60.0000   74.0000   38.6116   38.4244
61.0000   117.0000   13.8699   17.9421
62.0000   67.0000   1.9270   44.1727
63.0000   99.0000   42.3560   19.1326
64.0000   64.0000   2.5763   24.0339
65.0000   62.0000   48.0732   42.4271
66.0000   56.0000   4.1574   45.1950
67.0000   67.0000   7.6123   2.2733
68.0000   72.0000   40.2399   22.8043
69.0000   50.0000   7.3717   39.0490
70.0000   28.0000   45.0809   0.2565
71.0000   115.0000   28.1844   44.7564
72.0000   60.0000   36.2970   2.1143
73.0000   75.0000   43.7150   19.7589
74.0000   99.0000   18.2870   22.5450
75.0000   103.0000   1.8066   27.2536
76.0000   96.0000   49.2801   30.8090
77.0000   27.0000   31.5618   5.2219
78.0000   32.0000   10.8189   42.7548
79.0000   66.0000   15.5847   44.2071
80.0000   38.0000   41.4790   11.9529
81.0000   48.0000   12.7287   6.9126
82.0000   97.0000   32.9140   11.7888
83.0000   25.0000   7.6899   27.3466
84.0000   87.0000   21.3708   36.3798
85.0000   110.0000   19.3382   28.9472
86.0000   72.0000   11.9905   33.6095
87.0000   114.0000   14.4831   6.4416
88.0000   114.0000   0.4379   47.6779
89.0000   37.0000   1.9975   40.1417
90.0000   54.0000   46.4878   40.2584
91.0000   40.0000   36.4444   17.4389
92.0000   84.0000   14.2780   5.1279
93.0000   50.0000   1.7408   30.1909
94.0000   109.0000   48.4492   4.8326
95.0000   23.0000   5.7856   13.2342
96.0000   27.0000   8.1770   21.2992
97.0000   95.0000   29.7151   16.3804
98.0000   97.0000   38.7607   40.2721
99.0000   109.0000   16.0938   32.7115
100.0000   34.0000   45.5006   35.4966
101.0000   93.0000   37.1075   38.8958
102.0000   47.0000   42.8823   2.2983
103.0000   62.0000   49.8510   14.3836
104.0000   68.0000   34.5436   28.0904
105.0000   22.0000   5.7353   30.1271
106.0000   73.0000   26.5305   40.7989
107.0000   49.0000   21.2913   48.3778
108.0000   36.0000   5.5957   44.1281
109.0000   83.0000   28.1092   43.9064
110.0000   34.0000   8.7920   5.5747
111.0000   75.0000   17.8082   9.9812
112.0000   76.0000   14.8031   28.0588
113.0000   59.0000   18.3878   36.4000
114.0000   55.0000   12.7825   4.3316
115.0000   55.0000   21.1819   13.6090
116.0000   85.0000   40.4722   22.8748
117.0000   99.0000   15.4158   2.8546
118.0000   53.0000   45.8404   5.5943
119.0000   100.0000   26.7641   35.6567
120.0000   43.0000   4.2609   28.6263
121.0000   108.0000   3.6293   41.3410
122.0000   31.0000   27.6103   17.0673
123.0000   67.0000   4.0825   16.1230
124.0000   97.0000   32.2304   11.8485
125.0000   74.0000   8.0431   17.2821
126.0000   85.0000   8.7174   40.9009
127.0000   75.0000   12.7433   7.5612
128.0000   46.0000   11.4669   8.0343
129.0000   88.0000   44.5193   5.9952
130.0000   22.0000   46.3665   41.0226
131.0000   94.0000   13.7417   22.5043
132.0000   104.0000   25.0279   48.5051
133.0000   101.0000   4.4766   7.5264
134.0000   115.0000   4.0751   14.1836
135.0000   97.0000   19.1653   42.8538
136.0000   40.0000   6.1349   10.6739
137.0000   40.0000   30.3743   45.7574
138.0000   101.0000   40.8127   40.4874
139.0000   21.0000   32.3221   11.4900
140.0000   33.0000   27.5824   15.1724
141.0000   58.0000   33.9004   11.6965
142.0000   86.0000   21.1756   8.2290
143.0000   103.0000   25.1524   33.9948
144.0000   26.0000   15.0592   11.2138
145.0000   26.0000   33.6831   43.4801
146.0000   57.0000   0.9676   20.5720
147.0000   71.0000   37.0830   16.5072
148.0000   111.0000   7.0887   42.9813
149.0000   65.0000   34.7803   36.5025
150.0000   66.0000   32.1719   26.6388
151.0000   70.0000   22.1102   31.0807
152.0000   76.0000   2.6781   43.2648
153.0000   120.0000   26.7609   4.5863
154.0000   99.0000   26.9248   25.3824
155.0000   25.0000   47.5909   37.8375
156.0000   108.0000   42.7966   35.5611
157.0000   30.0000   8.9130   21.4556
158.0000   56.0000   30.0626   42.1283
159.0000   47.0000   20.7116   7.7346
160.0000   61.0000   34.3156   7.6260
161.0000   68.0000   16.0399   49.1408
162.0000   77.0000   46.9168   25.4620
163.0000   29.0000   19.4943   28.4719
164.0000   95.0000   44.3280   12.7999
165.0000   55.0000   43.6788   26.8368
166.0000   38.0000   18.4011   27.2711
167.0000   119.0000   11.0027   13.2616
168.0000   66.0000   16.1849   4.3955
169.0000   110.0000   31.3977   12.6940
170.0000   88.0000   29.2180   32.9645
171.0000   88.0000   21.7182   15.8650
172.0000   74.0000   31.4542   19.4765
173.0000   43.0000   41.3068   0.5524
174.0000   55.0000   1.5807   15.6574
175.0000   26.0000   11.2853   2.6834
176.0000   113.0000   17.8990   31.5455
177.0000   79.0000   35.2257   11.3521
178.0000   44.0000   48.8787   36.6045
179.0000   113.0000   13.0150   3.1424
180.0000   83.0000   16.6760   47.5971
181.0000   102.0000   22.9383   41.0378
182.0000   105.0000   11.3430   15.8575
183.0000   61.0000   2.7475   20.8696
184.0000   44.0000   42.4506   22.8727
185.0000   115.0000   12.5400   4.9692
186.0000   28.0000   41.1692   9.5160
187.0000   102.0000   0.7942   46.5517
188.0000   73.0000   28.5689   20.1287
189.0000   101.0000   36.2472   30.2367
190.0000   50.0000   49.8136   36.2342
191.0000   50.0000   38.1263   14.0620
192.0000   52.0000   11.9142   48.8922
193.0000   46.0000   4.4050   24.8230
194.0000   51.0000   43.4062   9.3584
195.0000   72.0000   39.6546   38.4152
196.0000   61.0000   29.4298   23.5134
197.0000   24.0000   15.3138   19.2234
198.0000   80.0000   27.2078   41.5861
199.0000   44.0000   36.6045   8.3793
200.0000   98.0000   44.0850   12.2534
201.0000   76.0000   36.9883   18.1440
202.0000   104.0000   19.5231   46.7226
203.0000   115.0000   12.2871   14.1326
204.0000   57.0000   17.8991   14.1217
205.0000   59.0000   44.9882   31.0106
206.0000   26.0000   6.6749   24.1054
207.0000   85.0000   7.9319   0.5112
208.0000   95.0000   23.3785   16.8367
209.0000   20.0000   4.9331   23.8520
210.0000   51.0000   8.4199   38.5342
211.0000   82.0000   9.8644   32.0773
212.0000   88.0000   21.4315   11.5240
213.0000   119.0000   24.9545   12.8913
214.0000   37.0000   3.0550   19.5590
215.0000   99.0000   18.1475   23.2947
216.0000   64.0000   47.1489   33.1546
217.0000   87.0000   9.5978   2.5903
218.0000   23.0000   10.1345   44.6435
219.0000   103.0000   40.0741   11.4390
220.0000   35.0000   0.6558   40.9948
221.0000   38.0000   9.5460   15.3255
222.0000   95.0000   38.8604   20.9516
223.0000   114.0000   48.2446   2.1089
224.0000   50.0000   49.2838   0.0033
225.0000   71.0000   7.3285   8.8519
226.0000   52.0000   14.9895   28.0358
227.0000   27.0000   31.0263   26.8325
228.0000   79.0000   22.5676   31.0308
229.0000   57.0000   13.6209   43.4383
230.0000   110.0000   28.2610   19.6617
231.0000   41.0000   2.0093   48.6599
232.0000   60.0000   36.3638   19.7764
233.0000   77.0000   10.0607   28.1624
234.0000   36.0000   48.8569   31.1446
235.0000   69.0000   5.8858   32.3692
236.0000   95.0000   15.4424   33.1188
237.0000   21.0000   25.0745   22.9711
238.0000   108.0000   10.5167   1.1741
239.0000   40.0000   43.0540   49.4014
240.0000   60.0000   24.4485   15.4154
241.0000   67.0000   20.1313   23.4793
242.0000   116.0000   39.3475   6.5663
243.0000   25.0000   38.7185   15.7761
244.0000   54.0000   34.1670   31.5532
245.0000   104.0000   3.3583   8.0848
246.0000   100.0000   21.0055   4.1444
247.0000   101.0000   35.2420   43.0353
248.0000   61.0000   7.9872   28.2466
249.0000   101.0000   13.2309   17.9576
250.0000   54.0000   20.8588   9.2602
251.0000   92.0000   9.9588   15.7594
252.0000   51.0000   10.4446   45.4375
253.0000   56.0000   21.6114   30.5792
254.0000   80.0000   0.7378   49.6358
255.0000   84.0000   24.6528   44.9219
256.0000   43.0000   10.3644   44.7728
257.0000   112.0000   24.5026   49.3897
258.0000   98.0000   43.8701   36.8464
259.0000   81.0000   0.3707   35.7486
260.0000   89.0000   39.7155   7.1838
261.0000   116.0000   11.8651   43.2417
262.0000   64.0000   14.2992   31.5586
263.0000   118.0000   32.7302   28.0848
264.0000   20.0000   11.8236   48.9774
265.0000   27.0000   0.8939   39.9740
266.0000   38.0000   1.6582   8.0468
267.0000   61.0000   46.6705   19.0438
268.0000   114.0000   19.9097   7.5306
269.0000   91.0000   30.7446   33.3621
270.0000   54.0000   9.9632   3.9974
271.0000   90.0000   45.4539   41.3983
272.0000   59.0000   6.8605   11.9193
273.0000   97.0000   12.0900   0.2703
274.0000   84.0000   6.8299   36.5113
275.0000   72.0000   6.4772   17.8725
276.0000   89.0000   6.9300   16.6339
277.0000   78.0000   2.8549   24.4959
278.0000   43.0000   39.1476   28.3051
279.0000   95.0000   40.1963   33.5366
280.0000   101.0000   25.4564   11.5553
281.0000   60.0000   42.0084   10.1165
282.0000   59.0000   40.6924   3.6802
283.0000   99.0000   20.3510   7.9497
284.0000   75.0000   15.6854   14.5599
285.0000   41.0000   24.0376   35.1853
286.0000   95.0000   10.1854   31.2584
287.0000   37.0000   48.3682   2.2632
288.0000   83.0000   7.8667   19.4434
289.0000   98.0000   46.1634   15.0248
290.0000   115.0000   28.4170   19.6804
291.0000   72.0000   24.1374   4.2060
292.0000   71.0000   29.5170   17.3743
293.0000   97.0000   0.8131   43.8597
294.0000   49.0000   14.3518   8.7038
295.0000   38.0000   0.2078   44.5557
296.0000   90.0000   49.7683   34.1095
297.0000   89.0000   27.2127   22.3488
298.0000   61.0000   23.6988   8.0919
299.0000   101.0000   46.2560   6.1695
300.0000   76.0000   26.7579   8.3712
301.0000   69.0000   16.8349   1.7370
302.0000   93.0000   9.6756   33.7055
303.0000   81.0000   49.1756   26.1663
304.0000   45.0000   26.2331   1.2992
305.0000   65.0000   49.6003   2.3132
306.0000   104.0000   36.7199   20.5664
307.0000   60.0000   15.7702   22.8914
308.0000   115.0000   14.4186   49.7310
309.0000   101.0000   9.0061   41.5221
310.0000   117.0000   20.2140   24.5243
311.0000   61.0000   16.6907   34.5363
312.0000   91.0000   40.4978   16.1760
313.0000   93.0000   2.9590   31.0958
314.0000   106.0000   40.6465   46.0959
315.0000   109.0000   8.3856   23.3120
316.0000   114.0000   4.1909   29.2318
317.0000   46.0000   41.3668   14.8627
318.0000   45.0000   21.0222   21.5597
319.0000   31.0000   12.6732   8.0343
320.0000   65.0000   40.5500   26.2076
321.0000   37.0000   15.3289   24.8784
322.0000   27.0000   26.5872   4.0649
323.0000   40.0000   29.7232   16.8425
324.0000   36.0000   18.9133   8.1831
325.0000   84.0000   33.5597   0.0555
326.0000   111.0000   4.9112   21.9136
327.0000   90.0000   33.8517   44.2561
328.0000   96.0000   34.9574   48.3155
329.0000   27.0000   28.1522   10.7576
330.0000   99.0000   47.6981   12.2607
331.0000   23.0000   36.1285   16.3215
332.0000   79.0000   18.3200   10.2997
333.0000   52.0000   3.5536   16.4654
334.0000   115.0000   13.7716   12.9131
335.0000   30.0000   16.6639   44.5345
336.0000   25.0000   2.3496   44.6849
337.0000   99.0000   14.7877   34.9712
338.0000   57.0000   20.3186   2.9320
339.0000   83.0000   43.7430   22.1212
340.0000   75.0000   14.9284   21.9093
341.0000   52.0000   28.8928   42.8476
342.0000   54.0000   9.7147   44.3284
343.0000   63.0000   19.3489   20.3453
344.0000   81.0000   3.9552   15.9324
345.0000   62.0000   27.1566   16.6407
346.0000   104.0000   20.4637   5.9296
347.0000   45.0000   23.0597   44.7397
348.0000   50.0000   19.7427   29.9876
349.0000   99.0000   27.3739   19.8926
350.0000   102.0000   4.6364   4.5297
