0.0000 0.0000 25.0000 25.0000 0.0000 
1.0000 70.0000 39.2863 46.2140 6.3778 
2.0000 87.0000 43.1020 35.1670 13.7766 
3.0000 149.0000 1.2589 27.2187 5.1788 
4.0000 93.0000 19.7523 5.3817 12.3501 
5.0000 84.0000 46.1841 25.5388 7.0705 
6.0000 78.0000 36.1443 15.0736 8.2068 
7.0000 142.0000 2.9336 14.1544 6.3821 
8.0000 141.0000 14.7182 0.1810 9.1568 
9.0000 88.0000 40.0952 39.8600 13.4437 
10.0000 97.0000 35.0541 45.2746 6.8233 
11.0000 64.0000 49.8889 3.8853 8.4484 
12.0000 76.0000 15.6648 41.0209 6.5609 
13.0000 148.0000 42.7467 12.9638 14.7067 
14.0000 94.0000 5.3350 22.2401 8.4678 
15.0000 92.0000 27.8652 22.5933 7.6845 
16.0000 79.0000 34.2525 36.1741 12.6472 
17.0000 67.0000 3.9818 26.8449 7.9115 
18.0000 115.0000 17.8659 35.3408 9.4546 
19.0000 140.0000 44.8138 26.1839 13.9542 
20.0000 143.0000 6.3824 20.6834 9.5133 
21.0000 118.0000 23.1395 25.1387 8.7836 
22.0000 139.0000 2.8154 21.1896 10.2260 
23.0000 73.0000 7.8193 19.4677 7.1983 
24.0000 65.0000 8.3846 20.8746 14.7968 
25.0000 101.0000 43.3289 10.1271 11.4493 
26.0000 72.0000 13.6582 42.8501 13.2053 
27.0000 110.0000 47.8999 26.9034 9.5385 
28.0000 140.0000 22.8037 3.6728 9.0805 
29.0000 96.0000 24.4812 26.2983 12.7648 
30.0000 100.0000 12.4578 41.4825 5.3820 
31.0000 71.0000 40.5493 39.0855 7.5032 
32.0000 130.0000 8.5510 47.8007 7.0859 
33.0000 93.0000 32.2936 24.7809 5.7359 
34.0000 84.0000 34.0053 17.1424 6.8373 
35.0000 145.0000 0.2706 8.8895 6.4365 
36.0000 78.0000 16.8523 3.4829 8.9285 
37.0000 79.0000 46.0309 4.9896 9.7662 
38.0000 128.0000 26.8576 7.6416 13.2607 
39.0000 125.0000 3.1136 37.0612 10.2534 
40.0000 136.0000 28.7222 38.2356 6.8502 
41.0000 143.0000 2.8541 16.0225 8.6581 
42.0000 150.0000 40.9565 32.4757 8.0482 
43.0000 125.0000 38.7674 21.1045 6.3603 
44.0000 84.0000 26.2717 30.3646 12.5621 
45.0000 94.0000 10.9383 42.3161 13.5458 
46.0000 80.0000 23.3659 37.4442 11.1266 
47.0000 99.0000 6.9654 15.8712 9.7362 
48.0000 148.0000 9.6298 12.1078 7.9204 
49.0000 132.0000 3.5722 22.6908 12.1739 
50.0000 127.0000 3.8423 35.4488 14.4806 
51.0000 135.0000 44.6041 46.6283 14.7779 
52.0000 82.0000 33.4364 43.4388 5.8280 
53.0000 117.0000 0.7575 30.6498 7.7243 
54.0000 143.0000 46.4158 19.6350 13.2910 
55.0000 145.0000 47.5918 23.7465 6.6044 
56.0000 100.0000 32.8882 43.3435 13.1045 
57.0000 75.0000 6.6925 17.9853 10.0236 
58.0000 126.0000 20.6005 9.5130 12.7149 
59.0000 62.0000 0.5595 46.8859 9.2395 
60.0000 150.0000 35.9880 34.7832 12.4108 
61.0000 61.0000 47.2952 17.1677 9.7999 
62.0000 148.0000 17.6348 16.4261 12.8125 
63.0000 109.0000 32.5550 48.0570 9.4218 
64.0000 102.0000 31.2540 0.0244 7.9595 
65.0000 137.0000 44.4673 37.5853 14.4410 
66.0000 130.0000 2.7535 42.5002 13.7015 
67.0000 96.0000 43.1448 5.5888 12.9026 
68.0000 77.0000 23.1152 7.5298 14.2743 
69.0000 92.0000 35.5080 15.3470 11.7836 
70.0000 82.0000 5.9063 1.3638 10.2612 
71.0000 98.0000 36.1896 42.5172 9.0555 
72.0000 135.0000 42.2239 46.5958 5.2946 
73.0000 135.0000 42.9446 37.5512 10.9954 
74.0000 126.0000 30.0327 10.8392 8.5479 
75.0000 113.0000 21.7735 15.9508 13.5554 
76.0000 62.0000 47.7947 14.6139 7.6510 
77.0000 135.0000 41.9483 17.5740 9.0702 
78.0000 121.0000 17.5725 21.3316 12.1556 
79.0000 82.0000 7.7962 7.6263 10.3994 
80.0000 130.0000 34.7900 22.2208 9.9232 
81.0000 137.0000 19.8609 39.1581 5.3134 
82.0000 150.0000 0.4986 46.1994 9.6261 
83.0000 135.0000 16.2934 12.3315 9.2884 
84.0000 108.0000 0.0742 16.0006 8.6358 
85.0000 66.0000 43.6160 42.0809 14.4284 
86.0000 106.0000 4.7555 30.8542 7.7888 
87.0000 110.0000 39.0315 37.5532 8.5687 
88.0000 136.0000 41.2600 10.8429 14.3978 
89.0000 125.0000 36.3630 25.4273 13.6291 
90.0000 126.0000 12.4696 15.3232 7.2014 
91.0000 92.0000 25.4642 44.9505 9.2431 
92.0000 144.0000 8.8905 23.6032 7.6806 
93.0000 103.0000 10.7532 13.0024 11.3226 
94.0000 128.0000 32.9402 32.9227 10.7671 
95.0000 70.0000 5.7862 21.1692 10.7256 
96.0000 93.0000 22.3287 2.8235 8.7722 
97.0000 100.0000 9.7827 35.0253 14.5536 
98.0000 67.0000 13.5020 13.6369 12.2718 
99.0000 79.0000 16.8509 27.3938 5.1822 
100.0000 133.0000 9.1229 15.6279 11.1374 
101.0000 132.0000 3.9855 48.6560 11.6980 
102.0000 86.0000 31.5761 7.1354 6.7700 
103.0000 89.0000 48.5805 14.5275 12.1922 
104.0000 98.0000 23.4345 20.6108 7.9255 
105.0000 133.0000 22.2398 5.9163 8.0078 
106.0000 89.0000 33.4088 41.3282 8.1132 
107.0000 72.0000 9.4887 19.5921 9.4257 
108.0000 121.0000 34.0794 12.6202 9.9720 
109.0000 109.0000 29.9760 33.3563 7.8450 
110.0000 136.0000 28.0554 7.8530 10.5024 
111.0000 104.0000 31.4699 34.0714 9.0872 
112.0000 126.0000 10.4644 21.6381 5.1398 
113.0000 145.0000 2.6345 32.4641 9.8035 
114.0000 125.0000 30.5928 44.4451 10.8941 
115.0000 81.0000 23.2630 37.7293 14.2386 
116.0000 119.0000 41.8123 44.1854 12.5213 
117.0000 125.0000 13.2456 48.5089 12.9008 
118.0000 61.0000 8.1566 35.7025 9.1244 
119.0000 80.0000 22.2768 3.5194 7.5090 
120.0000 60.0000 45.9213 4.0257 5.8392 
121.0000 74.0000 24.9133 4.6331 6.6447 
122.0000 96.0000 7.6313 10.6905 13.3047 
123.0000 114.0000 6.8941 1.3201 11.7637 
124.0000 72.0000 34.5738 22.7319 11.2283 
125.0000 102.0000 21.8388 15.6272 13.0716 
126.0000 70.0000 11.4946 45.8691 14.0110 
127.0000 75.0000 10.3738 9.9979 6.7275 
128.0000 149.0000 26.8454 23.7703 5.7162 
129.0000 75.0000 29.3254 49.1409 11.6867 
130.0000 143.0000 6.7529 5.1069 6.1719 
131.0000 87.0000 42.2962 26.4813 14.6922 
132.0000 74.0000 32.9316 26.2018 7.0869 
133.0000 150.0000 43.7398 23.9905 11.6217 
134.0000 113.0000 11.6643 11.3443 5.3455 
135.0000 133.0000 20.1442 40.0646 9.9944 
136.0000 86.0000 26.4956 45.9106 6.6912 
137.0000 74.0000 18.9456 21.2801 9.9502 
138.0000 132.0000 10.7542 32.7831 6.3040 
139.0000 91.0000 45.8216 30.3271 14.1654 
140.0000 137.0000 15.2231 42.3905 5.7628 
141.0000 121.0000 25.5251 10.9036 5.4761 
142.0000 124.0000 1.3435 10.3613 5.5647 
143.0000 64.0000 11.8529 34.0171 7.1566 
144.0000 104.0000 11.3358 0.7274 6.8980 
145.0000 113.0000 21.9528 2.2421 8.4262 
146.0000 69.0000 35.3401 13.3258 9.9528 
147.0000 128.0000 35.9757 34.4541 10.1799 
148.0000 66.0000 25.3763 31.8037 11.6315 
149.0000 113.0000 10.6331 0.8217 11.7826 
150.0000 60.0000 42.6421 30.2413 13.9321 
151.0000 132.0000 41.4551 10.9914 8.6210 
152.0000 70.0000 47.8393 49.7899 13.2374 
153.0000 97.0000 7.8820 45.5625 9.2340 
154.0000 134.0000 21.3308 7.8933 12.6990 
155.0000 143.0000 12.3074 27.6026 5.3235 
156.0000 117.0000 39.4607 31.2716 10.7183 
157.0000 85.0000 2.8725 16.1769 13.4939 
158.0000 90.0000 8.2513 41.0375 7.8535 
159.0000 139.0000 39.8713 15.6786 10.6247 
160.0000 111.0000 21.7018 2.9526 14.6673 
161.0000 123.0000 12.5463 29.9661 14.0230 
162.0000 79.0000 24.9274 25.7309 6.8705 
163.0000 86.0000 49.8424 7.5116 14.5404 
164.0000 119.0000 35.7080 33.5748 5.6997 
165.0000 120.0000 5.3711 42.2965 13.0663 
166.0000 148.0000 3.6247 31.4428 5.7610 
167.0000 92.0000 28.5627 49.8385 7.6458 
168.0000 135.0000 10.2874 38.2347 12.6948 
169.0000 132.0000 40.6278 18.1467 6.5212 
170.0000 97.0000 22.9756 5.9869 11.7194 
171.0000 101.0000 37.2846 35.6489 13.2884 
172.0000 95.0000 12.2879 35.9689 7.1980 
173.0000 102.0000 22.9818 21.7347 8.6040 
174.0000 115.0000 44.7662 17.2460 13.8336 
175.0000 82.0000 26.1218 29.8978 12.9915 
176.0000 72.0000 28.4031 19.0861 14.2614 
177.0000 79.0000 34.7123 32.5245 14.2733 
178.0000 64.0000 20.8318 14.0629 14.2772 
179.0000 107.0000 44.6550 27.9466 8.6692 
180.0000 97.0000 8.3885 0.3208 11.2782 
181.0000 115.0000 14.5242 10.0491 5.7361 
182.0000 71.0000 9.9232 36.1812 6.3423 
183.0000 131.0000 25.1603 13.9363 11.3569 
184.0000 89.0000 17.7108 2.3465 13.5648 
185.0000 108.0000 5.9409 2.1783 5.9571 
186.0000 76.0000 24.2919 45.0623 13.1062 
187.0000 147.0000 15.2934 34.5397 14.3318 
188.0000 150.0000 21.2318 2.4404 11.1870 
189.0000 148.0000 10.1091 24.9435 8.1374 
190.0000 69.0000 16.3387 42.9549 13.4148 
191.0000 95.0000 34.8653 46.4265 8.0331 
192.0000 68.0000 16.8244 17.8975 13.3284 
193.0000 95.0000 12.1515 11.2494 12.1434 
194.0000 142.0000 11.9015 40.6701 12.8363 
195.0000 98.0000 19.3911 8.6726 6.9266 
196.0000 115.0000 33.7307 36.9737 8.3784 
197.0000 89.0000 10.1350 24.3983 12.4913 
198.0000 93.0000 22.3172 2.9528 14.8712 
199.0000 131.0000 43.9347 19.5584 8.8827 
200.0000 71.0000 35.5711 11.4946 8.9154 
201.0000 146.0000 4.6335 0.9294 8.3409 
202.0000 73.0000 35.0960 9.3910 12.9653 
203.0000 149.0000 35.8488 4.7382 5.9013 
204.0000 80.0000 39.3459 20.2645 12.7780 
205.0000 91.0000 39.6948 37.1240 13.0965 
206.0000 138.0000 39.3029 0.2009 9.0866 
207.0000 142.0000 15.8891 34.3004 7.3442 
208.0000 61.0000 12.4107 46.7742 14.8794 
209.0000 99.0000 37.5116 3.7123 13.0900 
210.0000 129.0000 41.1508 38.0236 6.5834 
211.0000 71.0000 37.7275 5.7207 12.1330 
212.0000 96.0000 32.6524 19.9671 10.4728 
213.0000 89.0000 36.0213 3.9646 14.8356 
214.0000 141.0000 22.6841 24.6189 14.3083 
215.0000 147.0000 40.1096 12.9041 11.5618 
216.0000 90.0000 16.9701 42.6536 10.2476 
217.0000 148.0000 40.3473 34.8197 5.1907 
218.0000 126.0000 27.6134 34.8986 13.7340 
219.0000 145.0000 48.9415 27.7768 8.0121 
220.0000 98.0000 17.0095 33.6240 13.6390 
221.0000 82.0000 11.7740 46.2092 8.3977 
222.0000 135.0000 48.2005 24.8512 9.0277 
223.0000 105.0000 5.2951 27.0114 5.9281 
224.0000 142.0000 4.4852 7.3655 14.4246 
225.0000 100.0000 6.0668 47.1535 12.6462 
226.0000 68.0000 11.6027 40.5925 14.7990 
227.0000 141.0000 3.2997 7.6351 8.6480 
228.0000 62.0000 48.5781 20.1156 10.7431 
229.0000 97.0000 38.9553 9.8245 10.5857 
230.0000 85.0000 10.3642 7.3278 11.3247 
231.0000 142.0000 20.9834 12.9603 14.9007 
232.0000 96.0000 35.3391 27.0359 7.2097 
233.0000 111.0000 0.0178 17.7621 11.5755 
234.0000 68.0000 41.2821 44.6302 13.4060 
235.0000 74.0000 48.8487 21.0676 9.6987 
236.0000 149.0000 16.2683 12.1577 5.1283 
237.0000 92.0000 15.0804 42.4485 8.9128 
238.0000 93.0000 16.3063 49.0999 14.7787 
239.0000 73.0000 32.3009 5.2885 10.1778 
240.0000 130.0000 39.7165 3.5118 8.5500 
241.0000 132.0000 26.3377 32.9257 11.2366 
242.0000 114.0000 44.8320 37.4090 5.7133 
243.0000 131.0000 34.1779 13.1797 12.0611 
244.0000 104.0000 11.5386 27.8033 14.0310 
245.0000 96.0000 1.7868 40.9528 8.1838 
246.0000 144.0000 41.9788 33.4493 6.0561 
247.0000 118.0000 13.6186 22.2845 8.4963 
248.0000 117.0000 7.8456 46.4362 12.8624 
249.0000 118.0000 6.2950 15.6688 7.7617 
250.0000 114.0000 25.0623 46.7108 5.7745 
251.0000 72.0000 5.7182 18.0147 13.0080 
252.0000 84.0000 9.3190 17.4500 9.2712 
253.0000 71.0000 20.9814 13.1960 6.4577 
254.0000 121.0000 8.1853 33.9364 7.0815 
255.0000 101.0000 12.7533 26.5335 12.8114 
256.0000 118.0000 20.3088 36.1119 11.2711 
257.0000 128.0000 12.4763 11.1317 12.1933 
258.0000 109.0000 13.0132 27.6327 10.5986 
259.0000 102.0000 27.5919 11.5189 11.4413 
260.0000 60.0000 38.6140 1.9092 13.7202 
261.0000 78.0000 21.6070 12.9980 8.6874 
262.0000 141.0000 37.1789 47.6033 12.2500 
263.0000 91.0000 13.6879 3.7241 11.4534 
264.0000 148.0000 31.1437 32.6834 8.1517 
265.0000 137.0000 27.2440 8.5508 5.7256 
266.0000 140.0000 13.8024 26.4362 10.0231 
267.0000 140.0000 27.3497 5.9923 10.2858 
268.0000 127.0000 27.3467 42.0161 11.5384 
269.0000 125.0000 10.6633 4.1991 5.1725 
270.0000 118.0000 5.0244 9.1507 7.1147 
271.0000 110.0000 46.1225 37.1297 10.7423 
272.0000 117.0000 28.5292 12.8545 14.3854 
273.0000 150.0000 17.1918 3.6024 5.5701 
274.0000 84.0000 8.9230 13.2755 9.6940 
275.0000 64.0000 47.7129 48.8428 7.5161 
276.0000 150.0000 10.5828 33.8975 9.4544 
277.0000 132.0000 14.1738 47.4482 8.4377 
278.0000 115.0000 38.7991 41.4214 11.9759 
279.0000 101.0000 17.1935 40.2272 14.6506 
280.0000 105.0000 30.8611 10.8513 8.9336 
281.0000 146.0000 23.4007 22.7568 7.1697 
282.0000 129.0000 49.7805 25.0957 11.5031 
283.0000 113.0000 28.4001 11.9560 9.3092 
284.0000 116.0000 16.4464 30.6030 13.2426 
285.0000 142.0000 9.3334 21.5037 7.5823 
286.0000 88.0000 20.1229 40.6711 8.4010 
287.0000 83.0000 40.8691 27.9674 12.1670 
288.0000 97.0000 3.7183 7.0160 10.0500 
289.0000 146.0000 35.0085 41.1509 13.6975 
290.0000 75.0000 5.8292 8.6182 6.4056 
291.0000 134.0000 45.3856 19.1680 11.4275 
292.0000 103.0000 38.2486 23.4811 8.4768 
293.0000 73.0000 43.2469 36.3776 10.4212 
294.0000 92.0000 5.6774 41.6067 10.5411 
295.0000 127.0000 45.9352 23.5525 9.2394 
296.0000 84.0000 5.8411 16.8004 14.9054 
297.0000 138.0000 21.1547 13.0232 6.5018 
298.0000 81.0000 21.8171 6.4917 12.1828 
299.0000 67.0000 41.7016 32.9804 10.0850 
300.0000 87.0000 14.0845 38.7967 7.2642 
301.0000 141.0000 47.9198 40.0095 11.6041 
302.0000 149.0000 32.2833 10.8352 13.9341 
303.0000 66.0000 11.4766 11.9737 7.7978 
304.0000 98.0000 45.0389 47.6601 8.1588 
305.0000 96.0000 9.5713 21.1651 10.2089 
306.0000 146.0000 10.3381 33.8551 11.8039 
307.0000 127.0000 14.0723 46.3311 14.3080 
308.0000 127.0000 12.4459 38.8471 5.8458 
309.0000 103.0000 12.7684 16.2817 5.0755 
310.0000 86.0000 41.2070 19.2340 12.4113 
311.0000 71.0000 0.5313 34.5358 8.0540 
312.0000 116.0000 48.7267 2.8251 5.8969 
313.0000 104.0000 24.6600 26.2313 13.8322 
314.0000 103.0000 28.3766 5.9654 10.6918 
315.0000 61.0000 9.9537 0.2378 10.4324 
316.0000 130.0000 27.0957 22.9369 12.0409 
317.0000 103.0000 29.2358 40.4254 6.9534 
318.0000 68.0000 32.1259 27.9144 8.9403 
319.0000 130.0000 4.8130 13.2770 10.3794 
320.0000 104.0000 35.4152 23.7849 8.6205 
321.0000 70.0000 7.9261 33.4854 14.4872 
322.0000 62.0000 39.9703 40.6527 5.4732 
323.0000 96.0000 8.3146 24.5275 14.8801 
324.0000 124.0000 17.2659 2.1936 11.9007 
325.0000 97.0000 23.1166 7.1788 11.9458 
326.0000 148.0000 44.1515 7.4731 9.9265 
327.0000 104.0000 15.8978 9.1671 7.4615 
328.0000 77.0000 14.9934 31.3221 8.8759 
329.0000 77.0000 7.6497 28.1406 11.4865 
330.0000 86.0000 10.1275 47.2680 9.1253 
331.0000 103.0000 46.2069 49.2002 11.8142 
332.0000 82.0000 27.7800 46.8066 5.3911 
333.0000 120.0000 29.0113 9.8910 14.0244 
334.0000 63.0000 35.8109 18.2618 8.8327 
335.0000 73.0000 1.9918 6.1280 9.0661 
336.0000 99.0000 12.3329 0.6807 13.5627 
337.0000 69.0000 14.0554 2.1805 8.2828 
338.0000 60.0000 25.6488 10.4021 14.1831 
339.0000 102.0000 33.1207 23.4341 12.9354 
340.0000 79.0000 10.6220 5.4915 7.2637 
341.0000 145.0000 43.5569 6.3165 5.3123 
342.0000 77.0000 21.9741 17.9253 11.0222 
343.0000 82.0000 45.8086 35.7988 9.9167 
344.0000 90.0000 38.7703 14.0299 14.9403 
345.0000 100.0000 17.4632 41.8896 14.1587 
346.0000 117.0000 46.0039 37.3165 7.5807 
347.0000 138.0000 22.7538 18.8033 12.4047 
348.0000 136.0000 27.3669 33.7289 11.6036 
349.0000 126.0000 29.8902 39.4041 12.7196 
350.0000 91.0000 27.2653 38.4123 9.0756 
351.0000 149.0000 9.3066 13.4347 10.6255 
352.0000 112.0000 5.3138 46.0257 7.4192 
353.0000 65.0000 37.8885 30.5901 12.7121 
354.0000 132.0000 30.2874 9.4502 11.6286 
355.0000 87.0000 20.1623 4.8069 12.4429 
356.0000 70.0000 6.0594 30.0116 10.0985 
357.0000 124.0000 39.5280 45.4236 7.9828 
358.0000 73.0000 23.9960 26.7359 12.0402 
359.0000 109.0000 3.7297 4.3196 13.8324 
360.0000 76.0000 18.2085 33.1870 11.7747 
361.0000 133.0000 24.5010 43.7918 13.3915 
362.0000 95.0000 38.6618 33.0429 10.6151 
363.0000 102.0000 12.3898 26.0207 12.2169 
364.0000 129.0000 29.3635 10.0610 5.3689 
365.0000 74.0000 12.5865 43.5446 10.2804 
366.0000 140.0000 24.2092 38.3833 13.6590 
367.0000 77.0000 24.2881 10.2654 6.8923 
368.0000 101.0000 33.7434 19.1695 11.1354 
369.0000 118.0000 27.1711 27.9605 8.9036 
370.0000 63.0000 48.8961 29.1963 13.5061 
371.0000 101.0000 5.1471 18.5543 10.1863 
372.0000 61.0000 40.1975 8.2969 8.9409 
373.0000 106.0000 23.7697 14.6081 12.3238 
374.0000 69.0000 12.3022 16.8350 7.8195 
375.0000 134.0000 39.6915 8.3639 8.6446 
376.0000 77.0000 14.7639 13.2934 14.5716 
377.0000 146.0000 38.7882 0.7490 7.4409 
378.0000 129.0000 20.6697 46.3679 6.2301 
379.0000 92.0000 23.0688 43.5308 13.1619 
380.0000 95.0000 47.7630 10.7451 9.6762 
381.0000 113.0000 17.2479 21.9402 12.5713 
382.0000 146.0000 10.0303 21.0764 9.5289 
383.0000 125.0000 34.5609 26.4047 14.3239 
384.0000 111.0000 18.0223 49.4622 11.5092 
385.0000 140.0000 34.7417 25.1514 7.0810 
386.0000 147.0000 28.4862 16.8582 8.0516 
387.0000 79.0000 8.7130 8.6323 5.0076 
388.0000 143.0000 26.3661 32.8155 12.1434 
389.0000 124.0000 9.2977 5.3284 14.7008 
390.0000 99.0000 3.6545 27.6048 6.2763 
391.0000 72.0000 40.3940 42.7590 8.7599 
392.0000 71.0000 8.6299 19.0221 10.5062 
393.0000 73.0000 23.5216 13.5856 8.0435 
394.0000 109.0000 34.7151 37.4411 10.1543 
395.0000 141.0000 38.8461 35.1781 6.3228 
396.0000 136.0000 41.8134 28.8392 6.3526 
397.0000 74.0000 24.5650 13.2521 9.0713 
398.0000 64.0000 3.1429 39.2010 8.8906 
399.0000 82.0000 20.5767 46.0096 11.0499 
400.0000 103.0000 38.9342 0.0591 7.8083 
