0.0000 0.0000 25.0000 25.0000 0.0000 
1.0000 123.0000 18.6810 10.7751 14.9510 
2.0000 110.0000 9.3802 17.4808 12.6150 
3.0000 118.0000 1.5731 13.1533 10.8909 
4.0000 83.0000 4.0931 35.2597 7.4527 
5.0000 94.0000 28.3567 16.9362 5.2044 
6.0000 113.0000 2.4244 19.5901 11.7205 
7.0000 116.0000 42.7284 31.2038 5.2451 
8.0000 74.0000 13.9943 48.2328 12.8552 
9.0000 132.0000 48.0745 14.7015 7.5971 
10.0000 87.0000 10.6677 24.5664 8.4092 
11.0000 71.0000 48.8177 11.9429 6.8707 
12.0000 135.0000 48.3543 14.5441 12.8221 
13.0000 110.0000 11.5318 26.4674 8.0399 
14.0000 54.0000 15.1397 5.3745 6.6797 
15.0000 86.0000 26.7235 35.3342 14.0954 
16.0000 66.0000 3.9052 4.9095 11.3780 
17.0000 59.0000 45.8291 16.9652 6.3308 
18.0000 74.0000 38.0199 19.1457 8.0156 
19.0000 137.0000 24.5938 34.3259 8.9696 
20.0000 105.0000 43.3249 49.0081 11.6864 
21.0000 131.0000 4.3700 23.3375 5.5722 
22.0000 128.0000 38.9204 47.5023 6.5045 
23.0000 84.0000 23.6853 26.8447 8.8242 
24.0000 65.0000 10.2213 48.0514 12.2984 
25.0000 63.0000 28.1137 37.1784 7.9662 
26.0000 140.0000 42.0102 43.1263 5.0612 
27.0000 106.0000 27.2970 24.7555 10.0947 
28.0000 51.0000 39.2326 16.6566 8.0568 
29.0000 59.0000 5.0394 14.3026 9.8526 
30.0000 89.0000 15.8770 38.4676 11.3760 
31.0000 127.0000 41.8717 0.1230 6.4741 
32.0000 83.0000 25.5849 27.2276 13.4865 
33.0000 105.0000 31.8135 44.3435 13.5159 
34.0000 84.0000 9.5014 16.8377 14.3675 
35.0000 78.0000 17.0289 36.6567 8.0540 
36.0000 64.0000 44.4410 44.3431 10.5778 
37.0000 116.0000 19.6242 24.5245 6.9471 
38.0000 113.0000 29.7131 26.9069 11.9003 
39.0000 112.0000 21.3990 2.3100 9.2748 
40.0000 62.0000 24.3800 31.2344 13.3376 
41.0000 105.0000 36.8031 35.8627 10.5929 
42.0000 128.0000 32.1886 36.0621 6.5514 
43.0000 115.0000 40.7583 29.0632 7.3291 
44.0000 89.0000 5.1286 15.3001 9.3516 
45.0000 94.0000 3.4723 41.9420 13.4803 
46.0000 67.0000 8.8057 44.8207 10.5939 
47.0000 124.0000 48.8619 25.3055 8.3344 
48.0000 60.0000 24.0269 38.5088 10.1629 
49.0000 71.0000 16.0903 39.9311 5.2625 
50.0000 109.0000 23.9366 32.9329 9.9653 
51.0000 59.0000 14.5562 29.9344 8.0333 
52.0000 74.0000 8.4633 47.7907 12.3697 
53.0000 85.0000 47.8635 28.8636 7.9857 
54.0000 112.0000 18.6239 16.7377 10.9493 
55.0000 123.0000 46.3716 48.4054 12.6306 
56.0000 77.0000 34.1734 21.4133 12.2403 
57.0000 123.0000 15.8629 13.7059 5.3619 
58.0000 130.0000 11.5461 45.2778 7.9611 
59.0000 115.0000 27.7450 10.5787 12.2330 
60.0000 125.0000 17.5814 29.0281 14.4776 
61.0000 94.0000 2.7631 34.5496 13.7702 
62.0000 50.0000 42.4698 28.4054 10.0212 
63.0000 106.0000 49.1041 11.8795 13.7804 
64.0000 83.0000 13.1640 13.3729 6.0615 
65.0000 52.0000 29.1579 28.9155 8.0359 
66.0000 120.0000 11.4692 16.0576 9.7261 
67.0000 98.0000 11.9622 7.9980 9.2871 
68.0000 138.0000 3.5517 34.6705 5.0447 
69.0000 54.0000 46.5601 20.0869 5.7846 
70.0000 104.0000 5.7787 20.4588 5.3217 
71.0000 77.0000 16.9488 46.2095 9.4822 
72.0000 126.0000 43.1976 15.3243 7.1224 
73.0000 108.0000 5.1846 19.2562 6.7483 
74.0000 54.0000 25.8334 34.5569 8.1297 
75.0000 74.0000 42.1344 49.3786 13.3360 
76.0000 54.0000 19.3644 1.4324 5.6349 
77.0000 95.0000 17.5508 18.4046 13.4829 
78.0000 62.0000 41.0119 33.8960 12.5347 
79.0000 75.0000 28.9189 45.5281 11.4239 
80.0000 85.0000 44.3189 47.5213 7.8171 
81.0000 100.0000 14.4185 1.2826 5.8485 
82.0000 69.0000 10.0487 14.9875 10.2560 
83.0000 130.0000 8.6758 10.2356 7.8303 
84.0000 119.0000 37.7305 30.3839 6.2355 
85.0000 60.0000 8.5893 12.9469 7.0938 
86.0000 70.0000 11.3610 15.0153 7.4000 
87.0000 120.0000 18.5525 1.5600 14.7012 
88.0000 90.0000 42.9852 46.5867 12.7329 
89.0000 90.0000 5.9879 4.5397 5.2569 
90.0000 115.0000 44.9850 8.4043 5.8127 
91.0000 57.0000 38.9095 11.9629 9.4877 
92.0000 69.0000 23.8317 36.9593 5.9823 
93.0000 101.0000 7.1038 18.7681 10.5247 
94.0000 78.0000 6.3812 6.8890 7.8386 
95.0000 62.0000 7.8052 8.6445 7.2555 
96.0000 88.0000 12.1901 4.5100 7.9815 
97.0000 73.0000 48.4630 15.8484 11.1544 
98.0000 77.0000 23.1352 39.5550 14.8635 
99.0000 69.0000 35.1176 0.9940 6.1827 
100.0000 114.0000 28.6699 35.1109 5.2454 
101.0000 75.0000 38.2665 40.9143 12.6438 
102.0000 62.0000 34.1406 2.5039 9.0848 
103.0000 137.0000 30.6507 19.3004 5.7913 
104.0000 125.0000 48.0963 46.7903 13.9493 
105.0000 55.0000 35.8759 35.8762 7.6233 
106.0000 108.0000 13.2630 14.8089 8.3614 
107.0000 73.0000 17.5111 16.1609 10.6638 
108.0000 128.0000 35.0703 20.3736 9.3759 
109.0000 118.0000 16.2404 6.1087 14.1681 
110.0000 138.0000 41.0252 18.9012 6.0679 
111.0000 110.0000 8.3630 2.2120 13.5331 
112.0000 108.0000 6.3115 26.5925 10.7905 
113.0000 134.0000 28.1703 7.6815 7.9035 
114.0000 87.0000 24.9191 31.8424 9.9818 
115.0000 57.0000 12.9090 45.9641 6.1923 
116.0000 97.0000 15.6618 16.9661 5.9228 
117.0000 111.0000 7.9307 16.8628 6.2880 
118.0000 114.0000 40.1035 8.8701 14.8722 
119.0000 126.0000 11.2499 13.8747 9.8179 
120.0000 79.0000 41.3950 29.4678 5.2816 
121.0000 122.0000 25.5525 25.5744 8.5742 
122.0000 115.0000 46.9590 32.6498 5.8469 
123.0000 69.0000 33.7226 3.0221 6.2129 
124.0000 105.0000 48.2240 8.4191 9.4670 
125.0000 113.0000 21.0751 10.4040 14.8697 
126.0000 68.0000 2.4711 28.4200 13.7564 
127.0000 56.0000 7.9389 39.2926 10.6707 
128.0000 106.0000 7.2113 5.8179 9.6781 
129.0000 101.0000 49.2545 34.0573 14.3132 
130.0000 91.0000 9.1069 21.6946 10.4635 
131.0000 54.0000 44.7766 33.5447 9.9320 
132.0000 124.0000 44.6729 24.6409 12.6899 
133.0000 76.0000 21.1457 10.4793 9.7631 
134.0000 108.0000 43.1009 0.2215 9.5393 
135.0000 59.0000 43.5400 37.3329 10.2606 
136.0000 111.0000 28.8141 15.3344 14.0413 
137.0000 101.0000 33.0186 6.1660 10.4617 
138.0000 132.0000 47.0730 42.3163 10.7856 
139.0000 81.0000 18.2198 24.4440 11.1907 
140.0000 119.0000 17.1506 12.0596 9.4123 
141.0000 134.0000 31.5781 49.7954 6.1817 
142.0000 84.0000 49.4356 17.8792 13.1716 
143.0000 67.0000 0.4957 45.4374 13.3997 
144.0000 67.0000 7.9465 22.0518 11.9175 
145.0000 66.0000 45.5986 26.2486 7.1644 
146.0000 112.0000 39.1166 44.7644 7.8986 
147.0000 80.0000 9.4135 5.9648 13.2076 
148.0000 106.0000 18.1739 0.9139 7.9411 
149.0000 139.0000 6.9272 3.9983 13.8154 
150.0000 73.0000 42.5832 8.2423 14.3409 
151.0000 68.0000 7.6791 38.9101 12.1879 
152.0000 71.0000 39.9768 10.9896 13.9109 
153.0000 66.0000 14.4121 40.3474 5.3995 
154.0000 124.0000 37.0519 46.7649 10.9125 
155.0000 99.0000 17.0311 31.8818 13.7241 
156.0000 66.0000 34.5271 41.7932 10.5569 
157.0000 124.0000 35.9111 30.7179 5.0379 
158.0000 57.0000 20.8036 10.9783 13.6546 
159.0000 119.0000 26.9856 23.8643 7.1720 
160.0000 82.0000 45.2310 26.2380 10.3084 
161.0000 123.0000 13.5956 12.9594 6.4685 
162.0000 97.0000 31.5274 47.5229 14.7877 
163.0000 68.0000 28.0431 18.9134 7.7676 
164.0000 52.0000 3.9334 34.6578 10.4816 
165.0000 80.0000 33.1294 20.6862 6.7035 
166.0000 135.0000 42.5810 26.6160 8.5337 
167.0000 140.0000 3.7277 11.1426 14.8855 
168.0000 68.0000 5.4408 20.8784 13.2923 
169.0000 66.0000 35.8608 28.2903 9.1662 
170.0000 58.0000 20.0247 1.7424 10.2550 
171.0000 123.0000 21.2494 38.2341 5.0367 
172.0000 104.0000 9.6804 6.7736 10.6294 
173.0000 138.0000 39.0689 31.9285 6.7599 
174.0000 70.0000 13.6775 0.2785 14.7166 
175.0000 53.0000 21.9684 11.5115 12.1880 
176.0000 103.0000 0.8829 27.7838 6.8863 
177.0000 62.0000 13.8662 44.7380 5.8581 
178.0000 132.0000 4.7796 36.1698 13.0451 
179.0000 104.0000 7.6590 9.9014 8.5728 
180.0000 54.0000 34.5448 48.9063 9.7032 
181.0000 76.0000 3.4571 20.6394 5.1226 
182.0000 50.0000 23.2026 47.9925 5.0162 
183.0000 78.0000 32.4793 18.3118 7.0978 
184.0000 135.0000 24.8982 17.2961 11.1374 
185.0000 54.0000 14.6061 9.5395 12.4156 
186.0000 76.0000 43.7553 43.1304 9.7660 
187.0000 54.0000 8.2220 11.1246 13.2799 
188.0000 55.0000 20.7460 27.2748 5.3042 
189.0000 137.0000 9.5658 38.0714 7.9157 
190.0000 134.0000 38.6976 37.4787 6.3964 
191.0000 90.0000 24.0478 4.0963 11.9170 
192.0000 140.0000 7.2788 8.2183 12.9105 
193.0000 93.0000 45.5419 22.7149 8.2013 
194.0000 124.0000 46.2968 11.0227 6.1122 
195.0000 84.0000 43.8503 20.2510 5.5431 
196.0000 68.0000 21.5395 1.6512 8.8095 
197.0000 60.0000 25.8236 5.4230 5.4680 
198.0000 100.0000 34.7134 40.0984 10.2990 
199.0000 127.0000 36.0818 20.7849 13.9998 
200.0000 137.0000 15.3854 22.7541 9.1506 
201.0000 120.0000 35.2234 47.9143 12.5941 
202.0000 124.0000 4.3158 7.6713 14.1501 
203.0000 123.0000 13.0937 32.6298 9.7470 
204.0000 61.0000 17.5660 30.6588 9.8628 
205.0000 54.0000 41.0483 35.7026 14.6256 
206.0000 114.0000 5.7147 22.2042 11.2921 
207.0000 137.0000 47.9660 29.2843 10.2562 
208.0000 75.0000 31.7674 33.7041 5.0447 
209.0000 118.0000 1.3931 49.1920 5.0986 
210.0000 135.0000 27.7214 34.3177 6.9770 
211.0000 92.0000 30.4211 15.1280 8.5759 
212.0000 74.0000 38.7002 7.7498 11.8737 
213.0000 59.0000 39.3506 20.5061 6.4919 
214.0000 90.0000 0.2563 29.9361 10.7457 
215.0000 99.0000 2.4713 24.6201 13.2839 
216.0000 51.0000 13.0912 40.2069 5.0717 
217.0000 126.0000 3.8613 41.3789 14.5202 
218.0000 60.0000 0.1622 23.1180 9.8078 
219.0000 100.0000 24.7246 49.7525 9.9324 
220.0000 127.0000 41.5510 36.8994 11.8609 
221.0000 71.0000 29.4840 39.4620 9.5512 
222.0000 114.0000 28.0291 36.6821 5.2121 
223.0000 131.0000 44.0597 30.8202 13.7236 
224.0000 133.0000 22.9704 5.9056 13.8590 
225.0000 139.0000 47.4374 36.0221 6.4254 
226.0000 81.0000 41.0157 8.5309 9.8756 
227.0000 139.0000 28.9298 30.8612 7.2601 
228.0000 85.0000 20.8979 31.9176 9.8929 
229.0000 107.0000 41.0887 49.8041 13.7844 
230.0000 120.0000 40.4619 22.2075 9.0199 
231.0000 91.0000 48.9333 12.1734 9.2903 
232.0000 113.0000 22.9489 7.8724 10.0300 
233.0000 64.0000 2.8844 23.0197 11.6189 
234.0000 113.0000 32.1808 41.9295 10.9711 
235.0000 108.0000 13.9711 4.8610 10.1099 
236.0000 130.0000 44.5169 33.1824 7.8541 
237.0000 67.0000 27.3421 0.4165 7.9047 
238.0000 91.0000 24.1685 6.7379 9.7168 
239.0000 90.0000 37.3617 47.8522 12.6311 
240.0000 112.0000 26.3181 21.2732 10.1710 
241.0000 101.0000 40.8156 22.4116 8.6705 
242.0000 57.0000 36.2378 4.3605 5.5676 
243.0000 51.0000 19.5999 3.6199 12.4532 
244.0000 122.0000 14.3649 34.9132 14.2845 
245.0000 63.0000 5.2737 48.7944 11.3111 
246.0000 102.0000 11.6965 0.6717 12.0704 
247.0000 64.0000 6.6801 28.8415 12.7098 
248.0000 116.0000 30.5908 44.6196 7.6270 
249.0000 123.0000 17.8232 23.8895 8.1304 
250.0000 122.0000 20.2705 19.8091 12.0394 
251.0000 92.0000 0.2729 15.2555 13.0010 
252.0000 132.0000 44.6709 11.1213 5.1141 
253.0000 131.0000 15.6079 22.6449 11.0862 
254.0000 72.0000 49.8041 33.4305 8.3055 
255.0000 84.0000 15.6866 2.6695 5.1014 
256.0000 107.0000 29.9792 22.8995 9.3191 
257.0000 72.0000 21.3608 2.5880 14.6619 
258.0000 81.0000 22.2667 29.7081 6.5643 
259.0000 124.0000 38.2564 13.5745 7.3256 
260.0000 121.0000 19.5867 29.5160 9.2144 
261.0000 86.0000 9.0994 29.0885 10.4506 
262.0000 84.0000 39.5621 35.1325 11.0740 
263.0000 112.0000 29.3526 48.8727 13.1513 
264.0000 121.0000 6.9304 44.5551 7.5915 
265.0000 111.0000 1.8354 1.0170 12.5647 
266.0000 114.0000 13.0594 22.4850 13.3634 
267.0000 85.0000 29.7668 37.2814 5.3338 
268.0000 71.0000 41.0567 31.8650 6.3482 
269.0000 81.0000 30.8424 34.0845 8.9842 
270.0000 138.0000 13.1934 25.4492 13.0433 
271.0000 57.0000 43.3771 43.8744 8.8912 
272.0000 110.0000 9.4363 41.0398 9.5292 
273.0000 138.0000 4.9415 36.3491 12.7443 
274.0000 126.0000 31.1380 0.1063 9.0239 
275.0000 109.0000 15.0734 25.4896 11.0562 
276.0000 78.0000 18.7843 43.0047 12.3173 
277.0000 64.0000 14.2910 48.6433 9.8217 
278.0000 51.0000 14.1340 20.0250 12.4140 
279.0000 84.0000 43.2021 17.9027 5.1415 
280.0000 89.0000 4.3826 5.6123 10.4009 
281.0000 74.0000 5.4786 48.1293 10.7591 
282.0000 108.0000 30.4926 34.2034 6.8072 
283.0000 92.0000 23.7600 24.0727 14.6119 
284.0000 122.0000 41.6550 43.2037 6.8996 
285.0000 70.0000 28.9006 3.6493 14.5096 
286.0000 64.0000 2.2111 42.6033 13.2428 
287.0000 125.0000 18.0723 33.2796 8.3017 
288.0000 61.0000 48.6853 17.1409 10.3459 
289.0000 103.0000 10.4511 11.5654 12.2987 
290.0000 56.0000 4.3713 26.3466 9.0803 
291.0000 93.0000 8.5106 23.8743 11.0505 
292.0000 74.0000 35.7698 4.0177 13.8891 
293.0000 54.0000 7.0742 30.9046 12.4409 
294.0000 104.0000 2.8186 37.0673 9.5313 
295.0000 61.0000 39.8291 15.6401 14.6314 
296.0000 114.0000 43.1546 5.0136 6.8471 
297.0000 59.0000 26.1966 36.9150 5.5710 
298.0000 129.0000 47.7743 18.1328 13.9587 
299.0000 67.0000 44.0924 15.1456 12.7324 
300.0000 140.0000 31.4088 36.6323 6.5495 
