0.0000 0.0000 25.0000 25.0000 0.0000 
1.0000 65.0000 16.9067 44.1426 12.1403 
2.0000 31.0000 11.3977 24.6729 7.7195 
3.0000 32.0000 34.7544 1.6109 10.7458 
4.0000 35.0000 31.9006 6.9753 11.8545 
5.0000 74.0000 6.0919 27.3580 6.0991 
6.0000 52.0000 36.4831 39.9411 14.8322 
7.0000 58.0000 25.2599 41.0982 11.9179 
8.0000 50.0000 7.1676 45.8063 5.3272 
9.0000 71.0000 24.5558 29.2401 7.6933 
10.0000 50.0000 3.2407 32.2048 14.7327 
11.0000 39.0000 40.0768 35.5754 8.7137 
12.0000 55.0000 4.3471 17.7685 13.0650 
13.0000 107.0000 19.8052 37.9993 7.0699 
14.0000 115.0000 8.4389 0.3560 5.8691 
15.0000 109.0000 6.1764 23.1190 10.2091 
16.0000 97.0000 1.0585 0.7024 9.8472 
17.0000 67.0000 45.6636 39.4146 11.1945 
18.0000 64.0000 18.6537 37.3180 9.2836 
19.0000 78.0000 29.8187 21.2453 10.3039 
20.0000 108.0000 14.5367 32.9868 7.7534 
21.0000 56.0000 44.0943 29.0695 14.0772 
22.0000 38.0000 38.5383 40.5392 8.4948 
23.0000 34.0000 1.1146 20.0876 14.8753 
24.0000 56.0000 37.5779 30.8775 10.7642 
25.0000 56.0000 18.9514 42.1167 13.1022 
26.0000 103.0000 35.4092 45.0076 11.1299 
27.0000 106.0000 29.5307 33.2048 8.1393 
28.0000 62.0000 6.1983 43.3799 5.9771 
29.0000 104.0000 39.0585 13.4330 5.2043 
30.0000 70.0000 47.8259 33.9557 13.3303 
31.0000 110.0000 24.7671 33.7430 11.4970 
32.0000 33.0000 39.5985 2.9323 11.1066 
33.0000 85.0000 25.4787 9.0202 6.5206 
34.0000 80.0000 9.6967 16.7474 11.2350 
35.0000 116.0000 40.9013 47.5151 7.4596 
36.0000 35.0000 44.2078 9.0625 9.3070 
37.0000 79.0000 45.5816 43.6938 10.0236 
38.0000 74.0000 11.7008 37.8702 11.6633 
39.0000 35.0000 25.2506 23.4738 14.8387 
40.0000 101.0000 28.5588 41.7267 9.5884 
41.0000 88.0000 39.5517 0.3225 8.3784 
42.0000 75.0000 6.0448 5.1374 9.4577 
43.0000 37.0000 37.0012 11.4168 9.2460 
44.0000 36.0000 36.8432 36.4927 8.3411 
45.0000 41.0000 20.6733 7.4244 8.0025 
46.0000 118.0000 22.5331 46.4264 9.9398 
47.0000 48.0000 18.9366 17.8623 10.4988 
48.0000 76.0000 24.2316 9.3616 5.5304 
49.0000 41.0000 2.2929 28.3679 13.7245 
50.0000 99.0000 12.1137 23.1032 13.2815 
51.0000 47.0000 39.6437 22.4503 11.0687 
52.0000 36.0000 29.8030 18.2329 6.1623 
53.0000 114.0000 44.8352 8.3229 5.2001 
54.0000 61.0000 17.2663 16.3416 6.2758 
55.0000 94.0000 29.7193 43.5716 8.8804 
56.0000 31.0000 21.9683 7.7054 13.0623 
57.0000 44.0000 29.5431 47.8146 9.2519 
58.0000 50.0000 2.9738 13.5260 11.9595 
59.0000 97.0000 49.8486 19.5195 8.6999 
60.0000 108.0000 0.3342 14.9804 5.3865 
61.0000 82.0000 48.7916 9.5046 14.7685 
62.0000 100.0000 28.5717 1.3811 8.0558 
63.0000 33.0000 8.7956 30.2877 14.6755 
64.0000 85.0000 9.4211 45.8794 10.1502 
65.0000 39.0000 34.4612 11.5119 13.1009 
66.0000 99.0000 18.0435 29.3878 10.0075 
67.0000 114.0000 39.7275 0.7599 10.3214 
68.0000 46.0000 49.6043 19.5421 6.4521 
69.0000 33.0000 45.9643 16.5154 5.9505 
70.0000 90.0000 2.2237 35.9811 7.2201 
71.0000 69.0000 13.6133 30.3884 8.8411 
72.0000 67.0000 30.6384 45.8419 8.1905 
73.0000 66.0000 17.0469 49.4214 14.0059 
74.0000 55.0000 12.3920 1.6875 5.9959 
75.0000 120.0000 9.9535 2.5863 10.2705 
76.0000 35.0000 14.9266 31.1895 10.2280 
77.0000 37.0000 45.2011 23.7710 9.4162 
78.0000 103.0000 1.0711 46.8264 14.7144 
79.0000 97.0000 49.2028 4.8731 12.1218 
80.0000 117.0000 42.0568 35.4885 14.5626 
81.0000 57.0000 13.5641 27.1379 9.0174 
82.0000 44.0000 45.3191 1.5884 14.4266 
83.0000 98.0000 8.8888 34.7051 11.5123 
84.0000 105.0000 34.4396 45.4081 6.0418 
85.0000 47.0000 24.7920 25.4660 6.3694 
86.0000 114.0000 7.0894 19.1383 5.0326 
87.0000 60.0000 36.3143 16.7970 12.6546 
88.0000 93.0000 19.5662 17.5503 10.2903 
89.0000 107.0000 31.4165 19.3049 11.8851 
90.0000 120.0000 22.9409 29.7925 13.1850 
91.0000 70.0000 34.5809 15.0419 9.2505 
92.0000 83.0000 37.5539 42.4834 11.0170 
93.0000 90.0000 3.7258 21.4897 13.6450 
94.0000 120.0000 6.6952 11.9919 14.0777 
95.0000 66.0000 16.4854 4.8495 10.0492 
96.0000 89.0000 28.1890 23.8940 5.0399 
97.0000 97.0000 22.6863 38.1263 12.0766 
98.0000 61.0000 22.9568 19.4803 8.7313 
99.0000 98.0000 8.2908 10.5654 8.2777 
100.0000 117.0000 29.2484 29.3451 8.7011 
101.0000 33.0000 6.0750 28.6906 8.4896 
102.0000 60.0000 32.7034 20.7155 10.2935 
103.0000 109.0000 24.2107 35.3437 11.7714 
104.0000 85.0000 34.3549 11.8892 11.9875 
105.0000 35.0000 34.0445 10.8735 11.7911 
106.0000 34.0000 22.4665 18.2078 10.7387 
107.0000 79.0000 31.0888 1.5331 8.2318 
108.0000 115.0000 46.1496 44.1440 10.8219 
109.0000 31.0000 3.6964 3.0314 11.8111 
110.0000 62.0000 4.2576 39.3136 5.3183 
111.0000 39.0000 20.0547 39.7103 10.9870 
112.0000 40.0000 42.6322 21.8878 12.7872 
113.0000 102.0000 46.3639 20.6185 10.1861 
114.0000 108.0000 3.1112 25.8306 6.6134 
115.0000 111.0000 49.6804 37.6031 12.1900 
116.0000 73.0000 29.4306 19.4805 6.5403 
117.0000 76.0000 21.5131 3.2234 8.7218 
118.0000 66.0000 7.0164 10.1833 7.3391 
119.0000 47.0000 9.0313 12.4028 8.3678 
120.0000 104.0000 49.3678 11.2057 6.0052 
121.0000 83.0000 40.7760 13.5625 14.2904 
122.0000 97.0000 43.7898 8.8726 8.7724 
123.0000 92.0000 19.5036 30.6761 14.8867 
124.0000 30.0000 48.6825 49.7940 7.8067 
125.0000 59.0000 49.6646 23.0923 5.1702 
126.0000 83.0000 38.2378 10.4316 5.5945 
127.0000 73.0000 41.8361 18.1296 10.3041 
128.0000 61.0000 0.0102 45.3629 14.2921 
129.0000 97.0000 30.6649 40.7907 12.6713 
130.0000 118.0000 47.0768 14.5381 13.7467 
131.0000 116.0000 8.8048 45.4458 10.4991 
132.0000 86.0000 0.6631 41.2309 9.2239 
133.0000 100.0000 13.9822 33.1455 5.1595 
134.0000 96.0000 33.9363 3.0133 8.6948 
135.0000 47.0000 45.5181 30.3711 13.8443 
136.0000 106.0000 36.1486 12.7202 9.1239 
137.0000 114.0000 24.8261 47.0892 13.6843 
138.0000 38.0000 0.5431 24.9524 13.6897 
139.0000 120.0000 25.0295 24.2714 7.5051 
140.0000 38.0000 14.9087 46.6096 14.3732 
141.0000 95.0000 44.3886 30.2505 6.4745 
142.0000 109.0000 10.9737 45.1846 9.3026 
143.0000 84.0000 31.9942 16.1493 7.0215 
144.0000 61.0000 7.9517 1.7238 5.3855 
145.0000 35.0000 7.8866 37.5532 7.1610 
146.0000 74.0000 36.5547 8.7570 10.3291 
147.0000 102.0000 15.0452 5.6458 7.9320 
148.0000 56.0000 4.6913 42.3943 8.0132 
149.0000 63.0000 32.7771 9.3410 11.6360 
150.0000 30.0000 39.6201 44.8508 8.8266 
151.0000 106.0000 1.2322 43.5056 13.3886 
152.0000 36.0000 16.1041 12.7274 7.0086 
153.0000 108.0000 6.0556 0.9520 12.8759 
154.0000 45.0000 33.3670 38.1686 9.8336 
155.0000 73.0000 31.1707 9.3064 5.9723 
156.0000 65.0000 41.8172 23.1202 5.6301 
157.0000 80.0000 37.8665 0.7606 12.2570 
158.0000 58.0000 11.0354 7.7781 5.2938 
159.0000 108.0000 30.1458 42.8768 6.5698 
160.0000 62.0000 32.2952 8.9527 6.8032 
161.0000 93.0000 26.9885 45.3605 5.6786 
162.0000 82.0000 35.1496 3.7900 11.6104 
163.0000 71.0000 10.6268 13.6664 11.8986 
164.0000 112.0000 17.0664 34.2333 14.0422 
165.0000 58.0000 37.1019 10.7966 6.2024 
166.0000 75.0000 44.2058 16.5787 6.8699 
167.0000 95.0000 49.7063 5.2885 10.1110 
168.0000 108.0000 42.5587 14.0509 7.4351 
169.0000 93.0000 25.2883 11.9439 7.7082 
170.0000 42.0000 37.4352 34.3364 9.2679 
171.0000 72.0000 39.5288 22.9252 5.7194 
172.0000 73.0000 32.0916 16.1530 8.8217 
173.0000 62.0000 28.9103 35.8095 9.2194 
174.0000 49.0000 6.0591 28.0900 11.6026 
175.0000 97.0000 11.6905 10.1029 13.4996 
176.0000 107.0000 7.7374 38.6160 10.0175 
177.0000 72.0000 10.8263 10.4294 6.6292 
178.0000 44.0000 2.1929 4.4790 14.6205 
179.0000 55.0000 31.3214 0.0422 7.0041 
180.0000 117.0000 2.1797 30.3811 6.4938 
181.0000 64.0000 46.9792 38.5778 13.1953 
182.0000 58.0000 5.2423 37.5075 13.1423 
183.0000 70.0000 5.0806 4.4795 9.0004 
184.0000 52.0000 16.2821 3.0169 5.8049 
185.0000 86.0000 18.4496 19.8185 11.7428 
186.0000 77.0000 35.3861 27.8703 5.1062 
187.0000 72.0000 22.5141 26.6968 12.8941 
188.0000 44.0000 40.8361 45.2921 14.1616 
189.0000 77.0000 8.7133 22.4131 5.7972 
190.0000 38.0000 9.5582 49.3265 7.8766 
191.0000 32.0000 10.3355 28.8803 9.1179 
192.0000 48.0000 34.6650 1.1658 9.1558 
193.0000 63.0000 29.4006 24.8894 10.9448 
194.0000 106.0000 34.3329 13.1434 8.7864 
195.0000 118.0000 18.7731 25.6143 7.5958 
196.0000 78.0000 41.7308 49.5510 8.1816 
197.0000 103.0000 40.2190 10.3253 13.8880 
198.0000 69.0000 18.7711 22.9298 6.0995 
199.0000 67.0000 6.7389 27.5541 9.7954 
200.0000 100.0000 1.7798 18.8802 6.0091 
201.0000 93.0000 30.8863 25.1637 5.5683 
202.0000 33.0000 5.4426 47.6090 6.7210 
203.0000 54.0000 28.9650 38.1214 11.4686 
204.0000 45.0000 20.7632 16.9011 5.2224 
205.0000 119.0000 16.3710 1.1393 7.7901 
206.0000 40.0000 18.3601 7.5710 6.3807 
207.0000 57.0000 44.1018 41.4780 14.8278 
208.0000 73.0000 36.0858 37.8307 9.9651 
209.0000 116.0000 36.7158 46.8304 5.9400 
210.0000 89.0000 23.4656 1.9377 10.7582 
211.0000 106.0000 17.0793 1.5513 7.0909 
212.0000 72.0000 28.5518 15.5666 10.3300 
213.0000 88.0000 25.3175 31.4506 14.2539 
214.0000 97.0000 31.9443 27.0297 12.8612 
215.0000 76.0000 49.7913 47.5317 9.7808 
216.0000 76.0000 0.2059 41.8168 8.2267 
217.0000 84.0000 45.3239 29.9145 11.6863 
218.0000 41.0000 30.1024 32.1628 7.4927 
219.0000 101.0000 14.5156 26.5455 7.7174 
220.0000 87.0000 48.5741 16.2338 12.3602 
221.0000 30.0000 4.7219 30.3279 11.6689 
222.0000 31.0000 24.7672 13.3061 7.3717 
223.0000 64.0000 35.8769 14.6779 6.8110 
224.0000 85.0000 11.8373 21.1492 6.6796 
225.0000 95.0000 39.0832 49.7117 5.0375 
226.0000 30.0000 12.1741 21.3583 6.7316 
227.0000 43.0000 13.0666 8.0331 7.9989 
228.0000 61.0000 43.5397 1.7437 5.1618 
229.0000 98.0000 22.1476 0.3732 12.2628 
230.0000 47.0000 40.8430 13.7677 13.2968 
231.0000 31.0000 0.3385 29.1793 14.9004 
232.0000 63.0000 26.4438 39.2764 6.3550 
233.0000 33.0000 13.5332 35.0784 6.1209 
234.0000 106.0000 33.8485 17.2828 12.2676 
235.0000 35.0000 11.9404 19.1261 14.8532 
236.0000 112.0000 48.8806 42.5015 9.2601 
237.0000 51.0000 49.2463 31.1170 6.2471 
238.0000 34.0000 47.2131 15.4980 14.7399 
239.0000 52.0000 1.4587 24.4306 9.9883 
240.0000 91.0000 44.8225 12.9972 6.1691 
241.0000 99.0000 21.3242 41.6226 10.1800 
242.0000 58.0000 34.8828 33.9655 14.0228 
243.0000 67.0000 36.6374 29.8160 11.5572 
244.0000 32.0000 1.7314 6.4060 8.5653 
245.0000 45.0000 43.4179 21.3350 5.5485 
246.0000 66.0000 8.9579 26.7231 5.8236 
247.0000 120.0000 3.3975 0.9956 7.1811 
248.0000 56.0000 12.3431 11.8049 5.1049 
249.0000 104.0000 31.1798 1.9780 12.4614 
250.0000 117.0000 46.5373 19.6794 8.9355 
251.0000 93.0000 9.6465 41.8272 6.0441 
252.0000 73.0000 36.1496 36.6046 10.1376 
253.0000 35.0000 47.1338 8.2640 13.6351 
254.0000 85.0000 22.9530 0.4009 5.1147 
255.0000 60.0000 0.5493 14.8749 11.9725 
256.0000 67.0000 30.9333 10.9726 9.8301 
257.0000 55.0000 31.3677 35.8909 7.0121 
258.0000 44.0000 24.3562 3.9355 7.7487 
259.0000 89.0000 40.9935 36.4966 6.8728 
260.0000 119.0000 7.7029 19.4116 9.7798 
261.0000 38.0000 11.6345 34.2865 11.8934 
262.0000 57.0000 6.2589 43.8508 5.2540 
263.0000 93.0000 29.6597 20.3397 6.4092 
264.0000 95.0000 5.2672 43.3247 5.5209 
265.0000 110.0000 48.5208 19.0036 7.1190 
266.0000 30.0000 46.7805 14.3479 8.3313 
267.0000 112.0000 41.4423 31.7966 8.3953 
268.0000 49.0000 1.2237 47.3692 6.4123 
269.0000 75.0000 8.9169 22.2819 14.6521 
270.0000 89.0000 26.7304 41.2808 8.6435 
271.0000 114.0000 8.7220 10.9501 8.0631 
272.0000 67.0000 35.6784 46.8910 5.7411 
273.0000 51.0000 6.2334 27.6253 13.4036 
274.0000 80.0000 28.6697 14.7233 12.3246 
275.0000 84.0000 45.5142 46.9842 13.2740 
276.0000 79.0000 40.3736 5.8271 9.7930 
277.0000 99.0000 36.9698 15.3070 13.3476 
278.0000 101.0000 27.6951 48.8199 14.6520 
279.0000 78.0000 20.0030 28.0959 7.0571 
280.0000 116.0000 23.7643 13.1241 12.8321 
281.0000 65.0000 1.2729 6.4108 6.5769 
282.0000 116.0000 36.1509 46.5313 8.8875 
283.0000 48.0000 35.9433 39.9930 8.8464 
284.0000 70.0000 49.0504 11.5638 5.3753 
285.0000 79.0000 39.2359 33.9686 11.5063 
286.0000 99.0000 31.9846 44.8081 9.7100 
287.0000 91.0000 8.7315 20.4766 5.6476 
288.0000 79.0000 25.3358 7.5014 5.0964 
289.0000 46.0000 44.9410 36.0798 5.2627 
290.0000 97.0000 33.5964 24.7535 5.7864 
291.0000 79.0000 15.8343 39.4863 10.9420 
292.0000 92.0000 39.1623 6.7716 12.7058 
293.0000 113.0000 49.3231 31.4818 14.2919 
294.0000 43.0000 23.3760 10.9537 10.9861 
295.0000 84.0000 48.5473 38.9983 14.5409 
296.0000 39.0000 46.9342 46.5471 6.9690 
297.0000 88.0000 20.4934 28.4322 14.7811 
298.0000 109.0000 14.9088 3.0619 5.8723 
299.0000 60.0000 9.9529 42.6652 8.7072 
300.0000 82.0000 34.5952 20.3469 10.4218 
301.0000 74.0000 35.9663 24.3014 13.5087 
302.0000 108.0000 30.7431 48.3341 9.3524 
303.0000 85.0000 23.9425 45.8038 5.7856 
304.0000 78.0000 45.4021 3.4433 8.1916 
305.0000 110.0000 7.8150 25.2594 14.7227 
306.0000 75.0000 44.9011 4.8374 12.7576 
307.0000 101.0000 27.3671 22.0362 12.6007 
308.0000 48.0000 2.4885 28.7288 13.4272 
309.0000 50.0000 32.8130 39.5969 9.6930 
310.0000 47.0000 24.2858 5.8991 8.0678 
311.0000 54.0000 7.9385 14.4688 6.1574 
312.0000 58.0000 24.4855 40.5447 8.7507 
313.0000 68.0000 7.2000 14.6101 12.8061 
314.0000 92.0000 38.2316 32.5249 7.3026 
315.0000 30.0000 45.6843 8.3300 9.2200 
316.0000 81.0000 17.5158 47.9067 8.3099 
317.0000 119.0000 15.4528 43.5936 10.6174 
318.0000 39.0000 22.5775 11.4426 13.5328 
319.0000 40.0000 23.4123 46.2621 5.2907 
320.0000 38.0000 42.5632 24.9409 10.2709 
321.0000 117.0000 28.3234 3.2463 9.1201 
322.0000 37.0000 3.7731 10.5713 14.9726 
323.0000 76.0000 16.7362 43.3239 10.7619 
324.0000 115.0000 16.2817 34.3296 13.8227 
325.0000 48.0000 23.1971 5.2651 10.3411 
326.0000 56.0000 30.6716 10.6088 14.6647 
327.0000 70.0000 46.0153 10.7057 8.7206 
328.0000 45.0000 37.7805 10.3235 12.0520 
329.0000 66.0000 9.6395 48.7697 6.9562 
330.0000 89.0000 7.4120 21.6583 5.1933 
331.0000 41.0000 10.0435 7.0191 13.9966 
332.0000 115.0000 46.3295 8.9748 11.8378 
333.0000 76.0000 43.2690 35.5608 13.5019 
334.0000 77.0000 29.8209 33.6296 11.6100 
335.0000 118.0000 10.4236 37.4539 10.7387 
336.0000 101.0000 27.9533 16.6846 11.9312 
337.0000 118.0000 3.0709 36.8055 9.4411 
338.0000 76.0000 20.0155 49.6308 12.8518 
339.0000 109.0000 4.3622 47.0354 12.3390 
340.0000 69.0000 20.3611 41.1764 9.9420 
341.0000 91.0000 14.2020 40.7854 5.0635 
342.0000 50.0000 8.9411 48.9244 7.7935 
343.0000 30.0000 23.5379 1.5125 5.6406 
344.0000 39.0000 27.1247 39.2248 8.5537 
345.0000 55.0000 1.2811 48.6050 13.9175 
346.0000 59.0000 16.0231 15.0786 14.8554 
347.0000 64.0000 28.7618 46.8377 10.7328 
348.0000 94.0000 43.1172 48.2583 8.1383 
349.0000 87.0000 42.9330 42.9100 8.2199 
350.0000 64.0000 11.7936 23.3380 9.2698 
