0.0000 0.0000 25.0000 25.0000 0.0000 
1.0000 79.0000 23.7411 33.8750 13.3765 
2.0000 124.0000 39.5043 46.6165 5.5873 
3.0000 97.0000 21.2802 48.9475 11.2167 
4.0000 97.0000 32.9791 15.6846 11.9951 
5.0000 66.0000 18.5123 5.3862 12.1425 
6.0000 109.0000 9.1116 39.6607 12.3411 
7.0000 98.0000 47.5870 43.4768 14.8691 
8.0000 63.0000 40.4679 15.4588 7.7749 
9.0000 77.0000 22.0245 46.2100 9.4577 
10.0000 111.0000 5.9459 0.2528 5.0881 
11.0000 138.0000 24.9868 11.2300 10.5215 
12.0000 73.0000 48.9325 38.6091 7.6404 
13.0000 96.0000 46.0584 7.7611 9.1771 
14.0000 121.0000 35.6563 0.8349 6.8821 
15.0000 93.0000 34.9070 24.3078 14.2944 
16.0000 77.0000 19.6251 6.5478 11.0614 
17.0000 100.0000 46.6571 5.4134 6.2139 
18.0000 128.0000 13.8129 30.7909 8.0111 
19.0000 53.0000 32.0670 8.5723 11.6175 
20.0000 111.0000 48.4014 27.5585 9.9109 
21.0000 136.0000 48.1949 39.3738 5.4809 
22.0000 54.0000 42.6892 11.8865 13.8246 
23.0000 57.0000 44.3978 25.7332 14.5928 
24.0000 81.0000 45.2328 2.0182 6.7211 
25.0000 51.0000 1.9264 42.7429 14.8938 
26.0000 64.0000 11.7896 37.5022 8.4919 
27.0000 66.0000 43.0035 37.9808 9.3641 
28.0000 62.0000 13.0586 17.9172 11.4298 
29.0000 118.0000 7.4549 0.6519 7.5614 
30.0000 113.0000 49.2457 19.5619 10.1052 
31.0000 80.0000 27.8573 21.0225 5.1931 
32.0000 59.0000 5.0971 30.7171 7.7873 
33.0000 113.0000 27.9020 0.6876 11.2560 
34.0000 81.0000 32.7312 8.0026 8.3465 
35.0000 55.0000 43.2149 20.5841 9.3975 
36.0000 93.0000 11.0756 5.8940 7.4564 
37.0000 81.0000 9.1922 48.4260 8.5357 
38.0000 112.0000 39.0691 42.9676 12.4266 
39.0000 89.0000 26.9347 13.7713 8.6900 
40.0000 50.0000 32.8027 48.3245 8.5863 
41.0000 138.0000 39.0472 7.2558 14.6205 
42.0000 108.0000 19.8573 21.8372 14.6866 
43.0000 88.0000 7.9813 8.2547 14.8207 
44.0000 50.0000 11.7331 27.8452 6.9757 
45.0000 50.0000 2.6251 43.2913 6.7603 
46.0000 74.0000 32.6672 37.1039 7.2775 
47.0000 133.0000 28.7713 41.3483 12.8844 
48.0000 50.0000 9.3403 16.8121 12.1149 
49.0000 72.0000 4.7959 3.2154 14.7876 
50.0000 93.0000 45.2460 44.3877 12.1077 
51.0000 114.0000 48.6926 11.4751 6.8809 
52.0000 135.0000 31.0092 38.9020 10.6818 
53.0000 135.0000 30.1072 4.7845 12.2373 
54.0000 57.0000 0.4254 41.3317 13.3581 
55.0000 90.0000 6.7978 41.4486 8.0326 
56.0000 105.0000 34.2724 13.1407 13.0154 
57.0000 138.0000 29.1447 28.6918 11.2702 
58.0000 110.0000 6.5646 24.3137 12.7677 
59.0000 137.0000 2.3071 25.1130 11.1731 
60.0000 56.0000 35.0132 18.1185 5.0247 
61.0000 133.0000 49.5931 46.3042 5.4651 
62.0000 81.0000 1.1529 34.8797 5.1456 
63.0000 102.0000 16.6953 8.6805 13.6255 
64.0000 91.0000 4.7557 23.9726 12.0019 
65.0000 84.0000 34.3905 21.6416 10.7371 
66.0000 110.0000 15.3325 3.3821 6.6903 
67.0000 87.0000 30.8262 33.0601 9.0492 
68.0000 133.0000 7.9987 48.5473 7.5366 
69.0000 53.0000 21.0361 0.3876 9.5461 
70.0000 76.0000 32.3974 7.0623 14.0143 
71.0000 124.0000 32.5653 49.1997 7.4703 
72.0000 91.0000 0.0438 42.1458 14.6556 
73.0000 57.0000 36.2634 22.9040 8.9967 
74.0000 136.0000 26.4760 14.0697 11.2693 
75.0000 131.0000 8.1747 41.6350 7.1712 
76.0000 132.0000 44.1201 4.8354 6.7627 
77.0000 138.0000 2.4897 29.2885 5.8618 
78.0000 126.0000 46.3569 11.9522 8.6261 
79.0000 95.0000 45.9584 23.1906 14.2457 
80.0000 62.0000 8.0415 47.1828 11.9796 
81.0000 124.0000 23.9766 39.8018 14.5748 
82.0000 119.0000 49.9754 14.6390 10.8954 
83.0000 102.0000 39.7771 16.8715 10.3131 
84.0000 115.0000 29.7151 25.7780 9.6980 
85.0000 69.0000 4.4026 23.0523 8.4348 
86.0000 107.0000 1.0588 13.5249 13.7019 
87.0000 57.0000 24.3691 6.8666 11.8863 
88.0000 94.0000 30.0622 10.4785 9.4130 
89.0000 91.0000 49.7825 20.0658 6.7647 
90.0000 90.0000 21.8683 34.5220 9.3697 
91.0000 81.0000 3.5559 22.0913 9.5729 
92.0000 101.0000 43.6593 36.8123 11.0870 
93.0000 77.0000 28.5959 16.4875 6.8266 
94.0000 104.0000 14.8408 6.0540 7.3832 
95.0000 100.0000 46.9013 0.1182 9.6457 
96.0000 50.0000 47.4353 4.4333 9.2927 
97.0000 138.0000 15.4647 3.6396 10.6609 
98.0000 59.0000 30.8424 13.1610 5.3250 
99.0000 116.0000 19.6238 19.3054 13.6140 
100.0000 94.0000 29.4187 38.6156 11.7645 
101.0000 123.0000 36.1149 23.4154 11.3769 
102.0000 101.0000 4.1171 11.2726 8.6091 
103.0000 110.0000 31.0585 1.2825 8.1179 
104.0000 54.0000 34.8381 29.2204 11.9606 
105.0000 89.0000 8.8074 12.0273 10.7498 
106.0000 63.0000 49.0498 17.7177 14.3857 
107.0000 89.0000 6.1872 20.0278 11.8512 
108.0000 60.0000 31.4621 1.8343 5.6454 
109.0000 106.0000 39.1917 3.5449 5.2349 
110.0000 110.0000 24.0699 25.8978 5.5756 
111.0000 76.0000 2.7418 14.3863 5.5052 
112.0000 51.0000 46.9320 36.2917 6.6819 
113.0000 137.0000 28.0421 33.5256 11.5267 
114.0000 52.0000 11.6276 1.0416 11.4650 
115.0000 76.0000 3.1326 30.5971 8.3784 
116.0000 116.0000 10.6223 34.6116 8.9158 
117.0000 116.0000 3.8557 21.3225 14.2362 
118.0000 82.0000 32.8640 6.7056 8.8059 
119.0000 64.0000 17.2769 22.8879 14.9021 
120.0000 106.0000 1.9790 43.2586 7.6608 
121.0000 130.0000 23.9149 15.4456 11.3365 
122.0000 115.0000 11.9685 21.6342 13.0287 
123.0000 105.0000 41.4027 12.9147 12.0940 
124.0000 123.0000 15.4560 47.4264 8.3218 
125.0000 83.0000 7.4127 8.1149 11.8330 
126.0000 96.0000 10.6262 41.5097 6.2108 
127.0000 126.0000 6.2509 9.2539 11.1914 
128.0000 50.0000 13.1319 4.4404 14.1231 
129.0000 83.0000 46.7966 0.3476 12.9784 
130.0000 97.0000 12.2079 41.9868 7.3270 
131.0000 57.0000 42.2073 27.2372 13.0096 
132.0000 92.0000 36.1116 39.9728 12.7023 
133.0000 73.0000 36.8659 36.0305 9.8986 
134.0000 126.0000 7.8770 6.3414 10.2990 
135.0000 64.0000 7.9849 35.8512 10.1835 
136.0000 109.0000 26.7853 41.5129 10.6195 
137.0000 86.0000 19.6310 17.4410 12.3301 
138.0000 116.0000 16.5375 32.1842 11.2845 
139.0000 73.0000 5.6766 17.4768 8.0569 
140.0000 79.0000 30.5712 33.8527 6.9925 
141.0000 129.0000 28.0543 27.1959 5.3720 
142.0000 82.0000 23.4491 46.4146 5.0333 
143.0000 50.0000 14.6807 33.5445 10.1211 
144.0000 97.0000 34.7471 31.3757 7.7152 
145.0000 84.0000 6.8990 47.2505 6.9402 
146.0000 79.0000 22.2458 9.2281 11.4408 
147.0000 54.0000 34.6417 5.1742 12.6326 
148.0000 53.0000 31.7020 28.9518 6.2462 
149.0000 124.0000 6.3071 1.0750 6.1051 
150.0000 61.0000 48.3512 8.0398 7.9193 
151.0000 107.0000 36.0808 41.5412 5.1778 
152.0000 114.0000 23.4996 42.7713 14.1242 
153.0000 115.0000 23.6721 21.8135 6.8917 
154.0000 113.0000 27.8518 46.0402 14.1486 
155.0000 99.0000 26.4437 32.0046 14.4670 
156.0000 97.0000 33.2816 10.7717 14.9019 
157.0000 79.0000 1.8669 37.6111 8.4701 
158.0000 108.0000 46.1858 18.8047 6.3558 
159.0000 87.0000 48.5211 11.7632 5.1551 
160.0000 103.0000 12.1046 36.1561 13.7947 
161.0000 63.0000 39.1406 44.3163 9.6415 
162.0000 61.0000 8.3181 11.4812 6.5767 
163.0000 71.0000 44.7635 12.7542 9.8844 
164.0000 120.0000 38.3833 17.9223 8.6368 
165.0000 117.0000 26.1780 2.9126 14.6471 
166.0000 81.0000 31.2230 18.2420 12.1719 
167.0000 94.0000 24.6848 34.2740 7.2063 
168.0000 91.0000 7.0272 8.4594 12.3687 
169.0000 83.0000 43.1355 19.1273 5.7514 
170.0000 74.0000 15.8622 34.7152 5.7425 
171.0000 78.0000 6.5907 14.5497 5.5490 
172.0000 61.0000 46.0635 14.0069 5.1580 
173.0000 67.0000 24.1949 11.6923 9.1564 
174.0000 58.0000 26.8927 4.1124 8.2074 
175.0000 123.0000 8.6239 2.6954 8.6946 
176.0000 51.0000 29.6210 40.7825 14.7032 
177.0000 66.0000 15.2466 42.2145 12.3216 
178.0000 136.0000 27.9945 6.7083 14.7143 
179.0000 136.0000 42.4186 42.4304 11.4468 
180.0000 85.0000 8.4364 4.2122 10.4137 
181.0000 109.0000 7.8129 9.4204 11.1436 
182.0000 130.0000 31.6039 28.6794 8.0152 
183.0000 106.0000 25.0426 49.9037 6.6572 
184.0000 61.0000 30.9707 27.0359 12.1483 
185.0000 107.0000 5.5767 10.8245 14.9503 
186.0000 133.0000 7.3577 42.9251 7.8300 
187.0000 131.0000 32.8398 16.8310 8.5058 
188.0000 66.0000 3.2899 8.5447 13.6707 
189.0000 66.0000 36.2037 3.8283 11.1873 
190.0000 50.0000 1.2457 49.7315 11.9521 
191.0000 83.0000 30.0191 44.4742 8.3052 
192.0000 65.0000 7.7564 10.6385 6.4438 
193.0000 110.0000 33.3331 15.9543 7.8785 
194.0000 73.0000 46.4486 4.4593 5.4668 
195.0000 90.0000 21.7950 23.6740 7.6883 
196.0000 139.0000 39.0996 38.5973 5.8793 
197.0000 58.0000 36.3752 44.6663 8.5699 
198.0000 136.0000 3.0159 23.9884 7.9509 
199.0000 124.0000 11.0867 21.8992 7.3806 
200.0000 96.0000 33.2061 3.7120 9.2511 
201.0000 76.0000 17.3804 9.1618 5.0639 
202.0000 76.0000 31.5271 45.4508 5.0376 
203.0000 83.0000 5.3439 47.2454 10.3853 
204.0000 107.0000 12.5029 12.1683 11.2691 
205.0000 75.0000 35.5371 6.5316 13.5575 
206.0000 120.0000 21.8512 34.7780 9.8802 
207.0000 108.0000 13.2616 39.6791 9.8196 
208.0000 97.0000 12.9775 0.2414 12.2934 
209.0000 104.0000 41.9935 23.1635 14.6007 
210.0000 111.0000 29.4050 20.8951 12.4430 
211.0000 128.0000 1.4859 7.2476 7.6543 
212.0000 64.0000 4.8803 8.3690 5.5578 
213.0000 89.0000 18.1293 32.4578 9.1269 
214.0000 117.0000 5.8274 48.9259 6.7324 
215.0000 56.0000 0.5268 17.8643 9.9217 
216.0000 121.0000 16.1167 23.9231 12.5634 
217.0000 69.0000 6.2571 34.7258 9.7251 
218.0000 100.0000 25.8016 13.8639 14.3762 
219.0000 71.0000 14.8144 20.5719 10.9079 
220.0000 58.0000 22.3769 33.4849 11.1572 
221.0000 102.0000 43.5306 28.1166 10.3686 
222.0000 95.0000 11.7514 3.1868 11.4113 
223.0000 97.0000 3.2789 26.3916 13.5842 
224.0000 112.0000 0.5252 8.6034 13.9062 
225.0000 99.0000 37.4951 36.4193 13.5159 
226.0000 59.0000 21.4556 33.9297 7.5216 
227.0000 112.0000 38.7549 26.3767 5.1893 
228.0000 58.0000 14.7886 24.4256 14.1221 
229.0000 74.0000 3.6699 30.2542 7.2965 
230.0000 89.0000 45.2711 2.0773 11.3301 
231.0000 112.0000 11.2473 35.0459 12.0605 
232.0000 133.0000 29.8394 6.5113 8.6397 
233.0000 96.0000 10.0511 5.8093 8.3368 
234.0000 126.0000 27.9067 38.5496 10.2083 
235.0000 52.0000 43.3978 4.0924 11.1594 
236.0000 106.0000 18.5078 39.2672 6.1246 
237.0000 80.0000 10.3339 15.6219 9.1188 
238.0000 129.0000 2.8140 37.3876 14.9361 
239.0000 131.0000 29.8777 12.0737 6.7030 
240.0000 128.0000 20.6826 31.2443 13.1724 
241.0000 115.0000 32.8915 1.6743 9.6347 
242.0000 51.0000 46.7824 23.2431 12.2780 
243.0000 71.0000 47.1116 40.1946 13.5548 
244.0000 57.0000 25.1919 17.1345 6.2970 
245.0000 132.0000 49.7832 19.3980 13.0022 
246.0000 54.0000 15.0866 18.9441 8.5072 
247.0000 91.0000 37.7090 24.9613 14.4467 
248.0000 75.0000 44.3395 19.7980 13.2722 
249.0000 130.0000 22.5013 22.7423 10.3712 
250.0000 83.0000 43.4872 45.4055 12.6177 
251.0000 84.0000 22.0843 20.2631 11.8056 
252.0000 66.0000 13.9348 34.1649 6.5894 
253.0000 112.0000 26.9077 12.4745 5.6071 
254.0000 79.0000 41.6719 42.8920 11.3636 
255.0000 128.0000 25.3653 17.4588 14.7622 
256.0000 57.0000 14.5006 42.2326 11.1566 
257.0000 89.0000 28.3974 3.5804 5.3248 
258.0000 98.0000 23.9738 44.7005 11.3091 
259.0000 50.0000 4.2575 34.5220 5.0855 
260.0000 104.0000 40.4595 31.5041 11.0783 
261.0000 139.0000 20.6651 5.7266 10.7611 
262.0000 75.0000 45.1762 34.5943 7.9533 
263.0000 126.0000 3.5172 36.4104 7.9778 
264.0000 69.0000 1.1763 4.4050 14.7567 
265.0000 54.0000 27.2349 40.5477 8.9345 
266.0000 118.0000 1.7982 9.4868 11.0954 
267.0000 62.0000 42.9806 33.8888 7.0766 
268.0000 68.0000 35.2885 40.8691 10.6443 
269.0000 124.0000 28.4954 0.8642 9.5037 
270.0000 104.0000 1.7281 48.2193 14.5839 
271.0000 99.0000 17.7806 44.2569 7.7158 
272.0000 54.0000 20.2648 45.6693 12.4144 
273.0000 133.0000 6.3754 10.6871 10.0548 
274.0000 70.0000 35.0781 24.6509 8.1298 
275.0000 87.0000 12.8799 21.7920 7.6422 
276.0000 73.0000 48.3784 19.8922 7.8695 
277.0000 123.0000 40.5245 33.9970 6.2870 
278.0000 53.0000 44.0181 42.8439 5.9725 
279.0000 83.0000 27.0339 18.2796 9.3066 
280.0000 125.0000 26.9728 11.5534 8.8029 
281.0000 99.0000 45.4859 4.2069 11.3794 
282.0000 112.0000 47.2993 32.4035 6.4685 
283.0000 89.0000 17.2775 47.8119 8.0192 
284.0000 109.0000 13.2242 32.8045 12.3671 
285.0000 73.0000 33.6626 0.0181 10.3999 
286.0000 134.0000 41.3321 3.3579 5.7342 
287.0000 93.0000 30.3217 13.5001 6.2159 
288.0000 70.0000 9.5113 19.7581 7.5495 
289.0000 118.0000 22.5780 19.0249 11.6510 
290.0000 51.0000 5.0306 22.1343 11.6763 
291.0000 51.0000 47.6954 6.5929 9.1444 
292.0000 54.0000 47.2502 22.7262 9.6104 
293.0000 77.0000 8.6511 4.8255 8.7898 
294.0000 62.0000 22.1916 3.3762 14.1276 
295.0000 129.0000 36.0445 25.6884 13.2087 
296.0000 124.0000 12.8735 35.4884 7.0589 
297.0000 101.0000 31.8305 11.3051 6.4014 
298.0000 106.0000 21.2875 46.8894 14.4316 
299.0000 128.0000 19.3342 46.9845 14.0044 
300.0000 96.0000 28.3786 17.7398 14.3666 
301.0000 54.0000 3.4561 36.0690 7.9253 
302.0000 72.0000 27.3127 43.7350 9.6573 
303.0000 138.0000 37.9547 9.0295 6.2041 
304.0000 72.0000 7.0813 25.7149 8.2195 
305.0000 98.0000 48.9334 26.5179 5.5761 
306.0000 135.0000 48.4462 18.9856 11.4062 
307.0000 129.0000 38.2763 43.1192 12.6264 
308.0000 51.0000 10.2137 30.7014 8.0523 
309.0000 65.0000 46.4609 47.9914 6.9235 
310.0000 80.0000 28.8572 34.3629 9.8041 
311.0000 63.0000 9.0350 49.7213 6.2612 
312.0000 123.0000 16.0124 44.4687 11.4794 
313.0000 85.0000 37.0189 22.1898 6.1227 
314.0000 102.0000 44.8556 21.6876 13.9595 
315.0000 113.0000 26.9897 21.5651 8.3613 
316.0000 89.0000 44.0284 4.1581 9.5697 
317.0000 100.0000 30.4096 4.0728 10.1346 
318.0000 91.0000 47.7012 6.4350 10.5171 
319.0000 83.0000 35.9986 48.0438 12.0595 
320.0000 62.0000 18.9870 36.2193 12.8889 
321.0000 61.0000 11.0527 20.9263 12.6419 
322.0000 78.0000 40.6439 1.8953 13.7277 
323.0000 106.0000 3.3377 25.8536 10.9084 
324.0000 107.0000 43.5122 20.1070 14.6068 
325.0000 66.0000 43.1250 41.5129 5.0344 
326.0000 67.0000 42.7056 32.6798 10.5257 
327.0000 114.0000 31.1197 27.7296 11.7754 
328.0000 117.0000 42.0672 4.0023 6.0867 
329.0000 93.0000 27.3187 48.2983 14.9634 
330.0000 75.0000 15.0166 20.9059 7.0214 
331.0000 61.0000 39.5847 23.2415 12.3086 
332.0000 54.0000 17.0316 16.5549 10.4965 
333.0000 71.0000 7.1034 30.9465 7.3482 
334.0000 131.0000 48.3804 42.9665 9.4761 
335.0000 132.0000 43.8088 12.8872 5.1866 
336.0000 78.0000 1.6001 32.6700 11.9531 
337.0000 64.0000 47.8046 42.9704 6.3973 
338.0000 122.0000 39.7568 36.3148 8.9624 
339.0000 77.0000 8.5698 17.6874 8.2892 
340.0000 64.0000 36.3041 32.7340 5.8255 
341.0000 88.0000 10.5016 11.4569 11.4704 
342.0000 79.0000 5.5919 4.8269 7.1747 
343.0000 133.0000 0.8907 48.7401 13.9484 
344.0000 58.0000 46.8193 13.0912 10.8225 
345.0000 122.0000 25.5817 33.4091 14.0377 
346.0000 81.0000 29.7269 12.7493 6.9414 
347.0000 132.0000 32.1426 46.3169 11.9356 
348.0000 90.0000 23.3465 27.6126 10.5817 
349.0000 111.0000 16.2687 46.1730 11.1404 
350.0000 97.0000 34.2716 17.9222 13.6346 
351.0000 94.0000 38.1348 28.3682 7.9760 
352.0000 77.0000 36.7404 18.0324 5.0432 
353.0000 97.0000 24.6092 3.4578 13.3931 
354.0000 135.0000 3.6214 20.5383 13.1276 
355.0000 94.0000 47.6942 33.6802 9.9345 
356.0000 65.0000 45.9108 2.1207 8.2739 
357.0000 126.0000 7.9695 7.8091 5.3795 
358.0000 72.0000 29.8766 18.2050 13.1816 
359.0000 54.0000 28.3322 38.5017 10.2527 
360.0000 133.0000 41.8599 0.9772 14.6828 
361.0000 90.0000 16.2973 32.3610 12.8802 
362.0000 62.0000 47.2926 20.1659 5.3601 
363.0000 100.0000 29.8902 25.9212 6.9761 
364.0000 95.0000 18.8380 49.9678 7.4150 
365.0000 97.0000 47.0720 17.6566 14.2793 
366.0000 52.0000 43.2552 1.6795 14.5208 
367.0000 124.0000 40.7995 2.5192 12.0134 
368.0000 82.0000 40.9234 32.3489 9.8028 
369.0000 95.0000 46.4093 31.5097 13.2805 
370.0000 104.0000 45.9799 21.9890 9.4397 
371.0000 103.0000 44.3383 41.5736 10.8148 
372.0000 137.0000 0.4297 34.4291 12.0760 
373.0000 56.0000 47.7931 25.1688 9.8740 
374.0000 74.0000 2.1647 36.8829 13.3414 
375.0000 131.0000 15.9614 28.5289 9.2317 
376.0000 85.0000 16.2590 29.8810 9.9391 
377.0000 93.0000 39.2742 14.1229 13.2574 
378.0000 60.0000 29.0060 11.1632 6.4671 
379.0000 133.0000 22.2700 45.5541 10.3574 
380.0000 76.0000 32.9920 33.7871 13.0388 
381.0000 126.0000 2.8927 10.6003 11.6860 
382.0000 100.0000 36.5014 12.4121 6.1689 
383.0000 116.0000 21.0882 28.2109 12.0065 
384.0000 75.0000 49.4019 45.3568 5.5690 
385.0000 102.0000 44.1128 43.2500 6.6939 
386.0000 107.0000 18.7985 17.3958 10.9674 
387.0000 88.0000 48.6503 12.3426 12.3460 
388.0000 136.0000 37.7754 43.8325 12.6536 
389.0000 92.0000 11.9548 8.5474 11.7968 
390.0000 103.0000 43.2989 33.8896 14.4496 
391.0000 115.0000 4.8164 7.0043 11.4668 
392.0000 132.0000 31.1953 17.3419 8.6390 
393.0000 63.0000 31.6289 40.7160 13.3722 
394.0000 118.0000 4.1652 28.4340 11.1308 
395.0000 107.0000 13.2700 3.6227 14.8237 
396.0000 117.0000 14.4077 33.3601 5.4492 
397.0000 111.0000 36.5414 3.2406 8.1535 
398.0000 119.0000 22.3049 20.4397 7.0778 
399.0000 130.0000 37.8670 0.3859 7.1534 
400.0000 67.0000 47.6470 10.2194 14.4368 
401.0000 54.0000 25.9438 3.5174 10.2242 
402.0000 85.0000 16.3668 10.0511 13.2026 
403.0000 51.0000 22.9473 41.6936 14.4094 
404.0000 52.0000 10.2238 22.5609 11.2681 
405.0000 107.0000 10.2664 49.7086 8.7534 
406.0000 130.0000 19.5702 30.5141 7.1742 
407.0000 86.0000 47.5275 17.8862 13.0928 
408.0000 78.0000 21.6797 36.0155 5.4929 
409.0000 112.0000 44.4020 34.5858 13.9448 
410.0000 130.0000 39.3630 10.0151 13.5469 
411.0000 111.0000 16.5315 44.2921 12.0440 
412.0000 54.0000 35.2715 39.3949 9.6930 
413.0000 91.0000 3.2428 8.1278 8.6338 
414.0000 74.0000 45.9633 2.0118 13.1860 
415.0000 107.0000 49.3020 49.4715 12.3975 
416.0000 62.0000 22.6612 28.3781 5.0083 
417.0000 63.0000 7.6819 28.0993 8.1094 
418.0000 65.0000 20.5730 31.5598 14.6397 
419.0000 87.0000 24.1703 37.0983 14.0393 
420.0000 99.0000 45.7309 24.2466 12.7875 
421.0000 117.0000 25.1533 46.0378 5.4237 
422.0000 124.0000 13.2173 20.9939 6.2676 
423.0000 53.0000 44.1691 14.4164 10.7068 
424.0000 59.0000 2.4431 36.1339 14.1739 
425.0000 80.0000 43.3483 1.1029 13.2983 
426.0000 106.0000 44.8729 29.6230 5.2060 
427.0000 125.0000 10.3748 28.3609 10.3562 
428.0000 134.0000 33.6162 48.2035 14.3777 
429.0000 118.0000 32.2503 7.5724 9.5424 
430.0000 126.0000 37.8867 15.8423 11.6400 
431.0000 59.0000 25.0622 29.3468 5.2354 
432.0000 97.0000 2.1735 11.9191 9.0223 
433.0000 138.0000 46.3200 18.3516 6.4766 
434.0000 135.0000 15.5221 26.3902 10.5340 
435.0000 65.0000 32.4086 36.9787 11.8875 
436.0000 137.0000 26.4189 16.8078 8.3747 
437.0000 60.0000 27.6820 38.1425 5.4539 
438.0000 60.0000 30.7851 41.5615 8.6210 
439.0000 84.0000 25.0519 7.6780 14.7088 
440.0000 128.0000 39.2223 34.3888 11.1574 
441.0000 72.0000 27.5069 19.2644 10.4839 
442.0000 77.0000 0.6623 31.1289 9.0482 
443.0000 131.0000 10.5093 32.4178 6.8785 
444.0000 53.0000 28.5001 46.5053 14.7934 
445.0000 140.0000 9.4252 35.0501 6.6237 
446.0000 107.0000 35.4123 26.1500 5.8380 
447.0000 133.0000 21.0064 30.5159 13.9481 
448.0000 116.0000 45.2963 42.0926 14.6751 
449.0000 87.0000 49.5465 13.7420 5.2969 
450.0000 95.0000 33.1048 43.1975 6.2055 

