0.0000 0.0000 25.0000 25.0000 0.0000 
1.0000 85.0000 18.9494 17.2593 14.3519 
2.0000 114.0000 14.5681 40.6878 11.6905 
3.0000 110.0000 49.0647 26.9269 9.0353 
4.0000 89.0000 36.6455 3.5034 9.1145 
5.0000 98.0000 40.1297 16.3158 14.8979 
6.0000 142.0000 12.1867 6.8594 8.0296 
7.0000 121.0000 16.7086 34.8338 13.9125 
8.0000 108.0000 16.1587 41.4324 11.6634 
9.0000 140.0000 14.2911 29.5155 11.1479 
10.0000 92.0000 7.7116 1.9396 6.1869 
11.0000 105.0000 28.4521 13.6580 5.7054 
12.0000 84.0000 21.2193 14.3973 13.7856 
13.0000 105.0000 14.7788 35.3913 5.5841 
14.0000 62.0000 9.5360 44.0672 9.5741 
15.0000 92.0000 10.0862 14.6584 6.4737 
16.0000 87.0000 30.6005 8.4632 11.6873 
17.0000 85.0000 18.0077 7.8278 9.6969 
18.0000 80.0000 40.2359 11.7416 14.1343 
19.0000 98.0000 0.0574 23.1037 6.9473 
20.0000 150.0000 19.1914 32.2272 12.1185 
21.0000 120.0000 47.5387 38.7015 9.2140 
22.0000 135.0000 37.4580 10.2066 8.2352 
23.0000 115.0000 16.3155 33.6826 6.7085 
24.0000 77.0000 31.5221 36.4737 13.6523 
25.0000 75.0000 41.4430 6.9267 6.1475 
26.0000 140.0000 35.6731 7.8024 12.3306 
27.0000 73.0000 24.2085 2.8266 12.2352 
28.0000 84.0000 26.1505 42.7888 6.9545 
29.0000 103.0000 49.5875 36.3771 8.3219 
30.0000 66.0000 32.6812 21.3538 12.3151 
31.0000 95.0000 18.5364 46.8768 11.2678 
32.0000 74.0000 35.1248 36.8990 12.2633 
33.0000 87.0000 20.9849 47.8071 13.8164 
34.0000 91.0000 18.3834 24.3206 5.1056 
35.0000 126.0000 28.8640 1.1326 14.3104 
36.0000 79.0000 32.6600 40.4199 10.4639 
37.0000 90.0000 39.4516 19.7165 13.5987 
38.0000 100.0000 18.2108 47.4634 13.1853 
39.0000 117.0000 38.4488 43.2841 10.5747 
40.0000 70.0000 43.2182 13.6731 11.1678 
41.0000 109.0000 6.5722 10.4894 6.3745 
42.0000 112.0000 49.9976 49.1867 5.5419 
43.0000 130.0000 18.4189 49.0406 13.1148 
44.0000 143.0000 17.3233 47.0821 10.8943 
45.0000 132.0000 33.5340 6.0027 7.1712 
46.0000 67.0000 19.7722 15.3576 5.8226 
47.0000 104.0000 25.2375 43.1678 11.3061 
48.0000 94.0000 35.2515 7.6566 10.5895 
49.0000 92.0000 10.0449 19.2847 13.2495 
50.0000 90.0000 48.6095 21.1403 6.9875 
51.0000 77.0000 12.9290 25.8215 8.9479 
52.0000 89.0000 30.8279 49.3082 6.1909 
53.0000 67.0000 44.4709 48.2959 7.1200 
54.0000 102.0000 25.5294 4.0252 10.5152 
55.0000 144.0000 37.7420 20.2771 5.8976 
56.0000 89.0000 10.2525 26.2657 9.9574 
57.0000 115.0000 43.6333 4.0803 13.6462 
58.0000 101.0000 5.7546 38.2116 8.7755 
59.0000 76.0000 21.6101 39.7463 7.8763 
60.0000 149.0000 18.9295 42.5222 6.8212 
61.0000 122.0000 0.6933 30.2962 12.1235 
62.0000 102.0000 2.4663 48.9288 8.3162 
63.0000 147.0000 2.5263 0.2748 14.7551 
64.0000 129.0000 34.6336 2.6166 5.7267 
65.0000 96.0000 25.3319 6.2773 7.9137 
66.0000 92.0000 18.5708 4.4329 7.5638 
67.0000 84.0000 13.0596 8.9588 11.3519 
68.0000 62.0000 31.3798 30.9061 13.2705 
69.0000 88.0000 28.5535 48.0401 14.5557 
70.0000 122.0000 30.4437 26.4577 12.4620 
71.0000 111.0000 46.4221 36.6766 8.8827 
72.0000 118.0000 30.1911 12.6596 13.3578 
73.0000 71.0000 30.8280 22.9150 6.0444 
74.0000 67.0000 41.3158 43.7151 13.5104 
75.0000 75.0000 36.8774 20.8888 9.2148 
76.0000 88.0000 17.7002 37.0191 9.2658 
77.0000 103.0000 10.0847 34.8665 12.5536 
78.0000 103.0000 38.0704 36.4446 10.6704 
79.0000 95.0000 12.1275 22.8260 10.0005 
80.0000 122.0000 0.2419 44.4425 8.7357 
81.0000 136.0000 4.5685 3.4911 6.4117 
82.0000 97.0000 8.3693 1.8301 13.8693 
83.0000 63.0000 14.1331 10.0552 11.8362 
84.0000 93.0000 23.4310 9.4617 13.8433 
85.0000 102.0000 28.2200 37.9820 5.2435 
86.0000 95.0000 40.8219 0.8439 12.8737 
87.0000 85.0000 3.5173 47.0760 14.4774 
88.0000 99.0000 42.8120 15.2616 11.7116 
89.0000 105.0000 29.1091 0.7709 10.3520 
90.0000 62.0000 17.7353 23.2289 13.0310 
91.0000 92.0000 3.1495 28.4373 12.5004 
92.0000 143.0000 2.1115 22.7722 5.7477 
93.0000 129.0000 21.2935 19.9161 5.5129 
94.0000 67.0000 41.1252 20.7466 6.2658 
95.0000 150.0000 12.3157 8.8277 10.1175 
96.0000 146.0000 5.0561 4.6252 5.4287 
97.0000 64.0000 41.1516 21.1694 13.0971 
98.0000 75.0000 31.8293 13.2904 12.0284 
99.0000 113.0000 41.8425 42.7531 9.6420 
100.0000 135.0000 5.1307 35.9956 13.2119 
101.0000 140.0000 43.9743 35.6757 11.9433 
102.0000 145.0000 43.1121 8.5561 8.3227 
103.0000 91.0000 29.6079 45.0936 9.5432 
104.0000 115.0000 3.6063 9.6147 10.9383 
105.0000 90.0000 35.9818 27.9313 13.8086 
106.0000 141.0000 24.1780 20.3464 13.2385 
107.0000 79.0000 14.6322 18.8761 11.1059 
108.0000 115.0000 11.2456 16.3022 6.0191 
109.0000 149.0000 16.5147 44.6287 11.5888 
110.0000 92.0000 5.4253 48.5179 13.5033 
111.0000 110.0000 12.5332 42.8115 13.1056 
112.0000 80.0000 47.9972 34.8218 10.3852 
113.0000 102.0000 5.9944 11.7395 13.6428 
114.0000 85.0000 42.4957 41.5217 9.2283 
115.0000 117.0000 9.8984 11.9558 7.8137 
116.0000 100.0000 48.7749 20.1138 14.5184 
117.0000 119.0000 35.8098 6.4515 8.4990 
118.0000 84.0000 29.9311 30.2073 14.8695 
119.0000 74.0000 31.0463 3.2261 7.2159 
120.0000 63.0000 2.1014 12.7124 14.9714 
121.0000 74.0000 16.0057 1.9981 10.5848 
122.0000 124.0000 44.5699 32.4355 11.3744 
123.0000 84.0000 44.3770 27.2472 6.6687 
124.0000 63.0000 43.3236 19.1246 10.3754 
125.0000 149.0000 36.1235 12.8973 7.5700 
126.0000 130.0000 47.1247 39.5768 6.3658 
127.0000 146.0000 0.0714 6.9377 5.8896 
128.0000 109.0000 2.6090 18.6044 8.6241 
129.0000 109.0000 15.7985 20.6352 13.0521 
130.0000 61.0000 31.6540 23.6301 7.2809 
131.0000 98.0000 0.4324 30.7405 5.5453 
132.0000 145.0000 23.9858 30.4840 7.4391 
133.0000 66.0000 11.6014 16.8500 10.4352 
134.0000 137.0000 23.9240 4.8336 11.5946 
135.0000 134.0000 11.4790 20.6290 8.5552 
136.0000 99.0000 12.0971 37.4768 9.4200 
137.0000 149.0000 16.4805 24.7318 5.5264 
138.0000 129.0000 33.5167 49.4183 13.2719 
139.0000 93.0000 18.3586 14.7450 11.0588 
140.0000 82.0000 8.8188 12.1201 13.3991 
141.0000 72.0000 19.1241 0.2434 11.3166 
142.0000 132.0000 6.6116 15.7074 6.7072 
143.0000 84.0000 45.1318 44.6071 9.6442 
144.0000 106.0000 37.7804 3.4990 14.7234 
145.0000 93.0000 5.4010 13.7969 8.6954 
146.0000 66.0000 5.1769 28.8804 10.3454 
147.0000 102.0000 9.2912 17.6850 8.2454 
148.0000 66.0000 9.0436 15.1393 7.4314 
149.0000 101.0000 25.7996 19.9659 12.9629 
150.0000 100.0000 48.6785 28.5573 14.2877 
151.0000 146.0000 29.0831 12.9896 10.7172 
152.0000 72.0000 41.3285 9.0974 7.9092 
153.0000 75.0000 36.0131 30.2138 8.8747 
154.0000 143.0000 0.4603 27.3348 8.2729 
155.0000 133.0000 15.3900 11.6612 12.4816 
156.0000 139.0000 12.8542 8.1914 5.9982 
157.0000 127.0000 24.8227 32.7592 10.4514 
158.0000 68.0000 25.8577 45.1878 13.5896 
159.0000 91.0000 13.3027 42.2826 11.8426 
160.0000 94.0000 33.6151 39.1929 8.2988 
161.0000 129.0000 16.9960 0.3329 9.3217 
162.0000 86.0000 20.3085 13.8561 10.3429 
163.0000 132.0000 15.4270 10.5549 10.1009 
164.0000 127.0000 3.0012 19.5420 5.1578 
165.0000 120.0000 7.0895 44.5889 9.7731 
166.0000 99.0000 27.7323 34.9438 11.5742 
167.0000 132.0000 21.4996 35.6652 13.3007 
168.0000 108.0000 31.8644 26.6198 13.4527 
169.0000 89.0000 38.2522 0.3957 11.6155 
170.0000 112.0000 31.9193 12.4649 10.9888 
171.0000 109.0000 1.1645 32.4034 12.1972 
172.0000 94.0000 37.1190 37.6774 9.1840 
173.0000 115.0000 45.1008 17.2228 7.3426 
174.0000 119.0000 4.4920 10.1602 7.1305 
175.0000 108.0000 4.6081 13.4658 10.9213 
176.0000 134.0000 7.1482 45.4425 6.8165 
177.0000 114.0000 40.8912 46.5707 13.8932 
178.0000 136.0000 8.6889 3.5754 12.4007 
179.0000 134.0000 41.3483 34.8218 5.4506 
180.0000 77.0000 47.5767 3.7709 10.8845 
181.0000 127.0000 32.3946 41.3838 13.0976 
182.0000 142.0000 7.1339 1.9407 8.1792 
183.0000 93.0000 16.3533 45.2987 9.0064 
184.0000 85.0000 0.3257 26.5516 11.7825 
185.0000 148.0000 20.6305 48.0472 8.9637 
186.0000 132.0000 21.8573 45.9264 6.7012 
187.0000 132.0000 24.4171 40.6290 6.5879 
188.0000 141.0000 43.9963 37.5872 10.3426 
189.0000 103.0000 37.2180 39.0154 11.5495 
190.0000 136.0000 47.6645 17.4410 10.5729 
191.0000 121.0000 49.3132 22.3846 7.1253 
192.0000 122.0000 30.9481 24.2159 13.3557 
193.0000 69.0000 16.3279 31.7317 6.2185 
194.0000 95.0000 9.1363 39.1692 11.3534 
195.0000 118.0000 9.6886 11.5806 6.2822 
196.0000 65.0000 34.4310 28.8432 11.3975 
197.0000 94.0000 35.4154 44.5469 13.4404 
198.0000 90.0000 0.1614 47.5054 11.4628 
199.0000 116.0000 27.9709 28.2627 6.9377 
200.0000 110.0000 14.9500 0.7289 7.5850 
