0.0000 0.0000 25.0000 25.0000 0.0000 
1.0000 150.0000 31.2898 21.9002 11.7594 
2.0000 177.0000 2.8579 32.2447 7.2183 
3.0000 146.0000 12.0019 23.3414 8.7159 
4.0000 173.0000 30.9457 41.6548 13.6789 
5.0000 170.0000 10.5758 18.6159 6.8872 
6.0000 177.0000 26.0182 39.1699 7.4942 
7.0000 100.0000 1.4840 40.4387 9.2248 
8.0000 143.0000 16.7947 27.2940 7.5489 
9.0000 142.0000 27.9836 34.7277 13.4816 
10.0000 129.0000 46.5800 46.2395 9.4520 
11.0000 166.0000 13.3239 41.3930 7.3385 
12.0000 178.0000 39.3709 10.2167 10.2114 
13.0000 158.0000 7.7056 49.4027 10.2042 
14.0000 126.0000 2.7322 40.7760 6.3153 
15.0000 96.0000 20.1188 12.8766 11.2054 
16.0000 122.0000 16.1348 0.6559 10.6580 
17.0000 156.0000 40.5272 24.6436 5.1511 
18.0000 126.0000 37.7907 47.7137 10.9067 
19.0000 131.0000 23.1343 14.0901 6.4809 
20.0000 152.0000 40.6531 9.6657 12.9066 
21.0000 146.0000 48.7704 2.3777 10.9976 
22.0000 117.0000 10.3410 17.0065 6.8187 
23.0000 90.0000 42.7869 23.9356 9.4861 
24.0000 109.0000 0.9123 32.5058 13.0837 
25.0000 139.0000 13.2108 48.8186 12.9326 
26.0000 115.0000 6.5359 35.1108 12.7398 
27.0000 152.0000 27.2820 38.9006 10.4441 
28.0000 145.0000 27.9466 22.3653 13.5032 
29.0000 91.0000 33.0942 41.6839 5.7904 
30.0000 148.0000 16.3606 29.5617 5.3543 
31.0000 109.0000 35.9678 32.3476 7.4917 
32.0000 118.0000 26.3380 13.2920 6.4521 
33.0000 160.0000 13.1659 12.3441 5.7179 
34.0000 149.0000 11.0414 48.8816 13.9899 
35.0000 143.0000 21.7284 48.6614 8.2446 
36.0000 106.0000 1.0887 48.6332 13.5909 
37.0000 95.0000 27.1796 43.5612 14.9855 
38.0000 158.0000 32.2051 9.1376 12.1584 
39.0000 103.0000 39.6548 48.9114 14.4846 
40.0000 131.0000 34.6293 44.5913 8.0197 
41.0000 180.0000 47.7684 2.1484 13.8469 
42.0000 154.0000 46.3459 25.8259 11.0934 
43.0000 166.0000 19.6702 2.7273 6.7747 
44.0000 111.0000 20.4969 1.0971 6.3098 
45.0000 138.0000 12.3416 41.2359 5.8426 
46.0000 160.0000 18.3899 19.7891 12.7825 
47.0000 128.0000 49.0485 15.0513 14.3829 
48.0000 140.0000 35.8738 36.0608 14.5966 
49.0000 125.0000 43.4048 21.0967 9.2158 
50.0000 166.0000 43.9299 38.1233 11.2950 
51.0000 180.0000 19.2360 49.9556 6.5995 
52.0000 112.0000 40.5275 18.6584 14.4936 
53.0000 101.0000 4.7902 29.4945 9.7819 
54.0000 142.0000 0.7547 45.5691 5.5794 
55.0000 176.0000 16.3855 34.8333 7.7123 
56.0000 132.0000 17.7689 14.6922 12.9685 
57.0000 120.0000 1.4842 8.9376 6.1687 
58.0000 92.0000 25.5659 29.2169 14.5056 
59.0000 151.0000 23.8782 43.3898 13.1659 
60.0000 126.0000 3.0437 21.5140 5.3128 
61.0000 132.0000 31.2790 18.4256 6.1459 
62.0000 149.0000 40.2485 14.6984 13.0153 
63.0000 142.0000 19.7274 16.8378 5.8249 
64.0000 144.0000 30.6348 1.9392 10.4253 
65.0000 144.0000 6.1157 27.1149 5.0726 
66.0000 175.0000 41.9208 48.1732 14.0428 
67.0000 111.0000 46.3152 23.4641 5.2658 
68.0000 100.0000 9.8108 45.0503 13.1772 
69.0000 138.0000 12.3342 21.5830 8.9915 
70.0000 140.0000 48.3946 27.5669 6.1779 
71.0000 157.0000 13.4316 13.0685 11.9398 
72.0000 131.0000 8.1262 42.0675 6.9732 
73.0000 92.0000 40.0931 29.7810 13.1409 
74.0000 140.0000 8.4779 46.2297 6.8889 
75.0000 113.0000 24.6203 31.4765 10.9114 
76.0000 126.0000 26.5576 23.0151 6.8579 
77.0000 120.0000 1.5830 19.7280 5.9647 
78.0000 131.0000 30.1042 0.9468 8.8300 
79.0000 170.0000 6.0212 48.8817 13.7370 
80.0000 150.0000 39.8813 47.7607 6.9588 
81.0000 152.0000 34.3995 4.3234 6.5228 
82.0000 151.0000 13.2067 20.9996 5.0992 
83.0000 180.0000 17.2769 45.5571 8.2122 
84.0000 96.0000 25.5336 15.1093 13.1344 
85.0000 175.0000 30.9654 11.7062 5.9440 
86.0000 143.0000 31.8070 13.8342 5.6565 
87.0000 154.0000 8.3315 47.3863 12.9636 
88.0000 172.0000 43.1674 27.3313 13.9934 
89.0000 91.0000 48.3040 33.4736 10.3222 
90.0000 172.0000 47.0275 6.5046 12.7527 
91.0000 95.0000 30.3583 23.5947 11.0189 
92.0000 118.0000 42.7957 0.0964 12.5997 
93.0000 120.0000 11.4918 32.3557 11.4806 
94.0000 112.0000 48.3550 35.1972 9.9119 
95.0000 110.0000 7.7381 7.5819 14.9059 
96.0000 139.0000 45.2148 39.4353 8.9339 
97.0000 149.0000 7.5174 18.4048 6.0017 
98.0000 138.0000 38.5170 12.4000 14.8942 
99.0000 123.0000 6.6926 0.1298 9.3781 
100.0000 155.0000 29.2195 23.5618 6.3607 
101.0000 158.0000 21.1086 27.5879 13.1956 
102.0000 161.0000 25.2228 13.8925 12.1085 
103.0000 90.0000 15.7280 34.6689 8.8123 
104.0000 150.0000 0.8227 48.0205 14.8577 
105.0000 105.0000 26.4545 10.5163 14.3250 
106.0000 132.0000 1.2937 22.9672 11.8670 
107.0000 174.0000 3.2454 37.1606 5.2067 
108.0000 169.0000 28.9046 11.0775 10.8137 
109.0000 155.0000 8.6918 16.3589 6.4836 
110.0000 156.0000 24.8796 0.7111 5.2961 
111.0000 138.0000 23.5362 9.3717 7.2369 
112.0000 130.0000 0.0559 38.1593 6.9024 
113.0000 123.0000 1.8065 44.7315 8.4443 
114.0000 111.0000 45.2999 2.1597 12.4226 
115.0000 93.0000 29.7333 20.8516 12.6526 
116.0000 114.0000 39.1197 8.3087 8.9380 
117.0000 167.0000 1.3226 15.0562 11.5712 
118.0000 118.0000 41.3186 11.4098 5.8856 
119.0000 110.0000 45.6300 30.9561 14.0035 
120.0000 103.0000 10.5932 38.9476 8.6669 
121.0000 146.0000 1.7606 38.2158 10.1903 
122.0000 156.0000 27.5518 25.1052 13.1470 
123.0000 144.0000 42.6437 8.1357 14.7551 
124.0000 156.0000 16.7225 6.9932 10.0016 
125.0000 158.0000 30.3280 49.5133 9.0579 
126.0000 172.0000 6.2852 47.2260 5.1512 
127.0000 150.0000 21.2613 24.7680 14.5517 
128.0000 103.0000 35.4390 11.8452 5.5820 
129.0000 153.0000 13.3662 20.6871 9.1061 
130.0000 109.0000 14.1467 5.9061 11.7689 
131.0000 151.0000 36.8975 16.1390 9.5402 
132.0000 158.0000 27.9928 18.1184 12.4151 
133.0000 136.0000 47.1273 26.5320 13.4141 
134.0000 117.0000 19.3350 28.5003 10.1085 
135.0000 99.0000 24.9060 36.5275 6.2953 
136.0000 111.0000 12.6925 23.6928 14.7861 
137.0000 101.0000 44.5582 46.7816 11.8289 
138.0000 158.0000 5.9886 19.7443 11.4922 
139.0000 174.0000 29.4895 9.3522 11.0213 
140.0000 138.0000 26.1497 41.4697 8.0780 
141.0000 124.0000 30.4210 6.9509 9.1284 
142.0000 138.0000 30.5110 11.2205 14.6407 
143.0000 140.0000 28.1430 34.4880 5.2707 
144.0000 108.0000 19.1313 20.3825 14.0914 
145.0000 146.0000 31.1344 42.6429 9.3166 
146.0000 96.0000 17.8860 21.4048 12.3860 
147.0000 115.0000 7.7092 38.3342 11.2490 
148.0000 162.0000 32.7629 14.6030 7.3748 
149.0000 160.0000 22.4968 10.4786 13.8095 
150.0000 159.0000 24.7523 47.5068 6.3219 
151.0000 167.0000 21.6815 43.5979 10.9714 
152.0000 115.0000 20.9299 39.8701 8.0118 
153.0000 112.0000 13.7121 30.1433 8.6917 
154.0000 116.0000 22.3366 15.4738 14.8212 
155.0000 135.0000 5.7595 15.3268 5.9891 
156.0000 159.0000 16.5724 10.5398 6.7283 
157.0000 130.0000 2.1276 31.2135 11.5313 
158.0000 160.0000 41.4873 10.5278 5.6168 
159.0000 108.0000 4.4083 27.5979 13.0272 
160.0000 133.0000 48.0130 23.5147 10.6144 
161.0000 123.0000 37.4173 36.9443 11.6069 
162.0000 148.0000 34.6001 47.3919 13.5988 
163.0000 137.0000 43.3981 46.6667 5.0737 
164.0000 163.0000 44.8400 22.0048 5.7184 
165.0000 110.0000 11.8619 2.0885 12.0055 
166.0000 107.0000 31.5144 27.2036 6.2844 
167.0000 113.0000 47.5743 15.5575 10.5991 
168.0000 128.0000 49.1848 18.7583 7.1925 
169.0000 172.0000 23.5241 43.7469 8.5394 
170.0000 170.0000 48.8199 39.4414 14.5283 
171.0000 160.0000 8.4370 31.9592 12.8836 
172.0000 109.0000 0.6711 41.8547 5.5476 
173.0000 176.0000 27.9766 16.9679 10.0068 
174.0000 94.0000 46.1147 2.3130 7.6707 
175.0000 112.0000 4.3381 21.9512 9.5193 
176.0000 99.0000 17.6189 31.9917 5.6953 
177.0000 104.0000 47.1567 28.7839 5.6814 
178.0000 120.0000 35.6513 37.6504 6.4443 
179.0000 161.0000 36.5997 8.3509 7.3227 
180.0000 102.0000 2.7833 13.5729 9.8734 
181.0000 139.0000 9.0137 19.7307 5.0056 
182.0000 137.0000 20.3247 2.0818 7.8249 
183.0000 120.0000 7.2746 0.2857 10.6500 
184.0000 154.0000 26.1614 25.6708 6.4164 
185.0000 111.0000 16.1442 32.1809 5.4316 
186.0000 106.0000 5.7703 42.6240 5.8359 
187.0000 113.0000 41.1080 20.8471 6.6903 
188.0000 126.0000 42.3303 28.7876 13.7417 
189.0000 117.0000 35.9344 16.4017 8.0990 
190.0000 97.0000 47.1454 6.4838 12.6247 
191.0000 90.0000 19.5951 29.5109 12.1936 
192.0000 101.0000 6.6966 25.6663 9.9697 
193.0000 170.0000 11.8780 15.7232 5.7726 
194.0000 153.0000 39.8797 41.2010 9.7721 
195.0000 169.0000 40.2037 38.5068 11.6708 
196.0000 103.0000 34.1788 1.0255 8.3898 
197.0000 155.0000 48.9107 30.3330 6.6059 
198.0000 98.0000 24.9002 11.2541 12.3373 
199.0000 147.0000 3.3161 31.2148 13.6818 
200.0000 94.0000 27.5823 28.9383 13.3153 
201.0000 128.0000 35.0558 21.7831 6.6425 
202.0000 115.0000 49.4370 1.6528 12.2317 
203.0000 140.0000 18.1475 43.4871 14.7179 
204.0000 117.0000 4.7183 13.9632 12.1494 
205.0000 150.0000 10.4031 40.7695 10.4744 
206.0000 152.0000 33.5720 29.3535 5.0207 
207.0000 106.0000 6.3676 11.2277 6.5403 
208.0000 93.0000 22.1402 24.5065 7.1460 
209.0000 114.0000 30.9670 9.6379 14.1060 
210.0000 178.0000 20.1750 28.4178 5.5685 
211.0000 98.0000 31.8283 48.1605 8.3165 
212.0000 117.0000 33.0636 43.6976 9.8778 
213.0000 112.0000 6.5261 12.4952 5.4003 
214.0000 154.0000 15.6063 13.4929 7.6153 
215.0000 112.0000 3.4697 20.5983 14.0138 
216.0000 173.0000 18.4145 1.3717 6.1787 
217.0000 128.0000 27.1423 3.9471 13.9513 
218.0000 110.0000 26.7285 42.8802 5.9983 
219.0000 163.0000 41.0407 14.4385 11.4336 
220.0000 137.0000 39.3253 48.8291 8.6299 
221.0000 105.0000 36.0710 10.7262 11.7223 
222.0000 172.0000 8.1622 45.2577 6.1153 
223.0000 128.0000 32.9828 13.7955 13.5675 
224.0000 131.0000 17.3331 32.3897 14.6534 
225.0000 178.0000 2.4467 1.2410 9.1340 
226.0000 150.0000 34.9058 30.2541 14.9111 
227.0000 124.0000 6.6335 7.2921 8.6552 
228.0000 135.0000 32.3265 0.4409 9.3918 
229.0000 134.0000 45.5241 49.2502 14.4652 
230.0000 158.0000 3.1539 39.7758 13.7904 
231.0000 168.0000 28.5306 46.7389 5.9835 
232.0000 118.0000 7.3733 25.2347 11.2401 
233.0000 128.0000 23.7110 5.8589 12.6583 
234.0000 107.0000 10.1537 0.8193 8.7451 
235.0000 95.0000 45.3377 23.0736 5.5784 
236.0000 139.0000 6.4833 35.7675 8.2148 
237.0000 156.0000 0.5730 11.3973 5.5314 
238.0000 134.0000 33.1826 46.6008 7.3656 
239.0000 93.0000 20.8197 16.2459 8.1428 
240.0000 133.0000 9.1157 35.8226 12.8381 
241.0000 92.0000 4.9950 20.9867 8.3397 
242.0000 129.0000 23.3404 19.3569 5.1408 
243.0000 150.0000 0.0041 25.1037 12.4612 
244.0000 165.0000 37.2417 37.4561 12.6832 
245.0000 154.0000 46.8662 38.2991 9.5228 
246.0000 97.0000 23.8915 17.9350 13.9875 
247.0000 115.0000 37.2379 3.2074 9.3426 
248.0000 142.0000 1.3403 9.1074 14.0736 
249.0000 166.0000 40.8684 6.0651 11.6656 
250.0000 138.0000 46.5257 38.1266 12.7910 
251.0000 166.0000 33.3152 41.3839 11.3932 
252.0000 163.0000 7.8547 1.1204 10.3501 
253.0000 128.0000 49.0298 22.6340 9.0562 
254.0000 174.0000 42.8132 7.8239 11.7584 
255.0000 104.0000 15.9128 36.6639 8.2101 
256.0000 140.0000 5.8832 40.5999 14.9676 
257.0000 109.0000 23.3930 17.2055 14.3404 
258.0000 116.0000 37.0735 14.2595 8.5424 
259.0000 104.0000 23.4720 36.0999 7.3405 
260.0000 105.0000 1.8265 25.3720 8.3890 
261.0000 121.0000 17.8920 48.5982 13.0514 
262.0000 139.0000 36.2872 28.7865 10.5992 
263.0000 180.0000 26.3194 3.2696 6.9198 
264.0000 99.0000 14.6917 2.0568 9.4425 
265.0000 119.0000 45.8636 0.7089 7.2036 
266.0000 135.0000 0.4964 11.1654 14.5334 
267.0000 180.0000 49.7075 14.8565 8.6245 
268.0000 149.0000 48.4504 41.5235 6.2237 
269.0000 131.0000 10.7154 3.5834 13.8383 
270.0000 172.0000 28.4878 48.0845 7.6867 
271.0000 108.0000 18.5480 24.4604 13.3812 
272.0000 124.0000 49.2468 10.9210 7.6168 
273.0000 146.0000 41.9953 41.3099 14.2358 
274.0000 124.0000 13.0631 19.8810 7.5022 
275.0000 128.0000 44.0084 19.7618 12.3557 
276.0000 124.0000 6.0044 5.4260 12.2838 
277.0000 116.0000 31.0046 30.7086 13.5196 
278.0000 105.0000 23.4947 36.0634 10.8730 
279.0000 99.0000 9.9195 13.4020 13.8971 
280.0000 109.0000 16.5233 17.0925 5.8448 
281.0000 110.0000 31.3401 1.8496 6.8511 
282.0000 147.0000 9.3625 0.3726 6.1784 
283.0000 119.0000 48.8077 27.0244 14.9038 
284.0000 177.0000 17.6207 25.8917 11.2469 
285.0000 99.0000 1.8436 9.4495 10.8910 
286.0000 155.0000 42.6548 36.0641 9.6089 
287.0000 121.0000 32.3316 30.8235 12.6311 
288.0000 126.0000 40.0609 25.2563 5.8654 
289.0000 104.0000 30.6220 48.5935 7.1565 
290.0000 109.0000 10.2518 3.6558 14.9270 
291.0000 159.0000 9.1418 47.3248 12.7206 
292.0000 146.0000 4.0381 13.1179 6.5301 
293.0000 116.0000 24.7142 17.6769 14.0235 
294.0000 153.0000 43.5282 23.9690 5.5895 
295.0000 111.0000 43.1095 30.4567 9.8374 
296.0000 112.0000 28.0126 20.9732 9.7111 
297.0000 124.0000 10.2954 26.7199 12.7374 
298.0000 140.0000 13.8020 26.6135 6.1981 
299.0000 97.0000 42.0939 24.5995 10.7983 
300.0000 122.0000 23.4293 33.3181 10.9661 
301.0000 171.0000 19.6438 20.2084 12.1929 
302.0000 179.0000 24.2761 48.7543 14.3524 
303.0000 112.0000 46.9347 4.4733 5.4309 
304.0000 173.0000 32.7730 12.8692 14.3555 
305.0000 149.0000 28.6606 27.2025 11.6750 
306.0000 130.0000 28.1346 22.9811 10.9337 
307.0000 159.0000 30.0375 37.8375 7.7031 
308.0000 112.0000 31.4703 7.2605 11.8268 
309.0000 100.0000 16.3294 30.7395 6.0265 
310.0000 139.0000 35.6306 23.5296 6.8464 
311.0000 101.0000 5.7884 41.1449 9.8662 
312.0000 138.0000 34.6491 9.6735 8.0045 
313.0000 121.0000 1.1288 9.3637 11.1164 
314.0000 112.0000 30.4620 16.9275 6.0629 
315.0000 171.0000 4.9519 17.1394 10.0502 
316.0000 116.0000 8.9948 0.5129 13.5974 
317.0000 116.0000 49.7708 0.3847 7.8838 
318.0000 103.0000 10.4444 23.8804 9.4567 
319.0000 138.0000 30.5544 10.0832 5.7880 
320.0000 153.0000 21.1080 47.3287 12.4371 
321.0000 130.0000 17.4431 4.1501 10.2590 
322.0000 105.0000 34.6322 38.0675 13.8596 
323.0000 98.0000 22.8313 41.5327 11.6971 
324.0000 145.0000 37.5736 39.7675 6.9520 
325.0000 168.0000 11.9328 49.6807 10.6243 
326.0000 172.0000 8.5415 25.2501 5.2418 
327.0000 99.0000 25.8869 21.6349 7.3165 
328.0000 173.0000 23.6619 20.5146 6.4263 
329.0000 91.0000 5.0502 19.3399 7.2467 
330.0000 121.0000 12.0366 37.2988 9.7628 
331.0000 167.0000 41.5728 42.5704 11.6403 
332.0000 121.0000 30.8431 26.4326 12.9800 
333.0000 108.0000 26.0104 37.0504 13.5837 
334.0000 155.0000 8.3938 2.6370 11.8967 
335.0000 165.0000 43.6207 27.8620 13.4363 
336.0000 141.0000 36.9698 34.1922 10.0286 
337.0000 157.0000 42.5967 35.4603 12.7602 
338.0000 117.0000 24.7377 21.9255 11.4090 
339.0000 122.0000 47.3026 7.8049 9.0962 
340.0000 137.0000 8.7611 10.0744 14.6725 
341.0000 139.0000 11.8496 21.9036 13.2298 
342.0000 143.0000 23.2475 36.0053 7.4399 
343.0000 111.0000 33.3552 35.2290 7.6018 
344.0000 175.0000 2.4257 25.0174 7.6093 
345.0000 112.0000 4.9924 14.9022 6.7290 
346.0000 149.0000 11.1801 27.6616 11.9230 
347.0000 97.0000 46.9630 22.4500 14.4153 
348.0000 153.0000 42.6219 0.5667 9.0373 
349.0000 170.0000 11.5637 32.1069 5.3322 
350.0000 92.0000 43.0427 11.0196 10.6855 
