0   0   50   50
1   49   55   97
2   29   9   46
3   22   6   41
4   99   21   93
5   12   36   91
6   19   90   66
7   7   44   50
8   28   3   1
9   23   36   85
10   74   46   25
11   7   78   60
12   63   28   62
13   199   16   1
14   29   60   83
15   56   83   32
16   1   44   15
17   31   58   10
18   13   93   44
19   22   47   99
20   19   24   42
21   41   76   6
22   194   49   71
23   17   40   51
24   6   29   19
25   15   9   54
26   82   32   63
27   25   91   24
28   7   17   62
29   7   54   70
30   215   8   78
31   72   26   81
32   57   39   18
33   4   28   82
34   33   32   81
35   7   2   31
36   25   95   98
37   145   41   25
38   51   54   62
39   55   23   67
40   11   23   5
41   95   1   78
42   9   61   22
43   60   31   36
44   78   46   70
45   9   92   39
46   22   52   18
47   12   39   94
48   1   60   26
49   57   69   33
50   14   81   34
51   151   11   56
52   60   43   88
53   53   55   48
54   109   33   86
55   40   57   84
56   56   29   66
57   12   71   30
58   14   72   96
59   9   39   79
60   155   24   52
61   0   88   87
62   92   79   48
63   4   95   93
64   12   80   16
65   29   61   17
66   12   91   35
67   9   16   56
68   16   52   73
69   106   28   74
70   10   75   21
71   69   51   18
72   2   30   94
73   16   81   86
74   38   81   23
75   126   15   85
76   76   54   59
77   67   63   43
78   11   72   97
79   78   20   48
80   98   93   98
81   9   3   67
82   108   72   46
83   11   70   59
84   96   52   73
85   95   72   92
86   3   39   49
87   55   28   33
88   37   24   52
89   23   99   92
90   2   53   77
91   38   60   36
92   47   12   29
93   6   51   72
94   2   8   53
95   41   54   58
96   1   37   10
97   14   24   31
98   29   30   86
99   41   37   0
100   51   45   45
101   26   84   21
102   13   43   82
103   43   0   15
104   6   22   31
105   66   27   67
106   33   84   44
107   35   95   6
108   54   31   28
109   19   18   24
110   5   75   76
111   8   58   68
112   32   34   31
113   90   34   78
114   3   31   24
115   199   12   59
116   1   17   52
117   97   79   57
118   14   28   97
119   18   52   1
120   25   84   25
121   26   4   38
122   89   36   4
123   14   63   3
124   63   30   20
125   38   79   44
126   87   43   92
127   30   76   1
128   4   34   62
129   97   99   93
130   10   85   32
131   19   85   98
132   48   65   82
133   43   66   64
134   77   24   54
135   51   74   33
136   82   34   5
137   3   12   90
138   8   12   69
139   56   72   80
140   18   52   60
141   2   83   68
142   57   95   76
143   3   32   0
144   13   48   12
145   10   73   42
146   31   45   65
147   6   14   13
148   20   61   97
149   25   67   5
150   74   13   51
151   7   93   53
152   10   99   78
153   121   21   11
154   60   30   45
155   0   42   94
156   46   26   49
157   24   59   90
158   56   1   14
159   21   89   64
160   8   30   47
161   157   93   23
162   10   41   66
163   30   96   96
164   38   69   67
165   21   85   63
166   238   94   66
167   14   27   35
168   5   99   32
169   62   51   89
170   6   70   74
171   122   25   17
172   21   60   57
173   53   26   7
174   3   11   35
175   11   5   11
176   25   9   70
177   119   80   52
178   37   10   22
179   160   74   27
180   51   72   82
181   35   98   20
182   19   54   72
183   107   40   35
184   18   17   69
185   38   5   25
186   7   76   75
187   47   99   45
188   7   48   79
189   141   79   61
190   12   42   83
191   92   80   61
192   354   59   38
193   37   19   83
194   48   99   47
195   7   62   91
196   53   36   53
197   15   64   17
198   11   33   11
199   14   53   28
200   5   73   73
201   8   13   34
202   13   38   96
203   71   21   77
204   50   62   72
205   111   69   89
206   64   69   3
207   156   1   86
208   9   34   81
209   66   82   91
210   42   96   43
211   45   27   26
212   24   15   69
213   11   6   28
214   1   96   70
215   4   86   44
216   82   15   13
217   2   69   0
218   42   62   36
219   77   80   31
220   24   39   74
221   24   55   60
222   36   88   81
223   60   28   89
224   178   88   66
225   53   71   25
226   53   49   31
227   95   19   6
228   97   58   15
229   41   16   24
230   8   33   25
231   20   33   45
232   29   19   96
233   26   91   71
234   36   89   40
235   14   70   18
236   272   24   25
237   6   75   40
238   90   4   5
239   141   53   14
240   55   78   70
241   68   28   56
242   45   75   91
243   187   69   87
244   89   55   49
245   7   43   90
246   41   93   21
247   21   9   0
248   22   64   3
249   8   15   64
250   61   45   20
251   50   90   67
252   75   1   72
253   78   60   11
254   1   92   28
255   3   11   85
256   51   17   84
257   45   12   74
258   83   70   0
259   0   58   66
260   35   6   82
261   21   62   92
262   61   14   96
263   11   93   73
264   27   40   49
265   89   37   96
266   158   89   27
267   127   34   15
268   101   32   61
269   12   43   26
270   77   87   51
271   100   92   36
272   146   73   27
273   67   65   45
274   63   49   4
275   16   92   23
276   314   81   3
277   65   75   66
278   52   76   55
279   105   86   33
280   5   26   3
281   14   67   9
282   37   74   84
283   45   2   19
284   31   2   52
285   65   35   59
286   76   0   44
287   54   81   43
288   36   88   97
289   34   7   6
290   92   88   79
291   3   41   20
292   67   3   73
293   21   27   84
294   74   72   35
295   12   5   39
296   31   59   18
297   4   11   24
298   17   45   44
299   44   89   9
300   1   49   29
301   66   94   77
302   38   19   20
303   115   37   6
304   77   15   65
305   5   41   10
306   29   86   34
307   7   29   49
308   14   26   8
309   1   86   89
310   117   54   87
311   59   44   64
312   25   89   95
313   53   92   41
314   111   40   52
315   19   93   63
316   56   93   94
317   44   66   19
318   15   56   74
319   91   10   40
320   32   40   24
321   85   97   14
322   7   76   36
323   11   89   47
324   156   59   7
325   30   50   57
326   57   62   17
327   45   4   59
328   316   78   85
329   20   61   44
330   6   19   87
331   46   71   99
332   112   28   64
333   42   85   41
334   106   87   19
335   11   30   68
336   15   44   97
337   82   11   98
338   47   61   34
339   88   57   58
340   99   80   59
341   0   1   42
342   70   84   53
343   2   65   0
344   41   26   14
345   42   16   43
346   1   8   89
347   14   15   26
348   7   20   42
349   26   69   11
350   65   78   61
351   0   47   18
352   17   35   84
353   47   97   84
354   50   39   27
355   15   45   53
356   25   0   74
357   80   38   13
358   133   40   34
359   42   76   4
360   7   78   33
361   70   2   56
362   25   23   45
363   31   35   81
364   5   56   20
365   4   0   63
366   19   92   9
367   46   36   51
368   58   52   38
369   40   40   82
370   95   10   77
371   66   77   61
372   163   92   93
373   0   95   20
374   89   51   27
375   6   85   65
376   62   99   96
377   4   0   46
378   11   85   69
379   148   30   3
380   21   32   72
381   15   41   7
382   64   95   51
383   3   60   6
384   84   17   97
385   64   70   0
386   6   44   99
387   20   31   30
388   74   20   58
389   59   37   73
390   294   17   89
391   55   41   3
392   3   92   76
393   9   2   6
394   64   54   47
395   98   95   37
396   1   42   48
397   64   66   66
398   39   12   83
399   77   28   29
400   29   50   22
401   9   48   32
402   6   33   7
403   144   50   7
404   58   92   49
405   34   46   89
406   29   16   75
407   16   31   32
408   0   76   28
409   33   20   58
410   101   42   22
411   69   74   9
412   2   7   1
413   73   94   13
414   136   93   35
415   91   87   34
416   14   52   51
417   11   0   81
418   2   17   27
419   19   76   84
420   16   32   7
421   12   91   81
422   31   97   83
423   185   33   13
424   45   70   14
425   33   72   16
426   43   39   95
427   77   61   56
428   24   85   1
429   39   69   72
430   15   64   57
431   113   49   74
432   17   24   21
433   73   30   14
434   31   62   87
435   19   3   15
436   46   35   77
437   39   54   37
438   4   3   95
439   76   19   24
440   8   50   15
441   11   30   12
442   19   42   33
443   59   1   44
444   30   71   62
445   50   8   31
446   37   32   81
447   148   59   93
448   113   88   49
449   16   68   16
450   231   49   48
451   4   74   25
452   126   70   87
453   31   25   22
454   44   75   99
455   128   14   31
456   95   77   10
457   75   19   35
458   16   77   32
459   64   4   64
460   119   76   35
461   2   60   88
462   34   40   3
463   7   90   32
464   25   72   75
465   11   90   61
466   24   55   94
467   14   23   20
468   113   1   52
469   29   90   6
470   50   83   8
471   270   3   82
472   6   22   9
473   94   35   46
474   49   98   68
475   3   79   39
476   3   20   51
477   86   85   4
478   76   44   51
479   62   77   23
480   31   40   97
481   172   87   84
482   48   2   90
483   29   17   61
484   2   67   61
485   23   11   6
486   78   10   42
487   118   54   21
488   15   54   65
489   96   61   24
490   207   48   84
491   3   13   24
492   7   95   26
493   5   49   26
494   32   52   10
495   49   47   48
496   33   40   34
497   15   15   85
498   6   54   58
499   159   88   64
500   5   37   33
