0   0   50   50
1   71   33   96
2   35   44   60
3   115   97   42
4   11   90   41
5   3   98   87
6   72   40   38
7   25   51   10
8   12   58   66
9   19   52   27
10   112   5   37
11   31   48   61
12   75   10   26
13   22   7   76
14   11   44   33
15   104   86   45
16   90   38   92
17   15   41   9
18   85   35   71
19   27   66   73
20   7   91   38
21   31   34   84
22   103   39   99
23   84   27   12
24   29   10   86
25   26   54   3
26   5   48   60
27   262   10   21
28   47   48   56
29   20   51   59
30   5   80   76
31   17   26   37
32   77   8   12
33   40   67   32
34   3   36   59
35   108   44   33
36   89   84   59
37   24   82   77
38   119   18   8
39   31   61   28
40   155   4   64
41   23   20   77
42   118   32   2
43   62   8   88
44   37   4   13
45   66   29   57
46   23   6   12
47   24   17   28
48   26   7   79
49   11   85   10
50   127   28   99
51   120   6   91
52   11   36   49
53   55   35   90
54   4   80   83
55   27   44   39
56   1   43   52
57   90   77   48
58   75   45   41
59   18   46   74
60   47   48   12
61   18   62   40
62   107   0   88
63   59   66   63
64   20   54   61
65   69   93   82
66   62   13   60
67   14   76   3
68   5   53   84
69   66   77   57
70   0   49   8
71   29   84   16
72   29   91   12
73   100   79   64
74   49   97   76
75   0   88   13
76   18   84   38
77   4   17   68
78   49   65   15
79   30   20   71
80   96   46   6
81   35   92   72
82   68   17   98
83   54   38   4
84   16   87   6
85   23   40   62
86   51   34   44
87   13   15   51
88   123   86   21
89   5   43   85
90   15   3   35
91   221   66   20
92   3   18   87
93   57   81   5
94   19   24   33
95   0   33   74
96   103   27   94
97   37   40   33
98   53   12   69
99   140   61   67
100   42   40   88
101   6   36   41
102   17   26   91
103   92   88   98
104   8   77   81
105   11   91   53
106   53   52   84
107   13   26   70
108   44   33   79
109   30   96   7
110   1   64   88
111   115   59   78
112   16   84   70
113   7   42   67
114   16   5   9
115   24   81   65
116   145   73   61
117   60   55   10
118   100   6   44
119   52   26   69
120   29   19   78
121   21   19   86
122   60   5   53
123   140   35   26
124   119   8   5
125   24   92   3
126   11   34   59
127   74   3   41
128   15   2   43
129   2   82   88
130   58   11   67
131   158   87   83
132   50   89   51
133   17   68   2
134   50   98   22
135   44   22   31
136   84   58   91
137   49   32   91
138   5   86   66
139   83   43   92
140   13   98   4
141   42   27   37
142   28   43   15
143   4   37   80
144   40   49   89
145   43   41   32
146   84   20   75
147   63   25   81
148   1   51   91
149   9   46   2
150   0   92   78
151   25   75   42
152   35   89   86
153   33   18   97
154   1   8   99
155   9   96   84
156   32   21   93
157   137   2   26
158   40   59   43
159   90   35   63
160   25   91   36
161   26   7   28
162   40   94   59
163   16   48   2
164   77   36   90
165   26   55   86
166   24   0   36
167   6   0   69
168   9   93   92
169   32   9   36
170   34   55   10
171   1   36   64
172   24   1   97
173   9   35   21
174   170   23   39
175   18   71   95
176   20   58   52
177   146   44   43
178   90   12   85
179   65   14   16
180   46   80   92
181   27   30   80
182   128   92   69
183   28   4   24
184   8   51   90
185   108   15   62
186   195   82   33
187   58   53   24
188   6   36   25
189   45   9   74
190   9   6   47
191   26   3   29
192   128   88   18
193   12   87   98
194   38   54   73
195   28   85   20
196   55   8   78
197   7   67   20
198   48   53   49
199   3   88   30
200   55   14   74
201   14   71   47
202   62   24   59
203   11   78   7
204   5   42   23
205   6   3   12
206   7   80   51
207   22   28   71
208   27   57   82
209   10   8   62
210   83   45   78
211   65   20   63
212   2   72   29
213   146   74   33
214   27   7   0
215   69   84   0
216   4   80   85
217   23   61   48
218   22   92   71
219   17   44   1
220   6   89   74
221   49   75   33
222   19   39   86
223   39   92   81
224   38   92   37
225   28   56   10
226   81   54   45
227   9   20   57
228   6   73   9
229   72   57   64
230   20   23   26
231   127   87   67
232   81   70   22
233   205   2   88
234   40   29   3
235   9   85   1
236   69   21   1
237   7   67   32
238   54   48   73
239   91   37   48
240   0   71   11
241   38   30   56
242   81   39   18
243   11   19   22
244   11   86   11
245   19   6   14
246   300   10   9
247   4   32   97
248   7   27   65
249   51   14   59
250   111   4   6
251   24   85   77
252   11   60   69
253   46   32   21
254   83   49   77
255   124   64   18
256   22   51   1
257   111   25   76
258   9   80   3
259   44   70   31
260   22   8   32
261   22   63   46
262   25   45   64
263   54   26   44
264   28   35   79
265   4   18   23
266   66   58   87
267   77   76   90
268   73   59   72
269   59   69   57
270   71   45   90
271   3   75   19
272   6   81   7
273   75   9   4
274   109   53   32
275   98   6   61
276   162   0   25
277   33   58   15
278   152   61   95
279   16   88   5
280   134   93   31
281   81   62   46
282   44   47   47
283   77   36   68
284   8   3   92
285   11   41   81
286   61   41   31
287   5   17   99
288   203   88   83
289   10   73   62
290   6   53   62
291   28   99   69
292   66   4   99
293   3   14   50
294   14   59   14
295   2   19   53
296   107   48   96
297   40   35   30
298   0   23   1
299   28   78   44
300   18   24   6
301   28   28   21
302   19   11   16
303   128   79   57
304   88   13   64
305   40   24   6
306   94   61   93
307   74   72   47
308   3   55   85
309   115   55   44
310   109   58   53
311   13   1   26
312   24   42   97
313   79   55   82
314   29   96   81
315   150   23   38
316   3   94   85
317   74   17   59
318   28   0   3
319   81   18   26
320   4   67   73
321   265   31   20
322   127   2   85
323   184   91   63
324   54   36   74
325   6   56   42
326   29   92   6
327   45   41   66
328   3   15   96
329   21   45   42
330   48   31   99
331   15   41   17
332   161   60   77
333   39   48   35
334   8   23   30
335   93   67   31
336   50   4   27
337   2   96   64
338   22   1   10
339   119   85   34
340   138   56   54
341   45   49   85
342   3   84   86
343   1   40   32
344   5   7   33
345   8   36   81
346   43   53   42
347   98   59   93
348   48   90   20
349   27   48   33
350   18   16   17
351   19   84   86
352   59   40   42
353   44   13   20
354   47   41   55
355   29   56   83
356   18   72   25
357   113   9   32
358   75   0   21
359   182   26   31
360   87   88   30
361   110   80   33
362   150   22   62
363   22   36   5
364   98   36   55
365   8   2   18
366   6   84   13
367   20   56   17
368   12   95   27
369   84   44   96
370   16   43   37
371   80   51   65
372   104   29   28
373   85   25   68
374   10   12   20
375   61   61   66
376   38   48   47
377   12   6   73
378   62   94   0
379   2   63   55
380   4   83   68
381   126   34   0
382   58   22   66
383   10   53   57
384   36   28   92
385   59   23   5
386   32   6   27
387   60   71   24
388   22   34   75
389   44   30   6
390   24   85   31
391   16   71   17
392   63   29   41
393   69   19   71
394   215   29   44
395   25   0   18
396   9   9   77
397   9   92   73
398   4   91   76
399   137   2   34
400   3   28   69
401   5   30   51
402   42   60   53
403   36   16   1
404   39   77   87
405   2   71   76
406   17   75   27
407   38   73   28
408   43   48   91
409   36   10   93
410   91   43   66
411   2   5   60
412   5   67   35
413   85   47   81
414   16   42   63
415   88   69   27
416   96   0   21
417   3   23   89
418   9   6   59
419   32   77   10
420   15   70   97
421   5   13   9
422   28   11   64
423   0   71   89
424   7   54   81
425   1   52   88
426   23   40   99
427   59   18   99
428   4   3   83
429   4   64   77
430   79   42   57
431   30   8   50
432   79   86   83
433   104   91   78
434   84   5   57
435   164   58   43
436   19   6   28
437   25   17   25
438   166   81   61
439   4   99   73
440   23   36   45
441   63   20   53
442   20   31   36
443   6   9   33
444   52   44   44
445   91   50   50
446   24   82   8
447   8   39   89
448   82   88   94
449   74   0   27
450   65   44   21
451   21   0   58
452   49   78   79
453   73   20   53
454   9   67   83
455   44   49   84
456   10   73   53
457   58   30   76
458   18   21   7
459   87   72   4
460   1   79   85
461   83   80   41
462   107   46   33
463   4   24   23
464   76   91   28
465   14   1   32
466   103   16   59
467   50   40   16
468   250   70   98
469   19   6   99
470   20   76   10
471   116   52   32
472   6   21   88
473   64   15   14
474   85   31   90
475   20   65   29
476   43   76   19
477   75   27   38
478   29   98   88
479   2   71   76
480   171   47   97
481   47   64   69
482   81   77   69
483   102   31   46
484   126   63   94
485   75   8   42
486   30   93   90
487   10   32   89
488   150   71   15
489   72   7   86
490   37   83   31
491   2   71   94
492   56   53   33
493   65   28   52
494   26   12   89
495   61   14   88
496   3   92   7
497   94   31   63
498   51   4   76
499   27   35   12
500   142   62   78
501   76   26   67
502   54   51   28
503   23   54   2
504   163   91   62
505   4   75   51
506   49   76   98
507   140   67   48
508   6   19   10
509   9   34   91
510   60   38   38
511   89   5   38
512   4   9   36
513   35   2   27
514   5   50   20
515   43   79   14
516   12   71   77
517   78   30   95
518   34   37   5
519   206   2   74
520   70   19   35
521   3   69   86
522   12   7   41
523   70   22   37
524   25   74   72
525   49   2   69
526   80   38   5
527   51   86   8
528   121   53   74
529   160   95   95
530   29   10   61
531   67   8   40
532   0   74   88
533   29   42   70
534   21   1   47
535   20   7   47
536   3   96   18
537   37   56   12
538   2   46   5
539   21   96   77
540   10   67   16
541   72   29   83
542   12   50   23
543   2   24   14
544   26   20   79
545   19   64   99
546   78   34   94
547   34   33   69
548   5   1   10
549   44   1   9
550   29   50   41
551   25   60   70
552   19   40   36
553   102   89   84
554   23   6   33
555   44   90   79
556   88   71   32
557   49   1   76
558   29   53   74
559   9   60   70
560   11   27   89
561   1   25   2
562   48   51   1
563   37   62   57
564   19   52   83
565   4   30   0
566   17   28   73
567   62   52   12
568   32   55   8
569   66   66   49
570   100   78   68
571   6   91   24
572   22   80   18
573   16   31   58
574   7   30   85
575   40   88   81
576   80   7   11
577   21   78   98
578   16   36   28
579   13   47   60
580   62   39   27
581   70   20   52
582   25   91   59
583   17   40   88
584   36   92   44
585   20   2   54
586   28   25   49
587   84   79   94
588   52   63   10
589   17   54   58
590   24   12   49
591   63   3   46
592   75   59   98
593   24   62   71
594   33   9   16
595   89   10   19
596   29   57   84
597   148   94   36
598   128   16   65
599   13   78   1
600   53   14   13
601   46   19   3
602   69   55   44
603   55   19   20
604   29   60   49
605   42   84   99
606   109   82   74
607   64   43   72
608   30   82   27
609   6   65   12
610   55   83   15
611   70   6   68
612   50   87   60
613   273   84   96
614   21   41   69
615   65   63   54
616   54   91   60
617   6   35   80
618   1   8   14
619   144   14   90
620   10   86   84
621   13   39   66
622   75   23   88
623   124   78   4
624   22   17   84
625   151   38   92
626   125   23   87
627   17   57   40
628   21   93   3
629   31   23   76
630   9   70   56
631   37   49   40
632   10   53   45
633   2   92   89
634   37   87   45
635   3   79   36
636   68   7   87
637   235   24   38
638   29   72   97
639   46   48   62
640   65   49   31
641   83   80   93
642   8   94   64
643   145   70   15
644   91   91   21
645   96   55   4
646   33   51   8
647   16   23   99
648   68   69   2
649   40   36   60
650   43   5   27
651   42   43   90
652   18   21   83
653   120   12   7
654   84   26   61
655   51   71   85
656   40   60   63
657   26   15   5
658   42   45   13
659   15   39   0
660   7   88   57
661   29   67   32
662   59   63   81
663   15   18   77
664   1   42   53
665   1   21   92
666   4   85   34
667   38   16   9
668   26   82   57
669   8   34   90
670   40   45   63
671   151   53   97
672   10   90   65
673   0   52   77
674   10   49   33
675   23   88   46
676   94   23   50
677   188   95   79
678   55   2   15
679   6   88   80
680   31   21   1
681   26   62   52
682   109   14   45
683   19   31   37
684   50   7   98
685   83   13   29
686   91   57   2
687   0   26   58
688   49   48   41
689   4   93   63
690   2   35   53
691   0   21   59
692   164   76   69
693   31   60   32
694   8   98   19
695   3   99   0
696   20   46   24
697   7   20   44
698   9   69   21
699   49   4   89
700   3   69   46
701   34   21   33
702   20   98   69
703   67   89   79
704   57   61   72
705   93   21   96
706   6   48   54
707   108   79   22
708   57   70   23
709   13   56   52
710   108   75   6
711   65   50   34
712   171   60   53
713   157   75   3
714   63   27   40
715   16   83   84
716   15   73   52
717   9   94   71
718   41   52   32
719   25   20   19
720   29   77   37
721   54   60   94
722   21   44   91
723   18   32   12
724   49   30   15
725   10   62   22
726   71   75   7
727   13   59   82
728   1   92   40
729   12   35   53
730   25   45   38
731   108   94   87
732   11   86   22
733   13   1   51
734   118   64   59
735   10   23   18
736   37   87   73
737   97   40   51
738   9   24   34
739   34   3   31
740   7   94   44
741   65   43   59
742   67   34   48
743   36   86   2
744   105   87   91
745   2   46   30
746   40   11   28
747   60   31   87
748   53   20   33
749   89   11   19
750   5   46   56
751   22   87   79
752   148   64   80
753   93   59   60
754   28   23   56
755   54   7   62
756   3   12   88
757   14   36   74
758   105   81   9
759   9   82   75
760   38   64   85
761   50   41   68
762   18   53   36
763   159   24   51
764   95   45   70
765   17   70   65
766   4   72   86
767   0   4   88
768   39   54   25
769   71   31   71
770   5   22   43
771   125   33   7
772   44   52   72
773   7   86   4
774   40   20   70
775   88   80   92
776   8   70   39
777   160   2   89
778   53   96   55
779   12   55   51
780   81   90   2
781   45   48   74
782   6   13   23
783   109   23   22
784   20   50   45
785   48   81   85
786   32   39   30
787   50   98   33
788   33   2   68
789   6   17   97
790   40   49   43
791   21   2   84
792   26   47   70
793   51   87   48
794   47   3   1
795   51   39   57
796   12   18   57
797   23   62   31
798   44   47   33
799   13   27   55
800   84   41   27
801   112   22   5
802   63   90   2
803   13   62   12
804   2   90   23
805   15   14   69
806   1   73   50
807   46   5   55
808   256   40   9
809   56   58   89
810   11   46   66
811   105   58   33
812   75   60   39
813   49   6   33
814   17   4   35
815   102   61   79
816   102   44   22
817   5   13   69
818   75   36   1
819   81   99   55
820   10   16   42
821   48   35   43
822   10   62   77
823   10   91   10
824   16   72   85
825   19   69   20
826   27   70   17
827   142   1   44
828   7   56   0
829   26   61   99
830   36   15   68
831   55   85   1
832   18   17   17
833   24   39   55
834   0   30   25
835   31   70   39
836   36   69   11
837   103   57   50
838   54   17   84
839   11   51   74
840   148   84   57
841   97   16   45
842   207   10   58
843   110   1   98
844   43   68   37
845   31   29   37
846   12   5   47
847   68   13   9
848   68   14   33
849   25   21   17
850   20   51   56
851   9   9   28
852   51   77   76
853   15   29   71
854   43   74   66
855   68   84   51
856   76   78   12
857   7   10   11
858   173   99   37
859   10   71   68
860   37   55   91
861   16   7   54
862   33   49   78
863   34   71   26
864   86   44   99
865   14   40   16
866   31   49   32
867   15   19   86
868   9   84   62
869   49   5   11
870   34   40   1
871   38   45   54
872   5   52   9
873   12   53   10
874   70   67   61
875   55   9   52
876   3   60   41
877   52   17   50
878   50   41   18
879   80   60   83
880   2   60   23
881   9   18   14
882   59   88   66
883   42   5   4
884   11   33   9
885   65   15   4
886   19   64   67
887   60   93   88
888   40   71   5
889   50   92   57
890   52   36   29
891   55   62   10
892   51   19   62
893   35   38   61
894   32   94   40
895   23   83   71
896   122   53   63
897   55   4   21
898   44   87   90
899   60   91   51
900   18   19   20
