0   0   50   50
1   46   26   29
2   152   79   41
3   15   49   89
4   136   36   12
5   20   63   24
6   60   17   72
7   281   40   65
8   13   18   91
9   71   14   67
10   33   79   76
11   29   99   40
12   48   93   77
13   88   19   30
14   122   55   40
15   126   9   44
16   31   71   56
17   2   44   98
18   28   26   87
19   24   31   14
20   170   94   48
21   99   51   35
22   175   61   27
23   141   54   32
24   132   43   82
25   86   29   46
26   47   85   87
27   23   22   9
28   162   7   8
29   1   30   4
30   12   64   94
31   22   21   24
32   8   40   68
33   39   54   80
34   49   67   55
35   69   37   52
36   22   52   88
37   17   17   21
38   28   98   93
39   0   64   4
40   98   57   72
41   38   5   4
42   55   25   68
43   343   37   25
44   31   35   11
45   60   97   43
46   34   0   92
47   116   12   31
48   22   39   80
49   18   15   54
50   38   46   4
51   46   6   80
52   51   20   0
53   0   99   83
54   78   76   78
55   0   88   4
56   5   13   91
57   58   14   86
58   55   50   70
59   16   92   23
60   18   90   12
61   4   2   94
62   7   40   71
63   15   0   36
64   54   83   41
65   132   94   80
66   31   18   71
67   80   77   58
68   8   7   56
69   22   66   35
70   6   71   93
71   7   58   26
72   107   92   27
73   35   79   46
74   8   66   18
75   0   11   37
76   28   93   33
77   54   0   85
78   5   45   37
79   7   75   64
80   59   54   24
81   12   92   56
82   4   1   44
83   106   96   82
84   104   44   40
85   0   11   63
86   2   24   72
87   8   32   86
88   83   91   62
89   10   75   55
90   21   20   34
91   70   79   44
92   67   24   90
93   49   34   6
94   97   37   19
95   22   93   17
96   3   62   98
97   174   40   73
98   100   81   9
99   2   11   6
100   128   19   20
101   36   68   22
102   81   72   23
103   206   79   81
104   169   1   49
105   26   18   36
106   40   74   42
107   9   31   99
108   5   41   67
109   83   72   59
110   4   23   3
111   2   64   27
112   43   56   59
113   76   49   0
114   47   29   36
115   11   9   15
116   63   29   27
117   20   27   89
118   42   61   1
119   135   66   88
120   45   17   84
121   26   71   41
122   0   99   6
123   8   11   68
124   71   28   17
125   5   95   27
126   80   30   76
127   14   46   91
128   36   95   91
129   0   28   37
130   116   38   30
131   60   11   67
132   158   49   8
133   33   33   54
134   51   22   99
135   32   10   57
136   63   33   5
137   62   22   27
138   12   64   11
139   28   7   55
140   3   34   93
141   17   49   97
142   24   0   8
143   105   50   62
144   11   12   8
145   71   91   55
146   6   99   46
147   14   11   6
148   51   97   91
149   13   9   27
150   266   1   31
151   3   75   35
152   28   31   43
153   28   70   75
154   37   4   98
155   12   37   89
156   35   87   67
157   24   39   88
158   39   27   92
159   51   35   23
160   46   4   12
161   81   93   75
162   11   39   67
163   4   97   48
164   140   8   95
165   6   95   81
166   20   48   13
167   51   30   48
168   3   12   58
169   80   25   13
170   76   28   9
171   67   99   17
172   49   20   13
173   22   84   15
174   137   55   47
175   31   55   26
176   19   91   33
177   62   52   48
178   116   33   92
179   7   32   21
180   37   32   43
181   62   81   63
182   80   62   91
183   101   96   15
184   193   15   93
185   63   17   43
186   115   17   9
187   20   2   24
188   74   82   75
189   60   41   59
190   117   23   39
191   24   9   44
192   91   58   73
193   264   97   61
194   234   3   58
195   2   78   12
196   112   82   81
197   0   28   81
198   102   32   8
199   1   83   28
200   22   7   59
201   51   22   91
202   139   6   88
203   46   21   40
204   79   14   25
205   38   56   93
206   64   8   85
207   20   92   15
208   0   21   53
209   38   12   38
210   21   61   43
211   21   20   68
212   41   15   94
213   22   77   0
214   101   62   75
215   6   16   97
216   13   3   71
217   5   56   35
218   43   1   28
219   21   87   40
220   77   51   96
221   92   4   28
222   83   14   58
223   32   98   35
224   70   94   44
225   8   67   73
226   9   40   46
227   130   46   76
228   3   50   26
229   13   86   0
230   104   49   98
231   32   55   10
232   57   99   86
233   50   17   27
234   73   48   8
235   136   85   65
236   51   76   30
237   47   62   87
238   61   34   18
239   55   63   35
240   11   8   63
241   7   76   21
242   19   7   29
243   44   83   69
244   72   26   57
245   24   76   78
246   52   19   86
247   50   46   89
248   35   29   30
249   59   42   95
250   127   67   1
251   35   80   12
252   127   37   33
253   18   35   0
254   8   90   43
255   44   96   60
256   0   65   53
257   17   70   22
258   12   49   45
259   59   15   27
260   30   39   55
261   35   68   77
262   93   61   80
263   67   80   64
264   77   44   74
265   66   42   31
266   128   32   77
267   30   86   74
268   9   33   98
269   36   72   11
270   99   24   15
271   23   0   79
272   4   64   66
273   14   72   8
274   3   82   62
275   70   7   50
276   39   82   37
277   8   78   91
278   84   16   7
279   69   96   82
280   57   50   9
281   5   95   31
282   39   54   17
283   29   22   15
284   102   46   46
285   49   40   34
286   1   33   40
287   8   37   54
288   22   16   6
289   43   26   49
290   28   47   74
291   19   52   62
292   68   4   16
293   110   63   75
294   199   0   70
295   36   4   44
296   5   79   7
297   10   68   21
298   49   75   7
299   1   54   27
300   31   36   81
301   1   91   19
302   28   21   36
303   6   68   49
304   19   56   81
305   7   35   20
306   39   18   41
307   1   3   82
308   25   66   95
309   26   27   53
310   14   77   19
311   7   48   60
312   63   77   27
313   1   26   57
314   3   74   45
315   60   7   6
316   4   14   90
317   211   63   46
318   27   88   98
319   28   45   98
320   113   21   14
321   75   12   33
322   1   41   89
323   125   74   83
324   11   68   52
325   40   88   45
326   6   46   19
327   20   22   88
328   172   43   50
329   74   80   89
330   54   31   2
331   42   15   13
332   34   24   66
333   51   4   71
334   54   96   8
335   90   46   18
336   6   98   1
337   83   22   24
338   7   51   76
339   21   53   56
340   41   56   85
341   20   97   69
342   23   10   80
343   36   82   49
344   88   96   29
345   27   85   17
346   1   91   29
347   50   77   89
348   59   18   65
349   1   83   44
350   23   33   99
351   45   15   19
352   13   83   98
353   4   27   99
354   103   81   58
355   113   11   51
356   36   39   68
357   18   44   17
358   32   76   99
359   80   10   48
360   2   13   19
361   56   6   43
362   35   72   68
363   37   51   88
364   27   12   36
365   21   44   64
366   69   86   33
367   10   44   58
368   33   83   36
369   45   5   96
370   16   46   71
371   24   70   99
372   70   50   4
373   44   45   90
374   16   1   8
375   31   92   73
376   211   96   16
377   41   33   32
378   77   15   1
379   108   75   38
380   38   16   1
381   106   46   72
382   69   39   98
383   157   83   99
384   0   85   28
385   48   26   21
386   17   50   43
387   105   84   84
388   3   25   1
389   7   67   18
390   24   78   69
391   89   42   26
392   3   67   82
393   20   16   64
394   52   83   89
395   73   85   2
396   14   47   80
397   29   70   59
398   9   41   20
399   89   3   85
400   51   12   33
401   31   93   49
402   35   65   54
403   34   96   48
404   95   11   57
405   15   22   87
406   35   38   57
407   89   9   20
408   8   16   18
409   21   54   87
410   29   40   9
411   56   7   30
412   2   98   32
413   9   57   72
414   11   12   60
415   133   5   52
416   41   26   28
417   51   45   82
418   36   64   58
419   40   48   11
420   20   39   8
421   65   81   68
422   11   89   25
423   16   94   82
424   17   95   34
425   19   71   42
426   25   56   93
427   6   47   46
428   11   18   60
429   14   5   30
430   3   47   27
431   171   51   74
432   18   18   21
433   72   31   5
434   6   71   11
435   12   92   57
436   19   50   36
437   11   46   97
438   88   10   70
439   0   61   53
440   83   50   52
441   52   46   91
442   6   77   83
443   12   58   23
444   14   19   50
445   1   25   13
446   38   28   36
447   5   15   29
448   40   5   40
449   35   81   48
450   10   53   33
451   69   27   12
452   0   15   19
453   8   17   34
454   1   25   61
455   223   21   49
456   30   36   62
457   12   81   17
458   19   84   37
459   16   90   40
460   48   66   50
461   24   92   62
462   9   10   60
463   22   33   3
464   44   94   50
465   13   36   74
466   90   19   68
467   191   81   38
468   22   82   57
469   11   6   18
470   81   2   48
471   25   85   33
472   106   32   83
473   43   39   44
474   120   16   98
475   326   6   35
476   69   92   27
477   31   28   81
478   2   13   14
479   107   44   78
480   62   98   92
481   14   41   20
482   60   37   42
483   5   45   50
484   19   26   8
485   1   80   56
486   25   67   15
487   13   99   47
488   14   56   62
489   56   26   36
490   46   55   53
491   79   21   92
492   35   66   65
493   75   29   4
494   30   34   53
495   19   34   79
496   85   11   77
497   8   18   58
498   28   54   43
499   162   26   62
500   28   45   12
501   85   57   16
502   44   97   16
503   5   19   86
504   43   26   3
505   7   7   74
506   9   55   75
507   7   19   81
508   47   98   68
509   108   15   58
510   2   5   90
511   75   86   70
512   92   38   62
513   66   92   42
514   23   28   27
515   46   41   66
516   66   34   1
517   197   71   85
518   18   30   33
519   8   73   43
520   44   63   23
521   79   6   64
522   51   9   50
523   33   55   77
524   41   79   0
525   42   51   88
526   48   38   30
527   45   1   36
528   11   28   98
529   150   27   8
530   47   17   52
531   37   84   71
532   1   63   97
533   111   3   31
534   45   30   79
535   34   24   33
536   83   18   35
537   70   73   55
538   14   1   7
539   11   53   7
540   21   54   99
541   127   12   46
542   136   68   55
543   18   50   34
544   21   33   61
545   79   14   43
546   10   60   76
547   89   8   63
548   72   69   33
549   21   98   69
550   27   39   70
551   12   80   15
552   77   30   89
553   2   20   31
554   62   21   52
555   5   50   99
556   18   27   81
557   2   90   17
558   8   33   91
559   54   59   31
560   21   70   19
561   15   99   15
562   107   37   11
563   24   67   9
564   17   92   97
565   5   26   34
566   18   14   80
567   26   96   92
568   122   43   65
569   42   83   94
570   11   51   36
571   90   87   41
572   46   14   1
573   17   44   50
574   25   48   67
575   29   37   38
576   21   96   81
577   16   80   7
578   5   73   2
579   0   22   52
580   4   45   97
581   146   69   14
582   59   83   72
583   64   66   12
584   101   91   81
585   83   19   4
586   15   10   52
587   24   59   34
588   23   49   29
589   18   4   54
590   1   22   70
591   116   13   65
592   158   57   36
593   14   81   37
594   17   41   31
595   6   71   18
596   36   94   18
597   93   44   15
598   44   12   46
599   67   88   17
600   9   30   85
