0   0   50   50
1   80   41   67
2   0   84   3
3   43   30   51
4   17   97   72
5   78   65   43
6   29   91   55
7   87   77   97
8   6   83   17
9   53   74   77
10   15   69   3
11   83   5   90
12   181   74   61
13   49   19   75
14   84   39   69
15   47   39   65
16   315   23   11
17   18   24   85
18   1   70   62
19   15   85   62
20   52   87   65
21   8   8   13
22   13   49   72
23   35   84   35
24   2   15   69
25   42   33   31
26   170   44   12
27   148   2   58
28   10   99   55
29   9   89   68
30   93   83   73
31   16   94   60
32   10   34   7
33   51   77   39
34   77   66   22
35   29   28   25
36   29   48   40
37   10   93   1
38   6   14   49
39   62   80   20
40   20   23   96
41   18   98   53
42   23   11   91
43   21   41   8
44   8   21   13
45   7   23   11
46   54   35   64
47   3   84   79
48   2   99   84
49   1   8   49
50   93   6   11
51   159   27   33
52   47   59   25
53   4   32   1
54   40   51   34
55   53   66   94
56   125   76   28
57   4   3   32
58   83   82   98
59   19   88   5
60   7   94   25
61   30   91   73
62   65   44   38
63   31   19   46
64   23   63   40
65   7   58   52
66   159   84   79
67   69   17   76
68   52   55   38
69   5   91   1
70   6   83   8
71   8   45   43
72   1   27   44
73   26   35   56
74   11   98   39
75   34   5   29
76   7   36   28
77   83   10   90
78   127   44   68
79   23   37   15
80   3   4   25
81   21   69   42
82   273   58   9
83   59   63   97
84   22   45   71
85   27   47   3
86   57   24   14
87   9   96   44
88   14   8   10
89   39   79   36
90   2   96   85
91   0   98   43
92   39   88   98
93   0   14   8
94   2   61   98
95   89   13   6
96   35   87   23
97   81   33   13
98   10   77   23
99   16   81   26
100   32   22   96
101   41   89   23
102   40   50   81
103   31   39   60
104   63   52   12
105   49   94   34
106   14   72   27
107   44   6   2
108   98   7   54
109   15   12   31
110   10   25   17
111   57   22   87
112   0   89   30
113   114   41   71
114   56   67   87
115   9   51   93
116   119   0   7
117   182   81   22
118   1   19   18
119   83   75   0
120   13   66   71
121   7   56   82
122   29   29   78
123   256   89   9
124   9   39   50
125   76   95   45
126   67   51   87
127   3   37   6
128   43   2   26
129   11   58   95
130   12   4   55
131   68   35   76
132   31   89   5
133   42   64   9
134   30   51   78
135   54   76   23
136   6   98   11
137   22   67   43
138   116   74   99
139   36   59   36
140   152   69   47
141   33   19   65
142   74   60   54
143   1   62   10
144   169   8   95
145   14   3   56
146   105   59   29
147   66   55   23
148   15   70   94
149   18   62   46
150   15   42   14
151   49   59   32
152   27   48   12
153   12   11   48
154   13   94   45
155   71   74   33
156   35   43   60
157   0   78   31
158   8   46   36
159   13   6   71
160   36   84   60
161   4   51   7
162   98   16   21
163   30   56   25
164   28   28   49
165   12   42   99
166   17   32   37
167   2   71   29
168   72   51   75
169   45   20   61
170   196   61   53
171   14   77   1
172   46   95   97
173   67   35   36
174   3   59   17
175   78   8   13
176   134   97   79
177   6   41   40
178   36   7   55
179   0   17   7
180   91   95   13
181   287   12   91
182   14   41   79
183   55   62   32
184   159   91   50
185   49   0   61
186   47   16   74
187   44   74   89
188   110   91   20
189   22   31   74
190   8   66   11
191   0   7   15
192   34   49   76
193   49   94   73
194   3   26   34
195   30   23   8
196   6   35   66
197   47   28   16
198   87   73   45
199   52   68   95
200   11   83   83
201   27   5   17
202   36   48   52
203   1   14   67
204   59   79   52
205   38   97   74
206   28   46   32
207   36   79   52
208   42   63   60
209   67   78   66
210   44   6   82
211   39   0   43
212   87   6   16
213   143   35   53
214   43   3   97
215   9   36   2
216   13   98   52
217   74   43   4
218   141   66   48
219   7   82   74
220   47   57   89
221   0   96   19
222   78   39   0
223   29   44   81
224   1   66   71
225   122   58   42
226   22   90   94
227   47   93   97
228   2   11   28
229   8   91   9
230   5   53   29
231   154   24   12
232   77   15   81
233   38   12   60
234   37   99   40
235   10   92   17
236   8   19   96
237   82   39   10
238   47   77   8
239   1   35   88
240   3   99   4
241   25   3   85
242   28   89   99
243   78   13   59
244   41   53   29
245   7   56   72
246   54   72   91
247   17   45   34
248   8   41   5
249   19   76   97
250   18   7   30
251   14   85   14
252   30   35   78
253   1   15   26
254   20   94   9
255   4   90   89
256   81   14   57
257   43   77   83
258   46   80   7
259   28   41   26
260   20   49   57
261   25   75   31
262   6   26   53
263   22   69   66
264   37   92   62
265   125   17   31
266   49   77   68
267   6   88   69
268   0   23   46
269   1   22   66
270   28   28   75
271   15   43   82
272   37   99   2
273   62   24   40
274   16   66   6
275   188   86   82
276   175   77   23
277   63   71   5
278   16   30   83
279   79   31   11
280   42   4   80
281   17   58   87
282   8   70   95
283   6   46   10
284   45   12   0
285   10   43   23
286   14   31   63
287   26   17   82
288   52   96   22
289   7   52   72
290   110   64   29
291   30   22   31
292   173   89   28
293   1   30   62
294   49   5   84
295   13   18   40
296   20   37   64
297   35   44   98
298   26   12   47
299   43   80   98
300   85   99   50
301   93   15   62
302   30   77   45
303   25   67   84
304   19   43   12
305   148   23   61
306   13   59   95
307   144   25   34
308   31   15   75
309   12   93   96
310   28   5   66
311   15   74   11
312   25   16   49
313   13   31   87
314   7   17   25
315   70   18   16
316   0   69   49
317   5   42   24
318   109   33   13
319   7   94   40
320   107   63   89
321   178   32   98
322   22   32   91
323   4   37   49
324   6   97   66
325   28   66   98
326   117   69   65
327   14   81   86
328   18   43   44
329   2   23   22
330   59   34   35
331   16   1   50
332   18   53   23
333   39   85   32
334   47   48   95
335   54   40   65
336   46   35   7
337   9   85   72
338   68   59   43
339   67   86   13
340   61   97   68
341   111   16   41
342   19   66   91
343   37   92   28
344   8   60   62
345   11   42   87
346   17   79   74
347   95   34   98
348   154   21   87
349   3   51   95
350   4   20   16
351   54   2   28
352   109   53   2
353   18   15   24
354   3   53   66
355   273   46   1
356   35   44   63
357   144   61   30
358   114   27   23
359   22   74   61
360   38   14   50
361   22   34   24
362   44   79   38
363   13   54   3
364   33   24   69
365   67   33   17
366   35   77   83
367   44   86   73
368   94   70   24
369   66   51   96
370   12   71   11
371   26   54   60
372   142   33   96
373   7   61   57
374   32   35   13
375   137   61   16
376   139   87   19
377   40   51   51
378   80   27   87
379   29   35   92
380   65   46   81
381   65   55   97
382   269   69   54
383   32   34   87
384   5   45   20
385   25   42   22
386   118   75   86
387   35   79   28
388   176   56   44
389   9   77   28
390   96   19   62
391   14   77   16
392   25   39   1
393   96   99   86
394   45   44   67
395   7   49   59
396   317   26   66
397   8   37   96
398   54   27   10
399   22   76   19
400   27   89   69
401   17   89   46
402   71   35   3
403   28   72   54
404   35   95   73
405   1   11   71
406   66   9   90
407   32   0   54
408   25   83   68
409   6   88   22
410   38   51   66
411   11   16   50
412   9   45   13
413   3   69   25
414   129   8   38
415   51   84   79
416   13   62   26
417   156   88   70
418   63   70   91
419   37   9   15
420   32   9   50
421   47   51   67
422   11   85   4
423   16   44   8
424   21   19   96
425   143   36   47
426   7   76   49
427   59   95   58
428   59   89   53
429   5   57   90
430   58   71   29
431   71   37   87
432   91   10   49
433   31   47   7
434   7   38   39
435   16   56   0
436   33   51   9
437   5   15   1
438   18   36   65
439   13   48   71
440   13   22   55
441   26   97   66
442   109   76   34
443   25   84   18
444   2   45   32
445   12   40   68
446   65   11   35
447   26   80   65
448   82   24   45
449   4   47   22
450   2   37   29
451   72   0   87
452   21   19   0
453   18   6   78
454   19   71   45
455   50   45   67
456   4   25   23
457   29   27   35
458   11   93   92
459   13   43   46
460   119   72   65
461   84   8   26
462   47   93   75
463   37   66   15
464   61   23   57
465   71   30   20
466   20   38   25
467   198   59   43
468   12   89   95
469   75   76   43
470   34   37   78
471   25   76   94
472   26   57   50
473   33   46   88
474   96   6   58
475   65   75   4
476   0   89   55
477   74   59   27
478   83   47   19
479   98   10   69
480   87   11   7
481   3   45   44
482   41   12   70
483   11   65   61
484   28   10   65
485   3   10   77
486   4   60   30
487   99   64   32
488   34   29   15
489   8   70   23
490   52   36   75
491   16   13   99
492   55   93   82
493   72   80   2
494   50   13   52
495   10   35   87
496   14   62   24
497   64   30   70
498   12   6   77
499   63   87   36
500   31   13   57
501   57   74   90
502   2   55   49
503   31   94   34
504   76   17   76
505   111   4   35
506   29   93   34
507   6   25   50
508   30   67   91
509   75   15   7
510   18   55   65
511   36   55   86
512   64   8   35
513   114   77   44
514   6   62   69
515   40   56   20
516   21   35   85
517   55   69   30
518   77   49   13
519   30   17   23
520   54   99   28
521   1   18   90
522   8   39   19
523   130   8   41
524   14   44   94
525   43   17   47
526   81   49   2
527   74   29   41
528   36   40   5
529   88   5   34
530   97   88   29
531   4   14   38
532   23   4   28
533   89   25   23
534   25   1   98
535   1   10   81
536   68   50   15
537   22   40   48
538   18   64   66
539   54   21   92
540   12   13   59
541   52   7   99
542   11   17   66
543   9   40   13
544   30   36   72
545   50   34   43
546   40   27   55
547   39   52   31
548   48   56   41
549   10   92   54
550   19   85   20
551   132   8   60
552   29   87   42
553   0   40   67
554   69   40   58
555   131   87   18
556   15   74   77
557   84   72   50
558   27   48   34
559   29   87   41
560   24   10   46
561   48   68   44
562   137   23   45
563   29   65   27
564   47   5   72
565   103   69   19
566   9   96   60
567   36   23   70
568   20   17   95
569   19   62   85
570   30   17   12
571   128   97   3
572   50   88   82
573   321   47   92
574   79   40   74
575   2   26   96
576   44   34   73
577   44   58   87
578   50   55   93
579   35   30   37
580   1   12   31
581   14   69   64
582   11   85   39
583   2   31   68
584   94   51   51
585   25   90   55
586   43   66   56
587   52   35   63
588   1   64   25
589   54   18   26
590   14   42   87
591   76   38   59
592   55   4   74
593   37   93   7
594   27   32   46
595   9   61   64
596   35   25   80
597   100   8   58
598   26   75   75
599   0   21   99
600   39   22   53
601   8   10   51
602   11   94   2
603   131   8   80
604   41   4   73
605   95   23   51
606   5   28   4
607   89   64   26
608   20   16   98
609   16   44   48
610   4   55   48
611   2   43   99
612   25   70   78
613   19   91   70
614   93   97   86
615   8   65   72
616   8   16   45
617   7   28   38
618   102   79   63
619   20   94   96
620   17   36   99
621   32   13   48
622   1   79   32
623   54   4   71
624   65   81   14
625   11   83   27
626   188   10   78
627   72   83   96
628   24   33   12
629   5   39   91
630   14   87   30
631   0   48   85
632   19   96   24
633   10   7   92
634   5   98   55
635   18   48   10
636   0   38   75
637   62   14   23
638   48   0   44
639   44   99   51
640   43   65   4
641   35   99   23
642   180   71   59
643   8   28   99
644   113   8   70
645   134   13   64
646   71   60   2
647   11   1   76
648   1   83   87
649   51   98   37
650   29   33   41
651   238   26   27
652   41   95   99
653   40   46   57
654   16   17   33
655   4   19   60
656   46   6   12
657   83   1   22
658   127   50   18
659   33   8   95
660   19   65   50
661   66   99   81
662   17   25   73
663   98   74   73
664   4   59   93
665   110   46   49
666   48   36   1
667   191   91   64
668   7   27   0
669   25   99   0
670   35   69   18
671   23   30   72
672   22   5   72
673   9   90   42
674   0   98   49
675   46   25   36
676   102   40   3
677   120   0   24
678   83   40   87
679   8   39   22
680   24   46   59
681   37   91   43
682   74   19   75
683   7   69   53
684   52   3   25
685   11   52   2
686   11   32   77
687   8   7   53
688   28   44   86
689   135   5   47
690   129   41   94
691   8   68   43
692   91   16   27
693   30   31   70
694   106   35   77
695   42   57   36
696   35   67   18
697   8   97   86
698   14   39   7
699   94   14   26
700   23   88   84
701   27   40   53
702   99   50   64
703   24   6   1
704   15   21   30
705   50   9   75
706   10   64   54
707   37   95   22
708   31   91   77
709   113   42   37
710   1   31   51
711   5   90   25
712   128   32   46
713   0   55   72
714   175   7   90
715   20   6   28
716   45   94   16
717   14   28   64
718   38   29   57
719   123   31   86
720   23   3   10
721   12   36   95
722   42   10   41
723   41   42   70
724   67   16   65
725   11   78   86
726   88   87   41
727   3   54   71
728   17   2   11
729   60   41   61
730   6   12   75
731   35   61   21
732   2   76   12
733   0   52   52
734   80   45   90
735   201   46   33
736   6   59   88
737   79   47   64
738   76   64   33
739   71   60   94
740   23   16   51
741   3   79   50
742   333   49   71
743   108   3   6
744   9   77   93
745   16   93   15
746   15   28   4
747   28   68   15
748   6   5   99
749   149   17   42
750   10   27   39
751   18   46   4
752   0   65   60
753   94   69   59
754   11   23   43
755   45   99   40
756   25   1   43
757   77   27   85
758   5   81   16
759   153   50   60
760   3   69   29
761   1   57   56
762   65   19   90
763   15   52   54
764   103   87   75
765   62   47   70
766   3   95   48
767   171   31   29
768   115   65   32
769   12   19   80
770   55   63   25
771   90   41   71
772   10   86   4
773   78   3   30
774   35   6   90
775   42   82   59
776   18   67   18
777   85   32   28
778   66   13   3
779   6   38   29
780   39   65   28
781   69   83   69
782   40   12   78
783   12   34   20
784   83   37   16
785   2   52   56
786   21   33   45
787   6   54   32
788   82   91   4
789   0   43   98
790   0   54   65
791   24   23   79
792   122   17   2
793   27   53   88
794   119   36   60
795   46   19   16
796   44   86   86
797   71   39   61
798   120   66   73
799   85   14   98
800   10   68   3
801   150   4   92
802   148   36   28
803   22   6   29
804   33   71   31
805   9   54   77
806   65   6   16
807   167   73   30
808   19   84   68
809   16   53   48
810   52   14   14
811   10   35   93
812   59   32   93
813   109   67   5
814   27   15   64
815   4   30   87
816   14   32   77
817   15   80   34
818   82   49   50
819   73   41   29
820   53   20   11
821   112   5   69
822   51   13   76
823   96   16   26
824   126   79   22
825   85   47   86
826   141   47   64
827   25   64   50
828   9   28   84
829   25   19   43
830   81   98   57
831   32   26   44
832   9   56   8
833   4   8   56
834   9   24   0
835   197   63   69
836   6   60   97
837   41   80   17
838   0   73   60
839   100   71   75
840   39   32   24
841   138   35   99
842   96   21   17
843   24   47   17
844   248   58   98
845   11   61   68
846   5   60   72
847   43   20   33
848   30   51   85
849   88   85   48
850   6   75   16
851   18   39   4
852   10   36   9
853   41   11   37
854   43   57   63
855   44   42   83
856   236   15   42
857   27   35   84
858   9   32   55
859   11   21   45
860   99   8   12
861   160   42   13
862   15   52   40
863   16   22   17
864   12   22   1
865   35   69   45
866   44   40   49
867   74   93   28
868   40   91   68
869   29   82   95
870   7   35   22
871   73   54   87
872   24   85   32
873   133   91   78
874   60   72   86
875   26   84   29
876   97   78   27
877   22   66   29
878   51   82   96
879   22   95   10
880   17   18   76
881   6   70   50
882   6   53   61
883   31   21   46
884   52   69   87
885   9   37   27
886   22   68   42
887   41   15   28
888   8   34   43
889   49   76   67
890   46   4   54
891   47   32   49
892   106   36   4
893   35   72   20
894   3   4   70
895   82   98   95
896   112   88   6
897   52   82   92
898   6   6   51
899   7   26   41
900   4   46   55
901   89   13   51
902   97   21   3
903   61   68   57
904   3   12   81
905   21   23   44
906   8   79   58
907   22   14   93
908   53   67   56
909   48   71   11
910   96   66   17
911   4   86   96
912   17   5   15
913   28   51   5
914   24   83   9
915   21   27   24
916   61   93   99
917   13   31   86
918   10   77   7
919   21   34   47
920   9   30   9
921   12   81   76
922   101   77   28
923   20   74   9
924   12   42   86
925   44   51   98
926   130   17   57
927   77   23   27
928   23   1   53
929   79   20   84
930   76   2   32
931   69   12   22
932   84   30   25
933   76   2   74
934   11   53   42
935   174   14   93
936   60   48   36
937   7   22   44
938   213   8   66
939   123   8   95
940   177   58   46
941   35   53   39
942   84   34   73
943   2   88   64
944   0   27   30
945   34   41   97
946   35   76   35
947   50   82   34
948   4   8   36
949   12   92   95
950   14   19   4
951   161   14   68
952   31   39   39
953   71   50   56
954   22   74   86
955   8   49   11
956   40   68   41
957   13   27   14
958   6   94   75
959   49   53   95
960   54   73   82
961   39   31   28
962   20   82   65
963   16   53   58
964   71   67   96
965   8   32   36
966   190   92   5
967   1   50   79
968   227   47   65
969   42   38   61
970   162   91   82
971   16   57   17
972   10   22   70
973   104   16   71
974   85   12   92
975   38   90   90
976   7   24   50
977   20   24   75
978   7   23   34
979   26   9   43
980   2   53   54
981   82   98   7
982   55   56   28
983   0   7   33
984   69   30   86
985   83   40   27
986   36   86   27
987   67   68   46
988   86   88   43
989   40   17   8
990   119   92   40
991   20   61   22
992   96   67   33
993   85   66   49
994   33   67   61
995   90   95   26
996   46   88   18
997   54   78   28
998   14   8   21
999   44   38   95
1000   123   72   17
