0   0   50   50
1   33   96   4
2   126   60   56
3   103   20   91
4   54   87   13
5   53   82   23
6   3   0   62
7   67   9   54
8   53   72   85
9   120   52   51
10   43   84   3
11   59   12   54
12   19   41   91
13   27   45   99
14   22   24   3
15   95   14   21
16   3   86   64
17   177   89   1
18   91   33   88
19   23   34   51
20   0   32   52
21   45   55   5
22   5   93   26
23   14   90   95
24   66   31   23
25   51   2   96
26   15   54   91
27   19   49   46
28   54   12   6
29   1   84   5
30   20   82   47
31   37   71   88
32   5   61   84
33   3   11   73
34   145   93   69
35   88   19   61
36   2   40   47
37   36   53   21
38   99   23   77
39   14   23   95
40   32   84   7
41   169   96   98
42   124   69   91
43   5   49   55
44   33   90   79
45   110   79   10
46   21   20   56
47   15   47   19
48   90   7   82
49   4   45   32
50   4   10   39
51   21   57   72
52   67   45   42
53   47   10   22
54   12   34   69
55   29   65   90
56   89   19   20
57   52   1   78
58   25   96   44
59   20   34   41
60   0   21   34
61   127   97   11
62   146   86   56
63   66   21   85
64   3   71   5
65   25   93   11
66   104   61   29
67   16   47   73
68   25   16   68
69   11   0   98
70   281   57   69
71   64   97   69
72   12   87   85
73   5   3   79
74   30   15   93
75   13   74   76
76   78   75   26
77   79   49   25
78   54   56   76
79   230   60   27
80   60   50   88
81   19   38   87
82   3   28   16
83   9   60   89
84   12   35   38
85   73   2   96
86   26   6   20
87   27   68   59
88   24   93   35
89   9   65   28
90   30   49   44
91   29   35   79
92   102   40   40
93   56   33   9
94   2   29   6
95   28   57   76
96   19   31   96
97   34   50   99
98   166   21   33
99   15   90   39
100   33   36   35
101   50   87   95
102   43   3   95
103   147   18   27
104   157   43   39
105   13   64   74
106   4   25   66
107   28   71   74
108   25   89   21
109   51   8   16
110   61   34   10
111   41   53   18
112   8   12   21
113   11   35   29
114   0   61   42
115   33   11   63
116   61   37   2
117   61   82   51
118   6   75   85
119   23   76   45
120   10   1   83
121   1   73   71
122   19   10   89
123   95   36   41
124   42   64   87
125   56   39   93
126   11   23   4
127   49   20   6
128   93   70   57
129   150   34   67
130   39   6   49
131   5   75   68
132   28   10   8
133   52   90   50
134   24   3   95
135   15   16   1
136   12   93   67
137   30   95   13
138   63   35   20
139   15   96   47
140   3   27   97
141   6   42   88
142   4   33   48
143   39   25   81
144   29   41   71
145   47   37   54
146   77   46   25
147   45   56   50
148   105   61   6
149   31   17   86
150   86   10   37
151   27   42   44
152   19   15   84
153   38   5   12
154   94   98   54
155   50   16   15
156   57   25   22
157   18   12   27
158   96   65   25
159   24   75   56
160   64   61   68
161   27   60   8
162   25   99   37
163   29   67   8
164   15   48   15
165   38   95   49
166   11   37   78
167   14   14   41
168   40   33   84
169   6   45   0
170   21   8   76
171   38   83   33
172   8   98   10
173   112   34   74
174   123   71   83
175   34   54   7
176   40   35   52
177   4   11   38
178   8   49   9
179   2   62   81
180   22   47   17
181   13   89   45
182   23   41   73
183   33   36   91
184   90   72   19
185   95   1   8
186   15   5   0
187   12   58   9
188   169   41   34
189   99   21   86
190   36   39   78
191   47   70   48
192   17   86   12
193   91   67   73
194   83   84   39
195   52   15   47
196   22   54   90
197   16   79   52
198   1   19   50
199   7   8   24
200   0   10   0
201   9   23   15
202   40   57   30
203   4   21   71
204   96   25   57
205   193   65   82
206   7   26   61
207   20   52   2
208   37   45   25
209   86   68   34
210   45   13   75
211   32   56   71
212   2   31   56
213   56   60   17
214   33   82   38
215   32   9   45
216   36   19   67
217   63   76   26
218   52   92   59
219   55   37   82
220   22   46   27
221   57   97   6
222   4   30   38
223   10   58   83
224   53   17   36
225   15   21   76
226   96   83   48
227   32   32   71
228   5   88   3
229   3   49   76
230   173   2   52
231   16   12   30
232   64   52   10
233   44   46   11
234   9   77   68
235   77   71   90
236   36   27   65
237   18   28   90
238   182   90   49
239   56   26   63
240   17   41   35
241   13   42   59
242   17   41   37
243   85   70   67
244   35   87   63
245   51   59   51
246   146   51   23
247   36   73   66
248   17   72   54
249   67   87   72
250   57   50   32
251   15   4   64
252   68   7   5
253   203   28   22
254   17   89   23
255   88   76   9
256   20   77   13
257   5   50   65
258   88   45   69
259   0   61   12
260   112   84   42
261   85   1   38
262   24   17   33
263   11   21   66
264   5   67   4
265   34   12   95
266   72   35   16
267   17   40   7
268   40   54   9
269   37   17   73
270   117   80   58
271   10   75   85
272   34   79   31
273   28   27   2
274   57   53   52
275   43   1   91
276   67   92   20
277   45   23   22
278   0   48   50
279   50   52   16
280   65   64   93
281   9   64   80
282   92   68   26
283   13   91   63
284   26   66   28
285   61   26   11
286   164   27   20
287   19   26   91
288   89   44   44
289   23   10   27
290   39   27   22
291   70   29   52
292   47   75   82
293   65   55   1
294   6   14   43
295   34   67   19
296   23   61   70
297   41   93   96
298   28   44   6
299   23   46   34
300   111   30   2
301   146   22   54
302   114   90   48
303   4   39   73
304   62   3   55
305   80   54   0
306   168   26   3
307   10   14   38
308   36   82   82
309   254   82   13
310   86   12   64
311   160   96   21
312   5   68   79
313   6   19   75
314   24   24   81
315   56   53   4
316   24   94   85
317   1   30   56
318   98   90   64
319   0   85   78
320   16   25   83
321   26   84   4
322   28   30   47
323   4   63   24
324   38   63   96
325   99   6   38
326   103   58   62
327   29   12   13
328   7   71   92
329   13   10   72
330   49   69   83
331   94   51   26
332   54   69   48
333   181   30   6
334   22   25   81
335   0   2   16
336   4   96   45
337   20   79   1
338   2   60   22
339   51   59   88
340   101   60   40
341   36   84   80
342   4   61   90
343   93   86   45
344   32   29   69
345   22   22   67
346   62   46   27
347   16   35   17
348   136   62   23
349   54   88   22
350   138   30   84
351   34   61   66
352   25   24   69
353   11   36   27
354   66   9   20
355   14   14   47
356   150   67   95
357   37   0   48
358   15   11   85
359   4   60   73
360   0   0   16
361   24   27   2
362   24   34   15
363   148   36   39
364   6   93   69
365   39   8   78
366   1   30   24
367   52   53   89
368   125   17   46
369   9   11   13
370   46   83   55
371   5   9   50
372   178   59   67
373   9   1   57
374   190   80   74
375   161   67   12
376   152   48   6
377   2   20   85
378   57   87   99
379   48   33   91
380   24   90   31
381   14   83   25
382   11   77   77
383   20   75   63
384   2   6   92
385   17   90   40
386   70   86   80
387   99   49   64
388   20   89   53
389   32   23   58
390   9   93   26
391   97   12   92
392   2   54   61
393   2   73   50
394   6   66   39
395   40   36   58
396   107   64   69
397   5   64   80
398   61   78   86
399   28   28   73
400   40   60   8
401   65   62   40
402   184   77   78
403   66   16   31
404   1   55   9
405   18   81   14
406   44   64   37
407   18   47   81
408   82   48   79
409   26   76   0
410   5   97   47
411   53   57   94
412   133   20   12
413   1   8   13
414   43   75   75
415   73   52   37
416   12   11   40
417   183   34   63
418   28   12   71
419   70   66   16
420   107   39   50
421   22   85   72
422   22   17   42
423   73   34   59
424   32   51   80
425   20   30   30
426   11   92   7
427   206   77   39
428   1   81   96
429   55   31   7
430   9   65   71
431   42   72   95
432   100   56   92
433   66   6   80
434   15   90   29
435   22   22   86
436   62   17   1
437   136   97   78
438   24   19   59
439   100   97   9
440   16   40   64
441   15   77   26
442   8   51   90
443   33   21   10
444   1   79   16
445   88   29   71
446   6   68   90
447   13   52   92
448   29   86   12
449   127   14   98
450   59   88   55
451   4   2   4
452   9   60   0
453   84   28   5
454   56   61   75
455   32   6   37
456   88   80   87
457   25   63   67
458   17   65   61
459   46   45   24
460   7   22   17
461   300   50   29
462   10   62   86
463   19   49   40
464   169   48   29
465   195   4   31
466   94   7   15
467   92   82   51
468   48   77   50
469   29   45   55
470   176   40   33
471   5   76   85
472   38   56   66
473   85   98   65
474   41   18   95
475   37   60   0
476   4   23   68
477   161   74   54
478   103   55   28
479   101   55   35
480   18   64   63
481   77   5   99
482   65   60   37
483   42   17   8
484   31   1   23
485   70   40   83
486   6   23   73
487   93   17   22
488   115   25   98
489   1   53   66
490   46   11   10
491   19   52   50
492   82   29   20
493   63   63   18
494   44   67   98
495   55   69   97
496   122   6   55
497   239   18   3
498   27   35   45
499   21   47   61
500   51   88   70
501   46   83   37
502   8   8   46
503   187   78   78
504   100   46   39
505   76   62   26
506   73   0   90
507   4   99   97
508   22   46   89
509   52   23   35
510   36   28   87
511   20   62   87
512   12   49   47
513   73   1   56
514   114   21   4
515   22   24   75
516   29   59   10
517   125   92   19
518   0   62   65
519   13   29   3
520   84   94   77
521   8   42   10
522   14   0   44
523   23   93   3
524   125   38   69
525   95   29   23
526   25   57   16
527   153   4   79
528   20   0   91
529   15   87   31
530   38   8   54
531   3   5   84
532   38   49   22
533   44   93   56
534   74   2   61
535   114   76   61
536   28   36   32
537   66   46   6
538   16   27   8
539   22   85   61
540   19   30   42
541   82   39   8
542   95   31   66
543   87   49   45
544   159   95   47
545   12   50   63
546   83   12   80
547   82   17   84
548   51   2   77
549   26   39   45
550   47   45   84
551   22   62   63
552   12   3   89
553   10   55   14
554   95   41   27
555   122   52   44
556   64   55   66
557   18   56   98
558   28   46   98
559   38   27   92
560   0   73   32
561   17   26   32
562   30   67   4
563   48   79   36
564   63   26   86
565   127   40   16
566   200   81   45
567   22   96   81
568   54   7   58
569   83   87   18
570   27   44   91
571   12   5   83
572   38   13   28
573   3   82   83
574   9   23   25
575   15   88   61
576   89   84   96
577   16   58   64
578   34   3   67
579   115   33   96
580   14   88   75
581   30   19   13
582   109   39   95
583   31   51   0
584   33   68   7
585   1   19   59
586   12   21   42
587   26   29   21
588   4   97   46
589   115   20   52
590   113   94   23
591   3   97   35
592   28   67   45
593   58   76   78
594   34   4   94
595   45   62   57
596   38   25   72
597   41   82   2
598   23   36   47
599   19   77   37
600   16   53   84
601   20   81   83
602   3   65   63
603   53   54   59
604   27   40   94
605   6   33   38
606   126   24   57
607   5   56   11
608   4   20   97
609   32   67   0
610   74   57   21
611   29   45   59
612   58   42   30
613   9   87   40
614   42   95   69
615   56   48   6
616   30   77   49
617   23   55   73
618   77   77   92
619   107   18   71
620   18   59   67
621   83   60   99
622   19   98   86
623   48   23   99
624   53   40   0
625   178   92   35
626   35   41   92
627   53   19   98
628   85   35   91
629   28   47   35
630   18   33   36
631   102   91   27
632   8   76   26
633   24   31   78
634   22   74   38
635   149   68   42
636   26   99   27
637   12   39   33
638   25   74   30
639   51   92   45
640   7   43   90
641   12   83   93
642   28   42   57
643   8   43   77
644   9   60   57
645   40   69   39
646   83   74   31
647   39   2   0
648   36   62   8
649   17   38   77
650   53   35   46
651   2   92   2
652   14   54   24
653   154   68   10
654   7   91   0
655   255   37   94
656   47   78   94
657   22   92   39
658   147   65   83
659   38   26   84
660   32   51   98
661   120   99   83
662   28   48   3
663   67   52   38
664   24   68   67
665   33   61   57
666   11   48   82
667   19   77   79
668   116   79   80
669   69   23   85
670   85   29   43
671   14   14   3
672   105   25   78
673   151   23   61
674   17   9   83
675   11   48   25
676   42   97   85
677   69   64   9
678   90   40   5
679   20   32   78
680   12   93   64
681   6   69   68
682   12   30   68
683   36   25   89
684   91   94   85
685   7   78   78
686   96   24   36
687   8   45   91
688   3   47   19
689   26   12   17
690   42   74   90
691   39   86   79
692   23   75   0
693   13   3   78
694   30   46   56
695   2   79   11
696   39   24   44
697   40   60   11
698   0   25   54
699   55   60   26
700   22   24   15
701   19   68   97
702   139   81   62
703   20   99   72
704   95   55   63
705   113   81   9
706   31   11   85
707   36   43   29
708   3   43   1
709   32   59   3
710   28   24   38
711   14   92   55
712   196   90   29
713   23   95   38
714   25   88   3
715   3   82   96
716   32   14   89
717   17   56   73
718   19   96   48
719   43   67   80
720   16   57   21
721   13   88   22
722   53   54   42
723   12   33   90
724   87   72   49
725   204   2   35
726   94   79   6
727   11   30   3
728   19   96   37
729   24   57   90
730   66   79   97
731   65   35   22
732   1   26   9
733   26   82   72
734   26   83   6
735   81   78   51
736   67   15   34
737   69   95   44
738   37   82   16
739   14   38   53
740   166   22   86
741   2   29   11
742   41   81   72
743   82   2   6
744   24   94   24
745   2   14   80
746   1   54   58
747   59   75   19
748   18   86   21
749   28   56   1
750   14   38   18
751   16   82   50
752   22   24   99
753   44   69   44
754   30   45   7
755   13   58   18
756   37   90   94
757   18   56   75
758   205   91   79
759   104   90   15
760   62   1   1
761   67   43   8
762   73   55   44
763   42   22   63
764   28   36   37
765   125   85   18
766   232   83   19
767   18   43   76
768   4   12   68
769   70   23   80
770   35   86   41
771   120   0   3
772   140   99   65
773   42   5   36
774   65   2   16
775   151   26   2
776   54   78   72
777   59   29   20
778   52   79   81
779   37   6   40
780   96   40   59
781   10   11   68
782   218   33   79
783   92   1   24
784   41   22   21
785   37   40   87
786   96   15   24
787   29   4   94
788   33   27   67
789   1   59   65
790   35   66   93
791   40   95   82
792   41   60   41
793   2   1   20
794   50   47   45
795   58   45   46
796   34   28   66
797   36   90   67
798   24   13   83
799   45   80   49
800   63   23   82
