0   0   50   50
1   1   81   30
2   16   27   79
3   5   41   18
4   4   94   50
5   32   60   25
6   28   61   3
7   16   68   38
8   17   69   5
9   14   49   13
10   20   47   17
11   31   79   74
12   5   4   36
13   44   70   15
14   13   47   94
15   15   90   21
16   17   87   71
17   6   20   51
18   151   37   18
19   19   62   42
20   35   72   73
21   121   49   39
22   111   78   32
23   9   14   37
24   12   76   27
25   13   41   96
26   64   24   86
27   127   91   68
28   44   46   89
29   5   61   96
30   42   3   81
31   50   21   82
32   149   0   30
33   1   79   72
34   84   35   57
35   7   57   10
36   11   35   41
37   135   60   6
38   18   0   57
39   15   23   14
40   80   4   58
41   27   11   69
42   85   39   2
43   24   53   71
44   12   78   3
45   83   26   18
46   33   35   70
47   43   60   99
48   66   5   2
49   16   79   2
50   90   65   41
51   19   29   53
52   23   17   40
53   9   50   99
54   12   87   90
55   61   68   82
56   58   58   75
57   146   4   38
58   44   20   16
59   17   82   78
60   26   31   57
61   20   6   62
62   103   46   3
63   7   6   35
64   18   79   70
65   3   23   75
66   13   46   16
67   33   97   52
68   26   80   96
69   87   0   30
70   19   5   39
71   21   80   10
72   40   52   75
73   52   79   76
74   38   46   3
75   54   38   20
76   339   83   94
77   87   79   56
78   104   10   6
79   124   28   11
80   15   81   33
81   15   99   4
82   49   58   97
83   83   53   82
84   19   38   65
85   7   75   3
86   1   64   51
87   17   3   33
88   28   32   62
89   7   31   15
90   25   18   62
91   53   61   95
92   40   6   93
93   37   54   19
94   136   62   80
95   6   48   38
96   21   4   71
97   54   70   30
98   52   8   85
99   22   56   81
100   67   55   96
101   125   94   54
102   1   79   45
103   33   94   28
104   32   62   31
105   293   6   34
106   31   89   19
107   20   40   4
108   58   18   53
109   110   13   89
110   13   9   48
111   43   67   97
112   26   43   77
113   116   51   22
114   63   26   98
115   37   97   25
116   7   94   38
117   3   86   98
118   10   19   83
119   2   8   56
120   0   40   7
121   101   3   69
122   31   97   30
123   49   11   60
124   13   80   89
125   15   30   76
126   54   49   93
127   69   13   77
128   29   4   82
129   34   45   55
130   22   88   24
131   0   35   70
132   9   89   53
133   6   13   17
134   45   58   46
135   94   24   58
136   60   91   0
137   58   25   37
138   42   6   35
139   35   88   54
140   82   95   15
141   30   67   89
142   27   57   69
143   6   57   24
144   9   96   62
145   28   24   85
146   78   90   7
147   69   99   79
148   59   84   30
149   28   44   62
150   23   21   61
151   26   93   77
152   37   48   56
153   4   6   63
154   1   39   22
155   86   53   30
156   41   35   45
157   135   63   13
158   36   25   20
159   103   46   11
160   22   63   25
161   35   22   76
162   27   7   1
163   37   80   74
164   59   36   11
165   68   70   33
166   1   35   22
167   15   30   37
168   1   20   56
169   37   22   43
170   40   1   57
171   3   93   80
172   6   51   36
173   172   1   65
174   42   68   11
175   16   77   32
176   88   26   46
177   74   21   67
178   48   12   71
179   12   51   34
180   1   84   99
181   90   86   97
182   276   63   67
183   8   26   4
184   31   37   42
185   21   88   83
186   224   25   2
187   60   71   15
188   74   3   71
189   174   42   49
190   109   33   17
191   39   40   61
192   10   96   92
193   16   85   17
194   9   22   84
195   4   60   66
196   25   38   85
197   72   42   34
198   83   72   31
199   14   27   9
200   0   33   9
201   69   95   19
202   25   79   38
203   10   6   30
204   37   56   97
205   81   6   2
206   8   2   95
207   107   74   10
208   30   21   40
209   14   22   85
210   62   15   37
211   16   11   43
212   43   42   16
213   104   25   33
214   97   14   3
215   83   73   11
216   16   5   34
217   25   25   79
218   12   11   23
219   113   15   22
220   40   40   57
221   18   45   79
222   27   35   78
223   32   5   79
224   99   16   11
225   37   56   39
226   24   77   52
227   10   71   89
228   56   86   98
229   53   38   28
230   15   66   14
231   25   81   41
232   55   91   45
233   3   76   54
234   99   70   84
235   51   36   26
236   43   86   93
237   88   89   8
238   10   18   40
239   2   93   74
240   23   56   10
241   9   57   56
242   68   25   22
243   148   89   86
244   50   16   81
245   6   1   75
246   51   75   16
247   69   89   33
248   35   13   9
249   2   43   48
250   21   23   67
251   40   52   80
252   42   28   15
253   86   98   96
254   30   79   4
255   60   81   85
256   50   33   72
257   27   45   3
258   79   12   97
259   18   24   76
260   71   79   62
261   113   10   15
262   43   92   94
263   23   47   26
264   50   28   27
265   18   42   1
266   233   20   31
267   38   96   50
268   33   3   63
269   11   60   81
270   3   25   22
271   29   49   81
272   32   2   30
273   1   22   20
274   40   69   50
275   69   75   13
276   51   53   0
277   71   24   29
278   18   0   11
279   254   48   90
280   31   68   72
281   74   50   93
282   19   52   31
283   21   12   29
284   136   95   16
285   27   25   50
286   96   76   36
287   68   83   11
288   84   16   99
289   13   33   67
290   21   89   89
291   41   13   75
292   6   18   5
293   143   86   29
294   6   44   69
295   79   80   44
296   115   45   47
297   74   10   47
298   37   89   12
299   1   22   17
300   25   76   84
