0   0   50   50
1   51   90   25
2   74   88   33
3   93   4   29
4   57   35   13
5   120   81   75
6   39   92   22
7   53   33   1
8   51   23   31
9   64   9   8
10   130   8   57
11   0   88   91
12   117   30   97
13   58   95   7
14   72   19   43
15   76   94   66
16   42   99   42
17   49   75   42
18   42   25   31
19   49   73   70
20   156   40   2
21   49   89   94
22   17   75   5
23   47   65   40
24   7   35   74
25   103   67   49
26   37   55   84
27   72   38   52
28   79   10   0
29   49   20   42
30   63   85   0
31   84   95   77
32   6   30   46
33   18   10   46
34   8   15   48
35   57   17   50
36   181   87   98
37   30   13   69
38   231   31   0
39   35   73   23
40   10   76   28
41   30   13   89
42   120   45   34
43   14   96   72
44   145   18   57
45   125   29   40
46   155   87   63
47   57   87   89
48   45   40   11
49   52   79   23
50   18   94   62
51   14   15   77
52   2   64   28
53   63   76   80
54   97   1   22
55   19   46   28
56   52   57   46
57   7   46   14
58   129   62   81
59   42   76   81
60   31   0   66
61   19   15   27
62   43   5   71
63   17   34   56
64   37   25   49
65   33   9   72
66   97   25   10
67   80   76   88
68   96   15   13
69   66   19   74
70   11   86   15
71   0   20   23
72   120   31   4
73   51   88   27
74   16   14   12
75   51   44   96
76   92   34   90
77   25   91   32
78   20   23   98
79   27   49   95
80   7   48   68
81   26   45   30
82   11   60   83
83   27   72   82
84   66   90   58
85   19   67   22
86   86   48   81
87   0   2   67
88   123   25   54
89   0   63   71
90   73   80   12
91   52   57   89
92   5   11   98
93   40   73   58
94   81   48   69
95   9   23   60
96   53   29   59
97   37   63   25
98   43   5   10
99   73   51   47
100   3   87   96
