0   0   50   50
1   39   33   89
2   132   24   0
3   15   88   88
4   19   79   32
5   53   16   52
6   65   62   3
7   66   61   43
8   1   6   18
9   8   28   15
10   35   93   5
11   18   52   74
12   30   70   84
13   16   11   90
14   32   3   38
15   15   39   43
16   38   97   77
17   44   88   19
18   50   41   7
19   79   58   58
20   30   10   80
21   5   87   10
22   49   83   48
23   25   38   88
24   136   49   70
25   49   94   88
26   40   48   90
27   136   76   89
28   1   19   7
29   24   46   81
30   1   76   22
31   23   72   97
32   40   58   38
33   36   62   0
34   37   69   68
35   17   12   65
36   62   82   8
37   151   10   12
38   31   77   78
39   7   65   71
40   9   81   41
41   34   30   14
42   46   13   56
43   9   25   89
44   83   86   95
45   7   6   66
46   175   41   58
47   28   24   55
48   50   1   68
49   25   99   37
50   48   66   14
51   20   53   36
52   5   57   56
53   49   0   26
54   37   99   51
55   15   86   67
56   21   89   47
57   108   96   65
58   213   89   41
59   33   29   99
60   24   17   44
61   39   48   60
62   41   16   49
63   0   49   69
64   101   71   89
65   43   93   4
66   1   94   73
67   15   47   60
68   107   40   71
69   138   98   51
70   56   51   38
71   13   3   53
72   23   24   23
73   15   67   8
74   53   35   14
75   10   56   81
76   55   39   13
77   30   83   86
78   87   8   36
79   0   27   8
80   15   73   32
81   4   61   41
82   14   15   84
83   36   75   19
84   1   55   20
85   122   37   57
86   30   4   45
87   9   27   18
88   124   29   15
89   93   83   84
90   58   58   18
91   23   20   3
92   28   17   93
93   12   7   98
94   212   52   53
95   5   31   75
96   21   89   26
97   12   91   37
98   71   75   2
99   6   20   59
100   98   78   57
101   38   28   90
102   55   28   81
103   54   61   57
104   52   48   87
105   235   5   24
106   7   53   12
107   21   53   98
108   81   88   29
109   57   47   35
110   11   90   32
111   66   59   97
112   30   96   28
113   96   87   78
114   11   28   38
115   99   64   4
116   25   52   1
117   101   81   97
118   63   66   33
119   1   96   92
120   0   55   98
121   43   60   68
122   34   94   64
123   18   95   59
124   165   63   54
125   118   56   63
126   30   33   17
127   108   72   87
128   24   5   59
129   35   26   20
130   16   4   15
131   241   89   77
132   41   90   96
133   15   47   2
134   42   85   56
135   71   58   14
136   19   83   85
137   11   77   39
138   230   11   94
139   0   11   12
140   16   89   51
141   114   81   32
142   76   63   95
143   71   22   63
144   37   27   73
145   82   31   46
146   96   22   1
147   65   43   26
148   86   32   69
149   7   38   59
150   5   67   85
151   19   64   50
152   32   15   68
153   9   91   96
154   176   58   13
155   5   43   46
156   24   18   26
157   8   78   12
158   4   36   83
159   6   51   96
160   67   69   12
161   9   49   25
162   55   28   9
163   5   31   61
164   35   90   45
165   27   19   86
166   72   37   31
167   50   94   77
168   24   12   65
169   38   52   49
170   2   94   5
171   11   4   62
172   29   72   7
173   31   39   36
174   57   83   36
175   2   17   92
176   10   39   53
177   19   93   45
178   23   56   41
179   51   67   5
180   101   25   41
181   199   0   94
182   37   51   83
183   62   92   92
184   107   27   58
185   13   8   99
186   80   98   55
187   52   64   29
188   79   34   33
189   55   96   74
190   1   8   75
191   0   16   98
192   10   6   10
193   42   70   99
194   137   77   44
195   40   67   60
196   1   57   51
197   62   20   10
198   64   27   82
199   34   63   37
200   31   67   11
201   53   50   86
202   134   22   71
203   56   66   86
204   93   38   58
205   7   38   98
206   40   76   78
207   55   66   49
208   53   63   89
209   40   22   38
210   2   35   88
211   0   63   42
212   87   45   40
213   255   86   85
214   61   39   81
215   38   81   73
216   95   81   55
217   20   85   41
218   29   38   96
219   87   76   99
220   38   98   29
221   92   49   66
222   0   69   48
223   57   74   60
224   13   10   75
225   15   11   33
226   47   62   63
227   0   96   21
228   11   84   22
229   46   1   25
230   0   57   51
231   12   62   0
232   24   28   25
233   34   68   64
234   275   61   65
235   20   53   31
236   59   99   0
237   85   60   28
238   22   15   51
239   18   77   9
240   16   92   20
241   181   47   93
242   0   57   10
243   63   69   98
244   27   12   79
245   92   9   78
246   77   72   51
247   115   50   2
248   47   75   66
249   58   18   66
250   14   31   32
251   2   31   25
252   7   87   57
253   53   58   11
254   52   61   64
255   43   19   56
256   5   36   13
257   1   74   22
258   43   41   55
259   84   89   79
260   20   45   65
261   36   49   33
262   86   88   7
263   50   49   11
264   249   69   8
265   38   86   35
266   85   2   11
267   12   79   45
268   23   10   47
269   5   21   11
270   42   4   96
271   67   65   26
272   11   31   25
273   8   26   63
274   23   24   25
275   4   30   54
276   9   89   55
277   21   45   86
278   6   94   89
279   109   16   87
280   0   88   19
281   19   15   15
282   13   94   10
283   21   99   39
284   12   29   78
285   103   45   97
286   15   82   39
287   11   51   32
288   16   14   8
289   23   97   11
290   32   32   19
291   45   0   75
292   3   67   97
293   10   40   75
294   128   20   70
295   12   39   46
296   107   93   62
297   16   13   30
298   52   35   6
299   78   43   76
300   21   35   31
301   26   38   70
302   24   98   98
303   30   1   15
304   57   56   6
305   19   87   69
306   21   12   14
307   133   54   66
308   86   93   4
309   90   10   26
310   56   49   62
311   24   37   86
312   44   96   6
313   24   37   7
314   47   23   2
315   85   92   52
316   14   48   53
317   42   64   69
318   20   96   51
319   169   29   84
320   87   12   73
321   108   66   30
322   37   79   53
323   49   83   32
324   74   68   30
325   8   61   12
326   8   0   49
327   3   60   46
328   101   25   34
329   28   78   39
330   20   16   41
331   67   53   8
332   52   79   70
333   26   46   8
334   13   87   46
335   119   53   19
336   134   25   56
337   12   88   53
338   40   10   30
339   53   55   54
340   32   22   48
341   6   7   9
342   28   35   36
343   67   49   8
344   66   53   99
345   16   7   88
346   111   57   82
347   18   50   61
348   2   11   89
349   56   7   97
350   99   70   4
351   22   65   66
352   205   68   13
353   20   55   23
354   135   58   32
355   71   10   45
356   7   50   66
357   44   72   33
358   77   68   24
359   5   16   89
360   211   60   89
361   47   10   72
362   18   5   81
363   0   63   36
364   88   77   71
365   127   47   81
366   111   85   0
367   12   68   88
368   15   42   96
369   124   51   84
370   72   44   63
371   73   91   74
372   18   20   33
373   28   83   21
374   113   44   3
375   6   24   43
376   22   29   16
377   8   22   10
378   97   30   66
379   61   76   14
380   71   51   45
381   7   95   25
382   0   82   19
383   8   96   65
384   85   75   78
385   21   41   18
386   56   93   93
387   9   81   60
388   7   78   65
389   165   5   27
390   39   66   82
391   8   4   59
392   50   42   76
393   58   36   21
394   41   85   30
395   52   27   86
396   47   23   57
397   24   40   15
398   13   86   73
399   30   49   26
400   16   10   69
401   63   89   99
402   15   57   33
403   13   60   47
404   17   23   46
405   96   2   28
406   1   1   44
407   3   50   80
408   24   7   93
409   5   29   88
410   64   26   33
411   14   72   7
412   38   50   33
413   24   46   37
414   65   20   13
415   44   33   30
416   92   77   87
417   20   51   66
418   36   69   46
419   29   79   18
420   144   34   39
421   16   80   7
422   28   31   56
423   49   56   19
424   51   1   11
425   69   87   50
426   16   59   19
427   78   41   93
428   22   19   8
429   16   93   62
430   18   53   45
431   100   79   49
432   100   69   14
433   18   79   71
434   8   97   4
435   73   0   17
436   1   25   41
437   14   73   11
438   184   32   10
439   5   36   34
440   23   30   92
441   83   16   6
442   3   65   80
443   6   4   52
444   25   23   44
445   9   19   44
446   1   55   37
447   0   97   39
448   65   50   41
449   63   46   36
450   38   91   78
451   4   32   28
452   48   3   5
453   10   60   6
454   50   27   21
455   50   80   78
456   11   24   55
457   38   50   20
458   71   53   20
459   215   63   4
460   47   1   25
461   39   5   47
462   80   90   77
463   18   44   68
464   120   48   23
465   26   94   23
466   31   49   91
467   16   14   47
468   33   56   59
469   144   12   19
470   61   37   15
471   94   44   89
472   114   8   34
473   9   92   2
474   74   62   60
475   81   66   89
476   47   11   37
477   17   83   46
478   5   69   66
479   6   78   22
480   47   91   49
481   23   92   86
482   119   82   45
483   10   46   14
484   86   89   45
485   52   56   37
486   85   69   28
487   38   67   73
488   62   37   82
489   7   14   69
490   59   44   12
491   64   10   51
492   49   13   57
493   154   6   28
494   15   83   54
495   28   11   73
496   19   34   18
497   44   31   30
498   26   69   51
499   7   38   81
500   60   54   64
501   42   5   38
502   7   47   48
503   2   40   45
504   19   5   1
505   88   36   37
506   21   49   69
507   125   40   22
508   26   51   13
509   7   91   84
510   6   4   68
511   60   69   86
512   71   85   16
513   27   74   40
514   18   76   98
515   59   75   25
516   32   97   81
517   99   9   74
518   16   93   23
519   24   82   69
520   32   31   66
521   20   60   56
522   2   81   45
523   0   28   39
524   18   5   31
525   44   58   40
526   91   59   18
527   1   62   32
528   16   52   17
529   24   53   70
530   38   90   10
531   105   77   10
532   12   56   34
533   66   11   12
534   82   11   24
535   12   75   30
536   245   67   68
537   39   60   47
538   43   3   71
539   5   9   88
540   4   37   97
541   38   8   29
542   53   52   48
543   247   71   40
544   49   97   87
545   49   56   78
546   14   16   38
547   0   65   36
548   184   13   41
549   8   79   29
550   61   95   69
551   30   96   86
552   8   64   7
553   28   46   45
554   23   42   82
555   2   1   18
556   42   90   62
557   11   20   91
558   5   50   93
559   3   30   93
560   35   31   97
561   18   23   89
562   55   22   64
563   63   50   95
564   63   26   84
565   7   74   99
566   102   90   63
567   90   89   96
568   6   10   29
569   96   89   92
570   6   92   1
571   56   58   27
572   3   97   90
573   42   91   19
574   67   46   70
575   80   73   82
576   75   52   38
577   171   14   52
578   92   14   98
579   131   42   7
580   6   97   73
581   64   49   17
582   186   75   75
583   287   7   2
584   56   1   83
585   2   11   58
586   19   14   29
587   44   98   67
588   71   9   71
589   65   20   2
590   33   33   13
591   27   86   27
592   16   14   70
593   5   66   29
594   47   57   6
595   20   12   25
596   34   58   19
597   17   26   69
598   17   22   14
599   54   18   54
600   307   89   73
601   25   11   86
602   30   81   91
603   5   13   60
604   59   32   55
605   158   14   2
606   19   32   19
607   52   29   62
608   9   69   72
609   39   77   96
610   3   60   33
611   1   71   85
612   12   51   33
613   115   13   93
614   18   0   69
615   50   89   38
616   23   29   55
617   15   49   81
618   88   62   57
619   0   44   12
620   18   4   65
621   22   71   5
622   27   99   83
623   3   44   71
624   20   18   95
625   61   5   91
626   58   90   43
627   52   56   15
628   90   89   66
629   116   69   43
630   127   40   49
631   150   76   62
632   2   74   57
633   65   21   36
634   53   32   32
635   0   33   13
636   53   49   50
637   42   37   66
638   36   9   96
639   38   8   84
640   1   24   36
641   8   5   84
642   12   83   0
643   4   72   67
644   153   73   56
645   16   95   59
646   2   37   24
647   196   0   96
648   71   32   23
649   26   81   77
650   2   77   63
651   99   34   88
652   53   7   57
653   56   50   22
654   64   13   54
655   413   43   49
656   51   53   8
657   11   20   26
658   69   8   8
659   14   33   22
660   20   26   4
661   33   39   87
662   30   80   6
663   32   95   75
664   6   32   73
665   141   54   8
666   110   4   47
667   107   95   71
668   5   65   28
669   58   30   62
670   91   3   17
671   16   79   50
672   9   21   66
673   26   20   93
674   108   92   44
675   145   36   10
676   37   0   94
677   13   53   7
678   10   15   21
679   93   28   77
680   6   98   40
681   18   48   25
682   23   27   85
683   91   82   27
684   70   66   91
685   65   81   26
686   85   1   54
687   7   98   73
688   32   38   84
689   9   99   81
690   30   74   83
691   58   53   12
692   1   1   80
693   86   49   93
694   0   84   49
695   92   44   50
696   11   42   17
697   34   60   77
698   42   76   65
699   50   68   80
700   43   74   3
