0   0   50   50
1   50   19   80
2   55   4   3
3   49   28   78
4   52   59   79
5   45   62   40
6   60   52   65
7   48   61   14
8   39   6   99
9   35   62   73
10   44   84   0
11   41   93   44
12   46   47   18
13   45   87   88
14   48   45   30
15   50   32   74
16   63   85   82
17   49   51   80
18   47   86   19
19   60   41   37
20   38   26   80
21   39   25   99
22   54   37   6
23   70   19   13
24   53   53   24
25   50   50   50
26   51   84   23
27   46   29   73
28   56   51   89
29   39   98   70
30   57   40   33
31   62   5   32
32   47   14   6
33   54   13   39
34   55   99   92
35   38   70   76
36   39   87   31
37   54   17   60
38   51   38   18
39   56   28   92
40   41   65   61
41   57   26   87
42   45   52   59
43   44   20   49
44   47   98   41
45   52   69   14
46   56   12   17
47   52   98   35
48   56   97   51
49   53   20   6
50   50   80   48
51   55   7   38
52   55   35   30
53   49   99   63
54   59   68   52
55   50   85   43
56   39   93   19
57   49   38   78
58   51   6   76
59   50   18   36
60   47   43   82
61   51   94   2
62   56   30   69
63   53   56   13
64   42   88   37
65   44   83   1
66   46   21   0
67   45   89   95
68   52   82   14
69   45   65   52
70   57   40   99
71   42   68   12
72   64   96   91
73   50   66   95
74   61   83   99
75   41   77   88
76   57   28   86
77   50   90   86
78   45   83   63
79   39   18   49
80   58   85   80
81   53   39   40
82   46   13   86
83   45   58   57
84   52   75   44
85   55   63   98
86   53   83   65
87   61   29   71
88   51   79   43
89   51   11   84
90   47   43   26
91   64   98   45
92   60   87   97
93   64   69   84
94   49   31   74
95   37   48   16
96   59   17   31
97   46   32   74
98   56   59   95
99   40   41   14
100   52   24   31
