0   0   50   50
1   43   24   97
2   53   21   23
3   47   81   45
4   45   12   33
5   50   48   82
6   47   88   19
7   49   96   2
8   48   37   35
9   39   83   11
10   47   51   85
11   46   69   88
12   50   41   57
13   58   42   61
14   67   85   72
15   51   96   71
16   61   40   53
17   50   97   25
18   38   26   9
19   61   51   46
20   59   10   33
21   60   14   2
22   50   51   77
23   55   23   13
24   41   5   68
25   54   73   36
26   57   92   12
27   42   98   85
28   47   57   17
29   53   19   4
30   46   12   28
31   50   16   53
32   52   15   93
33   40   42   38
34   54   27   83
35   41   26   99
36   56   57   73
37   48   65   96
38   55   81   45
39   48   84   12
40   38   65   24
41   53   21   38
42   43   78   14
43   56   3   91
44   62   99   59
45   50   21   90
46   44   88   65
47   39   0   38
48   51   33   65
49   44   81   93
50   50   18   2
51   50   90   49
52   51   72   94
53   53   34   22
54   53   8   5
55   53   70   14
56   57   1   5
57   48   61   30
58   40   55   12
59   57   18   97
60   54   46   66
61   45   24   16
62   51   10   63
63   46   63   59
64   43   32   99
65   58   99   87
66   51   97   78
67   55   30   82
68   46   26   2
69   52   91   28
70   46   47   70
71   44   83   15
72   51   13   17
73   52   1   28
74   43   65   59
75   54   4   72
76   54   9   88
77   52   31   54
78   64   95   82
79   58   20   88
80   46   91   93
81   62   51   9
82   52   83   16
83   55   6   66
84   61   1   56
85   53   12   83
86   33   56   46
87   45   61   65
88   44   65   30
89   48   72   90
90   58   74   50
91   49   88   18
92   42   72   28
93   46   57   59
94   54   98   66
95   38   63   36
96   57   0   39
97   34   2   60
98   53   20   14
99   50   37   52
100   49   76   34
101   45   61   30
102   46   73   22
103   49   79   89
104   38   2   64
105   48   19   8
106   50   0   22
107   52   10   40
108   60   31   55
109   54   55   90
110   57   39   7
111   51   35   23
112   46   89   94
113   48   13   17
114   54   83   1
115   44   28   59
116   52   68   71
117   54   17   76
118   59   81   16
119   39   54   86
120   46   99   32
121   49   93   53
122   50   98   35
123   54   24   45
124   41   16   31
125   54   1   47
126   50   96   84
127   55   9   2
128   60   60   17
129   49   56   54
130   53   46   86
131   46   36   41
132   60   2   37
133   61   82   16
134   39   69   75
135   50   54   84
136   46   9   73
137   48   83   43
138   53   70   81
139   41   70   68
140   55   18   61
141   52   87   48
142   69   66   54
143   41   15   71
144   48   50   50
145   55   48   76
146   49   24   75
147   55   40   5
148   50   74   13
149   49   62   32
150   49   78   54
151   56   8   18
152   53   77   90
153   50   91   89
154   60   43   32
155   55   75   30
156   50   49   3
157   44   91   52
158   48   10   5
159   42   57   46
160   50   87   62
161   48   93   47
162   48   87   1
163   53   40   52
164   51   26   73
165   44   58   24
166   52   46   0
167   38   3   27
168   53   63   68
169   42   64   33
170   60   71   82
171   43   70   74
172   57   27   61
173   52   14   30
174   58   24   94
175   52   76   27
176   64   21   75
177   69   11   46
178   45   78   4
179   41   86   65
180   46   81   79
181   56   62   30
182   58   10   12
183   49   75   15
184   46   34   86
185   54   71   63
186   45   35   72
187   40   41   16
188   46   98   8
189   55   97   11
190   51   32   81
191   46   24   24
192   63   2   25
193   64   97   3
194   58   14   9
195   51   72   63
196   47   76   8
197   50   99   93
198   54   66   66
199   67   99   49
200   46   14   79
201   56   69   8
202   40   9   6
203   48   73   95
204   51   62   28
205   44   28   52
206   48   80   65
207   51   71   20
208   65   48   34
209   51   91   93
210   51   74   73
211   44   89   72
212   48   91   25
213   48   72   79
214   51   49   40
215   60   76   33
216   45   53   21
217   49   81   35
218   43   14   55
219   51   72   13
220   59   7   20
221   45   49   38
222   68   39   14
223   53   17   24
224   50   73   82
225   53   65   5
226   45   96   95
227   54   66   62
228   45   97   39
229   39   98   72
230   53   15   87
231   63   51   26
232   61   17   78
233   50   96   9
234   63   57   63
235   46   85   58
236   58   42   30
237   51   52   5
238   53   75   58
239   48   31   35
240   50   51   54
241   43   18   74
242   66   22   64
243   61   88   3
244   56   71   38
245   53   59   77
246   43   37   13
247   54   55   6
248   45   82   88
249   37   10   39
250   63   96   18
251   42   59   39
252   61   98   35
253   48   71   30
254   40   10   26
255   54   20   40
256   54   37   83
257   47   50   97
258   45   89   18
259   58   65   60
260   48   57   57
261   50   65   41
262   55   18   92
263   56   65   97
264   54   33   61
265   47   16   60
266   50   1   15
267   49   10   0
268   41   8   71
269   33   39   91
270   51   62   0
271   44   14   14
272   39   74   78
273   55   81   86
274   56   71   72
275   58   30   2
276   41   64   54
277   51   19   42
278   52   36   13
279   53   35   6
280   50   92   64
281   54   21   5
282   53   50   85
283   52   55   29
284   55   51   84
285   51   78   4
286   66   46   41
287   48   30   13
288   48   72   41
289   54   78   62
290   54   67   78
291   52   53   95
292   59   74   16
293   43   24   32
294   49   29   74
295   45   98   45
296   54   21   17
297   54   8   30
298   53   24   0
299   57   34   39
300   48   30   62
301   38   18   78
302   55   19   81
303   44   59   2
304   63   45   83
305   49   41   29
306   34   13   53
307   42   14   55
308   43   64   18
309   40   32   13
310   53   82   0
311   33   53   6
312   40   54   15
313   36   17   51
314   52   78   83
315   63   71   96
316   47   75   3
317   45   19   81
318   49   34   49
319   52   56   18
320   54   76   74
321   48   66   91
322   58   45   21
323   52   43   40
324   50   54   40
325   57   29   92
326   45   55   95
327   50   35   71
328   48   83   77
329   46   55   75
330   53   30   68
331   51   33   20
332   62   37   9
333   53   45   60
334   62   78   24
335   50   29   88
336   42   82   89
337   48   76   66
338   44   38   17
339   62   89   62
340   50   64   8
341   58   14   33
342   51   92   52
343   47   69   24
344   51   18   25
345   50   67   73
346   58   53   66
347   52   5   31
348   53   92   28
349   35   25   10
350   41   13   35
351   51   89   22
352   51   24   75
353   57   29   34
354   54   53   25
355   43   45   14
356   53   90   39
357   48   26   28
358   59   75   85
359   57   89   47
360   50   26   81
361   55   70   10
362   56   24   20
363   54   62   23
364   44   28   89
365   49   54   88
366   51   58   89
367   46   52   28
368   56   49   42
369   53   11   22
370   61   4   42
371   37   96   77
372   40   29   45
373   57   95   99
374   49   7   57
375   50   7   19
376   49   85   92
377   47   7   98
378   50   2   14
379   40   35   17
380   64   12   99
381   49   27   52
382   34   94   35
383   54   31   61
384   41   68   84
385   48   91   36
386   52   94   5
387   57   98   68
388   45   46   51
389   43   75   57
390   53   28   18
391   50   61   12
392   57   20   72
393   46   71   36
394   43   4   77
395   46   15   22
396   46   74   82
397   50   57   24
398   52   17   11
399   44   49   23
400   41   40   61
401   55   67   92
402   38   60   33
403   40   55   79
404   43   79   63
405   45   5   28
406   49   21   95
407   58   12   20
408   58   26   34
409   48   66   49
410   55   38   37
411   56   45   89
412   59   7   3
413   47   41   88
414   53   55   83
415   53   59   97
416   42   76   64
417   43   47   2
418   60   47   73
419   48   96   4
420   46   26   40
421   39   72   11
422   62   95   50
423   45   86   9
424   51   16   96
425   60   46   89
426   43   8   87
427   46   10   21
428   57   79   18
429   43   75   6
430   56   72   50
431   48   62   62
432   44   96   25
433   57   84   56
434   52   89   45
435   61   87   65
436   51   76   99
437   52   94   67
438   52   22   73
439   50   13   18
440   52   1   3
441   52   12   15
442   43   48   18
443   41   63   68
444   35   43   87
445   51   10   66
446   64   95   34
447   49   99   32
448   52   61   0
449   44   22   83
450   58   14   11
451   55   9   14
452   51   58   66
453   54   2   99
454   52   19   0
455   52   96   54
456   52   25   67
457   53   8   12
458   48   51   7
459   37   88   0
460   46   49   11
461   61   98   21
462   33   20   6
463   46   72   23
464   44   68   82
465   45   76   58
466   42   25   78
467   54   88   87
468   63   97   92
469   49   83   0
470   50   96   51
471   55   28   12
472   68   16   51
473   47   87   21
474   46   35   41
475   54   73   28
476   54   49   2
477   53   8   67
478   47   21   87
479   58   66   73
480   52   83   63
481   55   54   21
482   46   82   63
483   47   61   13
484   42   95   25
485   48   56   43
486   53   71   39
487   51   14   10
488   47   7   72
489   46   13   87
490   43   55   85
491   42   48   51
492   51   30   80
493   57   49   28
494   48   43   87
495   44   99   93
496   45   93   61
497   57   53   30
498   51   84   36
499   54   42   94
500   55   0   11
501   50   14   24
502   56   19   72
503   46   65   46
504   49   86   92
505   50   0   87
506   50   95   1
507   49   8   58
508   63   38   30
509   48   36   7
510   53   43   66
511   62   38   88
512   50   0   12
513   54   66   70
514   52   88   35
515   46   90   22
516   59   75   58
517   51   10   68
518   55   32   96
519   54   66   81
520   54   21   25
521   63   98   26
522   44   86   69
523   50   88   66
524   45   67   26
525   36   81   82
526   46   69   46
527   57   13   11
528   58   52   34
529   49   64   67
530   52   37   87
531   63   31   1
532   50   10   10
533   62   77   77
534   41   39   54
535   53   59   97
536   52   65   21
537   50   33   79
538   46   40   64
539   45   80   37
540   56   71   25
541   53   59   66
542   58   98   70
543   54   15   95
544   64   84   0
545   54   36   32
546   61   16   49
547   52   41   33
548   46   22   97
549   49   66   20
550   44   41   94
551   47   25   60
552   60   2   71
553   56   12   39
554   40   4   50
555   53   56   93
556   43   33   64
557   46   92   89
558   51   19   1
559   55   74   7
560   40   66   96
561   42   56   24
562   44   73   14
563   54   89   96
564   53   84   65
565   46   44   49
566   45   78   36
567   45   50   62
568   49   60   15
569   53   54   93
570   58   70   57
571   53   59   73
572   56   87   12
573   56   63   45
574   48   38   17
575   53   10   24
576   36   80   14
577   51   38   31
578   48   56   43
579   53   61   52
580   68   97   1
581   48   59   46
582   64   74   88
583   49   80   91
584   46   6   83
585   35   78   84
586   46   16   93
587   56   55   52
588   51   97   82
589   42   51   32
590   48   99   71
591   45   7   47
592   49   99   24
593   51   96   27
594   64   86   59
595   50   22   11
596   48   29   10
597   36   1   92
598   41   81   20
599   48   39   12
600   51   95   26
