0   0   50   50
1   53   11   3
2   71   1   71
3   48   87   98
4   55   33   53
5   57   33   65
6   53   16   73
7   57   32   63
8   47   94   31
9   58   64   73
10   54   55   62
11   54   34   36
12   47   91   42
13   55   59   3
14   42   71   28
15   48   60   8
16   51   88   12
17   43   95   12
18   49   53   75
19   50   16   35
20   42   1   6
21   41   11   45
22   47   65   93
23   56   29   98
24   44   83   99
25   48   56   38
26   48   12   48
27   55   97   66
28   56   20   30
29   56   8   72
30   49   29   9
31   61   87   37
32   52   33   17
33   44   44   33
34   57   63   11
35   43   68   25
36   46   25   41
37   50   43   90
38   52   26   60
39   37   7   97
40   44   84   30
41   46   84   57
42   60   89   5
43   47   92   31
44   48   3   45
45   47   90   5
46   50   25   62
47   38   97   93
48   40   74   80
49   54   87   97
50   64   98   24
51   42   48   73
52   37   54   14
53   43   37   58
54   49   63   2
55   46   79   57
56   52   46   79
57   39   77   94
58   55   35   23
59   49   96   44
60   41   96   4
61   56   39   76
62   61   47   88
63   41   88   76
64   66   47   71
65   48   28   60
66   44   54   98
67   49   86   49
68   38   99   31
69   38   44   64
70   44   70   14
71   50   52   98
72   45   51   9
73   51   24   79
74   63   3   37
75   44   39   26
76   50   93   12
77   61   16   53
78   55   0   96
79   63   22   81
80   51   21   38
81   52   3   57
82   36   37   19
83   53   75   50
84   40   89   69
85   61   69   47
86   47   53   86
87   47   40   12
88   51   83   90
89   60   1   16
90   45   46   0
91   48   33   26
92   48   84   7
93   54   90   85
94   51   66   3
95   46   49   19
96   54   62   83
97   44   22   40
98   47   37   50
99   37   77   40
100   42   97   75
101   50   11   79
102   56   17   42
103   42   21   99
104   52   36   52
105   55   69   51
106   44   44   97
107   51   79   62
108   54   11   33
109   53   97   37
110   56   48   41
111   47   23   34
112   47   88   67
113   45   49   21
114   56   85   35
115   46   99   78
116   38   20   41
117   52   45   28
118   42   88   47
119   58   45   33
120   46   46   79
121   49   67   30
122   52   89   85
123   43   43   64
124   53   0   48
125   50   13   71
126   45   20   91
127   54   87   16
128   51   73   47
129   57   42   17
130   59   44   28
131   50   74   81
132   55   96   74
133   52   79   28
134   51   74   78
135   50   79   96
136   59   26   46
137   43   82   89
138   73   16   84
139   53   97   83
140   47   81   2
141   49   64   94
142   46   92   40
143   51   80   42
144   60   66   62
145   38   85   12
146   52   3   51
147   56   7   21
148   40   83   99
149   51   11   25
150   48   35   73
151   50   42   20
152   46   10   26
153   50   23   48
154   45   30   26
155   53   6   14
156   65   27   17
157   44   79   54
158   47   33   71
159   46   18   86
160   38   32   47
161   47   74   93
162   51   24   88
163   42   46   47
164   58   5   35
165   53   5   35
166   54   82   27
167   67   77   5
168   41   48   59
169   53   16   53
170   41   22   90
171   37   51   46
172   40   30   12
173   52   23   91
174   61   65   71
175   56   98   49
176   51   83   87
177   60   57   86
178   56   43   87
179   48   22   73
180   50   75   7
181   49   50   37
182   51   58   66
183   44   67   31
184   51   1   58
185   43   56   3
186   56   5   20
187   43   60   29
188   46   43   73
189   46   65   27
190   62   8   66
191   58   73   66
192   51   66   94
193   61   37   67
194   35   33   61
195   59   31   32
196   43   69   98
197   49   52   35
198   43   49   30
199   42   92   13
200   50   86   37
