0   0   50   50
1   48   19   9
2   62   7   48
3   53   1   47
4   44   59   13
5   60   29   19
6   54   71   92
7   45   61   82
8   49   5   36
9   42   76   52
10   66   80   15
11   72   87   92
12   49   4   35
13   51   65   72
14   42   51   12
15   55   96   48
16   52   37   94
17   60   3   13
18   49   44   27
19   41   93   30
20   49   20   32
21   52   53   72
22   46   64   83
23   33   98   24
24   56   12   55
25   43   10   54
26   54   65   78
27   49   60   62
28   43   86   33
29   40   17   11
30   53   53   44
31   40   8   32
32   55   40   55
33   61   15   2
34   42   30   31
35   56   60   32
36   49   83   99
37   57   31   78
38   47   23   80
39   35   8   15
40   57   20   69
41   56   19   8
42   45   94   42
43   51   69   50
44   44   40   45
45   69   44   63
46   42   66   14
47   46   55   60
48   40   50   59
49   64   1   42
50   37   98   53
51   31   1   30
52   53   74   52
53   50   6   85
54   52   21   59
55   45   3   91
56   58   36   79
57   55   10   26
58   45   69   62
59   51   35   27
60   35   97   6
61   51   18   34
62   52   7   25
63   47   9   94
64   41   30   93
65   53   92   79
66   38   96   90
67   58   35   23
68   53   61   29
69   35   27   65
70   49   54   12
71   52   34   5
72   46   42   88
73   50   21   59
74   47   56   14
75   46   15   7
76   36   53   92
77   49   22   17
78   67   71   97
79   57   54   11
80   52   75   23
81   34   64   65
82   47   11   65
83   51   63   9
84   51   16   31
85   53   83   54
86   54   71   58
87   42   85   40
88   43   68   53
89   55   2   37
90   48   57   82
91   50   5   80
92   57   80   91
93   41   42   19
94   62   52   9
95   67   32   40
96   54   99   38
97   47   6   2
98   56   89   81
99   57   58   54
100   49   61   69
101   41   69   66
102   58   25   67
103   54   26   80
104   54   57   40
105   39   63   74
106   51   52   34
107   48   16   32
108   43   56   27
109   42   57   84
110   45   70   3
111   45   39   78
112   51   49   93
113   48   86   61
114   50   44   78
115   53   53   54
116   57   17   87
117   48   75   81
118   47   18   3
119   62   88   91
120   55   50   42
121   47   38   82
122   54   17   93
123   64   79   28
124   51   51   4
125   56   30   5
126   41   46   95
127   55   5   73
128   58   62   1
129   43   40   28
130   49   27   9
131   46   34   85
132   34   54   85
133   44   5   74
134   48   83   10
135   46   51   47
136   46   29   5
137   44   4   30
138   63   65   17
139   32   91   31
140   55   97   83
141   45   35   57
142   48   23   56
143   50   7   7
144   51   53   59
145   49   12   8
146   37   42   99
147   41   12   22
148   42   37   77
149   58   7   66
150   46   45   20
