0   0   50   50
1   45   42   29
2   54   38   1
3   53   54   95
4   45   44   63
5   55   81   36
6   42   42   62
7   38   15   96
8   35   75   66
9   37   11   25
10   55   65   63
11   43   54   79
12   53   4   66
13   40   53   65
14   54   56   67
15   64   93   17
16   52   28   37
17   54   74   95
18   46   45   19
19   45   79   19
20   49   28   61
21   48   16   35
22   42   20   46
23   49   29   13
24   59   59   79
25   50   42   19
26   49   17   71
27   43   17   0
28   53   59   74
29   45   48   29
30   47   92   30
31   38   47   80
32   55   99   95
33   45   20   55
34   48   60   40
35   57   11   8
36   57   85   50
37   40   42   75
38   57   39   22
39   55   78   5
40   60   31   39
41   57   38   66
42   63   45   82
43   55   62   87
44   51   62   19
45   48   64   5
46   46   34   74
47   43   75   87
48   55   29   35
49   44   83   29
50   51   98   3
51   54   45   21
52   64   81   5
53   53   28   34
54   59   80   4
55   66   12   6
56   50   62   1
57   61   35   47
58   38   15   66
59   37   38   42
60   49   46   36
61   47   72   7
62   52   48   11
63   50   39   50
64   46   44   26
65   50   91   64
66   47   81   77
67   42   31   30
68   51   32   8
69   54   96   92
70   46   76   44
71   52   32   36
72   47   26   44
73   47   68   6
74   52   42   84
75   56   24   98
76   52   74   35
77   49   60   20
78   49   14   74
79   55   5   18
80   44   11   58
81   52   6   49
82   50   4   66
83   49   73   69
84   57   80   12
85   47   85   3
86   53   38   93
87   41   24   33
88   46   45   81
89   54   97   87
90   46   75   49
91   51   2   50
92   51   82   90
93   41   87   78
94   47   89   0
95   48   19   18
96   48   18   64
97   52   62   41
98   50   39   32
99   53   9   51
100   41   56   89
101   55   1   42
102   53   78   76
103   70   42   27
104   43   5   63
105   45   61   17
106   47   28   95
107   60   62   58
108   56   16   76
109   46   37   99
110   49   59   55
111   55   36   76
112   48   84   89
113   55   32   31
114   44   24   56
115   55   33   76
116   51   4   34
117   40   52   58
118   49   11   46
119   53   80   91
120   54   81   46
121   43   50   65
122   50   88   36
123   47   38   71
124   46   28   79
125   57   49   9
126   57   65   32
127   55   15   60
128   39   2   84
129   52   7   19
130   33   96   94
131   48   95   60
132   45   25   30
133   67   94   27
134   67   21   5
135   45   70   61
136   47   68   87
137   47   97   36
138   54   56   5
139   46   60   37
140   48   36   53
141   59   39   33
142   51   36   39
143   48   16   59
144   41   52   28
145   61   91   86
146   41   12   93
147   47   3   96
148   39   88   55
149   47   89   28
150   52   55   65
151   52   56   98
152   45   76   59
153   49   99   31
154   46   7   10
155   51   84   51
156   44   80   57
157   54   15   72
158   38   91   87
159   48   34   75
160   58   34   21
161   47   49   83
162   49   78   75
163   46   68   62
164   58   87   76
165   55   2   98
166   51   49   45
167   48   70   75
168   58   58   50
169   41   6   70
170   53   12   84
171   41   14   38
172   53   36   67
173   50   1   86
174   56   58   24
175   50   1   90
176   49   28   44
177   45   90   39
178   47   94   44
179   54   60   76
180   41   6   81
181   44   48   71
182   49   85   20
183   56   0   60
184   49   69   74
185   50   90   21
186   61   93   66
187   53   43   82
188   55   55   3
189   45   55   78
190   47   63   30
191   44   65   9
192   39   70   13
193   45   6   97
194   55   71   42
195   50   97   85
196   60   38   79
197   39   14   68
198   56   86   61
199   38   74   46
200   55   85   45
201   58   70   88
202   60   82   34
203   52   97   25
204   45   1   23
205   51   73   60
206   31   91   81
207   45   13   58
208   48   57   60
209   50   83   59
210   55   85   9
211   47   82   70
212   53   38   54
213   49   75   11
214   47   56   9
215   44   74   7
216   43   38   22
217   39   61   40
218   49   68   99
219   51   26   12
220   53   55   16
221   48   27   96
222   61   35   23
223   45   25   2
224   48   64   17
225   43   69   7
226   37   13   24
227   52   23   73
228   45   63   43
229   36   94   34
230   52   40   46
231   64   67   49
232   60   39   81
233   41   89   32
234   52   55   36
235   48   36   71
236   66   37   5
237   52   10   22
238   41   54   31
239   43   73   87
240   55   35   44
241   53   16   37
242   41   44   35
243   49   46   47
244   58   43   60
245   41   72   67
246   46   49   67
247   54   51   12
248   50   26   0
249   50   98   43
250   58   91   71
251   52   71   22
252   58   6   45
253   51   53   91
254   28   19   34
255   43   12   0
256   52   75   73
257   51   57   51
258   40   40   81
259   58   58   20
260   57   93   73
261   59   5   21
262   61   22   28
263   49   36   26
264   65   73   49
265   53   55   69
266   58   81   88
267   49   29   89
268   51   90   89
269   51   59   99
270   63   6   50
271   42   38   69
272   43   53   89
273   52   22   36
274   59   49   45
275   70   2   2
276   36   82   48
277   53   76   82
278   60   22   25
279   52   61   23
280   52   26   92
281   57   50   26
282   48   90   19
283   43   52   53
284   62   27   32
285   51   59   47
286   53   30   95
287   53   34   3
288   48   0   3
289   47   32   2
290   59   4   34
291   44   34   65
292   46   90   63
293   59   83   65
294   54   94   74
295   52   9   31
296   51   56   76
297   40   46   48
298   50   97   77
299   45   38   7
300   55   24   91
301   55   44   11
302   71   54   7
303   42   25   72
304   56   91   47
305   58   51   59
306   55   55   56
307   45   69   22
308   41   73   18
309   44   13   87
310   58   52   32
311   53   43   65
312   48   0   8
313   57   66   24
314   46   68   77
315   50   26   89
316   53   50   25
317   47   60   27
318   55   45   93
319   66   15   76
320   56   59   29
321   57   53   82
322   53   14   84
323   40   2   84
324   47   70   18
325   60   17   86
326   54   39   63
327   48   2   15
328   42   60   33
329   42   63   85
330   40   75   86
331   47   18   69
332   62   1   14
333   57   59   52
334   44   33   85
335   59   37   66
336   37   13   69
337   45   15   78
338   48   60   3
339   49   81   11
340   45   36   9
341   55   28   47
342   51   83   62
343   47   43   3
344   48   81   7
345   42   59   52
346   33   73   97
347   50   18   46
348   55   62   73
349   39   35   23
350   49   32   91
351   61   42   64
352   52   96   34
353   42   23   50
354   46   61   49
355   59   84   7
356   39   68   33
357   48   5   73
358   52   54   71
359   47   22   30
360   42   84   13
361   79   57   49
362   60   95   15
363   48   60   5
364   38   22   95
365   50   21   45
366   45   82   56
367   55   42   76
368   43   95   95
369   69   44   85
370   57   57   35
371   56   9   11
372   39   15   98
373   59   94   86
374   50   23   69
375   38   42   41
376   56   11   45
377   53   33   64
378   45   70   34
379   45   10   75
380   48   86   94
381   51   39   45
382   41   69   10
383   52   41   12
384   62   19   73
385   46   78   79
386   47   22   98
387   51   76   23
388   44   85   11
389   54   43   68
390   71   13   86
391   39   8   37
392   47   72   64
393   64   50   12
394   44   79   40
395   40   41   14
396   41   98   91
397   42   9   87
398   59   9   18
399   45   28   11
400   49   76   40
401   50   37   20
402   50   70   78
403   44   17   20
404   51   29   87
405   39   94   79
406   51   50   85
407   42   24   75
408   34   91   47
409   39   38   48
410   39   94   84
411   55   83   93
412   51   89   9
413   63   55   1
414   56   9   72
415   51   76   16
416   49   86   91
417   47   67   80
418   36   88   68
419   44   42   28
420   36   74   7
421   43   46   45
422   68   97   26
423   41   28   54
424   54   1   49
425   46   24   91
426   31   40   39
427   51   79   4
428   66   96   91
429   41   35   98
430   46   31   13
431   44   15   46
432   54   22   95
433   51   54   27
434   43   74   72
435   57   28   31
436   65   73   36
437   57   84   85
438   46   74   70
439   52   45   97
440   53   97   75
441   48   34   0
442   55   8   74
443   42   65   9
444   55   69   45
445   52   27   33
446   50   26   39
447   56   96   52
448   45   20   5
449   51   28   61
450   56   44   75
451   44   82   87
452   46   62   50
453   48   99   46
454   61   31   37
455   58   54   85
456   59   63   64
457   49   56   73
458   56   34   66
459   48   27   44
460   52   36   29
461   43   9   53
462   44   72   45
463   47   47   47
464   42   45   59
465   58   62   62
466   54   19   6
467   47   26   45
468   55   60   11
469   46   37   40
470   60   67   81
471   51   0   16
472   34   2   1
473   50   78   27
474   57   25   92
475   53   24   85
476   39   66   71
477   58   5   22
478   41   78   22
479   53   69   50
480   46   61   90
481   48   71   98
482   59   2   54
483   51   40   34
484   32   84   33
485   46   57   2
486   45   41   49
487   39   50   33
488   42   93   71
489   49   73   16
490   34   26   58
491   55   32   60
492   51   67   46
493   55   13   5
494   47   5   43
495   47   63   12
496   50   77   13
497   47   33   54
498   39   27   42
499   59   98   88
500   48   74   98
501   40   88   75
502   53   79   39
503   57   88   2
504   33   56   62
505   54   92   10
506   52   64   92
507   49   77   67
508   43   53   0
509   49   27   64
510   47   39   67
511   52   89   5
512   57   28   45
513   44   28   4
514   60   1   56
515   54   58   24
516   39   51   47
517   47   73   55
518   59   20   89
519   55   96   4
520   55   34   18
521   40   68   35
522   53   72   3
523   41   94   68
524   45   49   39
525   52   35   90
526   52   21   16
527   51   34   65
528   53   39   79
529   57   54   65
530   49   10   57
531   45   65   88
532   55   37   91
533   56   85   97
534   48   94   88
535   54   81   57
536   59   79   17
537   46   25   91
538   47   52   59
539   59   47   4
540   48   29   22
541   55   85   94
542   45   24   15
543   53   12   24
544   51   98   22
545   54   72   44
546   48   89   66
547   53   85   82
548   56   58   72
549   46   32   32
550   52   98   80
551   47   51   43
552   51   39   74
553   44   4   50
554   54   5   89
555   64   52   59
556   57   56   56
557   45   61   74
558   38   43   29
559   50   75   92
560   52   70   10
561   39   39   95
562   39   72   87
563   35   47   68
564   49   75   89
565   49   88   34
566   59   47   20
567   52   63   43
568   50   56   22
569   58   55   95
570   64   1   79
571   50   88   79
572   56   56   53
573   48   67   18
574   51   32   74
575   57   40   41
576   50   56   95
577   44   97   12
578   46   42   75
579   68   15   1
580   63   23   70
581   59   34   19
582   57   31   46
583   37   29   81
584   63   51   50
585   50   26   77
586   45   75   85
587   45   39   57
588   45   75   93
589   68   22   33
590   30   85   1
591   47   41   90
592   48   95   93
593   54   1   15
594   46   44   66
595   60   84   66
596   51   75   50
597   60   83   20
598   52   24   77
599   45   16   22
600   47   14   64
601   47   30   26
602   54   29   65
603   56   75   84
604   39   24   51
605   56   67   78
606   56   94   82
607   49   12   93
608   47   3   55
609   49   56   76
610   56   96   53
611   58   74   69
612   42   95   28
613   56   48   54
614   54   40   68
615   66   35   46
616   42   60   45
617   48   80   68
618   54   26   20
619   59   37   27
620   38   21   57
621   43   0   0
622   45   67   13
623   49   30   24
624   55   76   81
625   67   24   48
626   44   95   42
627   52   55   48
628   39   94   83
629   43   68   46
630   56   52   34
631   43   41   62
632   45   92   77
633   49   80   0
634   61   75   2
635   63   31   77
636   45   55   90
637   54   1   34
638   48   83   37
639   56   9   23
640   48   12   9
641   51   0   5
642   53   10   55
643   47   60   72
644   61   67   40
645   53   6   58
646   43   71   73
647   51   60   39
648   48   57   95
649   64   3   83
650   54   69   39
651   33   86   73
652   46   12   91
653   46   69   43
654   53   12   87
655   54   3   76
656   62   50   15
657   43   62   65
658   49   95   92
659   46   15   66
660   47   68   20
661   65   47   42
662   63   85   61
663   42   20   88
664   59   33   46
665   58   5   45
666   46   77   61
667   49   59   73
668   56   61   33
669   49   29   22
670   48   59   67
671   52   88   90
672   45   63   56
673   67   6   56
674   37   81   67
675   53   81   95
676   55   91   16
677   47   99   43
678   52   18   84
679   43   64   88
680   47   25   10
681   48   28   91
682   29   49   50
683   59   94   87
684   39   80   21
685   59   47   49
686   55   76   68
687   50   75   61
688   54   78   59
689   54   31   48
690   54   84   63
691   52   55   78
692   42   94   12
693   48   18   65
694   41   30   25
695   42   94   2
696   48   41   10
697   41   62   31
698   43   60   63
699   56   93   20
700   62   61   67
701   56   85   38
702   57   17   42
703   46   39   73
704   62   33   68
705   50   38   39
706   48   14   87
707   35   30   90
708   45   3   78
709   47   10   37
710   50   88   48
711   47   97   26
712   37   44   80
713   55   86   89
714   48   25   47
715   43   45   33
716   47   17   93
717   46   20   62
718   46   4   36
719   51   13   75
720   35   59   31
721   60   96   80
722   41   24   79
723   45   32   92
724   58   91   7
725   50   10   14
726   54   86   80
727   54   61   81
728   48   73   8
729   54   88   45
730   51   26   38
731   61   40   85
732   38   63   1
733   56   68   77
734   37   24   93
735   59   51   87
736   67   79   11
737   37   24   11
738   51   55   80
739   57   86   27
740   51   41   70
741   46   44   95
742   48   23   72
743   56   50   79
744   53   89   93
745   52   28   34
746   61   51   86
747   50   21   12
748   67   91   43
749   60   97   86
750   44   94   16
751   37   0   85
752   54   27   84
753   50   8   45
754   43   79   59
755   53   41   23
756   60   45   57
757   43   87   71
758   47   30   17
759   48   21   10
760   52   68   85
761   54   12   57
762   55   24   33
763   49   0   5
764   61   68   35
765   50   51   58
766   61   26   71
767   45   54   22
768   61   87   2
769   45   24   56
770   47   46   38
771   54   97   15
772   57   81   38
773   54   60   60
774   47   26   77
775   48   90   81
776   44   21   37
777   48   63   77
778   43   29   30
779   49   11   78
780   53   38   1
781   59   85   39
782   46   87   85
783   48   57   84
784   51   45   24
785   65   30   64
786   50   45   67
787   47   8   49
788   50   56   35
789   59   34   67
790   47   0   35
791   62   72   76
792   53   57   8
793   43   1   37
794   48   58   6
795   53   99   44
796   38   15   77
797   49   57   49
798   55   66   6
799   50   21   99
800   57   82   85
