0.0000   0.0000   0.0000   0.0000
1.0000   71.0000   4.2831   6.8231
2.0000   99.0000   33.8784   4.1706
3.0000   29.0000   27.6392   41.5202
4.0000   33.0000   23.1393   19.8692
5.0000   101.0000   36.2161   15.9767
6.0000   76.0000   40.7755   36.8138
7.0000   106.0000   28.0186   9.6791
8.0000   20.0000   35.2383   1.6330
9.0000   119.0000   23.7248   35.4626
10.0000   118.0000   17.1125   49.6765
11.0000   102.0000   23.6515   13.5528
12.0000   100.0000   17.3816   35.8873
13.0000   42.0000   46.3063   19.2049
14.0000   87.0000   20.0039   21.0690
15.0000   95.0000   13.3552   24.0610
16.0000   104.0000   24.9247   41.9081
17.0000   96.0000   1.1649   6.9246
18.0000   60.0000   10.6675   16.4780
19.0000   113.0000   38.6575   36.5585
20.0000   60.0000   41.4704   5.7483
21.0000   36.0000   42.4636   42.0202
22.0000   105.0000   0.6307   10.8580
23.0000   45.0000   3.1181   6.2445
24.0000   94.0000   15.5368   41.4816
25.0000   45.0000   8.9168   38.0128
26.0000   38.0000   1.6261   40.7121
27.0000   80.0000   35.9882   4.2010
28.0000   73.0000   39.2153   37.3723
29.0000   100.0000   13.6843   25.3133
30.0000   72.0000   21.2412   45.8885
31.0000   104.0000   6.1397   33.1682
32.0000   89.0000   31.5076   40.8729
33.0000   33.0000   38.4191   35.7356
34.0000   77.0000   22.3891   45.5984
35.0000   109.0000   22.6183   27.8540
36.0000   37.0000   39.3505   28.3091
37.0000   77.0000   43.9125   37.1284
38.0000   61.0000   2.0634   16.5563
39.0000   80.0000   24.4194   0.5473
40.0000   110.0000   49.3872   30.4200
41.0000   68.0000   27.7536   5.0648
42.0000   55.0000   1.2707   41.9270
43.0000   63.0000   8.9556   48.8244
44.0000   92.0000   12.5890   31.7004
45.0000   67.0000   17.8562   17.2828
46.0000   43.0000   31.9734   13.7740
47.0000   112.0000   0.3908   14.0239
48.0000   115.0000   49.8924   35.1942
49.0000   31.0000   14.9879   8.5866
50.0000   52.0000   27.6797   27.1337
51.0000   81.0000   15.0231   38.3007
52.0000   71.0000   15.1949   11.4633
53.0000   86.0000   47.9396   22.6918
54.0000   20.0000   18.0346   21.9505
55.0000   117.0000   31.3812   26.7162
56.0000   81.0000   20.8560   20.5413
57.0000   73.0000   20.7706   17.7360
58.0000   96.0000   13.7772   42.7732
59.0000   39.0000   0.0799   5.2030
60.0000   66.0000   28.6571   8.0538
61.0000   96.0000   20.0473   0.8948
62.0000   94.0000   38.2045   18.3290
63.0000   87.0000   9.7671   16.9979
64.0000   42.0000   45.0206   49.3560
65.0000   108.0000   28.4670   5.2166
66.0000   23.0000   24.0036   22.2926
67.0000   83.0000   48.0780   9.2927
68.0000   70.0000   1.3808   49.0794
69.0000   35.0000   33.7533   18.5454
70.0000   88.0000   46.3570   29.4697
71.0000   113.0000   8.9042   49.8851
72.0000   57.0000   2.3485   24.7114
73.0000   40.0000   1.4409   15.9788
74.0000   44.0000   18.1427   20.9778
75.0000   40.0000   22.0517   46.7233
76.0000   89.0000   40.1306   13.0823
77.0000   38.0000   39.4937   8.7359
78.0000   63.0000   24.1642   49.2874
79.0000   93.0000   44.2216   40.6030
80.0000   47.0000   47.6981   18.3102
81.0000   56.0000   28.4228   22.1668
82.0000   34.0000   7.0857   38.6391
83.0000   98.0000   45.0189   10.6915
84.0000   98.0000   0.8845   49.1083
85.0000   61.0000   48.3471   20.5908
86.0000   89.0000   48.0281   32.2328
87.0000   118.0000   20.9036   13.3085
88.0000   53.0000   34.8922   42.1800
89.0000   82.0000   39.6273   6.8482
90.0000   82.0000   10.8653   14.1121
91.0000   63.0000   10.5266   22.0749
92.0000   49.0000   6.0267   11.8506
93.0000   105.0000   8.3151   46.3794
94.0000   44.0000   6.4438   11.0946
95.0000   41.0000   45.8394   21.4422
96.0000   76.0000   13.5157   40.5604
97.0000   120.0000   5.8433   13.0135
98.0000   110.0000   10.4539   19.6238
99.0000   62.0000   2.9202   36.7295
100.0000   111.0000   37.2573   14.8915
101.0000   75.0000   37.8668   25.5281
102.0000   75.0000   29.4355   0.0531
103.0000   47.0000   14.0620   0.0252
104.0000   39.0000   3.8835   43.8951
105.0000   55.0000   43.9161   14.3330
106.0000   62.0000   25.0585   2.2624
107.0000   35.0000   28.8408   2.4950
108.0000   33.0000   14.4646   5.0321
109.0000   23.0000   43.8768   49.8835
110.0000   82.0000   40.9597   25.4532
111.0000   68.0000   42.1023   25.5683
112.0000   63.0000   15.8894   31.9485
113.0000   78.0000   14.1352   21.8755
114.0000   96.0000   35.2526   37.4661
115.0000   47.0000   43.4946   41.1594
116.0000   63.0000   39.2434   4.4180
117.0000   90.0000   34.0357   41.2509
118.0000   69.0000   17.5408   18.8787
119.0000   112.0000   15.3504   15.2366
120.0000   72.0000   21.6801   15.5661
121.0000   25.0000   26.8003   24.0774
122.0000   49.0000   15.6465   24.8788
123.0000   120.0000   46.7878   8.5202
124.0000   56.0000   49.5792   38.7591
125.0000   82.0000   35.5156   40.6868
126.0000   35.0000   29.3304   41.8703
127.0000   111.0000   48.7836   48.8108
128.0000   20.0000   6.1150   32.6681
129.0000   119.0000   7.9394   12.1046
130.0000   106.0000   5.1862   2.1970
131.0000   84.0000   18.8524   42.7918
132.0000   105.0000   49.2748   17.2945
133.0000   85.0000   45.6704   12.8735
134.0000   66.0000   35.5602   4.2240
135.0000   94.0000   27.5138   34.2232
136.0000   86.0000   26.5410   21.6551
137.0000   48.0000   49.8184   13.8815
138.0000   110.0000   31.8537   6.0786
139.0000   85.0000   13.2440   4.5487
140.0000   40.0000   31.5835   34.7040
141.0000   63.0000   7.2521   6.2761
142.0000   73.0000   3.9773   6.2971
143.0000   101.0000   19.7203   1.3905
144.0000   120.0000   7.7127   14.7407
145.0000   56.0000   5.1746   12.4314
146.0000   86.0000   10.2020   33.8360
147.0000   84.0000   20.7130   20.0592
148.0000   99.0000   21.9537   17.6695
149.0000   57.0000   21.4266   47.1835
150.0000   120.0000   19.1848   10.4924
151.0000   63.0000   32.1937   42.6231
152.0000   26.0000   12.2983   0.2469
153.0000   99.0000   11.2139   22.0232
154.0000   23.0000   32.9212   11.0238
155.0000   40.0000   7.0541   40.0192
156.0000   76.0000   19.6034   18.6185
157.0000   113.0000   46.7682   47.5427
158.0000   58.0000   33.6314   2.1775
159.0000   100.0000   43.1756   24.6900
160.0000   41.0000   40.0023   7.1130
161.0000   64.0000   0.0451   38.7712
162.0000   114.0000   32.1134   31.7443
163.0000   105.0000   48.3406   31.0419
164.0000   58.0000   5.1267   7.7311
165.0000   41.0000   49.9666   6.2084
166.0000   73.0000   25.4077   14.4354
167.0000   67.0000   5.1785   33.2673
168.0000   100.0000   19.4996   7.5002
169.0000   48.0000   30.6176   8.4194
170.0000   119.0000   41.1814   12.3054
171.0000   104.0000   16.9483   21.7279
172.0000   92.0000   29.5779   8.2275
173.0000   120.0000   44.7078   34.8734
174.0000   77.0000   47.7591   23.6657
175.0000   119.0000   14.4213   21.6168
176.0000   109.0000   28.6746   1.1255
177.0000   106.0000   20.6020   11.6559
178.0000   84.0000   38.3071   28.4935
179.0000   94.0000   29.6594   49.6419
180.0000   95.0000   22.9047   4.0298
181.0000   103.0000   18.0828   43.7398
182.0000   21.0000   9.5206   16.8435
183.0000   96.0000   0.1840   29.2684
184.0000   69.0000   43.9601   24.4331
185.0000   55.0000   30.8001   9.6112
186.0000   68.0000   44.4743   48.1114
187.0000   60.0000   24.2530   43.8930
188.0000   76.0000   37.8257   7.1329
189.0000   37.0000   28.2666   5.6776
190.0000   34.0000   30.2179   18.6410
191.0000   28.0000   13.5834   5.1291
192.0000   28.0000   46.8521   39.0304
193.0000   90.0000   17.8977   32.1764
194.0000   108.0000   31.0157   30.0207
195.0000   75.0000   26.4719   14.4242
196.0000   36.0000   10.7971   35.7122
197.0000   74.0000   26.8265   46.9071
198.0000   66.0000   2.7393   35.7307
199.0000   93.0000   1.3082   23.3027
200.0000   117.0000   19.6698   18.0171
