0.0000   0.0000   25.0000   25.0000
1.0000   78.0000   25.7554   45.8748
2.0000   64.0000   35.8979   34.6856
3.0000   97.0000   16.9108   21.6691
4.0000   123.0000   11.9714   47.3577
5.0000   73.0000   9.4880   28.7628
6.0000   96.0000   12.0593   32.0305
7.0000   122.0000   23.8872   2.9523
8.0000   138.0000   39.9606   14.4739
9.0000   101.0000   23.2280   11.3023
10.0000   140.0000   36.3719   36.2198
11.0000   102.0000   22.2025   44.8886
12.0000   104.0000   0.1615   27.3428
13.0000   69.0000   11.8915   39.3752
14.0000   94.0000   3.3541   28.0480
15.0000   79.0000   26.7796   18.1798
16.0000   126.0000   23.6083   31.8810
17.0000   101.0000   14.2645   45.0445
18.0000   113.0000   48.0415   47.9492
19.0000   80.0000   20.1886   30.2726
20.0000   113.0000   7.2455   20.4038
21.0000   68.0000   27.8488   45.2676
22.0000   137.0000   20.6828   16.8745
23.0000   136.0000   13.1311   1.6856
24.0000   86.0000   38.1195   6.1670
25.0000   75.0000   32.2647   2.1762
26.0000   82.0000   15.6161   5.0859
27.0000   91.0000   23.1134   36.8698
28.0000   114.0000   23.0203   25.9742
29.0000   125.0000   25.8569   40.9574
30.0000   59.0000   20.6930   49.4208
31.0000   75.0000   34.2394   37.6010
32.0000   122.0000   18.6932   7.1470
33.0000   113.0000   39.5694   45.2466
34.0000   56.0000   5.3065   18.4189
35.0000   120.0000   27.8896   31.6858
36.0000   110.0000   39.3142   15.6154
37.0000   84.0000   36.1227   27.7953
38.0000   81.0000   5.1310   28.0154
39.0000   139.0000   38.1278   37.5833
40.0000   138.0000   18.2964   19.0663
41.0000   89.0000   31.5912   45.4002
42.0000   87.0000   49.1092   43.9110
43.0000   94.0000   17.5776   39.6832
44.0000   86.0000   48.9586   33.0272
45.0000   74.0000   36.4063   24.5991
46.0000   117.0000   27.0906   35.2634
47.0000   136.0000   42.8636   20.2429
48.0000   109.0000   14.6768   1.5076
49.0000   125.0000   25.6676   0.1353
50.0000   108.0000   14.2485   47.5639
51.0000   91.0000   26.6030   36.8369
52.0000   65.0000   13.4943   10.8168
53.0000   76.0000   36.7759   38.9995
54.0000   83.0000   40.1027   10.1366
55.0000   138.0000   15.5793   42.8314
56.0000   68.0000   9.7008   43.5476
57.0000   89.0000   17.3915   2.9423
58.0000   67.0000   0.9515   5.2137
59.0000   73.0000   20.0439   31.1734
60.0000   82.0000   18.2354   42.0106
61.0000   76.0000   26.1373   7.5805
62.0000   58.0000   47.1796   11.2760
63.0000   116.0000   4.6378   33.2857
64.0000   67.0000   25.3298   39.6631
65.0000   125.0000   41.9052   33.1738
66.0000   139.0000   27.0829   44.2540
67.0000   68.0000   1.9429   39.5694
68.0000   107.0000   17.4196   12.2472
69.0000   110.0000   24.7733   11.5302
70.0000   138.0000   49.5731   22.7102
71.0000   85.0000   34.2661   5.6255
72.0000   131.0000   15.4688   22.2494
73.0000   82.0000   24.8941   23.4465
74.0000   59.0000   14.3289   43.1981
75.0000   125.0000   41.6013   36.6563
76.0000   125.0000   29.8794   3.6472
77.0000   93.0000   39.3173   28.5762
78.0000   90.0000   45.8659   2.6271
79.0000   87.0000   7.2852   20.8791
80.0000   72.0000   0.0142   22.6376
81.0000   101.0000   21.0388   24.5732
82.0000   65.0000   29.2196   3.5155
83.0000   118.0000   22.3075   36.5263
84.0000   57.0000   39.1180   17.2799
85.0000   72.0000   6.5938   44.7027
86.0000   83.0000   43.7994   17.0324
87.0000   90.0000   47.7029   30.5664
88.0000   55.0000   10.9053   9.6242
89.0000   94.0000   46.4773   1.7041
90.0000   60.0000   2.9233   24.3478
91.0000   113.0000   27.8439   18.9805
92.0000   74.0000   16.2454   23.7238
93.0000   64.0000   20.0836   5.9477
94.0000   120.0000   13.4193   17.3896
95.0000   56.0000   46.0574   14.3911
96.0000   103.0000   33.7629   45.1850
97.0000   132.0000   36.4846   33.5461
98.0000   96.0000   26.0593   47.2319
99.0000   133.0000   33.1288   33.5184
100.0000   130.0000   2.7562   4.9136
