0.0000   0.0000   0.0000   0.0000
1.0000   102.0000   18.8934   47.6972
2.0000   118.0000   5.9792   11.2403
3.0000   151.0000   21.3019   2.9268
4.0000   113.0000   12.5659   25.8275
5.0000   99.0000   6.5535   29.1152
6.0000   159.0000   45.9636   32.3133
7.0000   119.0000   9.6127   3.6178
8.0000   131.0000   46.4290   38.7593
9.0000   100.0000   0.1249   40.4534
10.0000   93.0000   5.3892   40.2460
11.0000   114.0000   16.4778   22.1094
12.0000   139.0000   22.3678   8.6441
13.0000   96.0000   48.4100   2.9108
14.0000   133.0000   20.9528   44.7775
15.0000   123.0000   20.9650   23.5153
16.0000   124.0000   13.2988   10.4053
17.0000   139.0000   46.8722   48.0319
18.0000   121.0000   41.7720   14.4114
19.0000   142.0000   7.6331   29.6104
20.0000   121.0000   2.3301   48.9848
21.0000   120.0000   30.4260   42.0879
22.0000   147.0000   8.6653   0.9030
23.0000   154.0000   32.5616   49.9801
24.0000   145.0000   20.4082   6.1086
25.0000   159.0000   28.2873   48.2002
26.0000   90.0000   8.0621   4.3766
27.0000   132.0000   20.6709   41.8117
28.0000   151.0000   40.9089   27.6361
29.0000   98.0000   20.5964   13.8896
30.0000   132.0000   24.0803   42.3030
31.0000   110.0000   24.0948   48.8804
32.0000   113.0000   37.0697   26.4354
33.0000   159.0000   30.2763   28.7677
34.0000   115.0000   10.1918   33.1914
35.0000   146.0000   24.3933   33.0353
36.0000   91.0000   46.8527   6.9615
37.0000   175.0000   45.4708   13.2619
38.0000   172.0000   8.3793   38.8700
39.0000   117.0000   20.4351   19.7357
40.0000   154.0000   36.6630   38.5294
41.0000   155.0000   31.8636   41.1205
42.0000   106.0000   38.1362   24.4761
43.0000   134.0000   5.8180   18.9522
44.0000   154.0000   30.2959   19.7272
45.0000   175.0000   17.5985   9.5142
46.0000   138.0000   22.4082   48.2207
47.0000   150.0000   31.4871   29.6406
48.0000   104.0000   10.0313   7.7812
49.0000   162.0000   42.1628   20.4610
50.0000   119.0000   19.9548   38.5528
51.0000   126.0000   49.9037   5.1387
52.0000   180.0000   13.4864   37.6787
53.0000   131.0000   42.7533   28.8797
54.0000   128.0000   24.6636   24.2891
55.0000   130.0000   26.9192   14.8770
56.0000   179.0000   40.3144   24.7896
57.0000   98.0000   18.3154   33.2297
58.0000   130.0000   33.8618   3.6065
59.0000   172.0000   16.1773   16.7261
60.0000   131.0000   35.1504   15.0147
61.0000   154.0000   19.3369   26.7088
62.0000   171.0000   32.2061   33.6554
63.0000   101.0000   13.5785   28.6318
64.0000   166.0000   49.0972   48.1189
65.0000   165.0000   22.4080   1.5919
66.0000   116.0000   29.8201   2.8273
67.0000   148.0000   23.7110   34.6244
68.0000   135.0000   41.9522   37.8575
69.0000   155.0000   46.1472   0.5485
70.0000   110.0000   16.4859   15.7975
71.0000   111.0000   26.9264   1.2946
72.0000   130.0000   27.6792   12.5251
73.0000   110.0000   18.8656   42.4013
74.0000   178.0000   19.6561   13.8091
75.0000   91.0000   40.8464   13.1049
76.0000   94.0000   14.2399   40.8899
77.0000   158.0000   22.6235   9.0732
78.0000   165.0000   5.7288   42.1216
79.0000   144.0000   3.0471   20.1497
80.0000   134.0000   32.1642   16.5031
81.0000   123.0000   12.1109   23.1538
82.0000   110.0000   16.5066   12.8337
83.0000   165.0000   32.6937   15.2168
84.0000   172.0000   8.1922   37.9651
85.0000   92.0000   35.8610   13.9513
86.0000   164.0000   19.9041   5.0140
87.0000   166.0000   46.6547   38.8900
88.0000   99.0000   25.8467   23.9322
89.0000   177.0000   26.7365   32.6996
90.0000   135.0000   1.2725   36.7913
91.0000   133.0000   23.7449   12.7872
92.0000   91.0000   35.8753   10.6278
93.0000   93.0000   47.3405   28.0415
94.0000   91.0000   27.2903   45.9657
95.0000   144.0000   47.2610   10.2100
96.0000   177.0000   39.7175   30.3880
97.0000   149.0000   23.3563   36.3555
98.0000   131.0000   17.4038   14.9954
99.0000   125.0000   15.8278   6.6104
100.0000   134.0000   16.5117   2.5802
101.0000   107.0000   21.4755   31.2049
102.0000   144.0000   10.8927   4.6995
103.0000   95.0000   22.5265   42.6891
104.0000   171.0000   24.3564   43.8789
105.0000   131.0000   20.3387   0.7163
106.0000   129.0000   0.2164   35.6459
107.0000   161.0000   40.3859   10.8105
108.0000   168.0000   27.3324   33.5670
109.0000   123.0000   19.1809   9.4980
110.0000   154.0000   34.6547   37.2929
111.0000   154.0000   18.2817   30.6336
112.0000   162.0000   6.9859   40.6224
113.0000   125.0000   20.7136   13.5093
114.0000   149.0000   48.5965   35.8773
115.0000   110.0000   23.2900   16.8780
116.0000   165.0000   41.8223   10.8415
117.0000   163.0000   8.5364   32.1731
118.0000   167.0000   11.6388   6.1510
119.0000   167.0000   33.4455   20.9106
120.0000   91.0000   13.3375   49.9348
121.0000   161.0000   25.1200   26.3983
122.0000   101.0000   45.1638   25.9288
123.0000   176.0000   22.0388   5.5176
124.0000   138.0000   10.2170   27.7461
125.0000   117.0000   27.8704   45.5332
126.0000   138.0000   49.8272   14.9077
127.0000   116.0000   8.3199   37.7291
128.0000   109.0000   24.0684   42.0782
129.0000   179.0000   24.4844   20.1667
130.0000   127.0000   45.4820   45.1840
131.0000   99.0000   7.5679   28.3648
132.0000   123.0000   40.2422   8.9995
133.0000   168.0000   34.6846   5.4635
134.0000   180.0000   29.6302   29.6899
135.0000   95.0000   12.3396   25.8640
136.0000   173.0000   18.1266   43.0713
137.0000   179.0000   0.8401   44.9690
138.0000   102.0000   29.2114   9.3318
139.0000   128.0000   14.3058   32.5102
140.0000   167.0000   36.8789   13.6698
141.0000   135.0000   49.7378   9.4750
142.0000   153.0000   46.2582   4.0855
143.0000   152.0000   12.0128   16.4239
144.0000   122.0000   26.7983   35.7028
145.0000   149.0000   15.2422   3.8218
146.0000   172.0000   10.0351   38.2262
147.0000   165.0000   6.1751   29.3530
148.0000   148.0000   41.2165   24.3208
149.0000   174.0000   39.7970   15.2211
150.0000   105.0000   7.2911   45.0274
151.0000   116.0000   15.3262   44.2701
152.0000   130.0000   48.3881   33.3264
153.0000   145.0000   44.8743   28.8187
154.0000   118.0000   48.2415   14.8496
155.0000   163.0000   3.7773   19.3399
156.0000   174.0000   11.3352   16.9981
157.0000   97.0000   0.4635   42.3184
158.0000   135.0000   23.7971   28.9850
159.0000   119.0000   10.9183   18.2258
160.0000   136.0000   30.5187   27.2886
161.0000   106.0000   49.6271   24.5031
162.0000   107.0000   19.9192   8.5762
163.0000   111.0000   26.7442   25.8095
164.0000   173.0000   13.1960   10.5535
165.0000   114.0000   29.1605   45.2416
166.0000   110.0000   15.8411   26.7574
167.0000   164.0000   4.2093   15.3117
168.0000   156.0000   5.6054   34.3721
169.0000   158.0000   15.7707   32.4166
170.0000   116.0000   27.5064   35.0947
171.0000   141.0000   42.9965   4.5939
172.0000   147.0000   47.2461   26.4867
173.0000   147.0000   10.0063   46.4144
174.0000   110.0000   25.3611   32.6274
175.0000   142.0000   37.6763   32.2085
176.0000   141.0000   15.5410   10.7274
177.0000   115.0000   25.8038   11.7033
178.0000   136.0000   15.5617   49.0451
179.0000   123.0000   23.9777   15.0361
180.0000   94.0000   26.8976   36.7831
181.0000   122.0000   34.9050   12.6643
182.0000   98.0000   49.7868   34.9887
183.0000   104.0000   1.8553   12.3456
184.0000   159.0000   32.8537   47.6503
185.0000   112.0000   1.3217   19.1731
186.0000   116.0000   2.4876   8.6279
187.0000   145.0000   48.8167   44.5268
188.0000   177.0000   32.3210   20.3678
189.0000   153.0000   15.8653   21.7702
190.0000   172.0000   45.3493   47.2792
191.0000   121.0000   1.5802   24.2428
192.0000   175.0000   27.8762   31.4028
193.0000   129.0000   23.5546   16.5160
194.0000   102.0000   5.8905   48.0504
195.0000   173.0000   32.9486   16.9983
196.0000   124.0000   29.7127   26.7452
197.0000   148.0000   43.1495   27.3168
198.0000   153.0000   27.0082   35.6206
199.0000   151.0000   41.4238   18.4014
200.0000   98.0000   40.6509   7.0667
201.0000   139.0000   41.7728   14.9715
202.0000   107.0000   28.1114   13.9838
203.0000   135.0000   1.2080   4.1583
204.0000   111.0000   20.5584   20.9597
205.0000   123.0000   6.1822   30.3344
206.0000   142.0000   31.9485   11.5715
207.0000   120.0000   28.0339   14.3700
208.0000   179.0000   32.1190   9.7529
209.0000   140.0000   6.6369   3.1632
210.0000   144.0000   41.9131   3.9549
211.0000   160.0000   40.3889   9.4953
212.0000   95.0000   2.2933   11.8040
213.0000   131.0000   42.8545   29.0480
214.0000   116.0000   8.1960   12.1726
215.0000   118.0000   27.8877   49.7342
216.0000   171.0000   15.7541   12.6137
217.0000   99.0000   23.1945   49.5220
218.0000   143.0000   1.2147   44.2181
219.0000   117.0000   33.7931   29.6483
220.0000   170.0000   40.8239   8.0017
221.0000   116.0000   47.8063   10.2593
222.0000   173.0000   25.6297   6.9307
223.0000   121.0000   37.2663   36.6098
224.0000   109.0000   49.7361   32.6102
225.0000   140.0000   3.5006   32.1274
226.0000   108.0000   39.6827   18.9888
227.0000   96.0000   32.5845   22.4136
228.0000   119.0000   21.7930   30.8331
229.0000   154.0000   13.4009   29.0652
230.0000   131.0000   12.3863   6.5362
231.0000   134.0000   15.2536   45.4522
232.0000   159.0000   35.6825   12.3231
233.0000   154.0000   44.6689   3.6409
234.0000   148.0000   20.5353   30.1040
235.0000   116.0000   2.2274   49.9325
236.0000   109.0000   29.1430   18.7755
237.0000   159.0000   7.7883   2.5482
238.0000   93.0000   1.5429   45.2433
239.0000   178.0000   41.6068   42.8622
240.0000   126.0000   18.5178   6.7005
241.0000   155.0000   13.4535   37.8711
242.0000   126.0000   33.5021   43.9047
243.0000   133.0000   28.0727   4.9195
244.0000   164.0000   46.9715   44.9173
245.0000   167.0000   33.7063   26.7410
246.0000   163.0000   1.3734   20.0834
247.0000   107.0000   1.8127   30.1145
248.0000   90.0000   23.4660   26.3791
249.0000   109.0000   19.8865   15.6205
250.0000   162.0000   10.1418   21.4012
251.0000   159.0000   30.7333   48.6298
252.0000   93.0000   18.4895   29.3442
253.0000   129.0000   49.4038   12.6547
254.0000   110.0000   2.4454   43.3667
255.0000   104.0000   16.3982   33.4432
256.0000   96.0000   36.6114   48.0557
257.0000   125.0000   22.9315   19.8616
258.0000   135.0000   41.6737   25.4792
259.0000   150.0000   2.6216   13.8267
260.0000   123.0000   15.0061   48.0606
261.0000   144.0000   20.6900   24.2449
262.0000   155.0000   17.0633   19.1927
263.0000   99.0000   42.4809   24.1188
264.0000   132.0000   14.0708   7.8619
265.0000   173.0000   30.3445   26.6132
266.0000   102.0000   33.5279   6.9029
267.0000   167.0000   21.0373   42.4017
268.0000   103.0000   3.3330   28.2518
269.0000   173.0000   22.1945   36.7969
270.0000   130.0000   1.4090   19.2835
271.0000   142.0000   44.2206   41.2772
272.0000   95.0000   33.2498   26.0647
273.0000   178.0000   43.9483   17.3211
274.0000   147.0000   46.7994   49.4243
275.0000   111.0000   20.8335   36.4880
276.0000   148.0000   19.3544   23.2206
277.0000   94.0000   21.2209   42.4882
278.0000   115.0000   38.9590   33.0956
279.0000   146.0000   23.9653   8.6636
280.0000   137.0000   9.1964   36.3962
281.0000   170.0000   5.4519   31.4725
282.0000   104.0000   13.5643   37.5818
283.0000   170.0000   28.0369   33.1559
284.0000   180.0000   36.3533   23.4270
285.0000   142.0000   28.7872   30.4038
286.0000   152.0000   8.4980   48.9889
287.0000   101.0000   0.2876   7.9097
288.0000   130.0000   15.1858   46.7107
289.0000   155.0000   32.8944   35.3154
290.0000   112.0000   19.3101   45.1984
291.0000   90.0000   38.3917   15.3914
292.0000   178.0000   10.2273   4.8202
293.0000   110.0000   21.3285   13.0103
294.0000   102.0000   27.5249   11.3927
295.0000   167.0000   34.5751   14.0264
296.0000   91.0000   13.4055   47.4126
297.0000   106.0000   30.6698   3.4852
298.0000   176.0000   0.6292   22.2229
299.0000   161.0000   5.0152   0.0145
300.0000   116.0000   4.9181   25.5614
301.0000   135.0000   42.7390   25.3224
302.0000   156.0000   20.8625   38.5897
303.0000   105.0000   0.6348   26.9270
304.0000   165.0000   49.6734   30.3127
305.0000   97.0000   13.6781   5.9127
306.0000   146.0000   11.7148   18.0537
307.0000   130.0000   42.4062   5.5724
308.0000   117.0000   36.0545   3.9504
309.0000   110.0000   41.3853   21.3121
310.0000   91.0000   18.9768   28.4089
311.0000   161.0000   12.4674   3.9410
312.0000   154.0000   6.8923   26.9041
313.0000   180.0000   18.3619   34.2812
314.0000   99.0000   20.4305   48.0364
315.0000   175.0000   44.5814   12.3581
316.0000   177.0000   16.2455   25.4922
317.0000   157.0000   30.1898   19.7334
318.0000   99.0000   6.6164   37.4863
319.0000   142.0000   0.6737   33.4262
320.0000   162.0000   18.3457   30.4066
321.0000   154.0000   32.0086   15.9957
322.0000   123.0000   44.5315   24.3076
323.0000   118.0000   10.3125   18.9992
324.0000   155.0000   14.1510   39.0033
325.0000   144.0000   10.8794   30.7432
326.0000   149.0000   30.9995   45.0299
327.0000   128.0000   1.5079   5.9261
328.0000   169.0000   36.6608   20.7195
329.0000   159.0000   2.1053   2.9253
330.0000   128.0000   33.9347   40.6331
331.0000   160.0000   38.3895   25.9966
332.0000   173.0000   45.7125   11.1080
333.0000   136.0000   36.0289   13.6771
334.0000   96.0000   40.8384   10.5519
335.0000   138.0000   45.4198   17.1827
336.0000   96.0000   21.4223   6.7971
337.0000   124.0000   43.4924   31.3681
338.0000   168.0000   40.5066   21.3325
339.0000   178.0000   45.4356   14.7922
340.0000   125.0000   0.6834   7.3953
341.0000   151.0000   26.0288   1.8655
342.0000   158.0000   37.4977   17.8084
343.0000   127.0000   5.0732   48.2178
344.0000   168.0000   11.5954   17.3666
345.0000   122.0000   42.8163   19.5640
346.0000   105.0000   24.7718   29.6380
347.0000   103.0000   17.7481   14.6506
348.0000   118.0000   40.0619   30.1452
349.0000   165.0000   49.8015   10.2582
350.0000   161.0000   42.2380   1.8559
351.0000   141.0000   46.0757   33.8814
352.0000   121.0000   7.2080   2.2809
353.0000   153.0000   10.5701   22.7467
354.0000   180.0000   48.4954   16.5829
355.0000   117.0000   0.5024   6.8940
356.0000   171.0000   43.5068   23.0365
357.0000   134.0000   47.2887   11.5032
358.0000   164.0000   9.9381   26.8810
359.0000   167.0000   46.2514   1.3950
360.0000   137.0000   1.0417   40.8311
361.0000   142.0000   35.8802   42.0923
362.0000   112.0000   23.4390   25.3245
363.0000   133.0000   12.5698   25.0154
364.0000   156.0000   32.0531   24.0475
365.0000   124.0000   6.1300   35.1714
366.0000   151.0000   40.4200   48.8980
367.0000   157.0000   20.6861   11.5985
368.0000   158.0000   36.1256   37.9088
369.0000   178.0000   23.8659   7.9985
370.0000   128.0000   43.6422   17.5237
371.0000   135.0000   16.9845   10.2995
372.0000   101.0000   12.5161   30.0136
373.0000   174.0000   28.1677   39.4377
374.0000   103.0000   37.9015   3.1665
375.0000   179.0000   0.4124   14.1101
376.0000   174.0000   20.0000   2.8867
377.0000   169.0000   20.6695   0.7504
378.0000   168.0000   21.0519   44.8298
379.0000   172.0000   43.2062   12.2045
380.0000   117.0000   47.7878   25.5339
381.0000   97.0000   30.8247   33.7330
382.0000   152.0000   15.2067   0.1080
383.0000   148.0000   49.7643   12.2221
384.0000   166.0000   8.4298   0.7343
385.0000   161.0000   43.7518   35.6497
386.0000   94.0000   18.5260   24.1410
387.0000   112.0000   4.7205   0.2974
388.0000   110.0000   6.5439   35.4034
389.0000   121.0000   45.0830   18.5184
390.0000   174.0000   31.2280   5.7573
391.0000   115.0000   18.0062   31.8796
392.0000   167.0000   39.3830   2.0026
393.0000   170.0000   27.8385   15.8473
394.0000   122.0000   46.0813   38.0347
395.0000   125.0000   22.2455   36.1123
396.0000   126.0000   8.2049   7.6266
397.0000   143.0000   10.0404   4.0756
398.0000   179.0000   15.4385   49.0175
399.0000   115.0000   1.1931   14.2667
400.0000   115.0000   1.9273   37.3486
401.0000   127.0000   31.3350   25.1336
402.0000   107.0000   11.0470   43.5225
403.0000   115.0000   47.2454   44.8951
404.0000   130.0000   31.8821   12.2471
405.0000   172.0000   10.2111   37.4961
406.0000   97.0000   8.4998   14.6653
407.0000   109.0000   28.3055   26.1493
408.0000   121.0000   8.8137   22.9083
409.0000   176.0000   31.7086   1.0098
410.0000   162.0000   39.0712   34.3813
411.0000   149.0000   49.7477   11.8507
412.0000   92.0000   10.4612   19.6078
413.0000   171.0000   27.3007   48.6972
414.0000   106.0000   35.2396   42.7156
415.0000   169.0000   3.4315   46.4454
416.0000   149.0000   49.8344   1.2123
417.0000   175.0000   13.2831   45.5687
418.0000   103.0000   30.6374   38.4468
419.0000   121.0000   45.2275   32.2704
420.0000   167.0000   10.9387   6.2714
421.0000   111.0000   20.5646   9.5906
422.0000   108.0000   3.2327   40.6037
423.0000   161.0000   47.3845   0.5936
424.0000   93.0000   48.0095   20.1390
425.0000   91.0000   10.4938   27.1632
426.0000   177.0000   18.1050   2.5731
427.0000   90.0000   36.3135   11.8199
428.0000   127.0000   20.3974   17.9005
429.0000   137.0000   25.0773   38.6878
430.0000   145.0000   30.8088   3.1133
431.0000   117.0000   18.6328   45.8359
432.0000   103.0000   12.9632   29.9582
433.0000   177.0000   37.9992   29.8151
434.0000   109.0000   14.5032   21.8736
435.0000   155.0000   1.4248   40.8513
436.0000   121.0000   17.7913   7.0591
437.0000   157.0000   20.3835   4.4474
438.0000   158.0000   10.7528   32.5430
439.0000   154.0000   29.7898   11.9058
440.0000   117.0000   18.3039   20.6177
441.0000   168.0000   25.4692   24.9417
442.0000   152.0000   26.4845   6.2476
443.0000   122.0000   8.0401   35.7647
444.0000   152.0000   1.7128   44.6949
445.0000   151.0000   33.3556   25.1234
446.0000   162.0000   1.5263   10.0910
447.0000   173.0000   16.5272   45.2688
448.0000   161.0000   0.4902   9.2031
449.0000   146.0000   13.2159   26.5497
450.0000   168.0000   8.8020   1.7079
451.0000   132.0000   8.2378   0.4683
452.0000   112.0000   34.6699   43.2185
453.0000   127.0000   26.0503   30.5626
454.0000   150.0000   13.6258   24.3377
455.0000   101.0000   4.2748   37.6852
456.0000   155.0000   21.5872   41.8431
457.0000   176.0000   20.7576   15.3547
458.0000   166.0000   40.0760   7.5858
459.0000   104.0000   49.9856   36.0859
460.0000   151.0000   33.4178   43.4266
461.0000   133.0000   17.5469   39.1976
462.0000   156.0000   17.3844   37.2535
463.0000   117.0000   39.1889   38.3418
464.0000   180.0000   2.6222   11.4282
465.0000   130.0000   3.9635   22.9392
466.0000   152.0000   27.6183   36.0054
467.0000   133.0000   37.7040   14.0222
468.0000   92.0000   2.3914   11.3600
469.0000   97.0000   10.4170   40.3850
470.0000   159.0000   30.6948   17.7770
471.0000   179.0000   20.3062   14.5557
472.0000   180.0000   11.3519   29.7512
473.0000   174.0000   14.6445   1.9847
474.0000   146.0000   27.3971   22.5520
475.0000   146.0000   27.0087   13.0811
