0.0000   0.0000   0.0000   0.0000
1.0000   76.0000   44.7372   11.5444
2.0000   28.0000   17.5212   41.1806
3.0000   37.0000   41.0619   20.0481
4.0000   40.0000   20.0221   36.4650
5.0000   47.0000   27.5674   10.7942
6.0000   27.0000   38.8076   26.6456
7.0000   31.0000   1.6405   29.0725
8.0000   71.0000   49.0638   10.3855
9.0000   38.0000   17.6628   20.6687
10.0000   105.0000   22.0926   15.7394
11.0000   98.0000   18.3947   46.3244
12.0000   29.0000   14.2294   2.3524
13.0000   98.0000   18.1295   37.0339
14.0000   69.0000   20.5023   10.1535
15.0000   117.0000   12.8929   28.5926
16.0000   103.0000   9.0408   40.2054
17.0000   114.0000   49.6209   2.6630
18.0000   90.0000   4.2195   4.4775
19.0000   31.0000   11.2834   5.2107
20.0000   113.0000   14.4258   30.3168
21.0000   72.0000   21.9072   5.6828
22.0000   90.0000   15.6547   12.1678
23.0000   63.0000   29.8026   25.3100
24.0000   120.0000   48.9596   9.2552
25.0000   20.0000   3.3314   47.9755
26.0000   93.0000   31.4251   33.5857
27.0000   48.0000   5.0042   11.1199
28.0000   44.0000   6.9580   18.9303
29.0000   25.0000   21.7391   3.7227
30.0000   21.0000   48.7481   48.4940
31.0000   55.0000   26.1698   36.6627
32.0000   120.0000   34.2181   27.1616
33.0000   83.0000   24.9980   26.8908
34.0000   46.0000   3.5113   12.6619
35.0000   83.0000   9.2400   32.0892
36.0000   80.0000   43.7711   34.9871
37.0000   72.0000   48.0631   31.7693
38.0000   102.0000   48.4918   40.7543
39.0000   28.0000   3.5673   13.6988
40.0000   112.0000   41.7186   49.7005
41.0000   50.0000   40.9108   36.8475
42.0000   47.0000   48.3001   7.9853
43.0000   22.0000   18.9340   31.9953
44.0000   64.0000   43.2446   19.4611
45.0000   23.0000   16.2581   42.9925
46.0000   80.0000   0.3316   9.0473
47.0000   22.0000   28.8508   24.5984
48.0000   93.0000   17.7211   17.5835
49.0000   100.0000   37.4388   27.6082
50.0000   92.0000   6.3925   28.9473
51.0000   96.0000   33.8137   9.4807
52.0000   112.0000   27.3884   12.9005
53.0000   92.0000   6.2368   18.9472
54.0000   107.0000   15.6939   43.6261
55.0000   102.0000   1.4809   1.0752
56.0000   21.0000   48.9183   24.5153
57.0000   20.0000   25.1244   17.3398
58.0000   59.0000   34.4048   17.0686
59.0000   79.0000   1.5741   4.0400
60.0000   79.0000   21.8803   43.0178
61.0000   21.0000   31.4503   32.0777
62.0000   56.0000   29.4625   17.8766
63.0000   60.0000   36.9691   25.8366
64.0000   46.0000   42.8146   26.7791
65.0000   77.0000   49.1870   1.2200
66.0000   48.0000   16.3856   29.6251
67.0000   86.0000   8.8289   34.2650
68.0000   101.0000   19.8373   41.7439
69.0000   87.0000   1.5136   40.3295
70.0000   51.0000   22.6123   12.0303
71.0000   47.0000   31.3965   37.1253
72.0000   38.0000   6.4321   15.0445
73.0000   94.0000   30.7889   11.5473
74.0000   95.0000   7.4287   7.3780
75.0000   58.0000   17.5905   15.3011
76.0000   98.0000   27.3740   48.8042
77.0000   100.0000   21.1229   2.0381
78.0000   62.0000   39.4082   32.4218
79.0000   34.0000   6.8177   11.6378
80.0000   97.0000   41.3591   17.7517
81.0000   30.0000   24.3446   46.4414
82.0000   92.0000   10.9894   45.5825
83.0000   86.0000   1.7167   44.2194
84.0000   46.0000   33.9576   39.1374
85.0000   23.0000   47.6841   17.7358
86.0000   116.0000   15.2970   31.2880
87.0000   119.0000   23.7489   24.6711
88.0000   28.0000   32.5622   44.7925
89.0000   106.0000   6.2512   47.9098
90.0000   113.0000   29.9306   9.5656
91.0000   91.0000   37.1766   12.3993
92.0000   93.0000   47.7886   14.4511
93.0000   40.0000   22.3108   15.4243
94.0000   57.0000   49.9233   12.7468
95.0000   81.0000   25.4060   3.5826
96.0000   44.0000   11.8105   15.8080
97.0000   112.0000   45.0592   44.1828
98.0000   29.0000   21.2290   37.9906
99.0000   105.0000   30.7256   14.5572
100.0000   35.0000   34.9303   22.0982
101.0000   108.0000   26.3257   36.9815
102.0000   30.0000   21.0429   35.6277
103.0000   64.0000   49.0086   14.1105
104.0000   70.0000   43.7074   46.6434
105.0000   20.0000   16.6689   26.6249
106.0000   93.0000   15.8562   34.0533
107.0000   74.0000   25.0578   40.0861
108.0000   91.0000   20.9835   26.8406
109.0000   95.0000   11.3041   25.8585
110.0000   21.0000   43.2376   20.6925
111.0000   88.0000   37.7897   37.8868
112.0000   24.0000   17.4855   10.0494
113.0000   86.0000   40.5733   6.7201
114.0000   39.0000   13.3884   16.7484
115.0000   55.0000   14.9639   35.5958
116.0000   88.0000   7.5063   30.1418
117.0000   48.0000   24.8537   39.1460
118.0000   101.0000   20.4046   10.0568
119.0000   36.0000   4.6929   13.4734
120.0000   54.0000   42.0849   13.9150
121.0000   115.0000   2.8685   29.7727
122.0000   65.0000   20.8580   30.8603
123.0000   83.0000   27.3204   48.3391
124.0000   110.0000   25.1954   31.4256
125.0000   45.0000   47.3505   31.2948
126.0000   81.0000   10.1050   16.5903
127.0000   92.0000   4.2045   9.4674
128.0000   114.0000   12.8389   0.4436
129.0000   82.0000   25.8725   48.7944
130.0000   89.0000   6.0831   14.5728
131.0000   71.0000   24.7221   8.7997
132.0000   24.0000   25.4074   32.3272
133.0000   41.0000   38.8351   4.1308
134.0000   42.0000   12.6599   43.9594
135.0000   51.0000   46.8746   21.7940
136.0000   87.0000   0.4661   28.7490
137.0000   31.0000   40.4072   33.2977
138.0000   38.0000   30.1235   21.8755
139.0000   91.0000   34.4863   35.4314
140.0000   110.0000   40.1434   47.6023
141.0000   56.0000   49.4687   0.0488
142.0000   72.0000   26.2463   28.0045
143.0000   112.0000   14.4383   18.0948
144.0000   99.0000   20.0551   49.6830
145.0000   68.0000   36.7105   35.1051
146.0000   78.0000   15.5537   32.0326
147.0000   103.0000   2.8883   45.4271
148.0000   93.0000   31.4218   37.6888
149.0000   44.0000   9.0805   0.1500
150.0000   55.0000   29.2362   47.4519
151.0000   56.0000   30.6243   29.8129
152.0000   63.0000   37.0934   1.4125
153.0000   31.0000   42.0666   11.6388
154.0000   108.0000   0.2965   13.6377
155.0000   111.0000   39.9104   19.3729
156.0000   72.0000   1.8749   4.1069
157.0000   90.0000   0.4832   6.1966
158.0000   105.0000   0.6066   3.0266
159.0000   98.0000   24.5725   29.3375
160.0000   32.0000   39.1254   7.0066
161.0000   62.0000   7.5692   25.9990
162.0000   23.0000   36.5493   47.9943
163.0000   45.0000   31.2053   14.6042
164.0000   42.0000   9.4821   38.9398
165.0000   115.0000   48.3154   12.3768
166.0000   109.0000   24.6317   8.2219
167.0000   110.0000   6.5072   12.5705
168.0000   93.0000   10.9072   20.7227
169.0000   59.0000   38.1044   43.3087
170.0000   99.0000   47.7543   29.8681
171.0000   91.0000   12.2494   36.6825
172.0000   46.0000   41.9631   9.2028
173.0000   119.0000   39.0610   8.0300
174.0000   78.0000   11.6510   11.2295
175.0000   98.0000   20.8311   37.4461
176.0000   37.0000   14.2889   5.6985
177.0000   98.0000   24.1805   43.4559
178.0000   51.0000   15.0301   3.6000
179.0000   79.0000   24.7607   48.4774
180.0000   81.0000   3.6498   28.8172
181.0000   36.0000   7.0217   27.7376
182.0000   114.0000   41.1120   7.9118
183.0000   37.0000   24.2960   15.4168
184.0000   94.0000   6.2140   40.3942
185.0000   94.0000   17.9398   19.2786
186.0000   86.0000   45.4333   11.8613
187.0000   91.0000   26.5474   7.8935
188.0000   40.0000   35.7105   39.5855
189.0000   32.0000   9.3245   1.6881
190.0000   30.0000   19.9082   10.0778
191.0000   94.0000   34.4351   35.4304
192.0000   78.0000   43.5735   25.6126
193.0000   98.0000   45.2940   49.4397
194.0000   46.0000   3.6946   39.1836
195.0000   110.0000   6.1876   3.1272
196.0000   86.0000   9.4891   4.6073
197.0000   106.0000   43.6596   27.6410
198.0000   45.0000   37.4706   18.5568
199.0000   106.0000   4.8668   21.7475
200.0000   22.0000   30.6996   30.4285
201.0000   48.0000   22.2859   11.9616
202.0000   52.0000   47.1187   8.0828
203.0000   55.0000   28.8165   8.6905
204.0000   116.0000   14.8727   27.3651
205.0000   28.0000   6.8973   4.9164
206.0000   94.0000   40.2557   10.5349
207.0000   103.0000   43.4160   2.9997
208.0000   42.0000   26.4084   23.6799
209.0000   59.0000   1.8862   0.1450
210.0000   23.0000   14.3770   31.7575
211.0000   29.0000   30.4331   41.3864
212.0000   59.0000   8.4017   29.0679
213.0000   63.0000   33.3007   43.7566
214.0000   31.0000   19.9945   0.8787
215.0000   43.0000   19.9206   26.4639
216.0000   111.0000   6.5208   26.2718
217.0000   85.0000   0.9534   13.5324
218.0000   110.0000   19.7442   23.1974
219.0000   57.0000   12.9610   37.7443
220.0000   83.0000   21.0953   26.2869
221.0000   24.0000   0.4513   47.1030
222.0000   97.0000   21.2490   38.9659
223.0000   26.0000   3.0947   10.7082
224.0000   68.0000   32.0699   15.9604
225.0000   102.0000   10.7659   13.9505
