0.0000   0.0000   50.0000   50.0000
1.0000   91.0000   67.2774   39.1195
2.0000   79.0000   5.9335   94.9306
3.0000   26.0000   97.1960   19.8122
4.0000   74.0000   31.9221   55.1415
5.0000   86.0000   7.4031   25.0162
6.0000   78.0000   64.0638   39.8804
7.0000   13.0000   69.2045   23.1824
8.0000   56.0000   62.5228   7.4528
9.0000   62.0000   86.5131   27.9545
10.0000   30.0000   79.4741   1.4194
11.0000   41.0000   27.6109   39.9885
12.0000   81.0000   47.6408   53.6437
13.0000   65.0000   68.9554   56.9283
14.0000   55.0000   52.0570   0.9975
15.0000   49.0000   8.2340   18.7143
16.0000   80.0000   25.2852   33.6801
17.0000   14.0000   71.2498   79.9626
18.0000   28.0000   0.3485   33.4623
19.0000   72.0000   55.4702   43.8751
20.0000   83.0000   75.2155   91.1544
21.0000   82.0000   47.0885   50.6571
22.0000   74.0000   60.1756   56.5319
23.0000   32.0000   68.0064   94.6500
24.0000   76.0000   88.8976   64.7749
25.0000   96.0000   56.4288   95.0812
26.0000   64.0000   69.1981   67.4782
27.0000   77.0000   98.2326   11.3439
28.0000   60.0000   95.8729   97.9831
29.0000   63.0000   71.1892   96.5432
30.0000   11.0000   32.3313   22.5420
31.0000   20.0000   65.3259   91.7297
32.0000   78.0000   3.4291   62.4212
33.0000   36.0000   22.8544   90.4822
34.0000   26.0000   97.1549   75.1039
35.0000   11.0000   24.3534   91.5361
36.0000   14.0000   43.4497   67.6378
37.0000   52.0000   55.3379   81.4417
38.0000   40.0000   16.6482   12.8902
39.0000   11.0000   74.3341   29.4403
40.0000   36.0000   85.6504   18.8546
41.0000   17.0000   97.2827   9.6461
42.0000   80.0000   75.8020   7.1803
43.0000   34.0000   50.2117   96.4220
44.0000   18.0000   60.3937   6.6174
45.0000   40.0000   14.8353   14.0908
46.0000   42.0000   56.0457   21.2521
47.0000   39.0000   74.8157   61.4514
48.0000   38.0000   82.1445   3.3141
49.0000   85.0000   40.3036   29.3380
50.0000   95.0000   28.2980   87.7863
51.0000   10.0000   77.8696   40.3259
52.0000   54.0000   9.9794   24.0384
53.0000   63.0000   80.8145   32.7503
54.0000   89.0000   70.6159   32.6910
55.0000   14.0000   22.7055   31.3118
56.0000   57.0000   98.7248   87.6040
57.0000   77.0000   85.5846   79.0558
58.0000   33.0000   88.9299   50.7405
59.0000   15.0000   26.8230   28.7271
60.0000   21.0000   63.3614   22.1321
61.0000   15.0000   82.4337   52.9803
62.0000   58.0000   54.6569   8.7360
63.0000   93.0000   61.0959   30.1614
64.0000   54.0000   30.4190   30.5248
65.0000   19.0000   10.0567   35.7650
66.0000   29.0000   96.0396   41.3578
67.0000   23.0000   60.6312   65.5695
68.0000   44.0000   31.5759   68.8325
69.0000   12.0000   98.8156   49.1799
70.0000   19.0000   62.2125   96.9465
71.0000   59.0000   58.2615   48.5779
72.0000   14.0000   58.6663   98.6867
73.0000   38.0000   20.8504   10.5376
74.0000   57.0000   60.7233   28.1348
75.0000   93.0000   61.0175   88.4630
76.0000   45.0000   15.2059   9.3368
77.0000   94.0000   20.2508   2.6214
78.0000   63.0000   18.3253   90.8219
79.0000   21.0000   30.1633   40.5318
80.0000   76.0000   3.7976   43.6570
81.0000   89.0000   17.6226   1.2650
82.0000   44.0000   99.3623   49.7494
83.0000   51.0000   70.5580   79.5927
84.0000   27.0000   1.7698   12.1683
85.0000   63.0000   7.3733   39.6089
86.0000   37.0000   37.0147   20.6732
87.0000   80.0000   16.0185   60.3800
88.0000   79.0000   2.3760   6.2658
89.0000   42.0000   36.5903   73.1231
90.0000   54.0000   60.8027   92.3229
91.0000   12.0000   37.1239   89.1325
92.0000   23.0000   22.5479   48.9002
93.0000   77.0000   76.7596   64.7881
94.0000   36.0000   2.7549   79.8542
95.0000   81.0000   38.7957   64.0893
96.0000   17.0000   34.3618   59.7776
97.0000   43.0000   84.1274   50.0367
98.0000   19.0000   58.0388   89.0786
99.0000   58.0000   7.5357   7.1618
100.0000   58.0000   98.0872   20.9782
101.0000   68.0000   38.5659   57.1497
102.0000   44.0000   90.2277   67.2847
103.0000   90.0000   81.0842   66.0622
104.0000   78.0000   76.8028   37.0025
105.0000   11.0000   93.8622   14.5557
106.0000   90.0000   94.0642   2.9124
107.0000   20.0000   69.5097   2.0741
108.0000   53.0000   65.3018   28.6550
109.0000   53.0000   96.8096   83.1719
110.0000   26.0000   13.7083   78.3741
111.0000   63.0000   26.2615   66.0424
112.0000   79.0000   80.1810   71.2866
113.0000   44.0000   96.7259   79.1980
114.0000   53.0000   67.3879   48.9223
115.0000   95.0000   57.4063   52.7792
116.0000   75.0000   48.8748   94.2559
117.0000   41.0000   55.7718   19.3831
118.0000   89.0000   3.8553   63.2489
119.0000   20.0000   8.5585   4.0443
120.0000   91.0000   27.9641   75.8182
121.0000   48.0000   93.3650   62.4579
122.0000   29.0000   59.1911   11.4407
123.0000   88.0000   77.7614   7.8274
124.0000   74.0000   89.1686   11.1887
125.0000   31.0000   30.1521   73.8853
126.0000   27.0000   5.3423   85.5058
127.0000   70.0000   85.6010   69.0505
128.0000   21.0000   65.5667   16.6195
129.0000   89.0000   37.5762   48.4267
130.0000   44.0000   66.3333   91.3789
131.0000   73.0000   21.8577   78.0193
132.0000   63.0000   33.1802   39.5997
133.0000   59.0000   55.6726   22.8109
134.0000   57.0000   87.4965   81.4442
135.0000   28.0000   54.3293   14.5560
136.0000   68.0000   72.4907   58.3912
137.0000   55.0000   80.0305   20.4270
138.0000   51.0000   56.5095   51.4026
139.0000   81.0000   50.8518   46.7854
140.0000   87.0000   53.7881   51.7255
141.0000   42.0000   83.7530   81.6073
142.0000   60.0000   8.8141   3.4851
143.0000   33.0000   55.7451   32.4202
144.0000   37.0000   74.2327   82.1395
145.0000   58.0000   17.3184   68.1162
146.0000   56.0000   4.9245   42.1007
147.0000   79.0000   69.2165   45.0815
148.0000   66.0000   67.4325   84.5832
149.0000   55.0000   81.2036   75.7433
150.0000   81.0000   14.8560   21.0332
151.0000   82.0000   41.3613   13.5101
152.0000   50.0000   24.8961   62.7641
153.0000   26.0000   54.1484   30.6241
154.0000   67.0000   26.3847   8.8479
155.0000   23.0000   87.1021   6.2444
156.0000   23.0000   49.2134   22.5078
157.0000   85.0000   2.1032   65.9759
158.0000   22.0000   74.9484   48.8982
159.0000   65.0000   16.4214   11.3092
160.0000   60.0000   11.2416   71.9553
161.0000   13.0000   1.0000   37.1452
162.0000   24.0000   25.0109   5.4408
163.0000   25.0000   6.9704   88.5980
164.0000   99.0000   72.8756   75.9451
165.0000   22.0000   31.1724   85.4838
166.0000   21.0000   56.5171   5.4600
167.0000   34.0000   43.2197   62.5464
168.0000   28.0000   37.1506   30.3723
169.0000   71.0000   81.0468   31.8608
170.0000   16.0000   17.4891   15.0808
171.0000   38.0000   37.2366   9.7254
172.0000   74.0000   76.4187   59.4550
173.0000   22.0000   88.6623   77.5894
174.0000   67.0000   25.2309   90.2528
175.0000   63.0000   47.3770   56.3214
176.0000   62.0000   69.4133   47.2879
177.0000   13.0000   4.5260   45.4736
178.0000   94.0000   89.3948   47.8541
179.0000   94.0000   0.0459   12.6409
180.0000   69.0000   55.8662   97.3138
181.0000   18.0000   74.1108   88.8215
182.0000   69.0000   6.9507   93.3277
183.0000   31.0000   69.6875   98.5111
184.0000   79.0000   83.1103   26.7611
185.0000   96.0000   17.7480   10.6938
186.0000   36.0000   12.2492   18.8260
187.0000   61.0000   88.1551   76.3637
188.0000   97.0000   73.5677   57.0639
189.0000   73.0000   14.5158   25.6333
190.0000   71.0000   34.4656   46.8645
191.0000   99.0000   29.5021   76.5563
192.0000   40.0000   29.4924   5.1077
193.0000   79.0000   38.6365   59.1033
194.0000   22.0000   47.8031   15.2232
195.0000   58.0000   82.9536   98.2236
196.0000   56.0000   53.5372   46.1118
197.0000   33.0000   7.5563   79.1838
198.0000   77.0000   51.9131   65.4893
199.0000   30.0000   37.1504   29.7346
200.0000   84.0000   79.3090   10.5205
201.0000   21.0000   6.7097   82.7210
202.0000   95.0000   63.0600   58.2759
203.0000   60.0000   54.7944   89.3047
204.0000   66.0000   77.4341   66.2669
205.0000   42.0000   80.8632   17.1646
206.0000   96.0000   84.6810   97.5508
207.0000   26.0000   14.7853   38.1053
208.0000   20.0000   20.8530   58.6497
209.0000   62.0000   70.7087   47.8840
210.0000   45.0000   23.6437   46.8117
211.0000   68.0000   16.2164   63.7221
212.0000   71.0000   61.7319   17.5916
213.0000   16.0000   17.7386   39.0500
214.0000   49.0000   73.2794   87.8962
215.0000   69.0000   48.3158   42.8081
216.0000   58.0000   46.9319   69.5148
217.0000   74.0000   17.9150   75.2178
218.0000   87.0000   20.3217   67.2111
219.0000   19.0000   56.9580   29.3376
220.0000   84.0000   80.6884   78.0850
221.0000   84.0000   42.1896   4.4307
222.0000   91.0000   57.1698   2.4444
223.0000   77.0000   15.0983   71.0621
224.0000   94.0000   44.0077   95.6479
225.0000   15.0000   55.2812   85.6145
226.0000   67.0000   37.2236   75.5458
227.0000   55.0000   30.4258   40.0197
228.0000   26.0000   96.9500   51.9028
229.0000   94.0000   77.9156   73.0744
230.0000   50.0000   15.8265   85.2940
231.0000   46.0000   51.1011   80.2958
232.0000   86.0000   12.4336   23.9439
233.0000   80.0000   46.0267   58.4248
234.0000   39.0000   92.1221   72.1525
235.0000   81.0000   94.5837   30.1322
236.0000   17.0000   34.8828   19.0415
237.0000   82.0000   77.7200   92.1253
238.0000   82.0000   57.3657   36.4178
239.0000   12.0000   79.8070   71.0971
240.0000   31.0000   79.7895   12.3242
241.0000   49.0000   83.8545   74.3885
242.0000   28.0000   47.0705   10.0620
243.0000   76.0000   46.4402   98.3095
244.0000   23.0000   20.5527   99.0695
245.0000   40.0000   78.8402   56.1590
246.0000   32.0000   41.1635   76.3174
247.0000   83.0000   26.6563   63.2491
248.0000   49.0000   30.3274   9.3622
249.0000   65.0000   68.0955   28.8975
250.0000   45.0000   34.6758   34.7871
251.0000   40.0000   13.9488   12.1618
252.0000   19.0000   45.4809   77.2538
253.0000   23.0000   91.0785   2.4342
254.0000   91.0000   34.9668   84.0934
255.0000   59.0000   48.0328   79.8440
256.0000   17.0000   86.1991   26.4772
257.0000   25.0000   79.2161   46.3607
258.0000   71.0000   57.6635   94.0992
259.0000   78.0000   19.2181   86.3559
260.0000   18.0000   74.6097   18.6322
261.0000   86.0000   35.7127   46.7459
262.0000   47.0000   86.9585   45.9137
263.0000   12.0000   88.7609   0.7318
264.0000   88.0000   12.3369   67.8600
265.0000   54.0000   41.1723   94.5584
266.0000   98.0000   29.9374   43.0073
267.0000   33.0000   83.5089   1.5534
268.0000   42.0000   29.7262   96.3045
269.0000   97.0000   61.8991   36.5097
270.0000   64.0000   13.4416   61.5275
271.0000   74.0000   0.6873   60.6176
272.0000   91.0000   26.2182   6.0844
273.0000   43.0000   52.2829   24.1834
274.0000   37.0000   29.9995   83.9645
275.0000   73.0000   95.7881   26.3889
276.0000   75.0000   6.8637   75.7848
277.0000   40.0000   90.8680   39.9549
278.0000   100.0000   83.5173   98.9655
279.0000   19.0000   60.5672   73.7720
280.0000   70.0000   27.4270   33.7446
281.0000   10.0000   86.3074   85.5806
282.0000   75.0000   5.7935   67.4417
283.0000   81.0000   39.1390   46.3595
284.0000   53.0000   99.5342   31.6684
285.0000   58.0000   68.2956   58.9842
286.0000   66.0000   23.1512   31.6144
287.0000   91.0000   3.6256   24.9178
288.0000   22.0000   58.3754   6.8267
289.0000   64.0000   95.5478   40.5065
290.0000   84.0000   80.2764   19.9397
291.0000   46.0000   89.3343   14.3395
292.0000   82.0000   14.8690   92.2442
293.0000   89.0000   6.3359   92.8986
294.0000   87.0000   86.9400   54.3667
295.0000   19.0000   24.7624   28.9101
296.0000   82.0000   31.2529   47.6347
297.0000   46.0000   62.3902   70.1024
298.0000   54.0000   86.3904   49.0062
299.0000   46.0000   36.9434   60.1723
300.0000   26.0000   22.1373   62.1128
301.0000   80.0000   7.7129   15.8628
302.0000   92.0000   27.6156   42.5617
303.0000   96.0000   75.1214   87.5759
304.0000   86.0000   19.5725   21.7595
305.0000   82.0000   63.8067   28.8606
306.0000   80.0000   80.2694   65.4811
307.0000   70.0000   63.1926   25.7630
308.0000   66.0000   31.7375   48.9121
309.0000   13.0000   85.4730   98.4835
310.0000   85.0000   61.8708   30.8655
311.0000   60.0000   59.3996   25.5198
312.0000   32.0000   10.9606   85.5832
313.0000   13.0000   55.0764   43.9170
314.0000   57.0000   30.9764   33.6462
315.0000   84.0000   72.8440   35.0495
316.0000   47.0000   46.2394   82.3017
317.0000   37.0000   90.4236   95.5071
318.0000   77.0000   30.6346   31.4016
319.0000   83.0000   74.4818   61.4623
320.0000   25.0000   28.9428   77.2529
321.0000   52.0000   5.8394   56.5889
322.0000   74.0000   85.1876   50.7070
323.0000   61.0000   98.9893   13.2406
324.0000   45.0000   82.5215   90.9011
325.0000   12.0000   22.2358   1.4379
326.0000   75.0000   85.6974   32.5081
327.0000   63.0000   97.9056   2.2389
328.0000   13.0000   36.5913   51.7404
329.0000   61.0000   47.9712   88.0569
330.0000   49.0000   99.7930   45.2597
331.0000   48.0000   89.6609   47.2898
332.0000   13.0000   21.2401   94.7869
333.0000   95.0000   1.2764   96.7606
334.0000   71.0000   31.5219   13.4291
335.0000   93.0000   38.4695   63.1067
336.0000   56.0000   74.0961   35.6580
337.0000   82.0000   69.1824   24.6596
338.0000   12.0000   76.0114   76.6184
339.0000   87.0000   85.5128   28.9526
340.0000   67.0000   19.9573   54.7686
341.0000   23.0000   91.9880   2.6448
342.0000   100.0000   90.6582   43.0566
343.0000   57.0000   7.1008   91.0595
344.0000   99.0000   35.0863   28.2865
345.0000   60.0000   21.1023   1.9890
346.0000   79.0000   2.8844   11.5566
347.0000   11.0000   70.4809   26.5669
348.0000   56.0000   78.1989   59.6162
349.0000   39.0000   70.5363   76.3500
350.0000   92.0000   93.3026   48.8970
351.0000   30.0000   72.6233   94.9654
352.0000   37.0000   95.5471   22.0397
353.0000   61.0000   58.8391   68.3008
354.0000   47.0000   63.9768   18.1500
355.0000   11.0000   9.8952   33.6069
356.0000   36.0000   32.7488   78.3623
357.0000   50.0000   76.1183   45.8102
358.0000   94.0000   48.3918   74.0273
359.0000   11.0000   1.2744   61.1346
360.0000   69.0000   52.4536   0.5048
361.0000   84.0000   67.4058   9.7045
362.0000   51.0000   38.3463   70.4274
363.0000   44.0000   12.5593   47.4220
364.0000   86.0000   1.4787   45.2355
365.0000   61.0000   30.0092   73.2808
366.0000   11.0000   58.9549   25.7249
367.0000   74.0000   71.5304   1.3336
368.0000   43.0000   24.9935   18.1978
369.0000   58.0000   93.8064   52.5825
370.0000   42.0000   23.6237   71.5137
371.0000   40.0000   67.3213   65.4489
372.0000   30.0000   1.4061   96.6704
373.0000   13.0000   15.1028   38.2722
374.0000   93.0000   98.1428   37.4152
375.0000   47.0000   76.0499   75.3317
376.0000   34.0000   68.3008   6.1814
377.0000   89.0000   96.2134   59.1592
378.0000   11.0000   87.0785   71.0823
379.0000   95.0000   5.0969   14.8236
380.0000   60.0000   6.4149   24.6439
381.0000   93.0000   18.7548   96.8244
382.0000   22.0000   92.4930   20.1032
383.0000   95.0000   70.5256   67.5917
384.0000   80.0000   60.0226   1.5895
385.0000   40.0000   38.3781   68.4976
386.0000   83.0000   97.4275   38.8162
387.0000   71.0000   49.1473   60.3046
388.0000   27.0000   85.6813   39.7823
389.0000   49.0000   20.9355   85.4449
390.0000   58.0000   39.2031   91.4171
391.0000   10.0000   32.1173   0.4146
392.0000   60.0000   65.9806   16.4947
393.0000   78.0000   73.6128   71.4325
394.0000   54.0000   78.1743   22.2696
395.0000   98.0000   12.0724   86.6682
396.0000   24.0000   69.0869   96.8449
397.0000   32.0000   72.0867   90.6383
398.0000   59.0000   48.7787   26.4068
399.0000   84.0000   88.6102   10.9285
400.0000   29.0000   25.1378   80.3911
401.0000   86.0000   70.2844   88.4430
402.0000   41.0000   86.1712   50.0336
403.0000   100.0000   72.8937   44.0917
404.0000   87.0000   7.7996   13.3046
405.0000   51.0000   1.5318   31.4685
406.0000   39.0000   35.7457   22.9257
407.0000   43.0000   36.0322   10.4010
408.0000   88.0000   45.0559   82.1308
409.0000   45.0000   69.1084   60.5652
410.0000   11.0000   97.5783   58.4071
411.0000   69.0000   42.6823   23.6616
412.0000   93.0000   2.8182   15.8352
413.0000   30.0000   3.4494   37.2172
414.0000   92.0000   55.6338   17.1295
415.0000   20.0000   50.0447   77.7007
416.0000   16.0000   64.2628   59.7034
417.0000   58.0000   7.5087   62.2312
418.0000   72.0000   8.8784   58.1606
419.0000   30.0000   75.5850   96.3425
420.0000   89.0000   23.9006   61.8049
421.0000   24.0000   2.4443   91.8904
422.0000   27.0000   68.6065   79.1852
423.0000   97.0000   10.3728   44.0744
424.0000   33.0000   31.8930   96.1394
425.0000   13.0000   90.3282   7.0793
426.0000   76.0000   51.5833   54.3875
427.0000   91.0000   22.3613   71.9070
428.0000   22.0000   88.2782   11.2213
429.0000   52.0000   95.5433   94.8433
430.0000   83.0000   3.3899   52.1844
431.0000   96.0000   86.2039   87.3495
432.0000   31.0000   62.8715   1.3045
433.0000   40.0000   67.5575   50.9832
434.0000   30.0000   70.2826   69.1118
435.0000   52.0000   11.4948   47.9074
436.0000   22.0000   20.1907   30.5643
437.0000   70.0000   13.6815   74.4628
438.0000   58.0000   25.7499   34.0030
439.0000   74.0000   76.3888   48.2938
440.0000   22.0000   16.1654   38.4153
441.0000   96.0000   38.3780   45.5773
442.0000   39.0000   22.0326   98.1625
443.0000   13.0000   23.7037   39.7810
444.0000   44.0000   95.3682   3.7383
445.0000   23.0000   38.6631   62.1673
446.0000   99.0000   57.0345   41.1445
447.0000   42.0000   44.7019   33.5222
448.0000   39.0000   80.1934   72.4969
449.0000   28.0000   14.5777   94.5118
450.0000   98.0000   31.7703   88.5749
