0.0000   0.0000   0.0000   0.0000
1.0000   76.0000   69.6729   7.4105
2.0000   30.0000   30.4026   68.4097
3.0000   53.0000   76.1511   64.9661
4.0000   109.0000   18.4293   74.7574
5.0000   39.0000   94.4256   44.6521
6.0000   117.0000   62.6196   98.7746
7.0000   114.0000   11.1691   22.4748
8.0000   57.0000   3.7086   9.9492
9.0000   95.0000   55.1965   98.2955
10.0000   109.0000   5.6596   13.3783
11.0000   57.0000   9.4452   72.2010
12.0000   91.0000   34.6015   58.4160
13.0000   88.0000   59.7695   40.2985
14.0000   66.0000   63.2214   34.4021
15.0000   117.0000   69.6797   40.3015
16.0000   63.0000   71.7822   78.7748
17.0000   79.0000   77.0027   19.1283
18.0000   118.0000   36.1302   77.9794
19.0000   51.0000   72.6688   74.0942
20.0000   107.0000   41.4126   78.9653
21.0000   64.0000   51.1720   21.1397
22.0000   63.0000   86.1384   56.1759
23.0000   95.0000   18.6048   10.1637
24.0000   109.0000   7.4090   64.2737
25.0000   48.0000   19.0620   42.4078
26.0000   108.0000   5.3783   26.9763
27.0000   48.0000   47.1045   11.5713
28.0000   52.0000   48.7838   93.9886
29.0000   113.0000   8.8951   41.0086
30.0000   99.0000   72.8962   68.2744
31.0000   30.0000   3.6274   8.7438
32.0000   41.0000   94.7801   48.2759
33.0000   35.0000   73.8152   9.3139
34.0000   45.0000   44.7376   82.8503
35.0000   75.0000   2.9820   72.3390
36.0000   111.0000   2.0457   71.0589
37.0000   82.0000   15.0101   3.4077
38.0000   116.0000   25.8906   87.4476
39.0000   87.0000   96.6786   61.4158
40.0000   92.0000   99.3962   28.0130
41.0000   55.0000   76.9701   51.4774
42.0000   47.0000   89.4382   80.5462
43.0000   33.0000   52.6491   3.6150
44.0000   47.0000   94.9866   85.4256
45.0000   59.0000   19.2485   43.0295
46.0000   106.0000   35.8009   0.5342
47.0000   34.0000   6.1674   66.3153
48.0000   48.0000   81.9975   27.7795
49.0000   40.0000   53.4884   75.9780
50.0000   80.0000   89.0809   24.5711
51.0000   67.0000   97.8915   98.2801
52.0000   52.0000   5.7240   72.7959
53.0000   86.0000   57.4433   83.2871
54.0000   65.0000   75.6863   54.2073
55.0000   49.0000   96.8686   49.3903
56.0000   47.0000   92.4806   11.9539
57.0000   90.0000   35.0519   20.7860
58.0000   38.0000   5.0396   15.0852
59.0000   65.0000   17.6963   85.5713
60.0000   117.0000   30.4920   62.0758
61.0000   97.0000   14.9775   72.2949
62.0000   117.0000   6.9423   35.3598
63.0000   101.0000   14.8725   63.7820
64.0000   33.0000   90.0532   11.2704
65.0000   67.0000   24.4394   89.3066
66.0000   56.0000   21.3506   8.6028
67.0000   51.0000   23.5548   71.9184
68.0000   65.0000   76.6945   21.0165
69.0000   115.0000   75.1161   12.3976
70.0000   79.0000   87.5777   92.7758
71.0000   65.0000   18.9496   58.6001
72.0000   98.0000   28.9915   16.7786
73.0000   80.0000   56.1167   95.7075
74.0000   88.0000   68.3374   15.8955
75.0000   45.0000   14.8909   79.1636
76.0000   66.0000   91.8527   92.1070
77.0000   41.0000   56.7945   21.8832
78.0000   71.0000   74.5832   75.7646
79.0000   95.0000   14.1690   27.8908
80.0000   63.0000   5.3590   84.4515
81.0000   64.0000   49.1555   64.7948
82.0000   53.0000   5.1597   24.4829
83.0000   41.0000   72.6678   49.3389
84.0000   115.0000   61.4066   99.7036
85.0000   111.0000   42.2019   64.5156
86.0000   52.0000   35.2160   9.3264
87.0000   36.0000   22.5450   67.2767
88.0000   47.0000   12.2348   37.3635
89.0000   83.0000   91.7297   42.9820
90.0000   55.0000   15.3240   18.6970
91.0000   110.0000   17.2777   5.8988
92.0000   82.0000   38.6425   49.7427
93.0000   68.0000   62.5321   81.3720
94.0000   64.0000   48.8126   69.9422
95.0000   72.0000   26.0907   87.3774
96.0000   105.0000   9.3394   42.2437
97.0000   110.0000   23.1328   85.3269
98.0000   77.0000   55.6829   7.7433
99.0000   54.0000   32.0763   74.8517
100.0000   81.0000   44.5617   82.8870
101.0000   81.0000   39.0242   36.1476
102.0000   71.0000   7.0310   7.4096
103.0000   70.0000   75.6728   56.8307
104.0000   84.0000   6.2492   35.8539
105.0000   101.0000   88.9493   59.2322
106.0000   42.0000   94.5511   56.9184
107.0000   63.0000   92.4141   41.0703
108.0000   118.0000   31.9095   41.5303
109.0000   70.0000   31.6300   75.5088
110.0000   47.0000   60.5099   66.7623
111.0000   81.0000   18.5694   95.0898
112.0000   37.0000   80.4401   13.6207
113.0000   70.0000   32.6796   65.1443
114.0000   56.0000   8.4904   90.0237
115.0000   72.0000   83.3776   25.0852
116.0000   49.0000   8.3052   31.2530
117.0000   107.0000   51.3012   84.1249
118.0000   38.0000   33.3516   22.0083
119.0000   45.0000   91.5326   83.6318
120.0000   116.0000   89.6530   55.5927
121.0000   98.0000   97.4892   62.7520
122.0000   109.0000   97.6139   11.9912
123.0000   72.0000   41.6256   5.1949
124.0000   117.0000   56.2727   17.7262
125.0000   58.0000   40.7288   95.8965
126.0000   41.0000   18.8368   69.3430
127.0000   90.0000   23.8874   82.2920
128.0000   42.0000   74.4322   93.6343
129.0000   90.0000   66.8817   12.9490
130.0000   55.0000   44.5860   20.3318
131.0000   40.0000   12.3517   74.7248
132.0000   100.0000   42.1560   55.4406
133.0000   114.0000   82.3995   72.3157
134.0000   106.0000   69.3417   69.5190
135.0000   70.0000   30.0573   67.3798
136.0000   71.0000   1.3567   28.6204
137.0000   50.0000   89.3360   54.8043
138.0000   49.0000   52.7749   69.4398
139.0000   113.0000   89.8613   63.8437
140.0000   104.0000   58.4451   6.8133
141.0000   30.0000   46.9763   75.3936
142.0000   101.0000   25.0270   40.8531
143.0000   97.0000   54.8299   90.7493
144.0000   108.0000   67.0747   3.2069
145.0000   46.0000   26.5023   74.4466
146.0000   44.0000   15.2158   88.2849
147.0000   33.0000   78.1249   18.0667
148.0000   116.0000   47.2729   46.6736
149.0000   88.0000   33.6893   17.9168
150.0000   102.0000   68.4193   83.6360
151.0000   114.0000   7.8516   87.9197
152.0000   72.0000   4.6327   73.1622
153.0000   65.0000   71.5859   74.9521
154.0000   81.0000   70.8058   92.2046
155.0000   88.0000   97.3766   59.7000
156.0000   112.0000   9.2792   70.1414
157.0000   72.0000   31.6104   83.1029
158.0000   35.0000   3.9201   15.0723
159.0000   85.0000   48.3272   26.8681
160.0000   78.0000   16.2966   53.5221
161.0000   52.0000   7.8225   9.4451
162.0000   69.0000   41.1654   93.0162
163.0000   53.0000   59.9390   63.8555
164.0000   53.0000   24.8816   55.7194
165.0000   93.0000   0.5923   61.4008
166.0000   58.0000   5.7713   96.8978
167.0000   37.0000   77.6968   46.2632
168.0000   51.0000   33.5455   84.2372
169.0000   30.0000   28.1029   18.0274
170.0000   89.0000   11.0442   56.7655
171.0000   73.0000   50.7147   13.3587
172.0000   32.0000   40.3108   41.9677
173.0000   52.0000   27.4200   12.3162
174.0000   43.0000   76.0430   56.4986
175.0000   38.0000   85.6900   49.8168
176.0000   77.0000   11.2003   52.9031
177.0000   84.0000   78.4903   15.2560
178.0000   65.0000   15.4533   67.1706
179.0000   78.0000   72.6132   6.9142
180.0000   66.0000   86.0670   91.3362
181.0000   34.0000   32.0893   85.2345
182.0000   62.0000   75.0154   50.2470
183.0000   70.0000   9.7923   8.7723
184.0000   40.0000   60.0829   17.6558
185.0000   35.0000   62.2217   69.6379
186.0000   117.0000   3.7134   99.5157
187.0000   76.0000   29.2783   72.3746
188.0000   83.0000   97.4398   85.5188
189.0000   112.0000   71.1402   56.8338
190.0000   77.0000   39.2574   96.9752
191.0000   83.0000   58.9592   42.5826
192.0000   74.0000   71.0302   41.3362
193.0000   48.0000   95.6961   76.5619
194.0000   104.0000   94.0158   85.0660
195.0000   120.0000   64.3442   20.5023
196.0000   89.0000   30.1861   22.3269
197.0000   55.0000   60.9803   66.3118
198.0000   89.0000   69.4614   89.5804
199.0000   83.0000   29.1892   30.0828
200.0000   116.0000   8.7607   89.4619
201.0000   36.0000   68.2645   99.6342
202.0000   42.0000   71.9370   5.0012
203.0000   91.0000   4.0060   79.6122
204.0000   90.0000   63.4195   79.6392
205.0000   45.0000   74.8563   44.9214
206.0000   57.0000   36.7781   7.3284
207.0000   66.0000   84.8835   61.7155
208.0000   47.0000   4.7818   63.1428
209.0000   111.0000   62.7837   84.4102
210.0000   62.0000   12.1724   18.0380
211.0000   115.0000   12.5386   11.6728
212.0000   82.0000   57.4141   67.8182
213.0000   76.0000   72.9114   78.0313
214.0000   31.0000   83.1426   42.5068
215.0000   92.0000   93.5583   93.0104
216.0000   111.0000   81.8681   45.4739
217.0000   37.0000   67.9297   33.2972
218.0000   92.0000   89.6006   72.0120
219.0000   97.0000   44.3041   19.1724
220.0000   49.0000   10.9798   34.3739
221.0000   96.0000   49.4672   8.4582
222.0000   104.0000   23.4301   29.7099
223.0000   47.0000   13.7481   19.8064
224.0000   40.0000   24.3440   14.7469
225.0000   32.0000   36.3105   82.6224
226.0000   32.0000   55.6374   32.0556
227.0000   40.0000   40.2069   69.1699
228.0000   55.0000   52.9493   97.3904
229.0000   35.0000   18.3933   95.2337
230.0000   46.0000   99.0052   50.0145
231.0000   120.0000   31.5507   50.5066
232.0000   70.0000   27.2611   12.6076
233.0000   81.0000   71.6830   7.6978
234.0000   63.0000   95.0429   39.5911
235.0000   78.0000   0.3744   31.2934
236.0000   111.0000   13.4104   91.6586
237.0000   48.0000   53.6288   48.2751
238.0000   102.0000   2.7093   68.1459
239.0000   36.0000   88.7627   9.1565
240.0000   63.0000   61.7340   82.9189
241.0000   77.0000   19.6192   33.8844
242.0000   47.0000   85.5747   97.4194
243.0000   78.0000   15.2186   13.0381
244.0000   77.0000   44.5489   58.3306
245.0000   106.0000   41.3329   86.2306
246.0000   35.0000   51.4532   40.2172
247.0000   99.0000   56.8871   41.5803
248.0000   38.0000   43.4231   61.9278
249.0000   106.0000   74.3927   31.8660
250.0000   66.0000   99.5881   27.6625
251.0000   44.0000   3.6265   90.2110
252.0000   68.0000   28.3607   62.8540
253.0000   76.0000   54.3186   37.1513
254.0000   99.0000   68.4725   12.8604
255.0000   32.0000   89.3297   1.1784
256.0000   55.0000   0.4530   43.2325
257.0000   103.0000   36.7379   19.0391
258.0000   96.0000   24.9843   20.0650
259.0000   75.0000   15.6588   62.9958
260.0000   83.0000   99.9921   93.0429
261.0000   112.0000   57.3941   76.0086
262.0000   104.0000   61.3460   18.6325
263.0000   82.0000   35.0850   42.1978
264.0000   113.0000   78.1244   90.3601
265.0000   112.0000   13.4301   54.1805
266.0000   53.0000   71.9759   18.1328
267.0000   75.0000   49.5218   78.6805
268.0000   110.0000   53.8895   85.6012
269.0000   44.0000   97.8915   98.3043
270.0000   74.0000   88.8417   58.0537
271.0000   51.0000   43.6284   11.1958
272.0000   87.0000   75.0434   43.6357
273.0000   84.0000   19.1923   49.1695
274.0000   71.0000   38.1774   75.8142
275.0000   62.0000   41.6004   23.5430
276.0000   114.0000   76.9694   59.8329
277.0000   45.0000   87.2815   50.4967
278.0000   39.0000   4.9523   79.7998
279.0000   79.0000   72.8578   61.2572
280.0000   57.0000   20.8719   29.0144
281.0000   46.0000   91.6262   85.7539
282.0000   40.0000   90.4657   79.1832
283.0000   107.0000   75.1195   75.1555
284.0000   117.0000   11.3853   36.6738
285.0000   40.0000   72.9891   39.0120
286.0000   60.0000   65.4027   62.1326
287.0000   67.0000   84.0952   73.2843
288.0000   49.0000   66.8256   93.0315
289.0000   62.0000   10.1981   29.0757
290.0000   75.0000   77.4333   8.9360
291.0000   44.0000   48.4018   53.8206
292.0000   56.0000   9.7244   62.3321
293.0000   119.0000   50.9571   19.6895
294.0000   55.0000   18.1374   33.7631
295.0000   44.0000   20.5068   12.1177
296.0000   55.0000   43.4678   83.9892
297.0000   93.0000   53.0591   72.8791
298.0000   80.0000   58.7636   18.0453
299.0000   119.0000   72.6177   70.9311
300.0000   101.0000   7.6166   89.1452
301.0000   73.0000   2.8486   3.1602
302.0000   58.0000   58.5178   32.0936
303.0000   44.0000   65.9619   17.5028
304.0000   100.0000   73.0339   42.6108
305.0000   37.0000   54.6505   39.4574
306.0000   83.0000   91.8627   49.5707
307.0000   81.0000   42.3543   19.4011
308.0000   55.0000   9.7366   74.1249
309.0000   82.0000   72.2386   33.9365
310.0000   79.0000   72.2241   6.8617
311.0000   111.0000   0.9028   31.3431
312.0000   94.0000   62.8603   88.7561
313.0000   100.0000   75.9576   99.2070
314.0000   59.0000   0.3874   8.6289
315.0000   109.0000   56.0608   90.5738
316.0000   109.0000   28.3541   92.4573
317.0000   111.0000   35.2584   2.3917
318.0000   112.0000   70.4146   99.8961
319.0000   81.0000   8.6607   37.3426
320.0000   112.0000   36.2785   4.4322
321.0000   55.0000   97.5059   99.0621
322.0000   86.0000   71.4044   91.6911
323.0000   36.0000   99.6994   20.2767
324.0000   94.0000   76.7586   28.4286
325.0000   72.0000   77.0250   78.6767
326.0000   66.0000   24.9484   33.5663
327.0000   84.0000   9.2772   82.4711
328.0000   112.0000   44.0598   62.3300
329.0000   89.0000   93.2841   76.0023
330.0000   58.0000   42.2788   63.3242
331.0000   80.0000   3.1146   11.4653
332.0000   39.0000   16.9266   12.9491
333.0000   101.0000   72.3717   26.2425
334.0000   97.0000   71.0315   80.8682
335.0000   72.0000   15.1542   92.1140
336.0000   107.0000   55.5096   93.7118
337.0000   36.0000   50.4176   2.2470
338.0000   42.0000   43.8420   68.0234
339.0000   41.0000   76.8377   71.0101
340.0000   45.0000   56.8766   21.4899
341.0000   83.0000   2.0863   64.2416
342.0000   75.0000   47.1197   12.8520
343.0000   95.0000   67.0459   68.8476
344.0000   94.0000   64.7848   25.8202
345.0000   116.0000   99.3852   94.3494
346.0000   104.0000   84.5012   21.7483
347.0000   80.0000   2.0011   12.3619
348.0000   73.0000   40.4387   96.3269
349.0000   74.0000   9.1649   85.5268
350.0000   34.0000   94.6276   94.0445
