0.0000   0.0000   25.0000   25.0000
1.0000   138.0000   9.5095   11.0508
2.0000   98.0000   44.4934   44.0088
3.0000   96.0000   18.5660   19.6036
4.0000   146.0000   30.3452   1.9274
5.0000   81.0000   9.6457   25.1648
6.0000   150.0000   11.5486   24.6422
7.0000   101.0000   42.8925   47.9666
8.0000   123.0000   30.5222   9.6031
9.0000   83.0000   28.7838   49.9007
10.0000   136.0000   46.8990   24.5861
11.0000   74.0000   22.8224   36.1542
12.0000   66.0000   32.6232   14.0508
13.0000   115.0000   24.1342   2.5327
14.0000   69.0000   11.6168   0.9151
15.0000   83.0000   20.9952   28.7924
16.0000   65.0000   19.5164   40.5820
17.0000   92.0000   19.7427   25.6506
18.0000   83.0000   15.4410   41.5589
19.0000   69.0000   16.7028   40.9745
20.0000   60.0000   31.1633   29.9355
21.0000   105.0000   21.7477   37.7330
22.0000   147.0000   38.8773   13.0441
23.0000   137.0000   24.2063   16.8525
24.0000   69.0000   4.0281   43.4313
25.0000   115.0000   38.0656   8.1423
26.0000   133.0000   4.3573   46.2548
27.0000   112.0000   41.8856   24.6130
28.0000   119.0000   8.9700   28.4149
29.0000   121.0000   43.9141   22.3395
30.0000   123.0000   41.7352   20.8980
31.0000   85.0000   43.2973   36.6837
32.0000   92.0000   30.3617   36.9892
33.0000   79.0000   23.6257   38.3155
34.0000   125.0000   24.0608   49.2428
35.0000   65.0000   48.1988   44.0252
36.0000   97.0000   10.6666   47.7924
37.0000   149.0000   11.5279   44.8784
38.0000   119.0000   19.5689   16.3348
39.0000   75.0000   38.6532   35.5994
40.0000   90.0000   38.8040   10.9950
41.0000   74.0000   48.5469   44.1826
42.0000   121.0000   19.4738   30.4285
43.0000   108.0000   2.4736   0.8867
44.0000   87.0000   36.8591   38.3793
45.0000   114.0000   12.0621   25.2520
46.0000   123.0000   29.6760   7.1467
47.0000   135.0000   17.6281   10.6533
48.0000   116.0000   22.2582   35.6317
49.0000   101.0000   14.9910   38.7303
50.0000   77.0000   20.6710   35.0436
51.0000   113.0000   49.9543   31.7220
52.0000   109.0000   9.3471   13.7867
53.0000   122.0000   6.8479   3.1845
54.0000   80.0000   24.6377   32.5951
55.0000   97.0000   39.8393   25.4901
56.0000   142.0000   21.0260   11.7413
57.0000   115.0000   33.1486   14.7756
58.0000   96.0000   9.3058   27.3575
59.0000   103.0000   16.2651   38.0746
60.0000   138.0000   1.9100   3.4046
61.0000   132.0000   23.8335   0.3516
62.0000   78.0000   8.8207   25.0775
63.0000   127.0000   5.3790   21.7642
64.0000   131.0000   36.9418   31.6831
65.0000   119.0000   18.4720   40.1399
66.0000   90.0000   45.2301   21.9136
67.0000   109.0000   10.2664   26.3479
68.0000   73.0000   12.1262   9.8294
69.0000   90.0000   39.2484   43.6408
70.0000   142.0000   8.3072   18.5419
71.0000   145.0000   27.7129   23.1680
72.0000   142.0000   25.3323   0.4047
73.0000   100.0000   33.6502   16.2166
74.0000   142.0000   37.9011   17.6813
75.0000   90.0000   14.2272   38.6274
76.0000   62.0000   35.1212   40.5046
77.0000   132.0000   5.9277   21.8022
78.0000   115.0000   6.3241   10.0417
79.0000   132.0000   27.5361   27.0335
80.0000   88.0000   7.5026   45.1305
81.0000   91.0000   2.3009   14.9853
82.0000   132.0000   10.4230   29.7525
83.0000   83.0000   40.7808   38.7506
84.0000   146.0000   24.8725   11.2416
85.0000   62.0000   49.8216   49.9260
86.0000   73.0000   34.0792   11.9600
87.0000   143.0000   14.7414   1.2368
88.0000   76.0000   17.1108   42.7524
89.0000   100.0000   47.0573   17.2787
90.0000   82.0000   33.0897   49.1490
91.0000   148.0000   3.1331   21.2446
92.0000   62.0000   30.5514   41.4193
93.0000   101.0000   11.5022   31.0194
94.0000   136.0000   42.8698   29.7807
95.0000   132.0000   8.9243   39.6337
96.0000   104.0000   21.8114   16.8601
97.0000   114.0000   43.6792   44.8204
98.0000   99.0000   31.2492   37.9479
99.0000   75.0000   2.4978   38.5331
100.0000   115.0000   7.6178   44.5443
