0.0000   0.0000   50.0000   50.0000
1.0000   49.0000   49.2797   67.1925
2.0000   27.0000   29.0776   96.9911
3.0000   25.0000   98.3214   65.3923
4.0000   36.0000   43.6785   61.0156
5.0000   97.0000   18.5906   89.9328
6.0000   63.0000   48.3635   3.5576
7.0000   38.0000   19.4737   61.2638
8.0000   109.0000   10.5126   94.6592
9.0000   100.0000   98.8493   38.4934
10.0000   63.0000   91.0828   86.7812
11.0000   92.0000   77.9038   17.2412
12.0000   54.0000   15.5982   29.2953
13.0000   32.0000   62.2547   50.8334
14.0000   75.0000   14.2839   6.1017
15.0000   93.0000   76.0821   91.9510
16.0000   86.0000   52.1143   26.8409
17.0000   96.0000   70.2426   72.5283
18.0000   91.0000   59.4576   46.5892
19.0000   105.0000   24.0527   85.7094
20.0000   103.0000   96.1101   64.2244
21.0000   22.0000   36.1110   71.9264
22.0000   100.0000   16.2452   83.2377
23.0000   62.0000   54.9750   70.9399
24.0000   82.0000   91.6161   60.9858
25.0000   96.0000   2.7556   16.5554
26.0000   37.0000   57.8556   43.4374
27.0000   11.0000   31.9102   83.1838
28.0000   78.0000   8.0420   57.5320
29.0000   10.0000   15.0972   51.1352
30.0000   76.0000   58.7617   89.4674
31.0000   48.0000   67.6680   5.5548
32.0000   34.0000   52.5206   33.4937
33.0000   31.0000   31.5180   90.8290
34.0000   118.0000   38.3188   36.9445
35.0000   101.0000   1.7422   43.1387
36.0000   39.0000   83.0861   46.3686
37.0000   62.0000   89.2493   15.7509
38.0000   57.0000   42.9725   72.5712
39.0000   10.0000   46.9495   41.1001
40.0000   14.0000   67.5708   98.2836
41.0000   46.0000   91.6802   99.4127
42.0000   29.0000   49.1766   92.7109
43.0000   53.0000   65.8197   88.1375
44.0000   92.0000   26.3848   73.5349
45.0000   41.0000   57.5354   85.9646
46.0000   23.0000   62.9682   34.4108
47.0000   44.0000   7.0547   62.8649
48.0000   65.0000   75.1944   37.1305
49.0000   21.0000   54.4726   21.6958
50.0000   47.0000   43.5515   60.7603
