0.0000   0.0000   0.0000   0.0000
1.0000   95.0000   11.2998   49.5352
2.0000   107.0000   38.4530   39.4267
3.0000   58.0000   66.2562   52.8569
4.0000   112.0000   41.1912   87.9787
5.0000   48.0000   42.3692   74.4285
6.0000   83.0000   79.9940   75.8872
7.0000   46.0000   99.4989   34.6796
8.0000   96.0000   48.1625   81.2881
9.0000   36.0000   4.5889   31.0082
10.0000   109.0000   83.1324   83.2421
11.0000   90.0000   65.8755   25.0765
12.0000   89.0000   81.1535   84.4119
13.0000   114.0000   10.9944   90.9113
14.0000   106.0000   41.1814   45.4951
15.0000   52.0000   27.7144   70.1859
16.0000   39.0000   76.6858   18.2719
17.0000   111.0000   37.6729   77.4244
18.0000   110.0000   83.5890   66.2815
19.0000   114.0000   77.1333   79.1643
20.0000   52.0000   87.7817   80.4711
21.0000   44.0000   16.1246   62.3490
22.0000   33.0000   58.1068   90.1684
23.0000   115.0000   68.3568   67.2283
24.0000   61.0000   14.1946   61.1913
25.0000   33.0000   4.0372   92.2627
26.0000   38.0000   68.3190   93.8259
27.0000   64.0000   40.7935   80.3655
28.0000   71.0000   55.9663   23.0218
29.0000   35.0000   99.0084   10.3186
30.0000   62.0000   78.0119   17.4739
31.0000   39.0000   43.7067   9.5355
32.0000   49.0000   92.8038   87.2367
33.0000   82.0000   83.4206   47.2999
34.0000   110.0000   38.1836   93.8662
35.0000   45.0000   20.1709   86.0010
36.0000   51.0000   95.4840   51.3210
37.0000   89.0000   46.6152   62.7933
38.0000   107.0000   59.8550   41.7394
39.0000   49.0000   16.8163   20.9464
40.0000   83.0000   87.8843   35.7279
41.0000   93.0000   23.9142   53.0267
42.0000   39.0000   52.1683   55.5430
43.0000   120.0000   41.5450   66.6941
44.0000   46.0000   0.0918   11.3676
45.0000   84.0000   77.1669   90.6337
46.0000   32.0000   76.5829   26.8742
47.0000   40.0000   36.7930   35.0912
48.0000   39.0000   60.1277   63.2186
49.0000   78.0000   6.5766   46.8457
50.0000   79.0000   80.5559   85.9465
51.0000   117.0000   45.0866   54.0593
52.0000   88.0000   18.6083   9.3913
53.0000   94.0000   74.4878   30.7556
54.0000   70.0000   21.3013   84.2069
55.0000   106.0000   20.1397   93.3889
56.0000   44.0000   15.5866   11.1350
57.0000   68.0000   36.2213   26.8760
58.0000   117.0000   74.2135   70.2109
59.0000   50.0000   40.3078   24.6093
60.0000   81.0000   74.9858   92.4243
61.0000   41.0000   64.3549   68.9678
62.0000   101.0000   80.9233   12.7490
63.0000   63.0000   89.2140   31.2343
64.0000   63.0000   98.7198   98.3633
65.0000   58.0000   56.8110   38.5004
66.0000   38.0000   82.4053   90.2367
67.0000   116.0000   61.1472   27.8108
68.0000   58.0000   96.6169   9.6719
69.0000   83.0000   59.3456   64.0420
70.0000   75.0000   54.9565   81.8292
71.0000   34.0000   5.6887   72.3714
72.0000   50.0000   6.5926   42.3497
73.0000   39.0000   12.0945   67.2613
74.0000   114.0000   4.6857   34.0109
75.0000   50.0000   23.8870   23.0240
