0.0000   0.0000   0.0000   0.0000
1.0000   86.0000   5.0760   2.2559
2.0000   85.0000   25.9968   48.3638
3.0000   99.0000   27.7312   35.3137
4.0000   88.0000   6.4034   2.6958
5.0000   115.0000   22.3374   2.7356
6.0000   140.0000   0.7698   41.5227
7.0000   144.0000   21.3517   36.4175
8.0000   98.0000   18.7764   1.5013
9.0000   118.0000   43.4558   30.7140
10.0000   66.0000   44.3350   26.7607
11.0000   124.0000   17.9299   45.8686
12.0000   125.0000   10.8326   44.2337
13.0000   94.0000   32.1393   8.1462
14.0000   137.0000   18.6257   21.7141
15.0000   83.0000   37.4062   47.9273
16.0000   140.0000   5.1630   26.3789
17.0000   71.0000   44.4455   7.8992
18.0000   131.0000   13.3421   30.4353
19.0000   84.0000   45.5509   34.6508
20.0000   94.0000   25.0164   5.5349
21.0000   113.0000   28.2702   16.0743
22.0000   113.0000   4.0237   35.8167
23.0000   63.0000   9.4742   32.6762
24.0000   96.0000   44.0897   26.9565
25.0000   139.0000   48.6143   26.5754
26.0000   117.0000   33.7613   31.8788
27.0000   113.0000   0.0773   24.4640
28.0000   108.0000   24.3178   31.1142
29.0000   63.0000   39.8809   46.8492
30.0000   62.0000   17.9514   22.1113
31.0000   112.0000   41.1744   10.4139
32.0000   123.0000   49.3959   19.0675
33.0000   82.0000   49.3489   6.8458
34.0000   80.0000   43.6601   34.9396
35.0000   100.0000   48.8388   14.3274
36.0000   65.0000   26.9325   40.3397
37.0000   120.0000   14.4839   19.9542
38.0000   92.0000   39.3164   46.2947
39.0000   118.0000   8.7803   14.0814
40.0000   145.0000   41.6188   29.4095
41.0000   113.0000   15.9725   12.4231
42.0000   138.0000   49.2104   25.8997
43.0000   129.0000   24.9833   35.3209
44.0000   73.0000   20.9602   25.8069
45.0000   87.0000   43.2670   43.7640
46.0000   90.0000   46.2246   45.4363
47.0000   81.0000   8.1068   12.8819
48.0000   96.0000   15.3304   39.1238
49.0000   115.0000   24.1117   18.2658
50.0000   127.0000   14.4238   5.8306
51.0000   122.0000   41.2164   34.3929
52.0000   107.0000   29.0873   16.5206
53.0000   85.0000   11.7199   25.9155
54.0000   89.0000   38.4204   30.4526
55.0000   134.0000   9.7287   49.8728
56.0000   106.0000   18.4189   35.8941
57.0000   89.0000   25.2941   35.0294
58.0000   67.0000   34.4104   6.9966
59.0000   76.0000   7.5486   25.4178
60.0000   109.0000   21.8236   24.5108
61.0000   103.0000   13.6952   15.7893
62.0000   136.0000   27.4588   36.8619
63.0000   74.0000   0.4239   11.0847
64.0000   148.0000   5.5255   32.5018
65.0000   108.0000   24.8763   30.0825
66.0000   60.0000   15.8511   4.0580
67.0000   115.0000   19.1677   12.8781
68.0000   94.0000   38.9226   43.4925
69.0000   131.0000   8.2561   16.2979
70.0000   109.0000   9.2163   17.6962
71.0000   70.0000   39.3934   16.5913
72.0000   110.0000   5.4052   0.2610
73.0000   85.0000   11.6117   15.7525
74.0000   143.0000   34.1739   6.8433
75.0000   62.0000   21.1056   46.6147
