0.0000   0.0000   0.0000   0.0000
1.0000   139.0000   20.3906   1.5348
2.0000   72.0000   10.3455   36.2635
3.0000   95.0000   39.6852   7.1996
4.0000   60.0000   40.7489   1.3895
5.0000   66.0000   43.9729   2.2434
6.0000   79.0000   16.5213   11.1532
7.0000   121.0000   19.8437   28.9568
8.0000   74.0000   2.5709   38.6818
9.0000   123.0000   43.7973   13.5292
10.0000   136.0000   34.3703   25.8956
11.0000   76.0000   17.8328   35.2040
12.0000   120.0000   28.1062   48.4152
13.0000   123.0000   36.9608   26.9724
14.0000   137.0000   9.2439   41.2608
15.0000   108.0000   23.1846   9.7144
16.0000   59.0000   27.9038   13.3214
17.0000   80.0000   45.0698   16.0849
18.0000   128.0000   5.6160   18.0087
19.0000   70.0000   10.9232   30.2778
20.0000   58.0000   24.5481   42.9875
21.0000   140.0000   16.9834   30.8445
22.0000   109.0000   26.0036   0.3307
23.0000   109.0000   4.4960   16.2781
24.0000   82.0000   20.8641   21.6732
25.0000   67.0000   5.5788   34.0960
26.0000   116.0000   41.6058   20.4848
27.0000   130.0000   20.4857   24.3945
28.0000   74.0000   45.2726   43.6089
29.0000   68.0000   12.2682   31.6285
30.0000   74.0000   12.7922   23.8644
31.0000   113.0000   41.6685   3.5618
32.0000   102.0000   5.5444   38.9864
33.0000   130.0000   11.4673   49.4679
34.0000   105.0000   47.8896   24.3365
35.0000   130.0000   22.6488   35.1222
36.0000   79.0000   8.6274   43.6461
37.0000   121.0000   21.2523   4.3336
38.0000   85.0000   47.3097   35.8923
39.0000   71.0000   29.9959   2.0139
40.0000   89.0000   24.9033   0.7822
41.0000   79.0000   38.9158   36.5409
42.0000   101.0000   3.2140   30.9287
43.0000   113.0000   9.1413   23.5958
44.0000   53.0000   40.6180   38.5624
45.0000   76.0000   2.6361   12.3286
46.0000   86.0000   3.9479   49.2879
47.0000   137.0000   29.6494   36.7956
48.0000   78.0000   48.5967   30.5499
49.0000   124.0000   6.2975   9.0147
50.0000   92.0000   17.2818   13.0881
51.0000   104.0000   5.6701   11.4903
52.0000   113.0000   47.3798   7.8922
53.0000   134.0000   5.6534   25.8695
54.0000   55.0000   33.1649   19.2320
55.0000   90.0000   7.3502   23.1964
56.0000   124.0000   13.4636   28.7059
57.0000   121.0000   8.9186   27.0805
58.0000   62.0000   10.5462   15.3052
59.0000   92.0000   15.8286   20.0268
60.0000   72.0000   20.4615   3.8324
61.0000   104.0000   34.5364   47.6495
62.0000   132.0000   36.8328   15.5158
63.0000   77.0000   25.0081   25.8846
64.0000   60.0000   5.4576   47.8154
65.0000   65.0000   35.9399   19.0978
66.0000   131.0000   32.3338   47.0895
67.0000   116.0000   37.4869   6.8875
68.0000   130.0000   30.8566   10.8580
69.0000   108.0000   8.8371   12.6256
70.0000   79.0000   11.8507   31.7153
71.0000   123.0000   27.6220   26.8268
72.0000   139.0000   48.5778   7.2531
73.0000   112.0000   27.2850   35.7351
74.0000   137.0000   18.3815   41.8449
75.0000   78.0000   20.8286   17.5752
76.0000   126.0000   48.5977   33.6879
77.0000   86.0000   40.4237   28.2358
78.0000   104.0000   30.4741   37.8151
79.0000   50.0000   11.6500   45.5156
80.0000   126.0000   31.8907   15.7545
81.0000   52.0000   31.7713   49.4172
82.0000   130.0000   30.7167   24.0482
83.0000   71.0000   9.5051   31.0783
84.0000   78.0000   37.7158   28.1001
85.0000   117.0000   29.4248   42.7767
86.0000   96.0000   17.6374   25.8390
87.0000   114.0000   5.9192   38.9908
88.0000   115.0000   19.7733   32.7305
89.0000   57.0000   8.6475   8.1801
90.0000   122.0000   8.9101   35.8968
91.0000   91.0000   13.0817   21.3585
92.0000   65.0000   6.0277   16.0906
93.0000   74.0000   13.1470   16.7541
94.0000   53.0000   20.6214   37.2787
95.0000   137.0000   36.5654   29.2259
96.0000   105.0000   41.0266   12.6401
97.0000   122.0000   48.6720   0.7590
98.0000   93.0000   2.5264   46.0378
99.0000   102.0000   32.4519   18.4115
100.0000   118.0000   10.0583   43.6932
101.0000   105.0000   18.2856   13.8032
102.0000   97.0000   14.1990   32.4367
103.0000   54.0000   36.8132   36.3072
104.0000   50.0000   8.6439   49.5320
105.0000   86.0000   0.9363   5.3958
106.0000   83.0000   15.8548   15.3193
107.0000   128.0000   36.3702   35.1052
108.0000   69.0000   18.4609   12.1732
109.0000   65.0000   22.9775   12.1781
110.0000   118.0000   5.1632   34.0765
111.0000   104.0000   38.8593   26.5074
112.0000   82.0000   10.8773   16.3951
113.0000   134.0000   33.9973   0.4255
114.0000   79.0000   48.7192   41.0145
115.0000   124.0000   14.7849   47.8835
116.0000   75.0000   43.0118   0.2926
117.0000   93.0000   42.8536   2.7184
118.0000   100.0000   24.6741   22.8763
119.0000   133.0000   36.7170   25.9196
120.0000   109.0000   46.3632   10.4902
121.0000   52.0000   36.8828   39.8280
122.0000   116.0000   36.3340   5.0842
123.0000   70.0000   47.1671   36.7060
124.0000   119.0000   36.8915   46.4974
125.0000   138.0000   46.4636   33.8176
126.0000   56.0000   24.3272   47.6309
127.0000   51.0000   9.5952   41.6357
128.0000   106.0000   45.9586   29.4178
129.0000   106.0000   28.0068   4.0261
130.0000   100.0000   11.7776   36.8250
131.0000   117.0000   27.0824   9.5230
132.0000   50.0000   26.7266   49.9640
133.0000   61.0000   13.6353   27.2263
134.0000   113.0000   30.1845   36.8518
135.0000   76.0000   34.2190   36.6182
136.0000   77.0000   4.5984   7.9504
137.0000   111.0000   0.9200   20.7470
138.0000   67.0000   6.8975   25.3218
139.0000   108.0000   4.5632   34.1257
140.0000   83.0000   12.8787   49.9463
141.0000   125.0000   0.4842   40.4594
142.0000   60.0000   23.9739   31.5108
143.0000   140.0000   6.4036   22.9743
144.0000   72.0000   49.1738   8.5025
145.0000   131.0000   22.3059   49.4891
146.0000   78.0000   39.1612   15.6529
147.0000   90.0000   42.2524   13.7792
148.0000   72.0000   21.3168   6.7916
149.0000   52.0000   49.7461   16.7453
150.0000   74.0000   48.6886   14.5016
151.0000   86.0000   6.7048   41.5303
152.0000   82.0000   19.7880   9.0170
153.0000   127.0000   6.5922   22.8664
154.0000   74.0000   20.8912   1.8906
155.0000   137.0000   49.5033   38.8321
156.0000   82.0000   20.8915   23.4011
157.0000   125.0000   28.4958   20.6089
158.0000   128.0000   43.9759   4.7262
159.0000   65.0000   36.8845   3.6585
160.0000   68.0000   18.8439   3.9948
161.0000   94.0000   9.2732   38.1996
162.0000   95.0000   28.7390   35.6029
163.0000   116.0000   14.8667   7.0380
164.0000   99.0000   27.5077   11.9253
165.0000   96.0000   22.8149   26.3756
166.0000   78.0000   3.2326   33.2130
167.0000   67.0000   16.4511   8.5769
168.0000   79.0000   17.5499   45.8968
169.0000   128.0000   36.8651   39.9025
170.0000   60.0000   24.8914   2.1562
171.0000   109.0000   46.0586   14.7061
172.0000   102.0000   38.6716   31.2357
173.0000   88.0000   28.8248   33.0469
174.0000   111.0000   36.9790   38.9314
175.0000   101.0000   9.3336   15.1829
176.0000   136.0000   30.0656   31.7086
177.0000   87.0000   33.3333   34.7258
178.0000   82.0000   10.1698   34.2934
179.0000   112.0000   24.7653   13.9724
180.0000   74.0000   28.0970   14.2171
181.0000   81.0000   7.3613   41.7381
182.0000   104.0000   39.3159   27.4150
183.0000   85.0000   28.2083   14.4743
184.0000   50.0000   30.1433   10.6445
185.0000   67.0000   44.7684   22.0367
186.0000   60.0000   30.4332   3.0754
187.0000   139.0000   13.4428   47.8823
188.0000   106.0000   9.8774   37.5925
189.0000   138.0000   13.9428   19.1944
190.0000   115.0000   17.3437   42.3550
191.0000   127.0000   18.8636   26.1853
192.0000   93.0000   5.3056   31.7018
193.0000   114.0000   20.6186   24.0371
194.0000   57.0000   43.1063   23.1832
195.0000   97.0000   38.8589   40.0032
196.0000   129.0000   11.8067   7.9935
197.0000   64.0000   22.6444   28.0099
198.0000   53.0000   42.1876   5.7771
199.0000   54.0000   11.5894   29.8778
200.0000   119.0000   12.4858   48.7302
201.0000   108.0000   21.1537   5.4716
202.0000   105.0000   0.4965   49.6159
203.0000   95.0000   43.4140   34.4618
204.0000   104.0000   2.9641   2.6842
205.0000   63.0000   35.1802   47.2764
206.0000   74.0000   36.5442   27.2994
207.0000   84.0000   32.0026   7.6190
208.0000   77.0000   17.1905   9.2532
209.0000   115.0000   4.5861   49.7990
210.0000   52.0000   0.0477   22.6490
211.0000   136.0000   20.6399   43.8183
212.0000   97.0000   27.7646   2.2828
213.0000   137.0000   16.2290   3.2411
214.0000   105.0000   39.2612   28.9754
215.0000   76.0000   26.7429   44.6856
216.0000   124.0000   2.5062   34.1167
217.0000   58.0000   15.4995   11.0386
218.0000   120.0000   19.2250   31.9726
219.0000   124.0000   13.2662   8.1174
220.0000   140.0000   27.3015   9.4472
221.0000   95.0000   33.7955   14.7892
222.0000   119.0000   15.4163   12.3274
223.0000   132.0000   27.0077   48.0556
224.0000   113.0000   35.6156   1.9176
225.0000   53.0000   26.9127   1.5740
226.0000   89.0000   1.2989   15.3714
227.0000   56.0000   42.1343   12.2422
228.0000   68.0000   13.2836   23.7307
229.0000   58.0000   23.4140   37.8405
230.0000   65.0000   24.5825   42.8960
231.0000   131.0000   16.0155   22.4382
232.0000   84.0000   16.8379   22.4602
233.0000   55.0000   19.7063   15.2486
234.0000   122.0000   7.3896   1.8919
235.0000   136.0000   2.8413   31.0187
236.0000   115.0000   40.4208   49.5429
237.0000   52.0000   12.1987   31.0932
238.0000   87.0000   21.7854   33.8602
239.0000   64.0000   18.7197   26.7249
240.0000   83.0000   5.2416   24.0911
241.0000   93.0000   33.2414   7.8085
242.0000   59.0000   14.7746   36.2953
243.0000   109.0000   13.5608   2.9017
244.0000   133.0000   45.2988   35.7697
245.0000   82.0000   29.7647   12.7445
246.0000   74.0000   25.0205   35.1981
247.0000   90.0000   31.3305   42.1400
248.0000   90.0000   15.0556   49.6213
249.0000   131.0000   35.1838   3.4059
250.0000   120.0000   34.8493   0.7011
