0.0000   0.0000   0.0000   0.0000
1.0000   97.0000   24.7208   24.1559
2.0000   93.0000   2.5394   36.0495
3.0000   94.0000   31.9817   39.1961
4.0000   132.0000   4.1264   45.4460
5.0000   117.0000   43.2781   28.0571
6.0000   86.0000   37.3123   36.5784
7.0000   113.0000   30.7445   11.2450
8.0000   72.0000   20.8199   10.8034
9.0000   98.0000   27.4684   12.5532
10.0000   60.0000   31.3671   3.9292
11.0000   85.0000   25.2621   42.7534
12.0000   63.0000   6.2581   10.3058
13.0000   114.0000   31.2560   39.7149
14.0000   86.0000   23.9295   2.0296
15.0000   110.0000   15.9497   12.1863
16.0000   56.0000   47.5771   31.5321
17.0000   62.0000   1.6712   7.5785
18.0000   71.0000   5.4671   1.8824
19.0000   105.0000   10.4723   33.1612
20.0000   83.0000   49.7023   6.8593
21.0000   70.0000   34.8053   46.0092
22.0000   102.0000   25.0972   27.0325
23.0000   110.0000   27.9420   34.1317
24.0000   134.0000   11.7229   35.8810
25.0000   127.0000   0.0396   2.4365
26.0000   88.0000   45.8282   48.3165
27.0000   92.0000   4.5819   35.4187
28.0000   98.0000   33.0153   22.2876
29.0000   102.0000   15.5851   44.6713
30.0000   105.0000   28.8606   27.7282
31.0000   84.0000   19.2735   33.7775
32.0000   80.0000   37.0312   15.3571
33.0000   54.0000   4.3630   37.7496
34.0000   128.0000   4.6445   44.3951
35.0000   92.0000   18.4564   32.7587
36.0000   117.0000   14.5097   12.2806
37.0000   74.0000   6.1353   32.6796
38.0000   75.0000   33.2065   2.4142
39.0000   70.0000   47.3505   0.3738
40.0000   122.0000   10.2947   38.3693
41.0000   68.0000   42.7275   8.0121
42.0000   66.0000   38.2984   23.1455
43.0000   136.0000   37.0080   33.3465
44.0000   122.0000   33.9029   2.1801
45.0000   93.0000   14.7441   31.4297
46.0000   123.0000   22.2404   26.8711
47.0000   64.0000   11.1815   2.9722
48.0000   132.0000   24.6252   29.0299
49.0000   121.0000   39.4374   45.9142
50.0000   101.0000   34.4847   9.0456
51.0000   91.0000   12.0093   2.6944
52.0000   86.0000   28.8241   28.3251
53.0000   86.0000   3.1930   27.1812
54.0000   110.0000   31.6982   42.4810
55.0000   132.0000   45.4104   24.4309
56.0000   50.0000   25.2300   34.4895
57.0000   123.0000   39.8384   9.9922
58.0000   98.0000   22.0156   39.8049
59.0000   87.0000   29.1704   46.9089
60.0000   89.0000   1.6222   31.7907
61.0000   111.0000   4.9921   45.9008
62.0000   127.0000   37.5382   40.8309
63.0000   68.0000   16.8969   12.9769
64.0000   105.0000   21.2034   28.6849
65.0000   56.0000   24.6835   21.0067
66.0000   104.0000   14.6432   32.7022
67.0000   110.0000   24.1341   47.1610
68.0000   58.0000   44.4956   1.5955
69.0000   110.0000   11.1728   21.2291
70.0000   57.0000   29.0942   27.9287
71.0000   109.0000   18.4192   21.1353
72.0000   135.0000   10.9516   29.5593
73.0000   62.0000   20.0790   34.7706
74.0000   68.0000   49.8660   3.4203
75.0000   105.0000   48.3845   48.9390
76.0000   90.0000   2.5343   27.7988
77.0000   67.0000   13.1549   39.0674
78.0000   92.0000   32.2908   48.4049
79.0000   98.0000   15.0019   49.2144
80.0000   106.0000   41.5326   38.9798
81.0000   104.0000   25.2225   46.0234
82.0000   57.0000   16.7432   21.6415
83.0000   115.0000   45.8064   40.2645
84.0000   126.0000   0.8185   12.0612
85.0000   60.0000   46.7326   2.3318
86.0000   78.0000   33.0257   39.3261
87.0000   135.0000   6.5278   41.9675
88.0000   126.0000   42.8087   47.0952
89.0000   50.0000   24.8156   29.8859
90.0000   116.0000   9.6492   47.3533
91.0000   80.0000   36.0589   48.1727
92.0000   122.0000   2.3944   18.9515
93.0000   124.0000   33.5996   5.1464
94.0000   92.0000   42.3972   41.7983
95.0000   80.0000   5.2125   36.1839
96.0000   105.0000   42.1639   41.8387
97.0000   96.0000   34.9715   15.8521
98.0000   78.0000   31.9043   27.4439
99.0000   102.0000   31.4388   28.5602
100.0000   63.0000   43.4092   12.5824
101.0000   134.0000   7.3227   40.2166
102.0000   70.0000   30.4175   16.9908
103.0000   100.0000   13.9167   5.1799
104.0000   71.0000   48.5734   48.4840
105.0000   75.0000   1.2492   6.7858
106.0000   75.0000   42.6672   7.7850
107.0000   81.0000   26.8123   31.7760
108.0000   116.0000   6.9833   33.8421
109.0000   85.0000   14.6690   42.6490
110.0000   109.0000   34.4950   24.0774
111.0000   113.0000   34.7000   32.5709
112.0000   117.0000   43.8340   25.0461
113.0000   62.0000   30.0973   8.6896
114.0000   73.0000   39.7632   36.6561
115.0000   76.0000   42.6854   12.3984
116.0000   115.0000   40.2779   14.5424
117.0000   108.0000   15.8277   7.4662
118.0000   93.0000   46.2701   42.6357
119.0000   89.0000   4.3613   39.9418
120.0000   128.0000   44.8331   8.5834
121.0000   140.0000   37.8640   0.3749
122.0000   117.0000   11.4770   11.5338
123.0000   92.0000   8.6387   35.3874
124.0000   138.0000   34.4926   11.4092
125.0000   130.0000   33.4723   45.0328
126.0000   83.0000   12.8773   43.8447
127.0000   88.0000   40.1687   34.6334
128.0000   132.0000   49.7491   14.8511
129.0000   107.0000   9.3674   11.2496
130.0000   82.0000   5.0064   25.7239
131.0000   123.0000   4.7265   31.6665
132.0000   133.0000   42.5030   32.0466
133.0000   91.0000   29.8834   13.4091
134.0000   82.0000   29.7307   5.1094
135.0000   64.0000   5.5482   2.0168
136.0000   94.0000   30.0701   44.1318
137.0000   89.0000   28.0253   39.1709
138.0000   80.0000   32.7828   3.4878
139.0000   106.0000   14.1443   7.5026
140.0000   137.0000   49.1871   17.4810
141.0000   102.0000   29.0764   11.4773
142.0000   66.0000   15.6921   9.5069
143.0000   103.0000   45.0879   8.9382
144.0000   53.0000   8.8679   34.3945
145.0000   102.0000   43.9540   6.3140
146.0000   106.0000   27.2603   10.0649
147.0000   127.0000   17.0806   40.8297
148.0000   131.0000   43.4803   23.1805
149.0000   55.0000   46.3328   5.3581
150.0000   134.0000   26.2245   14.0045
151.0000   81.0000   32.4117   2.4635
152.0000   99.0000   12.7617   47.4991
153.0000   93.0000   21.2274   20.8916
154.0000   121.0000   21.6719   12.9596
155.0000   84.0000   5.2238   41.9122
156.0000   76.0000   3.5187   28.5009
157.0000   124.0000   31.0150   3.7533
158.0000   131.0000   45.1734   4.8810
159.0000   85.0000   14.8859   49.9065
160.0000   52.0000   48.6907   20.0153
161.0000   136.0000   20.1475   22.3933
162.0000   126.0000   17.2083   23.7158
163.0000   69.0000   20.6698   9.4567
164.0000   95.0000   46.8088   32.9131
165.0000   106.0000   30.8699   26.3556
166.0000   57.0000   30.7380   42.7416
167.0000   122.0000   31.6784   17.4926
168.0000   123.0000   24.2551   20.0468
169.0000   130.0000   32.5783   30.4372
170.0000   114.0000   37.0413   40.2572
171.0000   87.0000   19.5690   19.1901
172.0000   76.0000   41.9396   19.2360
173.0000   50.0000   40.8402   41.5783
174.0000   90.0000   12.4256   33.4513
175.0000   121.0000   5.9097   29.9867
176.0000   70.0000   31.8027   26.8261
177.0000   74.0000   29.6626   32.0507
178.0000   92.0000   25.2059   40.4681
179.0000   129.0000   33.8840   6.2603
180.0000   138.0000   15.8007   14.0305
181.0000   133.0000   48.2576   38.2274
182.0000   75.0000   22.0288   23.7886
183.0000   110.0000   14.9917   12.5683
184.0000   71.0000   30.0459   40.6661
185.0000   134.0000   39.2301   39.8468
186.0000   91.0000   23.4775   26.1037
187.0000   117.0000   6.5622   21.0637
188.0000   116.0000   42.3972   45.3804
189.0000   96.0000   11.8096   47.8182
190.0000   67.0000   30.7097   3.0842
191.0000   115.0000   1.0143   31.3162
192.0000   59.0000   42.0066   29.9797
193.0000   91.0000   27.0695   48.1931
194.0000   60.0000   36.4188   39.7335
195.0000   88.0000   49.3962   45.0636
196.0000   59.0000   22.3140   49.4772
197.0000   54.0000   3.1729   0.9316
198.0000   128.0000   6.8384   37.0868
199.0000   76.0000   15.6087   24.4393
200.0000   67.0000   13.7807   38.6735
