0.0000   0.0000   0.0000   0.0000
1.0000   91.0000   14.7352   42.6263
2.0000   120.0000   12.0274   43.9189
3.0000   147.0000   12.6218   8.5160
4.0000   161.0000   34.3633   23.4342
5.0000   125.0000   18.2294   25.0107
6.0000   161.0000   44.5840   18.7231
7.0000   106.0000   27.4139   6.8339
8.0000   115.0000   5.2802   18.6160
9.0000   166.0000   21.4231   45.0546
10.0000   160.0000   28.3157   16.8547
11.0000   99.0000   49.3150   7.6176
12.0000   169.0000   28.6067   15.1800
13.0000   100.0000   39.3037   27.3704
14.0000   91.0000   23.9031   38.0950
15.0000   107.0000   14.1308   32.4449
16.0000   113.0000   39.4542   24.9039
17.0000   160.0000   13.7668   41.2483
18.0000   139.0000   23.2324   17.1343
19.0000   104.0000   26.3166   14.7418
20.0000   162.0000   20.4233   26.4892
21.0000   166.0000   33.8778   8.1924
22.0000   99.0000   1.4339   30.8932
23.0000   138.0000   5.2110   13.9252
24.0000   114.0000   19.2104   12.5850
25.0000   175.0000   43.2599   36.1736
26.0000   113.0000   21.4001   42.7971
27.0000   145.0000   14.7318   7.3549
28.0000   115.0000   3.0083   47.6089
29.0000   111.0000   4.0726   48.7672
30.0000   126.0000   37.1707   41.7121
31.0000   145.0000   7.4846   27.5134
32.0000   167.0000   35.0951   14.2090
33.0000   136.0000   36.0895   15.5558
34.0000   120.0000   43.8059   23.7053
35.0000   109.0000   12.3240   46.7140
36.0000   160.0000   7.8848   26.4215
37.0000   173.0000   43.4977   2.4166
38.0000   156.0000   3.3540   20.2369
39.0000   149.0000   29.8938   37.4253
40.0000   156.0000   6.0703   36.9536
41.0000   126.0000   30.6213   47.3187
42.0000   149.0000   9.6010   41.8215
43.0000   170.0000   11.3132   11.5922
44.0000   91.0000   11.5391   41.4211
45.0000   132.0000   22.2120   34.8756
46.0000   144.0000   44.9416   42.4078
47.0000   105.0000   4.0192   2.6446
48.0000   124.0000   24.9968   29.5856
49.0000   107.0000   10.9779   12.4131
50.0000   123.0000   40.7068   34.9168
51.0000   107.0000   2.2587   28.6090
52.0000   154.0000   19.8869   12.1049
53.0000   121.0000   6.0885   20.0354
54.0000   94.0000   23.3711   40.3874
55.0000   170.0000   37.3251   39.2839
56.0000   158.0000   9.3749   34.4209
57.0000   124.0000   30.3790   39.1005
58.0000   156.0000   0.1330   0.9223
59.0000   158.0000   43.9863   1.2146
60.0000   99.0000   29.7632   20.7855
61.0000   97.0000   36.5037   5.4921
62.0000   142.0000   14.0599   5.7087
63.0000   129.0000   39.4342   13.7813
64.0000   157.0000   34.1691   27.1520
65.0000   139.0000   22.7857   35.8613
66.0000   132.0000   23.7324   0.1282
67.0000   165.0000   12.4445   36.9572
68.0000   175.0000   46.7639   31.6860
69.0000   104.0000   28.3467   12.9849
70.0000   139.0000   36.4618   47.6450
71.0000   150.0000   18.7186   49.4434
72.0000   113.0000   24.1618   46.7478
73.0000   161.0000   43.6246   2.7691
74.0000   165.0000   49.2767   48.9720
75.0000   106.0000   4.7125   19.8333
76.0000   124.0000   20.4014   43.8872
77.0000   156.0000   13.0684   1.4333
78.0000   124.0000   45.4791   38.2601
79.0000   167.0000   38.6801   43.8718
80.0000   171.0000   29.3698   16.6730
81.0000   117.0000   19.2323   29.6114
82.0000   174.0000   28.8663   35.0531
83.0000   150.0000   20.3336   27.2051
84.0000   101.0000   45.6660   32.3021
85.0000   165.0000   23.4002   27.2581
86.0000   116.0000   0.2041   38.2329
87.0000   118.0000   49.5294   27.7290
88.0000   142.0000   12.7900   30.2605
89.0000   128.0000   45.1500   11.3600
90.0000   116.0000   29.6725   7.7199
91.0000   122.0000   40.7684   30.3783
92.0000   157.0000   26.1065   48.9658
93.0000   166.0000   42.7415   24.4358
94.0000   114.0000   16.8600   33.6641
95.0000   177.0000   16.6797   5.3415
96.0000   113.0000   46.0590   8.3720
97.0000   139.0000   29.4742   36.0020
98.0000   176.0000   26.8412   28.4294
99.0000   90.0000   15.3329   4.3949
100.0000   140.0000   7.6290   40.7750
101.0000   116.0000   36.2470   42.3563
102.0000   106.0000   27.1723   19.6972
103.0000   125.0000   12.4496   30.7890
104.0000   139.0000   17.1462   41.2510
105.0000   161.0000   34.3024   34.8601
106.0000   153.0000   27.5273   33.7438
107.0000   103.0000   21.3226   29.9690
108.0000   125.0000   2.9060   25.9278
109.0000   104.0000   23.1108   41.2328
110.0000   110.0000   5.0014   28.9432
111.0000   98.0000   19.7695   11.0450
112.0000   162.0000   42.7677   41.4204
113.0000   174.0000   22.5238   22.4087
114.0000   164.0000   16.4339   17.4245
115.0000   137.0000   44.4343   36.4131
116.0000   155.0000   36.0953   42.9202
117.0000   174.0000   11.5032   1.9897
118.0000   142.0000   11.9082   6.2993
119.0000   117.0000   49.6299   13.0845
120.0000   171.0000   14.0910   15.3946
121.0000   179.0000   29.6113   49.6289
122.0000   173.0000   7.8805   27.7765
123.0000   107.0000   43.2474   49.6770
124.0000   105.0000   0.0065   35.0362
125.0000   152.0000   32.8184   5.5276
126.0000   111.0000   10.6662   43.9894
127.0000   132.0000   36.3236   37.6349
128.0000   144.0000   13.3965   44.1872
129.0000   104.0000   19.2919   31.1817
130.0000   122.0000   46.9196   11.3399
131.0000   178.0000   34.7398   26.3032
132.0000   108.0000   3.8175   24.3101
133.0000   135.0000   17.7569   30.3776
134.0000   144.0000   21.2159   10.8278
135.0000   106.0000   12.5969   12.0080
136.0000   179.0000   11.3384   16.5345
137.0000   150.0000   24.3123   19.6047
138.0000   162.0000   38.6151   39.0669
139.0000   170.0000   24.0463   26.3178
140.0000   103.0000   18.0023   22.6543
141.0000   123.0000   18.3515   19.6020
142.0000   132.0000   38.3607   28.9501
143.0000   116.0000   22.0806   2.4728
144.0000   141.0000   30.5305   24.7887
145.0000   167.0000   18.4944   9.7710
146.0000   131.0000   20.1576   33.9344
147.0000   136.0000   16.5073   23.7635
148.0000   148.0000   49.1502   12.0628
149.0000   166.0000   2.4108   16.6303
150.0000   124.0000   17.0043   9.1027
151.0000   120.0000   49.5721   16.3569
152.0000   170.0000   15.4192   42.5249
153.0000   139.0000   47.8687   20.9358
154.0000   94.0000   20.9020   42.4855
155.0000   95.0000   14.5390   0.2575
156.0000   111.0000   30.3778   42.5972
157.0000   161.0000   38.2825   17.3621
158.0000   137.0000   32.4106   26.5504
159.0000   138.0000   49.5954   23.5881
160.0000   137.0000   35.0238   24.9158
161.0000   170.0000   9.8950   7.5305
162.0000   121.0000   27.5803   16.6691
163.0000   126.0000   45.8052   5.4090
164.0000   123.0000   39.4462   29.0031
165.0000   148.0000   12.8685   15.3843
166.0000   123.0000   20.4576   17.1335
167.0000   179.0000   38.1454   9.2384
168.0000   165.0000   35.0145   35.9836
169.0000   135.0000   24.1376   48.3789
170.0000   115.0000   21.7414   1.2224
171.0000   160.0000   24.8521   29.3902
172.0000   157.0000   7.5192   19.4049
173.0000   146.0000   2.1008   33.9521
174.0000   145.0000   48.3756   39.4415
175.0000   101.0000   15.6565   9.5480
176.0000   115.0000   41.3425   42.2526
177.0000   99.0000   9.1575   18.1304
178.0000   118.0000   0.5317   5.7011
179.0000   149.0000   48.7374   47.9208
180.0000   136.0000   35.9612   21.1769
181.0000   122.0000   37.7218   4.5064
182.0000   131.0000   4.6104   16.1390
183.0000   136.0000   22.9724   6.4716
184.0000   110.0000   6.4467   15.0584
185.0000   148.0000   33.4204   28.8861
186.0000   125.0000   47.0652   19.2669
187.0000   173.0000   13.9485   37.2333
188.0000   127.0000   29.3463   34.5736
189.0000   154.0000   7.9515   6.3915
190.0000   123.0000   5.1054   23.7069
191.0000   94.0000   19.0650   2.5288
192.0000   122.0000   17.9664   41.7326
193.0000   139.0000   22.7696   43.6132
194.0000   151.0000   40.1600   19.6826
195.0000   135.0000   30.9135   38.4806
196.0000   101.0000   19.6342   30.4997
197.0000   155.0000   10.5623   44.6408
198.0000   161.0000   27.9312   46.8869
199.0000   122.0000   26.1537   17.0916
200.0000   161.0000   0.9413   46.0681
201.0000   170.0000   14.4441   20.0210
202.0000   173.0000   18.3377   5.3115
203.0000   125.0000   21.0071   4.2824
204.0000   90.0000   13.5644   13.4471
205.0000   136.0000   8.6420   0.3767
206.0000   106.0000   30.8470   45.6897
207.0000   149.0000   37.1061   3.2915
208.0000   143.0000   2.7904   21.7241
209.0000   155.0000   8.1863   11.1528
210.0000   178.0000   49.4200   36.6741
211.0000   170.0000   23.5252   34.5378
212.0000   170.0000   9.4210   17.2427
213.0000   156.0000   18.4375   16.9339
214.0000   118.0000   33.9297   44.7454
215.0000   168.0000   7.9956   28.6897
216.0000   152.0000   39.5146   0.0878
217.0000   99.0000   0.1490   28.8929
218.0000   109.0000   41.2090   6.1735
219.0000   176.0000   48.6254   5.4177
220.0000   125.0000   46.5544   28.3361
221.0000   163.0000   16.1703   8.7449
222.0000   180.0000   16.6621   41.4358
223.0000   123.0000   15.6576   9.1701
224.0000   121.0000   0.0856   31.5851
225.0000   131.0000   9.5228   47.8210
226.0000   98.0000   47.4026   42.2932
227.0000   129.0000   4.8067   24.6222
228.0000   115.0000   28.6471   34.5114
229.0000   112.0000   41.6677   38.6749
230.0000   142.0000   17.4875   0.3797
231.0000   158.0000   35.4534   36.7444
232.0000   116.0000   0.3564   22.7119
233.0000   102.0000   7.8795   2.8313
234.0000   165.0000   27.7486   3.2675
235.0000   102.0000   12.2805   10.4608
236.0000   143.0000   28.1324   2.2709
237.0000   175.0000   49.5245   0.0195
238.0000   126.0000   18.6820   11.2935
239.0000   156.0000   10.6301   30.7330
240.0000   140.0000   12.3897   1.7721
241.0000   148.0000   48.6197   10.4822
242.0000   176.0000   11.5922   28.7971
243.0000   120.0000   20.6808   9.5706
244.0000   143.0000   12.4710   2.3101
245.0000   124.0000   6.7666   38.3932
246.0000   138.0000   19.2903   36.7520
247.0000   92.0000   39.6803   49.7342
248.0000   103.0000   7.6845   27.6121
249.0000   95.0000   29.2793   43.2271
250.0000   150.0000   15.5690   36.3820
251.0000   155.0000   8.7478   39.6170
252.0000   155.0000   3.7599   39.9857
253.0000   93.0000   23.3414   30.7340
254.0000   150.0000   20.9228   43.6349
255.0000   92.0000   4.7849   16.7449
256.0000   131.0000   8.2467   31.4409
257.0000   101.0000   23.8597   10.8085
258.0000   148.0000   22.4955   26.7161
259.0000   161.0000   19.6081   15.1696
260.0000   124.0000   40.8230   27.2087
261.0000   144.0000   44.6850   23.3714
262.0000   170.0000   26.5071   5.6057
263.0000   167.0000   37.8067   6.4720
264.0000   104.0000   48.4823   21.3042
265.0000   178.0000   6.5681   20.0477
266.0000   168.0000   29.2633   21.7659
267.0000   164.0000   6.9516   30.0030
268.0000   154.0000   12.5500   22.3603
269.0000   125.0000   5.7520   20.8707
270.0000   144.0000   15.5170   41.3940
271.0000   117.0000   12.1113   48.8592
272.0000   112.0000   20.2878   49.5107
273.0000   109.0000   48.0767   47.2923
274.0000   126.0000   11.6928   24.4590
275.0000   132.0000   21.0870   45.0527
