0.0000   0.0000   50.0000   50.0000
1.0000   9.0000   99.2242   34.0484
2.0000   28.0000   45.7307   41.3938
3.0000   91.0000   83.2995   78.4206
4.0000   18.0000   1.8734   24.3815
5.0000   46.0000   43.0486   44.9588
6.0000   26.0000   91.0067   64.9979
7.0000   89.0000   69.2408   56.2586
8.0000   70.0000   3.4643   43.1008
9.0000   55.0000   84.6251   46.9616
10.0000   69.0000   43.0832   20.1259
11.0000   49.0000   70.0194   20.5975
12.0000   63.0000   37.4846   60.9163
13.0000   87.0000   76.5749   77.1777
14.0000   33.0000   22.2288   47.0334
15.0000   14.0000   62.5228   67.3864
16.0000   1.0000   59.6018   64.8549
17.0000   25.0000   55.2042   72.0991
18.0000   8.0000   91.3378   96.4401
19.0000   42.0000   32.3445   73.3151
20.0000   62.0000   49.7969   27.7696
21.0000   16.0000   59.3071   50.7973
22.0000   85.0000   60.2968   96.6757
23.0000   71.0000   76.3972   55.7264
24.0000   11.0000   20.3450   5.4743
25.0000   10.0000   12.6629   38.4600
26.0000   82.0000   62.6748   58.4180
27.0000   37.0000   37.0678   82.0953
28.0000   9.0000   73.7746   12.0500
29.0000   39.0000   80.7115   63.5991
30.0000   80.0000   95.7490   74.0906
31.0000   31.0000   7.1634   45.4907
32.0000   13.0000   70.6764   97.3161
33.0000   45.0000   85.3380   81.0739
34.0000   12.0000   16.5475   91.1293
35.0000   64.0000   64.6226   45.3534
36.0000   68.0000   53.6363   70.4518
37.0000   20.0000   82.0435   66.2644
38.0000   24.0000   57.9979   82.0244
39.0000   51.0000   47.7080   57.9386
40.0000   97.0000   28.6248   4.2641
41.0000   57.0000   67.3798   11.8265
42.0000   37.0000   44.1789   44.8200
43.0000   51.0000   82.0223   44.5652
44.0000   8.0000   70.1998   46.5566
45.0000   48.0000   26.9854   74.8927
46.0000   52.0000   20.6641   7.1577
47.0000   70.0000   15.4879   1.0798
48.0000   38.0000   81.9908   76.6930
49.0000   79.0000   78.8160   66.4141
50.0000   51.0000   87.2149   73.1862
51.0000   71.0000   46.1553   34.4274
52.0000   75.0000   40.1441   25.9064
53.0000   65.0000   1.9138   39.6222
54.0000   88.0000   79.5665   79.4424
55.0000   44.0000   95.1984   4.1963
56.0000   47.0000   37.5634   49.1361
57.0000   60.0000   60.7793   0.6545
58.0000   57.0000   92.5191   79.4914
59.0000   71.0000   13.9602   98.2951
60.0000   95.0000   25.2291   21.8224
61.0000   100.0000   11.6379   45.8373
62.0000   10.0000   81.6110   76.1042
63.0000   100.0000   44.5804   58.0846
64.0000   22.0000   80.4078   22.6811
65.0000   85.0000   14.1543   21.3761
66.0000   1.0000   89.6652   16.2234
67.0000   18.0000   82.3142   64.1663
68.0000   92.0000   67.7876   46.7387
69.0000   73.0000   60.9500   34.1593
70.0000   88.0000   45.5543   1.5831
71.0000   65.0000   6.3463   67.6385
72.0000   44.0000   76.0827   52.1608
73.0000   41.0000   22.2995   57.0053
74.0000   23.0000   82.7305   71.6180
75.0000   37.0000   99.4021   21.1993
76.0000   17.0000   26.0742   21.8995
77.0000   95.0000   91.7853   15.6537
78.0000   14.0000   0.4171   90.1913
79.0000   78.0000   32.8123   59.6115
80.0000   95.0000   79.2760   8.3548
81.0000   52.0000   5.0061   81.9574
82.0000   96.0000   54.7340   15.2233
83.0000   28.0000   81.8666   41.3334
84.0000   55.0000   18.0824   66.6564
85.0000   64.0000   21.3839   85.5017
86.0000   92.0000   14.4956   25.8458
87.0000   99.0000   32.0250   12.7370
88.0000   20.0000   39.6669   82.9086
89.0000   38.0000   36.9406   43.2968
90.0000   93.0000   64.5164   4.1842
91.0000   5.0000   61.7142   45.9383
92.0000   53.0000   36.5448   13.5586
93.0000   68.0000   91.2129   60.9718
94.0000   46.0000   33.6532   72.7065
95.0000   37.0000   91.1704   67.7285
96.0000   16.0000   33.2036   15.9346
97.0000   40.0000   71.4161   43.3480
98.0000   34.0000   54.7372   15.0241
99.0000   87.0000   94.6318   65.0019
100.0000   83.0000   98.0870   52.8661
101.0000   90.0000   67.4402   46.8948
102.0000   56.0000   81.1877   56.7175
103.0000   80.0000   79.4403   20.7994
104.0000   93.0000   86.6176   47.1145
105.0000   28.0000   65.9382   51.1211
106.0000   5.0000   66.1560   58.6087
107.0000   64.0000   15.7936   71.1333
108.0000   77.0000   51.5221   82.9778
109.0000   52.0000   82.4686   53.3763
110.0000   46.0000   1.2122   36.6937
111.0000   42.0000   87.7272   96.1197
112.0000   23.0000   52.5301   97.9813
113.0000   41.0000   73.7878   68.9226
114.0000   40.0000   15.5810   97.2362
115.0000   86.0000   33.2691   80.8418
116.0000   26.0000   55.7465   55.1360
117.0000   61.0000   74.4755   71.7430
118.0000   63.0000   93.9918   17.5153
119.0000   32.0000   79.6693   51.6113
120.0000   42.0000   84.9286   30.2445
121.0000   18.0000   18.0222   88.0863
122.0000   38.0000   76.4705   85.7160
123.0000   99.0000   46.0436   41.4181
124.0000   69.0000   59.7616   67.2692
125.0000   56.0000   19.1923   88.2230
126.0000   15.0000   36.2540   60.5296
127.0000   73.0000   72.5505   54.1654
128.0000   45.0000   21.6642   18.4459
129.0000   3.0000   88.3678   61.8657
130.0000   81.0000   76.3351   44.6606
131.0000   52.0000   49.6965   40.6658
132.0000   36.0000   20.6155   82.6284
133.0000   71.0000   69.4540   42.0173
134.0000   95.0000   26.0813   45.5762
135.0000   35.0000   35.0065   11.0568
136.0000   80.0000   21.9473   76.9573
137.0000   76.0000   84.9285   25.5732
138.0000   51.0000   3.3344   74.2803
139.0000   70.0000   73.8027   55.4463
140.0000   5.0000   38.0335   73.5384
141.0000   72.0000   4.4699   88.8146
142.0000   97.0000   5.3959   82.9549
143.0000   1.0000   52.7762   90.1207
144.0000   17.0000   9.3898   87.4580
145.0000   63.0000   70.0709   92.0485
146.0000   100.0000   38.6643   29.0158
147.0000   8.0000   12.7769   82.4220
148.0000   95.0000   54.3732   5.9589
149.0000   67.0000   44.4190   39.2922
150.0000   39.0000   61.0341   79.5085
151.0000   8.0000   68.8093   14.8554
152.0000   49.0000   43.9072   70.6436
153.0000   64.0000   76.4466   68.0225
154.0000   43.0000   8.3385   91.0122
155.0000   39.0000   78.8366   98.1630
156.0000   64.0000   3.7217   78.7034
157.0000   66.0000   94.7719   70.3389
158.0000   13.0000   98.0217   62.3519
159.0000   4.0000   92.3726   74.1783
160.0000   4.0000   53.3605   37.4834
161.0000   98.0000   52.8528   14.3274
162.0000   73.0000   68.4733   83.7575
163.0000   9.0000   3.5822   2.8944
164.0000   18.0000   41.1897   95.2627
165.0000   96.0000   54.3926   50.8893
166.0000   92.0000   16.2386   39.9352
167.0000   51.0000   93.8715   59.2284
168.0000   76.0000   4.2417   72.1501
169.0000   77.0000   75.2651   7.1702
170.0000   3.0000   43.3453   63.9204
171.0000   60.0000   72.8210   99.6089
172.0000   62.0000   16.7752   24.0132
173.0000   24.0000   6.9258   50.0468
174.0000   27.0000   5.9469   39.7558
175.0000   24.0000   5.9934   60.7666
176.0000   78.0000   63.1160   97.1867
177.0000   67.0000   1.5415   9.7083
178.0000   81.0000   60.0029   90.0146
179.0000   63.0000   31.7434   44.7631
180.0000   5.0000   37.2514   67.5191
181.0000   35.0000   66.1269   89.6578
182.0000   89.0000   61.9079   65.7375
183.0000   40.0000   68.8448   60.9646
184.0000   68.0000   89.4175   91.1979
185.0000   80.0000   13.0569   10.1196
186.0000   4.0000   71.3023   90.8342
187.0000   44.0000   13.5063   16.8013
188.0000   72.0000   36.5993   47.7109
189.0000   71.0000   84.1458   19.9275
190.0000   17.0000   16.2017   81.7410
191.0000   40.0000   65.9323   18.8295
192.0000   21.0000   43.7703   12.4761
193.0000   35.0000   68.8350   70.6343
194.0000   94.0000   15.6119   45.6529
195.0000   84.0000   25.0658   0.5535
196.0000   100.0000   56.8610   63.9869
197.0000   24.0000   93.5877   46.9912
198.0000   54.0000   98.5463   49.5354
199.0000   36.0000   88.8805   63.1268
200.0000   22.0000   39.7845   49.6861
201.0000   90.0000   6.4576   29.9440
202.0000   71.0000   2.4541   77.7825
203.0000   93.0000   27.9438   55.4518
204.0000   53.0000   92.3851   81.4657
205.0000   80.0000   0.4605   27.8155
206.0000   11.0000   87.2980   25.9862
207.0000   1.0000   59.4938   2.6029
208.0000   97.0000   19.5819   88.0472
209.0000   96.0000   4.3625   29.7781
210.0000   83.0000   87.6206   42.0890
211.0000   57.0000   25.3076   89.2087
212.0000   28.0000   47.1315   67.5427
213.0000   27.0000   95.1891   99.7056
214.0000   61.0000   4.2594   45.5916
215.0000   60.0000   23.1576   99.0630
216.0000   26.0000   3.1015   78.9272
217.0000   85.0000   93.2972   62.5928
218.0000   37.0000   91.8495   90.0273
219.0000   93.0000   49.0367   58.2835
220.0000   91.0000   78.7585   10.6254
221.0000   75.0000   82.9038   78.3852
222.0000   69.0000   24.4743   86.4381
223.0000   56.0000   14.7738   8.0541
224.0000   84.0000   75.7351   52.5167
225.0000   41.0000   98.8302   73.6505
226.0000   71.0000   50.7352   26.0322
227.0000   59.0000   47.7046   94.0588
228.0000   51.0000   56.6773   17.3674
229.0000   74.0000   37.3732   51.6851
230.0000   94.0000   59.6644   32.2963
231.0000   61.0000   90.4629   35.2592
232.0000   11.0000   72.5492   7.8914
233.0000   5.0000   83.0675   57.2626
234.0000   3.0000   4.8990   24.8731
235.0000   12.0000   78.6723   48.3969
236.0000   36.0000   5.6143   35.8358
237.0000   52.0000   60.2046   49.6192
238.0000   36.0000   28.3611   39.2950
239.0000   50.0000   42.8830   3.4547
240.0000   57.0000   44.8287   88.7026
241.0000   90.0000   17.9998   30.5164
242.0000   45.0000   59.1182   51.4249
243.0000   43.0000   34.6743   61.6342
244.0000   12.0000   38.5538   15.2269
245.0000   12.0000   15.8525   27.4846
246.0000   38.0000   41.9408   29.0067
247.0000   56.0000   40.0028   12.3482
248.0000   50.0000   30.1535   94.7018
249.0000   16.0000   15.7091   51.9625
250.0000   81.0000   33.2885   28.9080
251.0000   26.0000   21.4307   37.0441
252.0000   14.0000   22.7044   83.2785
253.0000   94.0000   71.3510   20.2953
254.0000   47.0000   66.6046   20.5055
255.0000   71.0000   39.0779   36.7961
256.0000   33.0000   81.0481   63.4421
257.0000   15.0000   7.1295   90.3573
258.0000   3.0000   66.8751   65.4294
259.0000   54.0000   45.7347   46.6070
260.0000   2.0000   66.9366   20.6041
261.0000   68.0000   95.4509   98.7310
262.0000   33.0000   0.7695   42.4742
263.0000   99.0000   43.1004   12.4425
264.0000   19.0000   52.9122   19.1475
265.0000   89.0000   42.7785   93.8775
266.0000   85.0000   90.0615   87.8382
267.0000   31.0000   80.1056   70.9014
268.0000   18.0000   9.8304   6.3970
269.0000   35.0000   90.0309   24.5440
270.0000   88.0000   44.8449   71.7196
271.0000   94.0000   83.8245   66.7894
272.0000   31.0000   50.1480   86.1337
273.0000   98.0000   62.0390   91.0506
274.0000   30.0000   76.8475   4.5846
275.0000   13.0000   37.6369   47.1709
276.0000   25.0000   53.6299   12.3408
277.0000   20.0000   27.1752   40.3615
278.0000   55.0000   46.2273   15.5734
279.0000   73.0000   12.0143   62.8829
280.0000   18.0000   44.8994   77.5748
281.0000   14.0000   97.4419   57.0052
282.0000   69.0000   94.4604   35.5480
283.0000   76.0000   68.5256   45.8413
284.0000   44.0000   81.0077   50.2996
285.0000   89.0000   84.3679   61.0199
286.0000   50.0000   57.3314   26.2814
287.0000   50.0000   98.5753   31.3216
288.0000   87.0000   16.0921   39.8442
289.0000   31.0000   44.6485   8.4933
290.0000   100.0000   86.0871   55.4117
291.0000   12.0000   16.1644   50.3027
292.0000   44.0000   71.7936   7.0543
293.0000   50.0000   21.3967   14.7320
294.0000   91.0000   2.2327   94.6110
295.0000   30.0000   47.1059   99.6580
296.0000   9.0000   59.0760   95.6213
297.0000   4.0000   76.3269   98.0591
298.0000   5.0000   73.3077   57.7446
299.0000   63.0000   25.8875   3.3046
300.0000   10.0000   41.3785   39.8002
301.0000   1.0000   30.5554   61.7121
302.0000   24.0000   39.5394   1.6210
303.0000   30.0000   83.9638   3.2281
304.0000   21.0000   55.8383   86.3475
305.0000   14.0000   16.8482   46.6475
306.0000   80.0000   70.5620   25.7162
307.0000   72.0000   64.1454   10.0538
308.0000   66.0000   44.9395   86.1990
309.0000   11.0000   99.5208   1.1729
310.0000   24.0000   7.6081   3.4574
311.0000   42.0000   18.0555   45.9312
312.0000   70.0000   4.5855   59.7876
313.0000   91.0000   7.4185   95.9911
314.0000   8.0000   10.5489   51.2265
315.0000   75.0000   88.2610   22.0260
316.0000   35.0000   51.5877   43.2507
317.0000   11.0000   50.3591   95.7959
318.0000   78.0000   74.4368   76.3184
319.0000   93.0000   29.6156   75.8087
320.0000   97.0000   91.0724   50.0769
321.0000   75.0000   89.5767   50.3956
322.0000   87.0000   52.5843   56.1644
323.0000   10.0000   0.3923   2.4659
324.0000   99.0000   94.4636   34.9959
325.0000   100.0000   52.7989   38.7790
326.0000   47.0000   39.9872   38.2017
327.0000   39.0000   11.2237   43.8183
328.0000   17.0000   80.4374   16.8221
329.0000   62.0000   42.5370   37.4231
330.0000   9.0000   12.6523   25.8508
331.0000   61.0000   80.1603   47.4056
332.0000   86.0000   73.4774   2.5521
333.0000   100.0000   37.8964   56.8902
334.0000   70.0000   4.4155   67.4953
335.0000   13.0000   53.0293   58.9146
336.0000   30.0000   92.9757   4.1607
337.0000   56.0000   76.4292   13.8833
338.0000   59.0000   75.5185   52.6256
339.0000   100.0000   94.9582   35.5121
340.0000   62.0000   79.8460   5.1868
341.0000   69.0000   10.3678   76.5065
342.0000   27.0000   56.9154   51.2435
343.0000   67.0000   16.0386   99.9645
344.0000   97.0000   58.7785   82.3855
345.0000   2.0000   56.7073   98.0891
346.0000   47.0000   66.3751   27.4360
347.0000   69.0000   52.7520   56.1308
348.0000   15.0000   50.0615   13.7477
349.0000   48.0000   24.5402   43.7859
350.0000   46.0000   55.1786   54.6798
351.0000   90.0000   16.8875   73.0341
352.0000   5.0000   59.6617   1.5807
353.0000   100.0000   58.0413   76.9718
354.0000   20.0000   66.3413   56.3310
355.0000   29.0000   86.1105   92.3410
356.0000   65.0000   5.4384   58.9282
357.0000   76.0000   16.7517   75.4146
358.0000   7.0000   94.3739   54.6376
359.0000   27.0000   64.9213   17.0482
360.0000   59.0000   2.4856   64.8173
