0.0000   0.0000   0.0000   0.0000
1.0000   105.0000   34.0519   48.9880
2.0000   175.0000   37.4092   35.9689
3.0000   98.0000   44.2730   0.5141
4.0000   168.0000   29.0425   46.7309
5.0000   101.0000   34.5639   41.3040
6.0000   168.0000   20.0316   24.5257
7.0000   140.0000   42.7571   31.6748
8.0000   167.0000   29.9301   12.2511
9.0000   118.0000   41.0640   3.6667
10.0000   146.0000   49.9590   46.5848
11.0000   158.0000   17.2080   7.8846
12.0000   94.0000   24.8079   43.0716
13.0000   133.0000   33.4663   9.1574
14.0000   180.0000   36.0527   13.8832
15.0000   172.0000   16.3467   30.3711
16.0000   165.0000   15.7684   23.3078
17.0000   167.0000   37.8686   23.3348
18.0000   152.0000   49.0855   0.2085
19.0000   102.0000   36.0188   40.5910
20.0000   164.0000   15.7491   16.2829
21.0000   120.0000   28.2865   2.3873
22.0000   130.0000   27.3550   11.1326
23.0000   90.0000   35.8317   4.2371
24.0000   170.0000   8.7406   6.6976
25.0000   173.0000   11.5673   7.3417
26.0000   164.0000   5.3328   48.9938
27.0000   109.0000   9.0739   11.0688
28.0000   155.0000   41.7245   40.6216
29.0000   128.0000   2.9660   5.4520
30.0000   124.0000   26.2829   44.2397
31.0000   97.0000   30.5650   27.2019
32.0000   99.0000   33.1446   42.3843
33.0000   179.0000   13.7922   18.3780
34.0000   167.0000   32.0911   34.8575
35.0000   173.0000   1.4144   47.0545
36.0000   172.0000   43.0531   23.3055
37.0000   91.0000   19.7638   22.6477
38.0000   175.0000   47.9208   43.6177
39.0000   112.0000   10.5620   24.0717
40.0000   180.0000   40.6156   2.5595
41.0000   144.0000   3.2865   26.3197
42.0000   136.0000   3.2430   20.1796
43.0000   177.0000   3.1184   23.2069
44.0000   93.0000   16.2779   21.1098
45.0000   107.0000   27.1519   0.7551
46.0000   122.0000   28.5664   40.8677
47.0000   139.0000   12.7369   1.1806
48.0000   137.0000   28.4364   27.5709
49.0000   128.0000   5.8006   11.8989
50.0000   171.0000   19.3913   4.8594
51.0000   126.0000   2.8142   20.2088
52.0000   152.0000   26.8902   34.0213
53.0000   169.0000   25.3738   30.4642
54.0000   138.0000   29.9158   10.7782
55.0000   146.0000   2.7786   27.5901
56.0000   151.0000   9.4906   42.5621
57.0000   114.0000   23.9571   5.1272
58.0000   162.0000   22.5373   17.4374
59.0000   140.0000   33.7015   8.9995
60.0000   91.0000   38.6863   11.0344
61.0000   165.0000   37.6025   8.4449
62.0000   151.0000   26.2110   35.6841
63.0000   174.0000   24.2775   24.8478
64.0000   158.0000   15.4172   35.4660
65.0000   175.0000   6.9237   24.3893
66.0000   119.0000   38.1003   26.5954
67.0000   90.0000   11.0148   23.9093
68.0000   96.0000   15.7554   22.1644
69.0000   115.0000   17.5842   40.5302
70.0000   139.0000   31.2735   39.5912
71.0000   127.0000   31.8178   35.0221
72.0000   115.0000   19.1771   24.1101
73.0000   117.0000   38.5273   35.9991
74.0000   148.0000   25.9406   46.4040
75.0000   123.0000   29.1858   42.5787
76.0000   147.0000   35.4739   0.1710
77.0000   126.0000   40.2156   26.1659
78.0000   111.0000   0.2271   5.8200
79.0000   91.0000   38.0081   19.0494
80.0000   170.0000   7.8449   3.5914
81.0000   94.0000   33.9628   38.7686
82.0000   117.0000   16.1092   41.4153
83.0000   130.0000   38.2089   47.1946
84.0000   107.0000   29.9790   34.3438
85.0000   157.0000   34.0580   32.1055
86.0000   135.0000   31.8668   18.5775
87.0000   105.0000   3.1389   47.4973
88.0000   114.0000   16.5262   33.9621
89.0000   155.0000   40.5047   12.0336
90.0000   164.0000   33.0534   20.0237
91.0000   130.0000   2.3485   8.6604
92.0000   143.0000   47.0871   14.9052
93.0000   152.0000   40.0015   45.8039
94.0000   148.0000   24.8408   45.7250
95.0000   159.0000   29.1610   40.4105
96.0000   138.0000   6.6498   22.9592
97.0000   107.0000   49.9397   0.0520
98.0000   146.0000   4.8997   6.5953
99.0000   105.0000   5.8662   38.5338
100.0000   153.0000   17.1035   10.8342
101.0000   110.0000   2.0524   6.0045
102.0000   154.0000   21.6771   6.5288
103.0000   93.0000   36.8920   5.7440
104.0000   106.0000   41.4211   16.2614
105.0000   146.0000   27.8353   23.3965
106.0000   120.0000   47.1431   3.0047
107.0000   142.0000   21.0983   5.2187
108.0000   134.0000   9.7523   4.7128
109.0000   113.0000   10.5602   36.8957
110.0000   105.0000   38.9957   1.4515
111.0000   145.0000   14.3617   42.3188
112.0000   102.0000   29.4891   16.5326
113.0000   130.0000   28.7286   24.2997
114.0000   128.0000   15.0312   18.9777
115.0000   151.0000   23.9621   10.7910
116.0000   121.0000   31.0792   39.6609
117.0000   144.0000   14.1318   15.4127
118.0000   125.0000   15.6047   7.7814
119.0000   119.0000   37.3749   21.0955
120.0000   150.0000   38.2555   31.8905
121.0000   151.0000   28.6284   6.1077
122.0000   93.0000   24.8199   49.6319
123.0000   128.0000   30.5482   33.8538
124.0000   166.0000   42.6436   30.3236
125.0000   127.0000   28.6355   18.0145
126.0000   143.0000   44.8644   3.4118
127.0000   100.0000   18.2441   1.8652
128.0000   174.0000   20.5419   3.5362
129.0000   172.0000   6.2982   17.2465
130.0000   172.0000   31.7383   22.3255
131.0000   111.0000   1.2423   4.0389
132.0000   177.0000   24.0844   36.7168
133.0000   112.0000   39.2804   4.1310
134.0000   121.0000   23.5969   19.1363
135.0000   147.0000   42.4708   28.9082
136.0000   113.0000   32.0431   14.1687
137.0000   157.0000   15.7203   25.1087
138.0000   111.0000   28.7443   36.1591
139.0000   176.0000   7.4600   4.4274
140.0000   100.0000   35.9520   33.3834
141.0000   98.0000   49.4389   26.6830
142.0000   99.0000   17.4573   16.2031
143.0000   160.0000   10.2067   5.5560
144.0000   117.0000   7.6704   47.9014
145.0000   136.0000   43.1459   21.7602
146.0000   179.0000   4.3871   19.2028
147.0000   156.0000   0.4808   16.7813
148.0000   168.0000   49.1941   49.9392
149.0000   123.0000   48.3772   20.1652
150.0000   116.0000   43.3364   29.1745
151.0000   112.0000   3.1781   26.9378
152.0000   95.0000   0.3051   9.3151
153.0000   127.0000   23.5128   10.5377
154.0000   123.0000   44.6302   35.3021
155.0000   111.0000   11.6358   15.7526
156.0000   133.0000   1.9291   33.3640
157.0000   96.0000   19.3376   48.9709
158.0000   164.0000   4.7624   38.5888
159.0000   139.0000   23.8384   27.7834
160.0000   120.0000   6.9596   10.2603
161.0000   115.0000   11.3510   15.4144
162.0000   109.0000   43.9382   15.4407
163.0000   104.0000   39.5174   40.4578
164.0000   126.0000   42.5778   11.4484
165.0000   172.0000   7.6417   19.7696
166.0000   176.0000   37.4024   47.8019
167.0000   164.0000   5.1699   39.8623
168.0000   151.0000   9.4084   12.0611
169.0000   109.0000   0.0971   18.1546
170.0000   98.0000   24.7264   1.7507
171.0000   167.0000   38.9210   14.0113
172.0000   175.0000   26.5560   14.3354
173.0000   117.0000   48.8455   39.3029
174.0000   170.0000   45.9836   6.9368
175.0000   163.0000   28.9174   26.7943
