0.0000   0.0000   50.0000   50.0000
1.0000   57.0000   36.9536   14.2749
2.0000   17.0000   23.3465   13.0019
3.0000   73.0000   99.4992   75.2076
4.0000   83.0000   23.2312   8.6968
5.0000   20.0000   5.2529   24.5862
6.0000   87.0000   61.3936   12.4332
7.0000   20.0000   90.1623   97.1157
8.0000   29.0000   21.7915   29.0100
9.0000   14.0000   15.9131   43.0392
10.0000   19.0000   84.6906   72.7704
11.0000   88.0000   57.0409   63.0036
12.0000   100.0000   23.8863   9.7304
13.0000   20.0000   79.0730   84.1142
14.0000   30.0000   83.8562   58.0432
15.0000   93.0000   19.4120   42.5421
16.0000   77.0000   67.9780   55.7880
17.0000   86.0000   24.6293   87.8582
18.0000   26.0000   18.6204   31.5279
19.0000   69.0000   51.1954   94.3033
20.0000   26.0000   83.0022   31.3242
21.0000   32.0000   71.4281   20.1189
22.0000   80.0000   17.6123   89.6349
23.0000   78.0000   20.9112   57.5799
24.0000   60.0000   95.4534   92.5546
25.0000   41.0000   45.9872   82.6313
26.0000   80.0000   21.0251   65.0518
27.0000   93.0000   41.0202   35.1854
28.0000   46.0000   12.2043   92.9450
29.0000   40.0000   89.4798   1.5793
30.0000   64.0000   27.6695   20.3416
31.0000   10.0000   34.1401   35.2635
32.0000   24.0000   17.1563   48.9267
33.0000   37.0000   57.4010   47.5242
34.0000   51.0000   29.6183   41.9182
35.0000   53.0000   29.6535   35.5405
36.0000   65.0000   62.3359   15.6502
37.0000   78.0000   74.7798   65.4680
38.0000   61.0000   98.9183   31.1911
39.0000   94.0000   20.1842   59.0564
40.0000   28.0000   42.7479   15.4941
41.0000   29.0000   92.2303   89.3471
42.0000   65.0000   99.4658   69.9130
43.0000   63.0000   59.8472   92.9409
44.0000   51.0000   96.1782   31.4477
45.0000   20.0000   29.6020   68.2608
46.0000   50.0000   71.6722   24.5044
47.0000   47.0000   85.0006   22.0647
48.0000   30.0000   85.1802   96.2514
49.0000   93.0000   91.3633   78.8599
50.0000   47.0000   27.8517   61.1787
51.0000   54.0000   99.2024   16.6570
52.0000   38.0000   20.6518   60.2715
53.0000   76.0000   65.0116   56.5988
54.0000   25.0000   69.4375   26.7617
55.0000   45.0000   68.2534   59.5482
56.0000   82.0000   94.2848   51.6209
57.0000   93.0000   41.2094   99.4301
58.0000   15.0000   33.6009   94.4292
59.0000   31.0000   17.5411   17.3993
60.0000   84.0000   73.9976   13.8755
61.0000   47.0000   4.1646   74.0870
62.0000   53.0000   2.0181   27.1640
63.0000   94.0000   65.0880   25.8835
64.0000   58.0000   90.0573   17.5807
65.0000   53.0000   32.1111   18.1945
66.0000   44.0000   28.9797   96.8144
67.0000   18.0000   3.1541   45.9876
68.0000   89.0000   41.1739   96.6116
69.0000   83.0000   85.2488   74.4085
70.0000   14.0000   53.9180   87.3446
71.0000   46.0000   60.1832   18.4088
72.0000   55.0000   78.6667   3.7845
73.0000   88.0000   85.4774   36.5266
74.0000   94.0000   71.8610   1.6395
75.0000   60.0000   39.8471   88.2256
76.0000   69.0000   25.8432   34.3653
77.0000   25.0000   93.9616   28.2132
78.0000   43.0000   64.5085   65.6760
79.0000   80.0000   40.8522   15.0758
80.0000   42.0000   43.9378   24.8841
81.0000   66.0000   10.5571   22.7168
82.0000   30.0000   56.1619   67.3935
83.0000   93.0000   45.1615   55.3584
84.0000   26.0000   68.8741   4.9661
85.0000   95.0000   83.1951   12.0397
86.0000   93.0000   4.5231   16.3679
87.0000   19.0000   86.3608   91.3643
88.0000   83.0000   76.7653   41.8825
89.0000   25.0000   30.8788   74.6137
90.0000   87.0000   8.1615   77.7687
91.0000   19.0000   1.2358   61.7042
92.0000   66.0000   52.5098   30.5484
93.0000   76.0000   82.6721   25.0858
94.0000   51.0000   63.1919   28.1255
95.0000   56.0000   73.6279   33.0401
96.0000   38.0000   23.3193   54.7712
97.0000   71.0000   89.5366   23.0025
98.0000   32.0000   1.9470   78.7645
99.0000   53.0000   53.3037   84.7586
100.0000   66.0000   82.1357   34.2474
101.0000   64.0000   99.3715   0.2332
102.0000   51.0000   46.3247   95.4279
103.0000   30.0000   35.4270   91.7504
104.0000   36.0000   84.2268   10.6996
105.0000   68.0000   37.4361   54.2081
106.0000   69.0000   24.1803   7.6422
107.0000   49.0000   33.8246   0.5343
108.0000   22.0000   44.0601   67.6870
109.0000   33.0000   25.1557   0.2890
110.0000   91.0000   24.7438   64.0237
111.0000   19.0000   63.2849   70.7082
112.0000   27.0000   75.3580   42.0778
113.0000   94.0000   96.1478   65.0289
114.0000   37.0000   42.6563   36.1633
115.0000   83.0000   29.1546   53.7072
116.0000   37.0000   6.8664   94.9204
117.0000   11.0000   70.3339   5.7192
118.0000   72.0000   31.7359   48.8146
119.0000   66.0000   95.7602   88.0761
120.0000   73.0000   4.8503   40.6700
121.0000   59.0000   2.4642   90.0258
122.0000   41.0000   93.4991   4.0109
123.0000   75.0000   99.0573   50.8528
124.0000   18.0000   64.8281   93.1488
125.0000   94.0000   21.7664   45.4859
126.0000   56.0000   89.3880   89.1649
127.0000   85.0000   22.7100   3.4015
128.0000   97.0000   12.8425   47.9569
129.0000   93.0000   80.8283   41.7869
130.0000   99.0000   41.2084   78.9619
131.0000   96.0000   45.2092   46.9322
132.0000   94.0000   92.6979   55.3288
133.0000   89.0000   24.3303   87.7096
134.0000   95.0000   90.7005   49.4594
135.0000   56.0000   21.2833   82.8021
136.0000   20.0000   47.7703   81.4579
137.0000   38.0000   12.1486   36.9615
138.0000   83.0000   68.3772   95.0511
139.0000   17.0000   76.9885   85.3065
140.0000   62.0000   22.4615   63.7346
141.0000   79.0000   47.6742   6.2865
142.0000   66.0000   95.2878   37.7944
143.0000   41.0000   75.2521   14.6495
144.0000   52.0000   82.8719   4.6249
145.0000   98.0000   40.9255   5.8082
146.0000   28.0000   54.9504   41.7607
147.0000   41.0000   20.6964   63.2058
148.0000   95.0000   50.2965   71.7637
149.0000   13.0000   92.2563   73.6476
150.0000   46.0000   28.0859   26.6860
151.0000   11.0000   20.6060   6.9807
152.0000   79.0000   88.9272   56.3144
153.0000   24.0000   5.9960   48.4293
154.0000   28.0000   91.7643   4.3548
155.0000   44.0000   23.1972   83.5451
156.0000   63.0000   52.7622   7.2142
157.0000   42.0000   90.8607   22.7244
158.0000   53.0000   37.3167   15.3544
159.0000   100.0000   87.2453   94.2898
160.0000   97.0000   89.0595   69.0364
161.0000   82.0000   18.2280   45.7332
162.0000   97.0000   32.0744   68.2968
163.0000   64.0000   72.6038   40.6046
164.0000   19.0000   67.8081   80.6823
165.0000   83.0000   66.3448   54.4065
166.0000   27.0000   70.4752   90.9020
167.0000   52.0000   96.5056   74.4322
168.0000   97.0000   99.1864   94.5557
169.0000   34.0000   43.3375   86.0942
170.0000   79.0000   76.2865   43.1522
171.0000   15.0000   34.3117   45.0399
172.0000   27.0000   39.2205   20.6104
173.0000   20.0000   59.7574   45.0669
174.0000   78.0000   66.2892   13.9473
175.0000   21.0000   87.3156   20.8834
176.0000   26.0000   52.5867   4.1050
177.0000   11.0000   80.9111   81.9414
178.0000   81.0000   0.3274   80.0110
179.0000   75.0000   50.0601   16.0267
180.0000   96.0000   43.9235   92.0814
181.0000   52.0000   94.3644   77.8356
182.0000   49.0000   45.4598   96.7198
183.0000   41.0000   52.1282   90.8842
184.0000   11.0000   74.8781   71.0470
185.0000   47.0000   83.5674   79.1722
186.0000   82.0000   96.9441   7.1017
187.0000   38.0000   98.9850   11.7548
188.0000   51.0000   47.6410   48.3216
189.0000   58.0000   4.1910   51.7635
190.0000   49.0000   36.7359   66.5311
191.0000   19.0000   48.4039   47.3998
192.0000   81.0000   85.2041   16.2472
193.0000   73.0000   34.3350   76.1563
194.0000   11.0000   48.6197   92.5476
195.0000   16.0000   38.7948   8.5514
196.0000   25.0000   39.9891   96.7328
197.0000   97.0000   0.1653   68.4539
198.0000   64.0000   49.6852   43.9806
199.0000   76.0000   69.5969   18.1218
200.0000   84.0000   80.7765   16.8270
201.0000   61.0000   41.7653   69.6633
202.0000   48.0000   78.4768   71.0646
203.0000   34.0000   41.3643   45.4599
204.0000   87.0000   15.1077   44.5024
205.0000   76.0000   55.5352   63.2777
206.0000   10.0000   62.8015   48.3685
207.0000   59.0000   36.5385   29.1873
208.0000   47.0000   70.4769   52.4707
209.0000   100.0000   49.2150   15.5366
210.0000   76.0000   19.6997   58.3672
211.0000   36.0000   15.5385   22.2253
212.0000   19.0000   93.4421   47.2422
213.0000   24.0000   80.0425   72.9656
214.0000   51.0000   57.3317   55.0667
215.0000   50.0000   15.6049   96.9089
216.0000   73.0000   47.3347   93.3324
217.0000   91.0000   72.5986   75.8293
218.0000   66.0000   73.1488   91.8342
219.0000   91.0000   86.0025   93.8276
220.0000   18.0000   35.6489   40.2819
221.0000   97.0000   55.0179   56.0085
222.0000   94.0000   73.7930   18.3763
223.0000   28.0000   54.4031   42.6613
224.0000   90.0000   1.8784   13.4036
225.0000   62.0000   61.7138   39.1157
226.0000   32.0000   26.5750   63.5771
227.0000   65.0000   29.6656   91.7451
228.0000   63.0000   55.2368   94.7458
229.0000   90.0000   10.9181   23.8792
230.0000   62.0000   55.3185   54.8908
231.0000   46.0000   29.1502   9.9633
232.0000   67.0000   70.2225   91.5353
233.0000   17.0000   6.0651   24.1146
234.0000   21.0000   24.2319   9.6697
235.0000   94.0000   40.0728   13.7088
236.0000   70.0000   27.9481   32.0585
237.0000   54.0000   29.2373   93.1387
238.0000   83.0000   13.4440   71.6458
239.0000   40.0000   51.3781   98.3996
240.0000   39.0000   64.7603   27.2451
241.0000   20.0000   82.2347   56.3947
242.0000   27.0000   15.0121   18.2106
243.0000   22.0000   28.6679   74.7033
244.0000   11.0000   99.4399   51.4648
245.0000   25.0000   11.1052   35.5779
246.0000   67.0000   65.7669   83.0665
247.0000   68.0000   24.1356   19.2361
248.0000   64.0000   96.8301   44.2613
249.0000   62.0000   9.7609   91.6782
250.0000   46.0000   12.1328   7.5589
251.0000   42.0000   73.5657   40.4295
252.0000   80.0000   42.4673   29.2807
253.0000   43.0000   89.0885   77.3105
254.0000   34.0000   46.4974   19.4216
255.0000   38.0000   19.9681   27.9119
256.0000   20.0000   91.0411   34.6363
257.0000   43.0000   72.0574   3.6628
258.0000   65.0000   76.4079   55.6357
259.0000   52.0000   38.8118   56.1323
260.0000   64.0000   9.7786   71.4670
261.0000   25.0000   38.5413   40.0207
262.0000   90.0000   85.1580   73.0515
263.0000   79.0000   11.4559   85.2214
264.0000   100.0000   5.1979   36.6492
265.0000   72.0000   15.6398   37.8795
266.0000   100.0000   15.0246   59.1056
267.0000   85.0000   34.0805   25.7934
268.0000   56.0000   87.0591   8.7604
269.0000   75.0000   44.2991   57.7757
270.0000   43.0000   11.2462   5.2147
271.0000   68.0000   33.1565   5.4882
272.0000   72.0000   29.3087   88.0363
273.0000   96.0000   40.5030   11.0963
274.0000   32.0000   51.0813   87.2201
275.0000   97.0000   71.0287   98.7160
276.0000   96.0000   95.4485   53.2708
277.0000   34.0000   69.0966   15.5821
278.0000   29.0000   61.8307   3.7781
279.0000   12.0000   71.8240   64.6212
280.0000   91.0000   79.3665   53.3071
281.0000   34.0000   63.8804   29.6267
282.0000   55.0000   70.7254   7.7657
283.0000   96.0000   49.5498   19.0951
284.0000   74.0000   18.9177   78.4944
285.0000   24.0000   17.9114   13.8877
286.0000   10.0000   84.8719   37.6629
287.0000   29.0000   83.2521   99.7266
288.0000   80.0000   6.4547   76.2813
289.0000   83.0000   72.0662   83.1397
290.0000   18.0000   15.8018   27.4110
291.0000   72.0000   37.7108   83.7117
292.0000   34.0000   92.8999   28.7370
293.0000   100.0000   85.2047   94.8354
294.0000   21.0000   17.1186   90.2728
295.0000   99.0000   69.2091   62.2586
296.0000   80.0000   87.3819   76.5993
297.0000   16.0000   87.9291   64.2281
298.0000   55.0000   28.0237   5.6031
299.0000   93.0000   85.9582   80.4826
300.0000   52.0000   29.7331   15.9571
301.0000   23.0000   53.7020   15.0094
302.0000   12.0000   29.0819   24.5114
303.0000   74.0000   94.6695   72.4106
304.0000   26.0000   27.3825   68.7109
305.0000   93.0000   82.6654   38.4162
306.0000   31.0000   52.8900   48.9188
307.0000   90.0000   19.4754   56.1584
308.0000   26.0000   57.1706   29.2552
309.0000   30.0000   79.7416   53.1111
310.0000   78.0000   29.1455   27.3882
311.0000   38.0000   73.9614   89.3907
312.0000   25.0000   64.2179   44.5894
313.0000   62.0000   49.8740   98.9346
314.0000   15.0000   73.2605   94.7175
315.0000   65.0000   20.6723   26.3963
316.0000   13.0000   87.0812   61.0591
317.0000   82.0000   58.9288   75.9643
318.0000   22.0000   56.9310   42.7681
319.0000   76.0000   3.5811   92.1716
320.0000   89.0000   74.8076   61.4972
321.0000   58.0000   56.7836   82.5868
322.0000   52.0000   73.5513   45.4253
323.0000   41.0000   95.8202   40.6599
324.0000   12.0000   69.9732   61.5146
325.0000   83.0000   60.1462   76.8774
326.0000   40.0000   19.6379   4.7006
327.0000   44.0000   33.8293   92.3095
328.0000   14.0000   5.8155   3.2783
329.0000   31.0000   18.4082   75.5942
330.0000   25.0000   89.1185   54.5166
331.0000   61.0000   58.7107   3.6870
332.0000   76.0000   37.6068   78.1150
333.0000   83.0000   34.1515   96.9438
334.0000   89.0000   57.8121   53.4787
335.0000   41.0000   90.5630   79.2110
336.0000   14.0000   37.0025   60.7921
337.0000   20.0000   31.0171   4.7265
338.0000   72.0000   86.2427   40.8623
339.0000   13.0000   80.2070   0.6391
340.0000   35.0000   0.2602   65.8431
341.0000   66.0000   69.4666   91.8481
342.0000   89.0000   50.0922   79.1152
343.0000   50.0000   19.0228   69.9364
344.0000   50.0000   65.9068   70.4758
345.0000   72.0000   48.5611   36.7994
346.0000   36.0000   46.6557   22.9605
347.0000   45.0000   34.9853   84.2375
348.0000   93.0000   22.9967   19.9283
349.0000   50.0000   17.3387   84.1934
350.0000   71.0000   52.0803   3.4170
351.0000   60.0000   80.0567   40.1053
352.0000   72.0000   16.3134   25.1423
353.0000   11.0000   7.7509   31.2752
354.0000   34.0000   65.8209   80.0676
355.0000   33.0000   46.8668   20.1717
356.0000   21.0000   12.8117   24.1562
357.0000   64.0000   65.5554   19.8884
358.0000   36.0000   21.4704   9.5076
359.0000   39.0000   0.9919   62.5431
360.0000   73.0000   2.3529   58.1828
361.0000   92.0000   43.5061   69.6062
362.0000   96.0000   67.8564   26.6571
363.0000   90.0000   12.0586   79.4804
364.0000   71.0000   24.2982   8.3792
365.0000   35.0000   78.5012   86.4844
366.0000   86.0000   54.5601   95.9574
367.0000   75.0000   28.5999   8.2066
368.0000   94.0000   9.7812   22.4248
369.0000   33.0000   87.9153   59.1304
370.0000   14.0000   38.9102   42.3583
371.0000   93.0000   30.5038   87.4033
372.0000   20.0000   87.4719   68.2681
373.0000   97.0000   29.4095   24.1113
374.0000   16.0000   87.9908   25.0380
375.0000   88.0000   39.4180   22.9484
