0.0000   0.0000   50.0000   50.0000
1.0000   19.0000   6.6360   69.8823
2.0000   81.0000   46.4318   20.4463
3.0000   61.0000   20.0724   79.0299
4.0000   12.0000   46.0021   98.2008
5.0000   81.0000   14.1579   45.7743
6.0000   19.0000   81.0101   40.8340
7.0000   86.0000   37.8408   34.9493
8.0000   49.0000   72.1168   70.9782
9.0000   37.0000   75.5942   37.7311
10.0000   87.0000   7.8456   62.3544
11.0000   90.0000   13.8071   69.9658
12.0000   24.0000   31.3395   18.8897
13.0000   28.0000   70.5013   94.7823
14.0000   69.0000   30.1793   1.7635
15.0000   76.0000   82.9154   11.9101
16.0000   84.0000   75.0071   40.8699
17.0000   78.0000   40.7395   94.8837
18.0000   96.0000   78.7233   4.3106
19.0000   66.0000   88.7156   85.5747
20.0000   39.0000   61.1979   84.1797
21.0000   30.0000   60.1977   47.7746
22.0000   60.0000   77.4435   40.7145
23.0000   90.0000   85.2723   40.9342
24.0000   30.0000   74.5139   22.0318
25.0000   57.0000   21.2533   77.4980
26.0000   83.0000   70.2139   5.9087
27.0000   29.0000   70.7401   64.4348
28.0000   57.0000   60.7595   71.4843
29.0000   9.0000   26.4332   63.8761
30.0000   52.0000   80.2660   86.5757
31.0000   79.0000   8.9744   76.4467
32.0000   66.0000   78.0704   98.0319
33.0000   97.0000   70.5789   71.6946
34.0000   96.0000   45.2963   62.9635
35.0000   21.0000   41.7589   81.5026
36.0000   54.0000   87.3768   10.3127
37.0000   91.0000   19.7625   62.6925
38.0000   76.0000   57.6325   69.5004
39.0000   92.0000   95.7131   90.0233
40.0000   65.0000   34.7417   75.1379
41.0000   33.0000   76.7398   50.8403
42.0000   67.0000   57.2061   79.7817
43.0000   61.0000   3.6522   46.8166
44.0000   17.0000   93.8995   89.8457
45.0000   44.0000   86.4776   56.5144
46.0000   90.0000   67.6720   72.5706
47.0000   89.0000   51.7321   62.9372
48.0000   100.0000   49.2804   91.0875
49.0000   49.0000   22.5301   12.8848
50.0000   98.0000   28.4802   11.3851
51.0000   7.0000   31.2803   81.3200
52.0000   42.0000   93.6245   64.7563
53.0000   57.0000   63.2195   26.2533
54.0000   60.0000   99.4769   64.8777
55.0000   45.0000   25.9874   31.2525
56.0000   18.0000   53.7702   4.9780
57.0000   80.0000   5.0635   52.3121
58.0000   78.0000   97.8706   12.6153
59.0000   3.0000   85.6762   37.9935
60.0000   96.0000   58.8617   77.9539
61.0000   48.0000   91.4929   39.5228
62.0000   67.0000   38.4776   31.0465
63.0000   60.0000   47.4112   85.6987
64.0000   16.0000   2.8662   78.1081
65.0000   84.0000   41.3117   33.8763
66.0000   37.0000   55.5466   48.4241
67.0000   83.0000   17.2764   34.1555
68.0000   77.0000   39.1011   51.6971
69.0000   10.0000   70.5337   60.4509
70.0000   89.0000   49.8286   0.5619
71.0000   45.0000   15.6910   16.4533
72.0000   10.0000   9.4458   26.9569
73.0000   74.0000   27.2496   1.6021
74.0000   54.0000   44.1530   10.5064
75.0000   19.0000   71.9831   98.4109
