0.0000   0.0000   50.0000   50.0000
1.0000   56.0000   47.3734   7.9735
2.0000   19.0000   51.3659   26.9955
3.0000   58.0000   59.4229   63.8707
4.0000   61.0000   66.9090   63.0556
5.0000   31.0000   38.5689   6.9818
6.0000   34.0000   93.4457   60.2155
7.0000   58.0000   2.9433   73.7776
8.0000   8.0000   1.7125   92.5002
9.0000   80.0000   23.6591   78.2793
10.0000   58.0000   68.6575   29.5077
11.0000   56.0000   45.8767   87.2411
12.0000   59.0000   58.5070   46.4501
13.0000   5.0000   53.4961   6.7767
14.0000   53.0000   63.6972   8.6474
15.0000   67.0000   19.2221   27.6615
16.0000   66.0000   34.5419   81.7009
17.0000   63.0000   16.6669   31.0530
18.0000   36.0000   31.4144   85.0869
19.0000   83.0000   83.3682   44.6471
20.0000   85.0000   32.1846   93.8867
21.0000   79.0000   92.9645   98.9364
22.0000   7.0000   95.8991   40.9736
23.0000   44.0000   6.7367   4.1432
24.0000   85.0000   89.1344   79.9931
25.0000   56.0000   13.0687   75.4318
26.0000   99.0000   30.6080   48.5760
27.0000   95.0000   22.9783   70.7229
28.0000   84.0000   86.6888   34.9561
29.0000   73.0000   26.5722   59.5353
30.0000   93.0000   61.0956   69.4462
31.0000   49.0000   28.2817   53.3711
32.0000   94.0000   88.0850   49.6269
33.0000   65.0000   62.5442   19.6251
34.0000   1.0000   70.8839   40.0284
35.0000   75.0000   33.8724   79.1787
36.0000   50.0000   63.6448   21.8096
37.0000   67.0000   82.5474   24.7536
38.0000   48.0000   69.0333   36.3902
39.0000   37.0000   8.1674   62.4197
40.0000   25.0000   33.7524   84.0202
41.0000   22.0000   51.9661   25.4859
42.0000   30.0000   63.9910   11.0948
43.0000   57.0000   45.8860   46.8552
44.0000   46.0000   38.9779   0.8539
45.0000   96.0000   88.4356   37.6295
46.0000   75.0000   36.8370   39.7738
47.0000   70.0000   68.8126   49.0570
48.0000   80.0000   14.7842   83.5243
49.0000   8.0000   50.2907   94.7848
50.0000   85.0000   49.3339   19.1033
51.0000   19.0000   11.7551   17.5856
52.0000   53.0000   91.7108   84.3119
53.0000   5.0000   75.6092   77.3684
54.0000   12.0000   9.7059   90.5112
55.0000   90.0000   73.4049   79.6526
56.0000   24.0000   35.2083   41.6775
57.0000   5.0000   13.7673   82.1983
58.0000   15.0000   57.5983   38.4184
59.0000   38.0000   23.9420   48.5746
60.0000   97.0000   13.7855   33.4481
61.0000   32.0000   54.2176   60.7565
62.0000   15.0000   0.3642   22.5976
63.0000   73.0000   47.7289   16.5383
64.0000   54.0000   36.8557   99.2998
65.0000   89.0000   93.8573   68.9005
66.0000   7.0000   98.4331   45.9059
67.0000   30.0000   56.6990   3.9580
68.0000   97.0000   37.8444   76.4720
69.0000   16.0000   70.6654   9.3363
70.0000   1.0000   81.3580   72.4923
71.0000   16.0000   69.3867   2.0920
72.0000   2.0000   44.6401   27.6405
73.0000   6.0000   53.2491   92.7388
74.0000   75.0000   3.1639   91.7435
75.0000   16.0000   7.3442   90.8250
76.0000   2.0000   36.3741   95.8017
77.0000   82.0000   55.8816   13.1023
78.0000   20.0000   88.7248   42.4066
79.0000   88.0000   5.4994   47.3123
80.0000   85.0000   84.4137   30.2882
81.0000   18.0000   21.8802   2.5551
82.0000   53.0000   49.2218   17.3614
83.0000   14.0000   8.8660   49.4835
84.0000   27.0000   57.8926   5.6800
85.0000   60.0000   46.3791   39.3446
86.0000   69.0000   65.4007   98.9553
87.0000   40.0000   45.7321   27.2270
88.0000   8.0000   31.7885   1.2845
89.0000   13.0000   51.4411   0.2949
90.0000   89.0000   67.0457   23.1413
91.0000   1.0000   71.6254   40.6551
92.0000   45.0000   2.7515   85.5095
93.0000   46.0000   19.9100   37.5390
94.0000   88.0000   94.7160   27.0605
95.0000   68.0000   41.3040   63.9753
96.0000   49.0000   70.0443   55.0268
97.0000   42.0000   4.0585   81.9459
98.0000   98.0000   3.5823   34.5791
99.0000   37.0000   57.8903   49.2696
100.0000   58.0000   15.8587   73.0677
101.0000   77.0000   88.5430   14.1070
102.0000   40.0000   1.3158   64.5682
103.0000   42.0000   48.6042   69.3559
104.0000   76.0000   7.7966   26.8136
105.0000   78.0000   80.4416   31.6657
106.0000   72.0000   64.2335   24.9257
107.0000   8.0000   5.5224   75.2839
108.0000   34.0000   32.8031   83.6314
109.0000   92.0000   90.0850   25.9044
110.0000   62.0000   56.1510   10.3594
111.0000   31.0000   54.9462   39.2342
112.0000   82.0000   76.0438   40.0174
113.0000   70.0000   28.3892   49.3049
114.0000   15.0000   6.0846   96.9535
115.0000   68.0000   57.7734   66.6994
116.0000   71.0000   30.8509   2.7740
117.0000   12.0000   21.2069   49.7074
118.0000   83.0000   11.1520   8.9091
119.0000   44.0000   94.6524   93.6413
120.0000   26.0000   94.7935   89.6924
121.0000   86.0000   67.5059   9.6581
122.0000   100.0000   35.1761   27.8786
123.0000   18.0000   82.1019   78.9102
124.0000   21.0000   11.5890   80.8093
125.0000   75.0000   15.8784   21.0302
126.0000   20.0000   22.4682   7.8601
127.0000   94.0000   96.2313   19.1399
128.0000   85.0000   3.5946   40.9800
129.0000   86.0000   40.0678   15.1469
130.0000   52.0000   65.8187   25.6434
131.0000   87.0000   65.7663   34.4878
132.0000   39.0000   79.1398   26.7805
133.0000   58.0000   23.3535   33.9946
134.0000   27.0000   12.6943   31.8266
135.0000   97.0000   3.9989   71.5076
136.0000   87.0000   46.1263   62.1928
137.0000   80.0000   28.5592   50.4613
138.0000   93.0000   80.2882   19.3454
139.0000   37.0000   88.1581   39.3050
140.0000   31.0000   69.6598   36.2799
141.0000   44.0000   94.5361   70.4889
142.0000   85.0000   8.1065   16.7276
143.0000   29.0000   89.9379   15.9563
144.0000   13.0000   83.7241   29.8944
145.0000   68.0000   36.0980   67.0992
146.0000   47.0000   19.4472   93.4826
147.0000   68.0000   21.1033   38.5779
148.0000   97.0000   88.7361   77.7149
149.0000   86.0000   82.4373   8.9357
150.0000   50.0000   68.8926   7.5428
151.0000   61.0000   19.2817   24.4927
152.0000   9.0000   65.5677   10.2538
153.0000   53.0000   11.9305   17.7816
154.0000   68.0000   95.2284   46.4657
155.0000   97.0000   88.3068   42.3348
156.0000   43.0000   36.6095   40.6434
157.0000   80.0000   11.0026   35.1633
158.0000   78.0000   71.5814   70.6993
159.0000   24.0000   89.2409   54.7397
160.0000   15.0000   42.3171   68.5470
161.0000   20.0000   35.7707   28.5696
162.0000   39.0000   34.8641   45.9557
163.0000   79.0000   61.8833   70.7596
164.0000   59.0000   21.1404   92.6235
165.0000   21.0000   19.5335   43.2780
166.0000   18.0000   1.7657   78.5677
167.0000   43.0000   97.4301   19.1166
168.0000   77.0000   47.5986   70.9160
169.0000   3.0000   42.6352   40.7508
170.0000   27.0000   2.3353   80.5279
171.0000   100.0000   35.8282   27.6752
172.0000   10.0000   89.9422   29.4920
173.0000   13.0000   51.9291   37.2899
174.0000   65.0000   69.0021   98.8166
175.0000   49.0000   39.2932   50.0081
176.0000   51.0000   87.5398   95.9047
177.0000   10.0000   40.6506   90.6925
178.0000   22.0000   6.2504   18.9135
179.0000   62.0000   8.2939   8.3090
180.0000   55.0000   35.8490   11.0541
181.0000   59.0000   25.1697   96.3133
182.0000   9.0000   43.6442   33.6703
183.0000   96.0000   24.7001   72.9550
184.0000   100.0000   38.6813   27.5508
185.0000   11.0000   4.1645   84.3085
186.0000   97.0000   7.5753   69.0511
187.0000   10.0000   86.9226   99.5431
188.0000   41.0000   20.8778   43.7301
189.0000   54.0000   87.0773   15.2510
190.0000   29.0000   24.5308   26.7380
191.0000   36.0000   3.9335   71.9700
192.0000   88.0000   96.4717   65.1002
193.0000   18.0000   58.5497   35.6105
194.0000   73.0000   90.3230   18.6715
195.0000   27.0000   98.0344   70.4428
196.0000   61.0000   32.7337   85.5238
197.0000   25.0000   86.8000   90.3244
198.0000   92.0000   54.4175   96.8644
199.0000   73.0000   54.3013   18.7876
200.0000   12.0000   61.6668   14.9882
201.0000   26.0000   81.3496   97.9631
202.0000   14.0000   97.8747   37.6154
203.0000   40.0000   95.9116   64.2355
204.0000   51.0000   62.9737   88.0828
205.0000   38.0000   53.5233   80.5802
206.0000   87.0000   20.7718   86.1693
207.0000   66.0000   77.2774   60.6394
208.0000   84.0000   91.4704   9.8709
209.0000   67.0000   59.1278   95.9386
210.0000   66.0000   94.9189   48.3309
211.0000   57.0000   18.7840   7.2084
212.0000   44.0000   95.8792   36.4099
213.0000   9.0000   21.2137   1.3218
214.0000   55.0000   1.3140   19.9069
215.0000   94.0000   18.3803   61.4319
216.0000   28.0000   34.8599   28.2127
217.0000   98.0000   32.8887   93.7729
218.0000   32.0000   12.5220   57.4205
219.0000   99.0000   67.5942   14.7742
220.0000   18.0000   90.1781   89.6846
221.0000   35.0000   21.6125   25.8328
222.0000   86.0000   15.5005   6.5028
223.0000   52.0000   95.6055   97.0733
224.0000   62.0000   93.1467   36.3093
225.0000   25.0000   21.7828   39.6813
226.0000   64.0000   67.3590   6.9966
227.0000   9.0000   26.4526   75.3336
228.0000   52.0000   54.9190   65.8174
229.0000   59.0000   23.0991   24.4449
230.0000   4.0000   0.5963   23.2556
231.0000   16.0000   17.8942   27.2909
232.0000   79.0000   46.2343   19.8199
233.0000   87.0000   63.8667   12.8974
234.0000   41.0000   84.7929   49.2062
235.0000   65.0000   94.6826   67.5084
236.0000   88.0000   90.8820   31.6734
237.0000   75.0000   81.1794   29.9912
238.0000   87.0000   56.3273   77.0514
239.0000   12.0000   43.6445   99.9217
240.0000   54.0000   69.4243   96.7815
241.0000   68.0000   69.1888   55.6262
242.0000   84.0000   3.4287   69.5004
243.0000   84.0000   60.1987   88.7931
244.0000   11.0000   35.6604   83.9627
245.0000   77.0000   49.5970   33.6694
246.0000   24.0000   29.2769   9.7593
247.0000   79.0000   64.8822   86.1809
248.0000   55.0000   81.2579   36.2002
249.0000   35.0000   0.5887   61.6125
250.0000   51.0000   53.0080   71.7959
251.0000   7.0000   37.6824   92.8283
252.0000   4.0000   4.9886   95.8162
253.0000   83.0000   3.1458   34.0549
254.0000   96.0000   40.6585   23.7984
255.0000   98.0000   45.7253   10.5323
256.0000   92.0000   10.5340   76.4799
257.0000   16.0000   40.9286   84.4271
258.0000   16.0000   82.6953   74.6170
259.0000   23.0000   86.0145   15.9902
260.0000   40.0000   65.4644   23.1761
261.0000   70.0000   35.1240   83.6250
262.0000   69.0000   16.9658   93.8371
263.0000   21.0000   21.2807   99.4448
264.0000   93.0000   43.5740   94.9941
265.0000   71.0000   5.9798   33.1686
266.0000   86.0000   13.9544   82.1414
267.0000   78.0000   16.6383   58.7213
268.0000   35.0000   6.4131   7.6880
269.0000   54.0000   40.8384   8.0773
270.0000   64.0000   63.5396   75.5813
271.0000   65.0000   21.2313   47.8443
272.0000   66.0000   44.9580   96.0326
273.0000   55.0000   38.7580   44.1341
274.0000   72.0000   75.6803   92.6531
275.0000   61.0000   0.4726   96.9999
276.0000   52.0000   73.9501   35.7702
277.0000   81.0000   72.7413   86.5137
278.0000   79.0000   90.3987   32.9742
279.0000   99.0000   28.9370   76.4218
280.0000   73.0000   66.0919   97.3658
281.0000   61.0000   89.2099   76.5569
282.0000   24.0000   76.7236   93.6346
283.0000   93.0000   13.0783   86.5475
284.0000   86.0000   19.5095   68.6571
285.0000   68.0000   50.0741   86.4374
286.0000   1.0000   85.5821   85.7349
287.0000   21.0000   0.0384   46.5089
288.0000   30.0000   92.9487   89.9039
289.0000   77.0000   85.8171   69.5426
290.0000   97.0000   34.3736   5.1381
291.0000   54.0000   69.3149   17.0089
292.0000   41.0000   14.9820   91.4781
293.0000   86.0000   82.1132   63.9470
294.0000   50.0000   18.5854   0.6340
295.0000   6.0000   13.3130   9.2798
296.0000   52.0000   21.1159   42.9075
297.0000   99.0000   13.8445   28.1157
298.0000   39.0000   79.1614   63.6417
299.0000   45.0000   23.0730   16.6347
300.0000   51.0000   75.3775   59.3384
301.0000   65.0000   51.7645   53.8019
302.0000   60.0000   83.4275   7.6548
303.0000   77.0000   50.5646   60.1731
304.0000   92.0000   51.5297   83.5595
305.0000   62.0000   53.4973   29.0645
306.0000   56.0000   73.7672   1.7389
307.0000   39.0000   12.2357   73.3903
308.0000   97.0000   77.8700   60.7793
309.0000   84.0000   86.7073   58.0567
310.0000   94.0000   79.3186   28.8722
311.0000   9.0000   81.3883   12.9808
312.0000   37.0000   84.9543   68.0397
313.0000   84.0000   70.3479   40.7660
314.0000   91.0000   10.1517   6.2004
315.0000   95.0000   39.8180   50.5906
316.0000   91.0000   12.5650   74.5249
317.0000   83.0000   95.2486   12.4656
318.0000   80.0000   54.6463   89.7894
319.0000   89.0000   20.7203   10.7033
320.0000   47.0000   41.5649   51.6047
321.0000   63.0000   86.5495   68.1130
322.0000   8.0000   18.5772   24.2871
323.0000   91.0000   16.6973   82.3684
324.0000   4.0000   21.1653   67.8238
325.0000   21.0000   38.8820   36.9323
326.0000   27.0000   30.4916   70.4679
327.0000   82.0000   29.7664   21.2623
328.0000   7.0000   66.2420   15.0086
329.0000   80.0000   48.0262   83.1134
330.0000   61.0000   13.0159   26.7069
331.0000   56.0000   24.1014   8.1796
332.0000   62.0000   46.6568   22.3210
333.0000   68.0000   0.0664   31.1975
334.0000   64.0000   93.1322   48.3987
335.0000   92.0000   11.7837   41.8132
336.0000   15.0000   32.8054   97.5996
337.0000   75.0000   16.2368   71.6973
338.0000   82.0000   69.4541   91.1422
339.0000   38.0000   22.0272   4.6047
340.0000   17.0000   26.0585   80.5324
341.0000   69.0000   68.3780   73.5735
342.0000   81.0000   61.3795   28.7303
343.0000   75.0000   42.6753   53.4128
344.0000   32.0000   43.8482   21.9622
345.0000   72.0000   83.2875   56.3465
346.0000   48.0000   34.9523   78.3684
347.0000   37.0000   22.7319   43.7323
348.0000   17.0000   31.6565   59.9159
349.0000   90.0000   11.5490   70.8673
350.0000   69.0000   68.1778   36.3366
351.0000   46.0000   42.8466   48.8856
352.0000   98.0000   2.6442   10.8361
353.0000   1.0000   16.8428   1.2545
354.0000   80.0000   4.4352   89.2416
355.0000   38.0000   81.8594   39.1672
356.0000   49.0000   32.8320   37.3136
357.0000   96.0000   81.9414   0.0973
358.0000   28.0000   21.7196   1.7892
359.0000   73.0000   54.8450   44.2955
360.0000   5.0000   10.1627   43.5792
361.0000   29.0000   4.6896   74.8918
362.0000   41.0000   64.5526   4.0537
363.0000   56.0000   14.3371   5.6535
364.0000   49.0000   75.3940   76.9316
365.0000   37.0000   23.9570   65.7716
366.0000   32.0000   3.5576   95.2218
367.0000   60.0000   47.7531   81.6722
368.0000   58.0000   70.1338   63.0650
369.0000   28.0000   52.3645   78.8181
370.0000   10.0000   2.1605   1.6735
371.0000   7.0000   48.2123   64.6495
372.0000   17.0000   9.6535   68.2997
373.0000   23.0000   70.0931   38.4696
374.0000   42.0000   99.8451   48.1195
375.0000   21.0000   72.6335   79.7461
376.0000   52.0000   94.7213   89.3163
377.0000   13.0000   76.0081   19.5356
378.0000   69.0000   18.0515   83.8439
379.0000   65.0000   10.0750   54.1689
380.0000   16.0000   22.6454   48.0450
381.0000   24.0000   49.3722   53.5079
382.0000   21.0000   59.4902   73.1566
383.0000   44.0000   82.9836   1.6429
384.0000   86.0000   27.2366   53.4689
385.0000   47.0000   78.6180   28.9947
386.0000   23.0000   45.5922   14.2861
387.0000   2.0000   10.0246   23.1558
388.0000   83.0000   42.2618   53.2253
389.0000   51.0000   44.5425   43.5156
390.0000   39.0000   46.1999   56.7519
391.0000   92.0000   32.7461   48.3944
392.0000   59.0000   43.1743   39.9442
393.0000   72.0000   60.5832   80.0389
394.0000   28.0000   10.3442   53.1749
395.0000   37.0000   52.5936   52.2104
396.0000   13.0000   92.6755   6.5557
397.0000   57.0000   60.4426   55.4293
398.0000   3.0000   17.7779   12.3275
399.0000   98.0000   70.2569   65.2707
400.0000   71.0000   85.0857   24.9537
401.0000   50.0000   62.3051   51.7505
402.0000   62.0000   19.9730   13.8824
403.0000   94.0000   65.8258   0.8105
404.0000   20.0000   4.2132   74.0299
405.0000   3.0000   91.7507   38.2197
406.0000   59.0000   12.1804   95.3230
407.0000   73.0000   23.9064   82.3445
408.0000   60.0000   48.4481   22.2399
409.0000   3.0000   6.1493   2.5051
410.0000   36.0000   57.7744   15.9642
411.0000   69.0000   57.8380   6.8423
412.0000   45.0000   98.4371   21.2948
413.0000   82.0000   95.6576   37.4761
414.0000   52.0000   80.6285   12.6493
415.0000   61.0000   81.3200   15.6473
416.0000   25.0000   69.9762   62.3730
417.0000   66.0000   5.8044   69.9778
418.0000   88.0000   93.2443   59.2538
419.0000   76.0000   3.6291   41.9932
420.0000   3.0000   83.2832   79.0843
421.0000   73.0000   43.0380   28.9386
422.0000   96.0000   75.4211   60.0375
423.0000   79.0000   37.8748   1.9414
424.0000   38.0000   12.6831   16.0724
425.0000   27.0000   73.7181   67.4354
