0.0000   0.0000   0.0000   0.0000
1.0000   65.0000   16.9067   44.1426
2.0000   31.0000   11.3977   24.6729
3.0000   32.0000   34.7544   1.6109
4.0000   35.0000   31.9006   6.9753
5.0000   74.0000   6.0919   27.3580
6.0000   52.0000   36.4831   39.9411
7.0000   58.0000   25.2599   41.0982
8.0000   50.0000   7.1676   45.8063
9.0000   71.0000   24.5558   29.2401
10.0000   50.0000   3.2407   32.2048
11.0000   39.0000   40.0768   35.5754
12.0000   55.0000   4.3471   17.7685
13.0000   107.0000   19.8052   37.9993
14.0000   115.0000   8.4389   0.3560
15.0000   109.0000   6.1764   23.1190
16.0000   97.0000   1.0585   0.7024
17.0000   67.0000   45.6636   39.4146
18.0000   64.0000   18.6537   37.3180
19.0000   78.0000   29.8187   21.2453
20.0000   108.0000   14.5367   32.9868
21.0000   56.0000   44.0943   29.0695
22.0000   38.0000   38.5383   40.5392
23.0000   34.0000   1.1146   20.0876
24.0000   56.0000   37.5779   30.8775
25.0000   56.0000   18.9514   42.1167
26.0000   103.0000   35.4092   45.0076
27.0000   106.0000   29.5307   33.2048
28.0000   62.0000   6.1983   43.3799
29.0000   104.0000   39.0585   13.4330
30.0000   70.0000   47.8259   33.9557
31.0000   110.0000   24.7671   33.7430
32.0000   33.0000   39.5985   2.9323
33.0000   85.0000   25.4787   9.0202
34.0000   80.0000   9.6967   16.7474
35.0000   116.0000   40.9013   47.5151
36.0000   35.0000   44.2078   9.0625
37.0000   79.0000   45.5816   43.6938
38.0000   74.0000   11.7008   37.8702
39.0000   35.0000   25.2506   23.4738
40.0000   101.0000   28.5588   41.7267
41.0000   88.0000   39.5517   0.3225
42.0000   75.0000   6.0448   5.1374
43.0000   37.0000   37.0012   11.4168
44.0000   36.0000   36.8432   36.4927
45.0000   41.0000   20.6733   7.4244
46.0000   118.0000   22.5331   46.4264
47.0000   48.0000   18.9366   17.8623
48.0000   76.0000   24.2316   9.3616
49.0000   41.0000   2.2929   28.3679
50.0000   99.0000   12.1137   23.1032
51.0000   47.0000   39.6437   22.4503
52.0000   36.0000   29.8030   18.2329
53.0000   114.0000   44.8352   8.3229
54.0000   61.0000   17.2663   16.3416
55.0000   94.0000   29.7193   43.5716
56.0000   31.0000   21.9683   7.7054
57.0000   44.0000   29.5431   47.8146
58.0000   50.0000   2.9738   13.5260
59.0000   97.0000   49.8486   19.5195
60.0000   108.0000   0.3342   14.9804
61.0000   82.0000   48.7916   9.5046
62.0000   100.0000   28.5717   1.3811
63.0000   33.0000   8.7956   30.2877
64.0000   85.0000   9.4211   45.8794
65.0000   39.0000   34.4612   11.5119
66.0000   99.0000   18.0435   29.3878
67.0000   114.0000   39.7275   0.7599
68.0000   46.0000   49.6043   19.5421
69.0000   33.0000   45.9643   16.5154
70.0000   90.0000   2.2237   35.9811
71.0000   69.0000   13.6133   30.3884
72.0000   67.0000   30.6384   45.8419
73.0000   66.0000   17.0469   49.4214
74.0000   55.0000   12.3920   1.6875
75.0000   120.0000   9.9535   2.5863
76.0000   35.0000   14.9266   31.1895
77.0000   37.0000   45.2011   23.7710
78.0000   103.0000   1.0711   46.8264
79.0000   97.0000   49.2028   4.8731
80.0000   117.0000   42.0568   35.4885
81.0000   57.0000   13.5641   27.1379
82.0000   44.0000   45.3191   1.5884
83.0000   98.0000   8.8888   34.7051
84.0000   105.0000   34.4396   45.4081
85.0000   47.0000   24.7920   25.4660
86.0000   114.0000   7.0894   19.1383
87.0000   60.0000   36.3143   16.7970
88.0000   93.0000   19.5662   17.5503
89.0000   107.0000   31.4165   19.3049
90.0000   120.0000   22.9409   29.7925
91.0000   70.0000   34.5809   15.0419
92.0000   83.0000   37.5539   42.4834
93.0000   90.0000   3.7258   21.4897
94.0000   120.0000   6.6952   11.9919
95.0000   66.0000   16.4854   4.8495
96.0000   89.0000   28.1890   23.8940
97.0000   97.0000   22.6863   38.1263
98.0000   61.0000   22.9568   19.4803
99.0000   98.0000   8.2908   10.5654
100.0000   117.0000   29.2484   29.3451
101.0000   33.0000   6.0750   28.6906
102.0000   60.0000   32.7034   20.7155
103.0000   109.0000   24.2107   35.3437
104.0000   85.0000   34.3549   11.8892
105.0000   35.0000   34.0445   10.8735
106.0000   34.0000   22.4665   18.2078
107.0000   79.0000   31.0888   1.5331
108.0000   115.0000   46.1496   44.1440
109.0000   31.0000   3.6964   3.0314
110.0000   62.0000   4.2576   39.3136
111.0000   39.0000   20.0547   39.7103
112.0000   40.0000   42.6322   21.8878
113.0000   102.0000   46.3639   20.6185
114.0000   108.0000   3.1112   25.8306
115.0000   111.0000   49.6804   37.6031
116.0000   73.0000   29.4306   19.4805
117.0000   76.0000   21.5131   3.2234
118.0000   66.0000   7.0164   10.1833
119.0000   47.0000   9.0313   12.4028
120.0000   104.0000   49.3678   11.2057
121.0000   83.0000   40.7760   13.5625
122.0000   97.0000   43.7898   8.8726
123.0000   92.0000   19.5036   30.6761
124.0000   30.0000   48.6825   49.7940
125.0000   59.0000   49.6646   23.0923
126.0000   83.0000   38.2378   10.4316
127.0000   73.0000   41.8361   18.1296
128.0000   61.0000   0.0102   45.3629
129.0000   97.0000   30.6649   40.7907
130.0000   118.0000   47.0768   14.5381
131.0000   116.0000   8.8048   45.4458
132.0000   86.0000   0.6631   41.2309
133.0000   100.0000   13.9822   33.1455
134.0000   96.0000   33.9363   3.0133
135.0000   47.0000   45.5181   30.3711
136.0000   106.0000   36.1486   12.7202
137.0000   114.0000   24.8261   47.0892
138.0000   38.0000   0.5431   24.9524
139.0000   120.0000   25.0295   24.2714
140.0000   38.0000   14.9087   46.6096
141.0000   95.0000   44.3886   30.2505
142.0000   109.0000   10.9737   45.1846
143.0000   84.0000   31.9942   16.1493
144.0000   61.0000   7.9517   1.7238
145.0000   35.0000   7.8866   37.5532
146.0000   74.0000   36.5547   8.7570
147.0000   102.0000   15.0452   5.6458
148.0000   56.0000   4.6913   42.3943
149.0000   63.0000   32.7771   9.3410
150.0000   30.0000   39.6201   44.8508
151.0000   106.0000   1.2322   43.5056
152.0000   36.0000   16.1041   12.7274
153.0000   108.0000   6.0556   0.9520
154.0000   45.0000   33.3670   38.1686
155.0000   73.0000   31.1707   9.3064
156.0000   65.0000   41.8172   23.1202
157.0000   80.0000   37.8665   0.7606
158.0000   58.0000   11.0354   7.7781
159.0000   108.0000   30.1458   42.8768
160.0000   62.0000   32.2952   8.9527
161.0000   93.0000   26.9885   45.3605
162.0000   82.0000   35.1496   3.7900
163.0000   71.0000   10.6268   13.6664
164.0000   112.0000   17.0664   34.2333
165.0000   58.0000   37.1019   10.7966
166.0000   75.0000   44.2058   16.5787
167.0000   95.0000   49.7063   5.2885
168.0000   108.0000   42.5587   14.0509
169.0000   93.0000   25.2883   11.9439
170.0000   42.0000   37.4352   34.3364
171.0000   72.0000   39.5288   22.9252
172.0000   73.0000   32.0916   16.1530
173.0000   62.0000   28.9103   35.8095
174.0000   49.0000   6.0591   28.0900
175.0000   97.0000   11.6905   10.1029
176.0000   107.0000   7.7374   38.6160
177.0000   72.0000   10.8263   10.4294
178.0000   44.0000   2.1929   4.4790
179.0000   55.0000   31.3214   0.0422
180.0000   117.0000   2.1797   30.3811
181.0000   64.0000   46.9792   38.5778
182.0000   58.0000   5.2423   37.5075
183.0000   70.0000   5.0806   4.4795
184.0000   52.0000   16.2821   3.0169
185.0000   86.0000   18.4496   19.8185
186.0000   77.0000   35.3861   27.8703
187.0000   72.0000   22.5141   26.6968
188.0000   44.0000   40.8361   45.2921
189.0000   77.0000   8.7133   22.4131
190.0000   38.0000   9.5582   49.3265
191.0000   32.0000   10.3355   28.8803
192.0000   48.0000   34.6650   1.1658
193.0000   63.0000   29.4006   24.8894
194.0000   106.0000   34.3329   13.1434
195.0000   118.0000   18.7731   25.6143
196.0000   78.0000   41.7308   49.5510
197.0000   103.0000   40.2190   10.3253
198.0000   69.0000   18.7711   22.9298
199.0000   67.0000   6.7389   27.5541
200.0000   100.0000   1.7798   18.8802
201.0000   93.0000   30.8863   25.1637
202.0000   33.0000   5.4426   47.6090
203.0000   54.0000   28.9650   38.1214
204.0000   45.0000   20.7632   16.9011
205.0000   119.0000   16.3710   1.1393
206.0000   40.0000   18.3601   7.5710
207.0000   57.0000   44.1018   41.4780
208.0000   73.0000   36.0858   37.8307
209.0000   116.0000   36.7158   46.8304
210.0000   89.0000   23.4656   1.9377
211.0000   106.0000   17.0793   1.5513
212.0000   72.0000   28.5518   15.5666
213.0000   88.0000   25.3175   31.4506
214.0000   97.0000   31.9443   27.0297
215.0000   76.0000   49.7913   47.5317
216.0000   76.0000   0.2059   41.8168
217.0000   84.0000   45.3239   29.9145
218.0000   41.0000   30.1024   32.1628
219.0000   101.0000   14.5156   26.5455
220.0000   87.0000   48.5741   16.2338
221.0000   30.0000   4.7219   30.3279
222.0000   31.0000   24.7672   13.3061
223.0000   64.0000   35.8769   14.6779
224.0000   85.0000   11.8373   21.1492
225.0000   95.0000   39.0832   49.7117
226.0000   30.0000   12.1741   21.3583
227.0000   43.0000   13.0666   8.0331
228.0000   61.0000   43.5397   1.7437
229.0000   98.0000   22.1476   0.3732
230.0000   47.0000   40.8430   13.7677
231.0000   31.0000   0.3385   29.1793
232.0000   63.0000   26.4438   39.2764
233.0000   33.0000   13.5332   35.0784
234.0000   106.0000   33.8485   17.2828
235.0000   35.0000   11.9404   19.1261
236.0000   112.0000   48.8806   42.5015
237.0000   51.0000   49.2463   31.1170
238.0000   34.0000   47.2131   15.4980
239.0000   52.0000   1.4587   24.4306
240.0000   91.0000   44.8225   12.9972
241.0000   99.0000   21.3242   41.6226
242.0000   58.0000   34.8828   33.9655
243.0000   67.0000   36.6374   29.8160
244.0000   32.0000   1.7314   6.4060
245.0000   45.0000   43.4179   21.3350
246.0000   66.0000   8.9579   26.7231
247.0000   120.0000   3.3975   0.9956
248.0000   56.0000   12.3431   11.8049
249.0000   104.0000   31.1798   1.9780
250.0000   117.0000   46.5373   19.6794
251.0000   93.0000   9.6465   41.8272
252.0000   73.0000   36.1496   36.6046
253.0000   35.0000   47.1338   8.2640
254.0000   85.0000   22.9530   0.4009
255.0000   60.0000   0.5493   14.8749
256.0000   67.0000   30.9333   10.9726
257.0000   55.0000   31.3677   35.8909
258.0000   44.0000   24.3562   3.9355
259.0000   89.0000   40.9935   36.4966
260.0000   119.0000   7.7029   19.4116
261.0000   38.0000   11.6345   34.2865
262.0000   57.0000   6.2589   43.8508
263.0000   93.0000   29.6597   20.3397
264.0000   95.0000   5.2672   43.3247
265.0000   110.0000   48.5208   19.0036
266.0000   30.0000   46.7805   14.3479
267.0000   112.0000   41.4423   31.7966
268.0000   49.0000   1.2237   47.3692
269.0000   75.0000   8.9169   22.2819
270.0000   89.0000   26.7304   41.2808
271.0000   114.0000   8.7220   10.9501
272.0000   67.0000   35.6784   46.8910
273.0000   51.0000   6.2334   27.6253
274.0000   80.0000   28.6697   14.7233
275.0000   84.0000   45.5142   46.9842
276.0000   79.0000   40.3736   5.8271
277.0000   99.0000   36.9698   15.3070
278.0000   101.0000   27.6951   48.8199
279.0000   78.0000   20.0030   28.0959
280.0000   116.0000   23.7643   13.1241
281.0000   65.0000   1.2729   6.4108
282.0000   116.0000   36.1509   46.5313
283.0000   48.0000   35.9433   39.9930
284.0000   70.0000   49.0504   11.5638
285.0000   79.0000   39.2359   33.9686
286.0000   99.0000   31.9846   44.8081
287.0000   91.0000   8.7315   20.4766
288.0000   79.0000   25.3358   7.5014
289.0000   46.0000   44.9410   36.0798
290.0000   97.0000   33.5964   24.7535
291.0000   79.0000   15.8343   39.4863
292.0000   92.0000   39.1623   6.7716
293.0000   113.0000   49.3231   31.4818
294.0000   43.0000   23.3760   10.9537
295.0000   84.0000   48.5473   38.9983
296.0000   39.0000   46.9342   46.5471
297.0000   88.0000   20.4934   28.4322
298.0000   109.0000   14.9088   3.0619
299.0000   60.0000   9.9529   42.6652
300.0000   82.0000   34.5952   20.3469
301.0000   74.0000   35.9663   24.3014
302.0000   108.0000   30.7431   48.3341
303.0000   85.0000   23.9425   45.8038
304.0000   78.0000   45.4021   3.4433
305.0000   110.0000   7.8150   25.2594
306.0000   75.0000   44.9011   4.8374
307.0000   101.0000   27.3671   22.0362
308.0000   48.0000   2.4885   28.7288
309.0000   50.0000   32.8130   39.5969
310.0000   47.0000   24.2858   5.8991
311.0000   54.0000   7.9385   14.4688
312.0000   58.0000   24.4855   40.5447
313.0000   68.0000   7.2000   14.6101
314.0000   92.0000   38.2316   32.5249
315.0000   30.0000   45.6843   8.3300
316.0000   81.0000   17.5158   47.9067
317.0000   119.0000   15.4528   43.5936
318.0000   39.0000   22.5775   11.4426
319.0000   40.0000   23.4123   46.2621
320.0000   38.0000   42.5632   24.9409
321.0000   117.0000   28.3234   3.2463
322.0000   37.0000   3.7731   10.5713
323.0000   76.0000   16.7362   43.3239
324.0000   115.0000   16.2817   34.3296
325.0000   48.0000   23.1971   5.2651
326.0000   56.0000   30.6716   10.6088
327.0000   70.0000   46.0153   10.7057
328.0000   45.0000   37.7805   10.3235
329.0000   66.0000   9.6395   48.7697
330.0000   89.0000   7.4120   21.6583
331.0000   41.0000   10.0435   7.0191
332.0000   115.0000   46.3295   8.9748
333.0000   76.0000   43.2690   35.5608
334.0000   77.0000   29.8209   33.6296
335.0000   118.0000   10.4236   37.4539
336.0000   101.0000   27.9533   16.6846
337.0000   118.0000   3.0709   36.8055
338.0000   76.0000   20.0155   49.6308
339.0000   109.0000   4.3622   47.0354
340.0000   69.0000   20.3611   41.1764
341.0000   91.0000   14.2020   40.7854
342.0000   50.0000   8.9411   48.9244
343.0000   30.0000   23.5379   1.5125
344.0000   39.0000   27.1247   39.2248
345.0000   55.0000   1.2811   48.6050
346.0000   59.0000   16.0231   15.0786
347.0000   64.0000   28.7618   46.8377
348.0000   94.0000   43.1172   48.2583
349.0000   87.0000   42.9330   42.9100
350.0000   64.0000   11.7936   23.3380
