0.0000   0.0000   50.0000   50.0000
1.0000   1.0000   42.0272   24.9336
2.0000   65.0000   10.8746   98.3463
3.0000   74.0000   7.3823   58.4771
4.0000   13.0000   57.2242   81.5694
5.0000   6.0000   36.4674   75.4888
6.0000   25.0000   28.6898   20.1016
7.0000   81.0000   75.5162   51.0736
8.0000   36.0000   95.1940   54.1222
9.0000   70.0000   47.6659   92.5620
10.0000   12.0000   63.4612   50.4327
11.0000   65.0000   25.8108   27.2717
12.0000   57.0000   54.5042   19.6426
13.0000   24.0000   46.6049   5.6195
14.0000   23.0000   61.3151   88.5566
15.0000   39.0000   87.5620   31.7265
16.0000   77.0000   80.8903   30.8472
17.0000   53.0000   5.4522   40.7734
18.0000   59.0000   0.3189   86.4118
19.0000   81.0000   29.3202   64.9869
20.0000   47.0000   7.0181   88.5001
21.0000   67.0000   26.1790   85.0916
22.0000   65.0000   36.2726   25.7950
23.0000   41.0000   95.8391   43.0822
24.0000   31.0000   79.5239   86.9399
25.0000   30.0000   99.9482   55.7571
26.0000   16.0000   36.9480   18.9607
27.0000   68.0000   37.4357   91.7188
28.0000   55.0000   95.1823   69.8419
29.0000   60.0000   29.8132   35.6362
30.0000   37.0000   45.5914   47.0077
31.0000   89.0000   67.7597   76.7473
32.0000   85.0000   66.7186   26.1276
33.0000   1.0000   11.8641   95.2721
34.0000   18.0000   68.1560   48.2472
35.0000   28.0000   63.3709   14.0152
36.0000   31.0000   28.2134   23.6820
37.0000   22.0000   3.5034   1.4772
38.0000   48.0000   51.1759   86.9306
39.0000   99.0000   1.3244   90.7185
40.0000   37.0000   94.1266   34.2817
41.0000   97.0000   62.7324   61.3569
42.0000   4.0000   87.2884   39.1358
43.0000   74.0000   72.1317   80.0727
44.0000   66.0000   17.6278   29.6233
45.0000   34.0000   73.2165   68.5899
46.0000   56.0000   22.7261   12.9502
47.0000   84.0000   50.7776   60.1875
48.0000   31.0000   80.6325   79.0842
49.0000   28.0000   89.4583   91.6177
50.0000   62.0000   27.9952   30.1372
51.0000   83.0000   23.0528   67.3076
52.0000   36.0000   96.3933   57.4352
53.0000   59.0000   72.0386   46.9892
54.0000   78.0000   20.5871   12.0527
55.0000   51.0000   38.2876   89.5136
56.0000   97.0000   55.7904   63.1548
57.0000   33.0000   22.0556   65.0964
58.0000   72.0000   97.5460   42.8724
59.0000   54.0000   53.6002   86.8678
60.0000   11.0000   81.6997   40.4024
61.0000   4.0000   76.6974   17.5061
62.0000   38.0000   12.1997   65.1242
63.0000   66.0000   43.9664   65.6991
64.0000   29.0000   96.6935   63.1879
65.0000   65.0000   58.4124   90.0247
66.0000   6.0000   4.1752   85.1253
67.0000   2.0000   85.0918   88.3842
68.0000   87.0000   97.1505   54.1054
69.0000   46.0000   3.0471   49.6639
70.0000   72.0000   8.1595   7.3774
71.0000   98.0000   14.7249   63.1194
72.0000   7.0000   98.2668   70.3675
73.0000   9.0000   1.6812   94.4116
74.0000   77.0000   0.7665   96.3276
75.0000   79.0000   23.3765   28.8983
76.0000   66.0000   3.7247   25.2009
77.0000   41.0000   77.9543   33.4889
78.0000   79.0000   66.0371   0.5564
79.0000   77.0000   48.2569   67.2730
80.0000   44.0000   99.7657   97.6226
81.0000   42.0000   95.7750   96.7384
82.0000   47.0000   78.3459   36.8533
83.0000   28.0000   95.5398   43.7047
84.0000   33.0000   3.5464   67.9149
85.0000   37.0000   90.3880   32.0410
86.0000   84.0000   94.3120   79.3961
87.0000   50.0000   89.4523   53.8155
88.0000   91.0000   23.6655   49.9049
89.0000   34.0000   70.9461   51.7005
90.0000   48.0000   56.2968   12.7196
91.0000   17.0000   99.1722   66.8924
92.0000   2.0000   31.7400   79.6660
93.0000   94.0000   80.3891   16.7503
94.0000   72.0000   36.3600   70.9854
95.0000   3.0000   46.3701   46.5339
96.0000   59.0000   48.0077   94.7608
97.0000   68.0000   65.0913   52.4346
98.0000   8.0000   51.4963   21.1968
99.0000   89.0000   97.1659   37.6604
100.0000   73.0000   10.7707   16.1874
101.0000   28.0000   19.2700   6.0910
102.0000   44.0000   68.1365   0.9405
103.0000   24.0000   13.1065   88.6999
104.0000   13.0000   1.7332   69.9821
105.0000   52.0000   91.1572   53.5781
106.0000   91.0000   58.6312   46.9757
107.0000   13.0000   99.2923   13.4001
108.0000   47.0000   92.0312   57.6412
109.0000   79.0000   59.9200   29.0671
110.0000   73.0000   83.2516   63.3057
111.0000   57.0000   3.4340   92.6401
112.0000   9.0000   32.0148   62.2833
113.0000   84.0000   48.9730   26.5662
114.0000   91.0000   5.3904   36.5425
115.0000   75.0000   70.8313   90.2540
116.0000   35.0000   4.9787   80.8946
117.0000   25.0000   10.4318   21.0009
118.0000   26.0000   2.2812   26.1872
119.0000   14.0000   69.5962   58.3552
120.0000   77.0000   36.2888   75.9578
121.0000   36.0000   57.7616   6.3734
122.0000   14.0000   60.2647   85.9789
123.0000   25.0000   89.8526   97.3271
124.0000   36.0000   70.0498   41.3652
125.0000   28.0000   57.1911   45.7299
126.0000   10.0000   88.4561   30.0896
127.0000   31.0000   91.2811   56.1342
128.0000   84.0000   59.4061   9.3040
129.0000   73.0000   5.6143   88.3948
130.0000   58.0000   67.4469   42.5801
131.0000   5.0000   70.8382   93.5866
132.0000   95.0000   65.5081   43.0863
133.0000   51.0000   72.5680   76.2151
134.0000   82.0000   31.1645   30.8852
135.0000   61.0000   50.0994   16.6438
136.0000   97.0000   90.3852   59.2396
137.0000   63.0000   92.1020   32.1920
138.0000   74.0000   53.0212   48.7575
139.0000   83.0000   83.9245   7.4603
140.0000   42.0000   2.0716   70.3778
141.0000   69.0000   8.6461   54.5924
142.0000   57.0000   33.6554   39.1676
143.0000   35.0000   6.0236   19.6568
144.0000   39.0000   8.2111   39.6236
145.0000   6.0000   15.4333   5.8257
146.0000   88.0000   67.1676   57.5575
147.0000   61.0000   30.4965   94.5019
148.0000   30.0000   9.7505   67.0888
149.0000   47.0000   65.1933   99.2736
150.0000   18.0000   12.1031   85.3979
151.0000   13.0000   53.2258   96.8878
152.0000   61.0000   75.5182   90.0586
153.0000   9.0000   53.9310   52.6466
154.0000   46.0000   39.0353   1.5491
155.0000   80.0000   26.2484   60.6293
156.0000   9.0000   24.0859   73.1810
157.0000   68.0000   9.9034   51.8381
158.0000   66.0000   71.9818   6.1685
159.0000   6.0000   40.3571   24.1249
160.0000   66.0000   70.6094   72.6588
161.0000   83.0000   20.8804   95.1920
162.0000   19.0000   10.7572   90.9512
163.0000   92.0000   19.4562   68.7901
164.0000   64.0000   16.1901   83.2381
165.0000   63.0000   17.1079   67.7760
166.0000   2.0000   12.0912   71.2942
167.0000   16.0000   18.8660   29.4532
168.0000   53.0000   73.4856   58.7787
169.0000   26.0000   8.6694   67.1606
170.0000   30.0000   12.0552   27.0057
171.0000   65.0000   38.7940   66.9958
172.0000   53.0000   72.8021   33.8504
173.0000   56.0000   48.2321   48.9721
174.0000   78.0000   66.6932   33.3285
175.0000   15.0000   20.3338   91.7063
176.0000   84.0000   95.4793   39.5222
177.0000   19.0000   34.8712   52.3958
178.0000   41.0000   99.1971   33.0992
179.0000   35.0000   18.0120   79.4676
180.0000   54.0000   63.9290   0.4347
181.0000   72.0000   83.6917   25.2150
182.0000   79.0000   99.4023   31.5589
183.0000   38.0000   13.9751   36.5782
184.0000   82.0000   40.1260   13.9017
185.0000   23.0000   68.9896   14.1206
186.0000   31.0000   90.6638   18.3294
187.0000   64.0000   13.2140   24.3317
188.0000   35.0000   99.3316   15.3688
189.0000   69.0000   79.4161   96.7816
190.0000   86.0000   88.8094   16.5294
191.0000   97.0000   46.5828   54.0896
192.0000   97.0000   64.8894   20.1229
193.0000   63.0000   21.3117   86.5487
194.0000   13.0000   65.7583   63.6242
195.0000   3.0000   38.4653   24.1280
196.0000   89.0000   44.9721   28.9599
197.0000   20.0000   86.2102   98.0598
198.0000   6.0000   49.1692   56.5759
199.0000   100.0000   15.0917   7.0823
200.0000   26.0000   23.5724   91.8387
201.0000   99.0000   53.1234   64.0281
202.0000   27.0000   35.7537   91.6804
203.0000   32.0000   54.1170   27.8629
204.0000   43.0000   46.5781   30.8198
205.0000   30.0000   31.5078   82.7490
206.0000   70.0000   95.6677   22.6886
207.0000   83.0000   24.6172   8.9976
208.0000   8.0000   23.0292   5.1839
209.0000   13.0000   49.3422   59.1720
210.0000   83.0000   51.3016   78.9046
211.0000   33.0000   19.5342   80.3046
212.0000   45.0000   70.9770   43.9254
213.0000   93.0000   23.9318   57.1195
214.0000   25.0000   4.5547   5.2856
215.0000   30.0000   68.4879   11.8666
216.0000   97.0000   32.7894   97.8784
217.0000   11.0000   62.4753   9.5700
218.0000   7.0000   93.5765   65.1194
219.0000   100.0000   4.3298   55.0567
220.0000   7.0000   88.2517   85.5738
221.0000   13.0000   19.7184   38.7799
222.0000   81.0000   42.5560   5.2297
223.0000   47.0000   33.2620   8.3466
224.0000   93.0000   23.3284   84.4187
225.0000   50.0000   88.0460   43.0543
226.0000   8.0000   77.9892   45.4854
227.0000   95.0000   62.6885   0.2949
228.0000   90.0000   66.7257   87.0341
229.0000   46.0000   10.8850   23.3247
230.0000   45.0000   42.7966   22.7958
231.0000   39.0000   71.5884   87.9047
232.0000   46.0000   11.4406   19.9483
233.0000   59.0000   72.8722   29.6634
234.0000   30.0000   72.3321   42.3961
235.0000   70.0000   82.9246   59.6387
236.0000   75.0000   54.4810   0.7518
237.0000   19.0000   78.1801   36.8051
238.0000   73.0000   49.8680   85.7304
239.0000   82.0000   0.4685   4.8155
240.0000   40.0000   66.5138   8.9474
241.0000   71.0000   63.3185   75.0368
242.0000   90.0000   5.2768   47.5787
243.0000   8.0000   44.1273   52.7975
244.0000   39.0000   19.9660   26.4087
245.0000   2.0000   13.5217   29.6276
246.0000   88.0000   78.9870   16.1792
247.0000   23.0000   44.6793   26.8864
248.0000   98.0000   72.6599   69.9949
249.0000   20.0000   20.2122   89.8583
250.0000   7.0000   3.0196   11.7700
251.0000   77.0000   42.1900   44.3153
252.0000   73.0000   74.0423   21.4340
253.0000   76.0000   66.1167   37.6227
254.0000   29.0000   0.0973   53.4551
255.0000   36.0000   48.3465   6.2258
256.0000   92.0000   87.2335   31.9312
257.0000   39.0000   63.5843   51.7939
258.0000   84.0000   90.8960   88.3860
259.0000   3.0000   17.7293   23.1728
260.0000   6.0000   76.6065   28.4706
261.0000   99.0000   92.2890   14.7568
262.0000   34.0000   94.9265   6.9944
263.0000   21.0000   86.0553   16.0280
264.0000   63.0000   94.7888   53.7466
265.0000   5.0000   46.4449   46.0124
266.0000   78.0000   81.8432   17.9563
267.0000   92.0000   82.9347   9.3953
268.0000   25.0000   15.2276   99.7464
269.0000   52.0000   77.3695   62.7844
270.0000   67.0000   83.5756   80.5790
271.0000   50.0000   95.9956   57.5309
272.0000   76.0000   66.8433   91.5766
273.0000   98.0000   70.2423   12.6377
274.0000   57.0000   20.3436   58.6876
275.0000   61.0000   80.7855   65.8506
276.0000   5.0000   42.5754   62.7353
277.0000   94.0000   75.5053   31.7324
278.0000   74.0000   29.0901   0.4014
279.0000   23.0000   85.4775   68.5919
280.0000   31.0000   25.4518   4.7452
281.0000   85.0000   43.2065   25.7882
282.0000   16.0000   72.7873   59.6297
283.0000   76.0000   66.7846   58.2010
284.0000   48.0000   68.3193   70.7446
285.0000   90.0000   33.4936   78.8732
286.0000   51.0000   71.4695   89.5923
287.0000   49.0000   11.0376   14.9471
288.0000   78.0000   55.3536   89.1757
289.0000   62.0000   7.5115   53.1077
290.0000   11.0000   26.9925   85.5682
291.0000   16.0000   2.2021   63.3850
292.0000   4.0000   5.4242   64.9011
293.0000   81.0000   16.5627   83.1449
294.0000   66.0000   83.1189   76.8188
295.0000   98.0000   4.0613   96.9998
296.0000   71.0000   28.5834   76.0593
297.0000   71.0000   58.7609   15.6637
298.0000   89.0000   64.8198   37.4554
299.0000   15.0000   92.0318   31.8005
300.0000   13.0000   32.8647   87.3415
301.0000   50.0000   12.1185   55.2717
302.0000   3.0000   95.9233   62.3583
303.0000   81.0000   62.1783   4.1832
304.0000   32.0000   30.6752   16.0288
305.0000   67.0000   20.3337   2.4027
306.0000   27.0000   51.6847   76.6179
307.0000   18.0000   21.9600   24.5023
308.0000   77.0000   75.3134   75.0194
309.0000   57.0000   6.0873   33.9580
310.0000   99.0000   15.7448   9.2455
311.0000   24.0000   48.3454   20.0975
312.0000   38.0000   29.0795   9.0658
313.0000   77.0000   42.9379   77.3670
314.0000   51.0000   80.3426   6.1276
315.0000   11.0000   92.2672   79.7039
316.0000   66.0000   55.8232   29.6337
317.0000   52.0000   23.2361   9.6147
318.0000   83.0000   47.3620   4.9270
319.0000   61.0000   99.4065   86.4237
320.0000   38.0000   52.5686   75.5698
321.0000   100.0000   61.4089   22.8115
322.0000   25.0000   74.8299   85.6842
323.0000   94.0000   81.5061   28.0476
324.0000   72.0000   23.1598   89.5494
325.0000   60.0000   7.0515   80.6440
326.0000   73.0000   39.1766   62.7583
327.0000   52.0000   49.5079   95.6686
328.0000   54.0000   32.7332   17.4069
329.0000   57.0000   61.4026   79.3482
330.0000   66.0000   37.8695   32.7404
331.0000   8.0000   68.0926   21.9083
332.0000   19.0000   45.3050   35.7889
333.0000   29.0000   76.6294   47.9784
334.0000   59.0000   1.3783   35.9949
335.0000   16.0000   45.8117   79.6522
336.0000   10.0000   39.4856   54.1166
337.0000   52.0000   3.5617   13.4329
338.0000   35.0000   99.4604   69.5429
339.0000   17.0000   77.4443   92.6408
340.0000   2.0000   18.5507   26.6282
341.0000   54.0000   28.1554   25.7401
342.0000   31.0000   9.6378   15.3205
343.0000   12.0000   82.2165   65.7190
344.0000   68.0000   61.1015   86.0638
345.0000   98.0000   16.1923   56.8166
346.0000   11.0000   75.1972   42.7877
347.0000   76.0000   87.8802   14.8335
348.0000   45.0000   8.8306   71.0624
349.0000   26.0000   64.5835   34.5463
350.0000   72.0000   89.4390   71.5285
351.0000   58.0000   66.1456   30.4988
352.0000   19.0000   30.3826   58.9991
353.0000   50.0000   56.3559   13.7444
354.0000   100.0000   74.2249   95.4893
355.0000   97.0000   29.6279   54.1880
356.0000   2.0000   10.7208   42.5097
357.0000   43.0000   94.8396   82.5710
358.0000   34.0000   60.8309   77.6978
359.0000   88.0000   83.4208   5.1961
360.0000   3.0000   78.9054   56.3746
361.0000   99.0000   83.9639   73.0978
362.0000   48.0000   76.7364   51.9398
363.0000   99.0000   94.9205   3.1710
364.0000   10.0000   63.4513   32.0229
365.0000   71.0000   39.6695   78.6000
366.0000   14.0000   35.9764   99.9456
367.0000   53.0000   52.4164   19.7778
368.0000   42.0000   26.7956   57.4857
369.0000   80.0000   1.2734   78.9282
370.0000   47.0000   97.6359   57.9786
371.0000   74.0000   73.3815   92.4053
372.0000   71.0000   23.3428   42.8587
373.0000   92.0000   45.0075   15.8249
374.0000   71.0000   60.2083   21.9539
375.0000   40.0000   61.8191   30.1404
376.0000   46.0000   79.8660   93.9841
377.0000   71.0000   98.9400   17.3985
378.0000   6.0000   83.9855   92.4957
379.0000   17.0000   98.1157   28.3360
380.0000   92.0000   59.8757   19.0617
381.0000   2.0000   21.7766   55.9920
382.0000   53.0000   82.9467   56.1022
383.0000   66.0000   58.1436   90.0995
384.0000   36.0000   89.4113   60.4651
385.0000   33.0000   36.1984   60.2046
386.0000   72.0000   85.6132   43.4318
387.0000   4.0000   45.6908   72.1051
388.0000   76.0000   33.8332   98.1194
389.0000   89.0000   52.7771   15.2228
390.0000   39.0000   53.0141   81.4904
391.0000   1.0000   54.9576   56.1149
392.0000   94.0000   31.7587   91.0924
393.0000   97.0000   28.2042   25.5720
394.0000   29.0000   8.1276   67.1416
395.0000   78.0000   86.1480   7.5728
396.0000   62.0000   72.5800   14.4787
397.0000   20.0000   71.0621   30.6110
398.0000   9.0000   81.4558   47.5341
399.0000   67.0000   33.2061   95.7505
400.0000   48.0000   57.6646   59.6907
401.0000   80.0000   72.6163   32.2304
402.0000   96.0000   9.4536   33.3863
403.0000   38.0000   44.5369   96.1813
404.0000   94.0000   53.0639   64.9051
405.0000   71.0000   88.4826   10.3860
406.0000   11.0000   69.1399   12.8851
407.0000   2.0000   33.6437   99.8628
408.0000   20.0000   50.4423   3.7913
409.0000   21.0000   32.1779   61.3888
410.0000   42.0000   8.1606   0.7999
411.0000   90.0000   65.1340   81.7276
412.0000   4.0000   3.7074   89.1427
413.0000   53.0000   27.0731   51.9041
414.0000   6.0000   12.4215   97.2557
415.0000   97.0000   91.3971   39.0599
416.0000   100.0000   74.7882   23.3097
417.0000   37.0000   48.1634   14.8181
418.0000   28.0000   10.9264   90.6626
419.0000   30.0000   64.4752   61.7625
420.0000   44.0000   8.1778   76.8357
421.0000   91.0000   31.9033   64.5923
422.0000   89.0000   34.9746   95.2021
423.0000   93.0000   78.6441   2.0238
424.0000   25.0000   31.2565   61.0385
425.0000   77.0000   19.5623   43.1351
426.0000   10.0000   42.9941   54.2572
427.0000   23.0000   92.3105   9.1815
428.0000   15.0000   37.2057   67.3016
429.0000   46.0000   85.3653   57.0693
430.0000   64.0000   88.7477   17.6653
431.0000   10.0000   19.0182   1.5144
432.0000   58.0000   33.7787   83.1296
433.0000   52.0000   1.4551   97.9694
434.0000   9.0000   9.3801   37.1759
435.0000   93.0000   24.4405   32.6178
436.0000   7.0000   14.6695   87.9858
437.0000   98.0000   15.2284   33.1423
438.0000   41.0000   20.6791   31.1782
439.0000   89.0000   23.5902   46.1366
440.0000   44.0000   39.3378   20.0406
441.0000   5.0000   70.9224   35.1170
442.0000   67.0000   9.8376   74.1976
443.0000   93.0000   49.7041   66.0195
444.0000   90.0000   55.2128   44.7604
445.0000   20.0000   58.0921   15.2292
446.0000   40.0000   87.3084   10.1390
447.0000   81.0000   56.1260   48.8939
448.0000   3.0000   77.1769   31.5045
449.0000   69.0000   63.7146   61.6349
450.0000   88.0000   56.3869   25.4605
451.0000   68.0000   97.7597   71.6563
452.0000   71.0000   77.1063   89.2948
453.0000   36.0000   28.3701   45.1851
454.0000   96.0000   13.8652   78.2324
455.0000   88.0000   56.7088   41.8137
456.0000   14.0000   95.7204   96.1818
457.0000   62.0000   71.7358   67.2240
458.0000   88.0000   20.6826   37.8079
459.0000   79.0000   69.8140   28.5823
460.0000   47.0000   9.0866   73.7219
461.0000   55.0000   25.5445   81.1112
462.0000   7.0000   27.9353   64.9211
463.0000   63.0000   92.3771   45.0542
464.0000   66.0000   5.4794   72.2046
465.0000   76.0000   97.2386   63.2957
466.0000   78.0000   78.7551   73.5098
467.0000   90.0000   20.1255   60.3987
468.0000   12.0000   37.6779   49.6545
469.0000   49.0000   22.9395   86.6046
470.0000   70.0000   65.1056   12.6808
471.0000   75.0000   27.2520   66.4172
472.0000   13.0000   75.0734   8.7119
473.0000   33.0000   66.3490   21.2576
474.0000   70.0000   7.3690   74.2930
475.0000   78.0000   57.0117   32.3328
476.0000   36.0000   46.6288   13.0974
477.0000   72.0000   0.3000   65.9547
478.0000   14.0000   40.8151   0.2050
479.0000   94.0000   73.1872   93.7692
480.0000   49.0000   33.9133   65.9201
481.0000   61.0000   7.0607   86.1025
482.0000   67.0000   38.6042   12.6254
483.0000   47.0000   93.2764   5.9815
484.0000   50.0000   27.8657   22.5937
485.0000   60.0000   98.0997   66.2861
486.0000   19.0000   88.8308   43.1253
487.0000   52.0000   6.0025   73.6277
488.0000   39.0000   56.2750   20.7382
489.0000   86.0000   48.2506   14.9340
490.0000   54.0000   71.9284   32.1650
491.0000   67.0000   98.4094   47.1315
492.0000   71.0000   73.8250   0.9247
493.0000   41.0000   62.6074   27.0654
494.0000   20.0000   14.8367   80.2270
495.0000   9.0000   33.4922   47.0389
496.0000   99.0000   9.8142   47.5592
497.0000   95.0000   42.9391   75.5339
498.0000   49.0000   15.2714   56.5323
499.0000   16.0000   87.5963   61.9808
500.0000   18.0000   44.5485   77.7915
501.0000   75.0000   66.6698   90.6495
502.0000   95.0000   40.7169   55.7330
503.0000   58.0000   36.9024   85.9946
504.0000   36.0000   71.9909   27.0715
505.0000   36.0000   0.5458   20.5329
506.0000   57.0000   21.2527   79.9374
507.0000   44.0000   89.0259   48.5466
508.0000   77.0000   82.0264   61.0766
509.0000   37.0000   12.5512   94.6268
510.0000   47.0000   45.8302   19.0593
511.0000   4.0000   75.6861   63.0070
512.0000   52.0000   92.6342   7.0734
513.0000   85.0000   98.0840   19.3222
514.0000   92.0000   24.2596   53.6664
515.0000   2.0000   64.6444   83.4581
516.0000   56.0000   26.9618   6.2321
517.0000   89.0000   3.2019   72.6184
518.0000   54.0000   48.3139   12.8516
519.0000   38.0000   57.6274   57.1955
520.0000   76.0000   68.9290   9.5499
521.0000   79.0000   37.2331   72.7818
522.0000   20.0000   30.9768   34.0044
523.0000   14.0000   86.2778   18.9078
524.0000   19.0000   71.8250   38.7635
525.0000   62.0000   14.1641   95.2972
526.0000   9.0000   75.3577   93.0616
527.0000   52.0000   1.8381   28.4600
528.0000   55.0000   6.9036   96.1100
529.0000   73.0000   33.1956   6.3641
530.0000   15.0000   40.0568   4.2907
531.0000   9.0000   95.1532   59.1560
532.0000   44.0000   6.5578   28.4598
533.0000   23.0000   13.7479   85.7355
534.0000   4.0000   39.6469   66.4542
535.0000   48.0000   42.2009   58.3028
536.0000   69.0000   13.6260   52.2433
537.0000   37.0000   15.0462   82.9519
538.0000   48.0000   26.4771   21.0279
539.0000   66.0000   12.0075   79.4475
540.0000   16.0000   25.8226   78.7875
541.0000   19.0000   47.1669   89.3768
542.0000   57.0000   11.5151   46.2237
543.0000   74.0000   69.5484   77.4298
544.0000   56.0000   73.0429   99.0982
545.0000   24.0000   77.2843   97.7844
546.0000   67.0000   20.8231   44.9391
547.0000   93.0000   95.1541   86.5725
548.0000   21.0000   37.9016   46.7452
549.0000   67.0000   98.7653   11.5858
550.0000   1.0000   9.3078   41.1916
551.0000   32.0000   14.2780   88.4722
552.0000   29.0000   46.8098   26.8661
553.0000   73.0000   40.6829   31.1145
554.0000   69.0000   76.6027   31.4110
555.0000   48.0000   76.0421   12.4258
556.0000   71.0000   64.4901   80.6566
557.0000   12.0000   22.9128   36.6351
558.0000   83.0000   97.2937   19.7039
559.0000   37.0000   17.8616   83.4850
560.0000   85.0000   17.0437   62.6613
561.0000   71.0000   20.3423   2.0954
562.0000   45.0000   2.6234   50.1126
563.0000   100.0000   10.6816   81.3692
564.0000   42.0000   4.0555   12.2715
565.0000   84.0000   45.0757   84.4499
566.0000   16.0000   89.3647   83.3242
567.0000   14.0000   75.9668   4.7637
568.0000   99.0000   64.0825   83.2954
569.0000   43.0000   83.7812   11.1539
570.0000   47.0000   57.3683   9.4642
571.0000   5.0000   80.2572   12.0553
572.0000   20.0000   3.9993   54.4605
573.0000   66.0000   30.8466   37.7637
574.0000   28.0000   30.2339   9.6410
575.0000   60.0000   98.6161   65.9255
576.0000   15.0000   77.8772   43.7058
577.0000   31.0000   75.2713   4.3438
578.0000   67.0000   77.9255   23.1511
579.0000   94.0000   62.7711   8.6452
580.0000   72.0000   64.1931   32.9116
581.0000   84.0000   73.7375   87.0349
582.0000   87.0000   92.7737   8.0134
583.0000   23.0000   2.2553   71.0341
584.0000   34.0000   42.9301   23.8402
585.0000   91.0000   24.6917   49.1688
586.0000   67.0000   41.9186   44.4078
587.0000   87.0000   78.9082   98.2828
588.0000   31.0000   63.6344   6.3694
589.0000   79.0000   40.1840   28.7713
590.0000   72.0000   57.9763   86.0383
591.0000   20.0000   82.2998   24.3733
592.0000   55.0000   3.1244   21.8356
593.0000   91.0000   96.5272   0.5091
594.0000   20.0000   78.6743   36.4930
595.0000   96.0000   96.0603   3.0298
596.0000   65.0000   35.2027   57.5928
597.0000   28.0000   33.9000   64.1572
598.0000   36.0000   47.3878   39.4721
599.0000   10.0000   55.5887   15.0901
600.0000   94.0000   99.1807   49.8537
601.0000   42.0000   97.4455   18.3264
602.0000   35.0000   66.9417   2.6909
603.0000   7.0000   79.8793   38.9036
604.0000   19.0000   3.1585   92.6631
605.0000   13.0000   3.8441   73.9510
606.0000   28.0000   46.1017   32.2285
607.0000   68.0000   7.7667   93.8613
608.0000   36.0000   51.5993   37.4423
609.0000   3.0000   9.9857   38.7506
610.0000   48.0000   38.0851   66.9149
611.0000   60.0000   22.1480   28.5953
612.0000   68.0000   45.7467   0.5168
613.0000   19.0000   4.5358   23.3264
614.0000   47.0000   7.5623   56.1909
615.0000   85.0000   34.9455   75.8044
616.0000   69.0000   11.9844   90.6307
617.0000   72.0000   30.2164   24.3094
618.0000   53.0000   63.3188   57.8001
619.0000   54.0000   25.2473   95.0105
620.0000   95.0000   42.4317   58.7177
621.0000   77.0000   53.3475   85.0449
622.0000   39.0000   59.3704   72.7173
623.0000   58.0000   74.0760   26.5294
624.0000   3.0000   81.6309   11.5475
625.0000   70.0000   28.7583   7.7189
626.0000   77.0000   29.8678   24.4718
627.0000   8.0000   32.6950   82.5168
628.0000   41.0000   98.2533   80.7887
629.0000   77.0000   24.9348   27.6500
630.0000   15.0000   23.9036   3.8192
631.0000   1.0000   36.2676   75.8836
632.0000   73.0000   76.5957   81.7718
633.0000   57.0000   55.7547   69.5282
634.0000   31.0000   54.1337   8.0425
635.0000   86.0000   22.0689   3.1289
636.0000   58.0000   4.7468   91.6030
637.0000   25.0000   59.0549   20.8429
638.0000   21.0000   66.3376   76.2109
639.0000   49.0000   39.1761   74.5233
640.0000   27.0000   43.1481   28.6899
641.0000   83.0000   49.0422   14.7131
642.0000   42.0000   5.5459   59.1908
643.0000   9.0000   32.0935   49.8358
644.0000   50.0000   20.8299   41.7241
645.0000   41.0000   12.4901   66.5356
646.0000   74.0000   82.3596   61.1465
647.0000   73.0000   29.2746   85.8119
648.0000   5.0000   32.2079   19.2291
649.0000   1.0000   4.5569   61.4668
650.0000   9.0000   79.6708   2.9113
651.0000   6.0000   15.9684   15.3559
652.0000   79.0000   2.0833   69.0858
653.0000   49.0000   9.2731   81.8586
654.0000   76.0000   58.0896   45.7142
655.0000   72.0000   79.9445   72.1348
656.0000   99.0000   15.6956   54.4229
657.0000   3.0000   72.2420   13.2683
658.0000   51.0000   33.5845   86.0039
659.0000   74.0000   85.8939   32.0727
660.0000   40.0000   43.3128   33.7685
661.0000   36.0000   47.8660   31.9690
662.0000   95.0000   14.2768   83.2791
663.0000   17.0000   24.4701   78.1091
664.0000   34.0000   2.5621   98.6558
665.0000   18.0000   3.6145   14.1059
666.0000   87.0000   71.6841   30.7131
667.0000   77.0000   69.3080   81.0044
668.0000   47.0000   84.3672   65.1510
669.0000   93.0000   94.1950   72.1800
670.0000   76.0000   23.0887   55.3292
671.0000   52.0000   77.5042   69.0772
672.0000   7.0000   28.8545   2.3618
673.0000   24.0000   64.7943   79.8624
674.0000   79.0000   47.8411   37.3450
675.0000   2.0000   54.8697   85.9742
676.0000   78.0000   16.9305   15.9950
677.0000   55.0000   1.5242   56.5029
678.0000   99.0000   36.8438   16.3971
679.0000   70.0000   71.8379   18.2104
680.0000   88.0000   20.1403   53.9716
681.0000   33.0000   98.8593   94.5351
682.0000   93.0000   45.1367   69.0415
683.0000   36.0000   14.3727   10.0892
684.0000   92.0000   37.4908   20.3394
685.0000   31.0000   62.8771   64.4967
686.0000   19.0000   10.4760   27.5591
687.0000   8.0000   27.7118   99.3328
688.0000   38.0000   59.3505   80.7986
689.0000   15.0000   64.5627   11.7854
690.0000   43.0000   23.2908   87.6207
691.0000   74.0000   25.4522   24.0033
692.0000   3.0000   95.3035   17.9724
693.0000   57.0000   52.4036   8.3382
694.0000   97.0000   18.2257   11.5739
695.0000   48.0000   53.1005   78.8589
696.0000   37.0000   63.9338   5.7265
697.0000   72.0000   17.0211   53.8541
698.0000   35.0000   14.4940   35.6124
699.0000   24.0000   66.4151   19.2407
700.0000   72.0000   67.3312   55.7944
701.0000   77.0000   77.8354   51.1781
702.0000   11.0000   3.7505   32.6955
703.0000   37.0000   67.2302   59.5838
704.0000   40.0000   75.5267   74.7164
705.0000   1.0000   38.1354   22.3393
706.0000   49.0000   1.4628   10.7489
707.0000   26.0000   96.8729   4.1987
708.0000   14.0000   37.4805   79.7976
709.0000   15.0000   40.4019   43.6177
710.0000   24.0000   26.9115   44.7013
711.0000   16.0000   0.7336   34.5452
712.0000   56.0000   81.9392   38.3907
713.0000   85.0000   88.8829   0.4058
714.0000   42.0000   29.0678   87.3585
715.0000   39.0000   47.0733   89.8789
716.0000   90.0000   79.1064   61.8974
717.0000   72.0000   17.6456   92.4727
718.0000   22.0000   36.3666   18.5376
719.0000   25.0000   76.1966   96.2908
720.0000   34.0000   13.6044   54.1810
721.0000   29.0000   47.0940   47.0573
722.0000   81.0000   56.0851   71.7877
723.0000   46.0000   46.0079   78.0887
724.0000   22.0000   53.8384   40.6230
725.0000   66.0000   75.2656   11.8741
726.0000   27.0000   33.9476   9.2880
727.0000   78.0000   68.3980   25.7672
728.0000   9.0000   63.8674   44.4349
729.0000   72.0000   49.9815   67.5548
730.0000   44.0000   26.2955   1.5799
731.0000   41.0000   39.7697   53.4577
732.0000   4.0000   11.2129   69.0285
733.0000   11.0000   48.9698   82.7692
734.0000   71.0000   76.8784   53.6389
735.0000   56.0000   2.0327   61.6666
736.0000   88.0000   57.5639   1.3925
737.0000   93.0000   71.7730   33.6547
738.0000   28.0000   96.0779   99.5714
739.0000   94.0000   31.1036   64.3861
740.0000   73.0000   38.7933   67.4624
741.0000   94.0000   85.4302   73.3113
742.0000   57.0000   90.3016   2.8530
743.0000   60.0000   56.3127   84.0409
744.0000   9.0000   23.5123   38.1767
745.0000   68.0000   75.4383   78.4612
746.0000   87.0000   36.2453   31.0644
747.0000   8.0000   58.1592   25.1749
748.0000   13.0000   90.5996   4.9429
749.0000   12.0000   45.3267   26.9259
750.0000   2.0000   54.5627   73.7290
751.0000   59.0000   63.5071   78.0154
752.0000   74.0000   82.3245   7.2301
753.0000   21.0000   32.5144   34.6271
754.0000   48.0000   15.0023   51.4963
755.0000   52.0000   56.9758   92.2606
756.0000   76.0000   45.4732   97.3578
757.0000   50.0000   71.9169   57.1799
758.0000   7.0000   88.7033   1.5693
759.0000   88.0000   20.9787   72.5950
760.0000   17.0000   65.0476   47.3417
761.0000   3.0000   68.9782   35.3174
762.0000   56.0000   97.4256   30.0708
763.0000   79.0000   48.6261   56.8078
764.0000   74.0000   85.6813   68.0813
765.0000   37.0000   88.8236   22.1637
766.0000   44.0000   86.6025   38.5281
767.0000   36.0000   75.3280   21.7059
768.0000   18.0000   99.3208   82.1313
769.0000   98.0000   34.1227   16.9102
770.0000   63.0000   41.4827   93.8683
771.0000   22.0000   48.2382   6.9274
772.0000   69.0000   92.1869   39.3950
773.0000   10.0000   87.3959   31.1464
774.0000   61.0000   51.2111   91.9918
775.0000   89.0000   46.1919   64.4980
776.0000   80.0000   51.5733   84.7666
777.0000   17.0000   10.2474   4.5232
778.0000   45.0000   40.8634   52.9666
779.0000   69.0000   48.6726   81.4708
780.0000   46.0000   22.7648   87.9279
781.0000   78.0000   74.6386   85.5893
782.0000   30.0000   92.9363   21.7958
783.0000   40.0000   10.5349   89.3352
784.0000   56.0000   15.4895   72.9420
785.0000   30.0000   55.8927   93.0449
786.0000   73.0000   58.4723   59.1468
787.0000   24.0000   27.6962   9.2005
788.0000   19.0000   79.9249   31.2011
789.0000   16.0000   57.6632   54.0039
790.0000   10.0000   60.2157   8.3637
791.0000   49.0000   69.2583   98.1080
792.0000   10.0000   36.6663   48.3016
793.0000   13.0000   27.1059   65.4413
794.0000   61.0000   93.3023   99.0948
795.0000   54.0000   85.4216   82.8866
796.0000   27.0000   63.5415   20.9000
797.0000   63.0000   69.3939   30.0761
798.0000   60.0000   49.7724   23.9450
799.0000   44.0000   11.4302   88.8195
800.0000   85.0000   36.5518   20.5316
801.0000   49.0000   96.6871   0.2898
802.0000   73.0000   21.9898   79.2177
803.0000   39.0000   36.6484   95.6433
804.0000   26.0000   6.4829   78.5545
805.0000   10.0000   92.7213   38.1307
806.0000   88.0000   64.8007   43.8489
807.0000   49.0000   98.6209   58.2874
808.0000   100.0000   29.1011   73.5312
809.0000   56.0000   89.9088   50.3338
810.0000   61.0000   64.3866   19.8968
811.0000   90.0000   48.6645   96.6879
812.0000   100.0000   88.6911   5.5710
813.0000   62.0000   85.0047   77.1958
814.0000   53.0000   90.7062   41.3028
815.0000   20.0000   99.5690   88.5735
816.0000   54.0000   71.9568   37.8260
817.0000   63.0000   23.4419   31.5014
818.0000   26.0000   85.3102   43.5866
819.0000   83.0000   15.7573   92.5130
820.0000   79.0000   24.0277   72.9513
821.0000   11.0000   77.5610   29.1626
822.0000   4.0000   6.9214   62.4418
823.0000   15.0000   71.7534   17.3647
824.0000   60.0000   81.7604   68.9679
825.0000   47.0000   78.2990   0.0917
826.0000   17.0000   15.6360   93.7997
827.0000   83.0000   36.4104   7.6642
828.0000   100.0000   69.5402   76.2977
829.0000   65.0000   92.0491   5.8164
830.0000   66.0000   92.0055   0.8548
831.0000   53.0000   77.9680   38.6877
832.0000   32.0000   90.6019   91.7960
833.0000   54.0000   38.5875   18.9960
834.0000   85.0000   14.5307   3.2614
835.0000   38.0000   77.8963   39.4304
836.0000   47.0000   57.2121   67.7747
837.0000   3.0000   7.9548   31.7205
838.0000   15.0000   20.7436   30.1034
839.0000   54.0000   23.5388   94.5495
840.0000   11.0000   28.0383   36.3103
841.0000   12.0000   78.1561   63.5010
842.0000   9.0000   16.1439   61.9527
843.0000   4.0000   9.0530   30.8265
844.0000   23.0000   45.4963   63.9491
845.0000   4.0000   60.0557   91.1336
846.0000   60.0000   2.7457   78.9262
847.0000   10.0000   35.0430   26.6887
848.0000   51.0000   73.2661   7.0226
849.0000   16.0000   57.7593   71.3085
850.0000   31.0000   2.8376   49.8395
851.0000   39.0000   39.4239   74.7594
852.0000   100.0000   69.2906   27.7225
853.0000   62.0000   36.6306   98.3321
854.0000   80.0000   57.8363   20.8173
855.0000   1.0000   29.9542   92.2981
856.0000   27.0000   3.7806   14.4550
857.0000   24.0000   65.8393   64.3680
858.0000   78.0000   57.2289   14.5569
859.0000   91.0000   9.4798   50.4678
860.0000   82.0000   51.4358   7.4514
861.0000   71.0000   3.1289   89.2420
862.0000   76.0000   55.4553   91.1183
863.0000   54.0000   55.7412   92.6362
864.0000   30.0000   68.1746   12.6740
865.0000   55.0000   68.8969   98.6608
866.0000   45.0000   62.4741   22.3781
867.0000   18.0000   34.0217   32.1960
868.0000   89.0000   57.4727   35.4886
869.0000   89.0000   70.5572   41.8536
870.0000   49.0000   7.9480   94.3097
871.0000   28.0000   41.7867   45.6961
872.0000   8.0000   9.3076   63.1602
873.0000   16.0000   31.9667   57.4990
874.0000   99.0000   83.3848   23.5757
875.0000   43.0000   58.9882   99.2523
876.0000   57.0000   74.9326   69.5179
877.0000   46.0000   38.8901   28.1141
878.0000   16.0000   29.5812   35.7242
879.0000   81.0000   62.3240   19.4300
880.0000   54.0000   9.0863   17.4729
881.0000   94.0000   49.1581   70.6874
882.0000   42.0000   51.3369   6.1827
883.0000   6.0000   1.8402   53.0366
884.0000   81.0000   23.2564   66.2068
885.0000   75.0000   75.3041   4.5545
886.0000   58.0000   19.9091   43.6468
887.0000   57.0000   91.0617   11.9316
888.0000   32.0000   78.9876   11.7933
889.0000   35.0000   80.8517   64.0297
890.0000   36.0000   65.9826   30.6712
891.0000   72.0000   73.6360   84.5959
892.0000   22.0000   96.5642   55.3972
893.0000   68.0000   81.3490   47.4301
894.0000   32.0000   43.2697   65.4358
895.0000   26.0000   77.7983   50.1253
896.0000   6.0000   93.6578   0.0573
897.0000   53.0000   76.4641   51.5399
898.0000   33.0000   2.1002   17.5620
899.0000   74.0000   82.9455   90.2130
900.0000   75.0000   31.5230   87.8066
901.0000   12.0000   46.6327   12.3440
902.0000   30.0000   4.5249   54.7543
903.0000   77.0000   18.4923   7.5835
904.0000   2.0000   20.3473   93.0000
905.0000   27.0000   17.1033   10.6343
906.0000   3.0000   71.6196   86.0608
907.0000   61.0000   59.2696   72.4947
908.0000   49.0000   60.1957   76.1874
909.0000   40.0000   61.4337   99.7345
910.0000   73.0000   35.0456   49.0824
911.0000   26.0000   65.4933   54.0295
912.0000   40.0000   95.1135   55.9581
913.0000   65.0000   55.4082   4.3815
914.0000   23.0000   92.3574   60.3887
915.0000   18.0000   22.7901   12.2230
916.0000   45.0000   90.3252   15.2619
917.0000   17.0000   79.0486   56.3706
918.0000   42.0000   98.9579   14.3839
919.0000   29.0000   6.7327   50.7093
920.0000   10.0000   53.5128   68.7289
921.0000   41.0000   58.7908   47.1244
922.0000   80.0000   17.2386   35.0634
923.0000   20.0000   37.3975   60.7941
924.0000   45.0000   34.2850   89.9546
925.0000   64.0000   97.2633   1.3037
926.0000   25.0000   96.3647   3.2014
927.0000   66.0000   56.2705   35.1146
928.0000   36.0000   34.6209   27.9302
929.0000   73.0000   13.2019   67.0504
930.0000   86.0000   13.2301   8.2605
931.0000   28.0000   60.0650   85.9499
932.0000   11.0000   72.6532   62.7656
933.0000   34.0000   37.5015   62.7385
934.0000   57.0000   69.4964   56.3374
935.0000   42.0000   78.7482   54.8919
936.0000   53.0000   26.1515   51.7412
937.0000   21.0000   91.0923   96.1951
938.0000   43.0000   14.0443   90.9689
939.0000   6.0000   16.5338   63.5837
940.0000   46.0000   98.3151   4.2435
941.0000   50.0000   17.4165   9.0272
942.0000   82.0000   25.6072   72.0706
943.0000   70.0000   93.0370   26.8737
944.0000   33.0000   83.7661   96.4768
945.0000   37.0000   16.9971   86.1293
946.0000   8.0000   28.5762   4.7837
947.0000   87.0000   49.0053   89.0069
948.0000   16.0000   84.8696   75.1199
949.0000   13.0000   17.1515   7.8612
950.0000   28.0000   16.0298   52.6785
