0.0000   0.0000   0.0000   0.0000
1.0000   70.0000   39.2863   46.2140
2.0000   87.0000   43.1020   35.1670
3.0000   149.0000   1.2589   27.2187
4.0000   93.0000   19.7523   5.3817
5.0000   84.0000   46.1841   25.5388
6.0000   78.0000   36.1443   15.0736
7.0000   142.0000   2.9336   14.1544
8.0000   141.0000   14.7182   0.1810
9.0000   88.0000   40.0952   39.8600
10.0000   97.0000   35.0541   45.2746
11.0000   64.0000   49.8889   3.8853
12.0000   76.0000   15.6648   41.0209
13.0000   148.0000   42.7467   12.9638
14.0000   94.0000   5.3350   22.2401
15.0000   92.0000   27.8652   22.5933
16.0000   79.0000   34.2525   36.1741
17.0000   67.0000   3.9818   26.8449
18.0000   115.0000   17.8659   35.3408
19.0000   140.0000   44.8138   26.1839
20.0000   143.0000   6.3824   20.6834
21.0000   118.0000   23.1395   25.1387
22.0000   139.0000   2.8154   21.1896
23.0000   73.0000   7.8193   19.4677
24.0000   65.0000   8.3846   20.8746
25.0000   101.0000   43.3289   10.1271
26.0000   72.0000   13.6582   42.8501
27.0000   110.0000   47.8999   26.9034
28.0000   140.0000   22.8037   3.6728
29.0000   96.0000   24.4812   26.2983
30.0000   100.0000   12.4578   41.4825
31.0000   71.0000   40.5493   39.0855
32.0000   130.0000   8.5510   47.8007
33.0000   93.0000   32.2936   24.7809
34.0000   84.0000   34.0053   17.1424
35.0000   145.0000   0.2706   8.8895
36.0000   78.0000   16.8523   3.4829
37.0000   79.0000   46.0309   4.9896
38.0000   128.0000   26.8576   7.6416
39.0000   125.0000   3.1136   37.0612
40.0000   136.0000   28.7222   38.2356
41.0000   143.0000   2.8541   16.0225
42.0000   150.0000   40.9565   32.4757
43.0000   125.0000   38.7674   21.1045
44.0000   84.0000   26.2717   30.3646
45.0000   94.0000   10.9383   42.3161
46.0000   80.0000   23.3659   37.4442
47.0000   99.0000   6.9654   15.8712
48.0000   148.0000   9.6298   12.1078
49.0000   132.0000   3.5722   22.6908
50.0000   127.0000   3.8423   35.4488
51.0000   135.0000   44.6041   46.6283
52.0000   82.0000   33.4364   43.4388
53.0000   117.0000   0.7575   30.6498
54.0000   143.0000   46.4158   19.6350
55.0000   145.0000   47.5918   23.7465
56.0000   100.0000   32.8882   43.3435
57.0000   75.0000   6.6925   17.9853
58.0000   126.0000   20.6005   9.5130
59.0000   62.0000   0.5595   46.8859
60.0000   150.0000   35.9880   34.7832
61.0000   61.0000   47.2952   17.1677
62.0000   148.0000   17.6348   16.4261
63.0000   109.0000   32.5550   48.0570
64.0000   102.0000   31.2540   0.0244
65.0000   137.0000   44.4673   37.5853
66.0000   130.0000   2.7535   42.5002
67.0000   96.0000   43.1448   5.5888
68.0000   77.0000   23.1152   7.5298
69.0000   92.0000   35.5080   15.3470
70.0000   82.0000   5.9063   1.3638
71.0000   98.0000   36.1896   42.5172
72.0000   135.0000   42.2239   46.5958
73.0000   135.0000   42.9446   37.5512
74.0000   126.0000   30.0327   10.8392
75.0000   113.0000   21.7735   15.9508
76.0000   62.0000   47.7947   14.6139
77.0000   135.0000   41.9483   17.5740
78.0000   121.0000   17.5725   21.3316
79.0000   82.0000   7.7962   7.6263
80.0000   130.0000   34.7900   22.2208
81.0000   137.0000   19.8609   39.1581
82.0000   150.0000   0.4986   46.1994
83.0000   135.0000   16.2934   12.3315
84.0000   108.0000   0.0742   16.0006
85.0000   66.0000   43.6160   42.0809
86.0000   106.0000   4.7555   30.8542
87.0000   110.0000   39.0315   37.5532
88.0000   136.0000   41.2600   10.8429
89.0000   125.0000   36.3630   25.4273
90.0000   126.0000   12.4696   15.3232
91.0000   92.0000   25.4642   44.9505
92.0000   144.0000   8.8905   23.6032
93.0000   103.0000   10.7532   13.0024
94.0000   128.0000   32.9402   32.9227
95.0000   70.0000   5.7862   21.1692
96.0000   93.0000   22.3287   2.8235
97.0000   100.0000   9.7827   35.0253
98.0000   67.0000   13.5020   13.6369
99.0000   79.0000   16.8509   27.3938
100.0000   133.0000   9.1229   15.6279
101.0000   132.0000   3.9855   48.6560
102.0000   86.0000   31.5761   7.1354
103.0000   89.0000   48.5805   14.5275
104.0000   98.0000   23.4345   20.6108
105.0000   133.0000   22.2398   5.9163
106.0000   89.0000   33.4088   41.3282
107.0000   72.0000   9.4887   19.5921
108.0000   121.0000   34.0794   12.6202
109.0000   109.0000   29.9760   33.3563
110.0000   136.0000   28.0554   7.8530
111.0000   104.0000   31.4699   34.0714
112.0000   126.0000   10.4644   21.6381
113.0000   145.0000   2.6345   32.4641
114.0000   125.0000   30.5928   44.4451
115.0000   81.0000   23.2630   37.7293
116.0000   119.0000   41.8123   44.1854
117.0000   125.0000   13.2456   48.5089
118.0000   61.0000   8.1566   35.7025
119.0000   80.0000   22.2768   3.5194
120.0000   60.0000   45.9213   4.0257
121.0000   74.0000   24.9133   4.6331
122.0000   96.0000   7.6313   10.6905
123.0000   114.0000   6.8941   1.3201
124.0000   72.0000   34.5738   22.7319
125.0000   102.0000   21.8388   15.6272
126.0000   70.0000   11.4946   45.8691
127.0000   75.0000   10.3738   9.9979
128.0000   149.0000   26.8454   23.7703
129.0000   75.0000   29.3254   49.1409
130.0000   143.0000   6.7529   5.1069
131.0000   87.0000   42.2962   26.4813
132.0000   74.0000   32.9316   26.2018
133.0000   150.0000   43.7398   23.9905
134.0000   113.0000   11.6643   11.3443
135.0000   133.0000   20.1442   40.0646
136.0000   86.0000   26.4956   45.9106
137.0000   74.0000   18.9456   21.2801
138.0000   132.0000   10.7542   32.7831
139.0000   91.0000   45.8216   30.3271
140.0000   137.0000   15.2231   42.3905
141.0000   121.0000   25.5251   10.9036
142.0000   124.0000   1.3435   10.3613
143.0000   64.0000   11.8529   34.0171
144.0000   104.0000   11.3358   0.7274
145.0000   113.0000   21.9528   2.2421
146.0000   69.0000   35.3401   13.3258
147.0000   128.0000   35.9757   34.4541
148.0000   66.0000   25.3763   31.8037
149.0000   113.0000   10.6331   0.8217
150.0000   60.0000   42.6421   30.2413
151.0000   132.0000   41.4551   10.9914
152.0000   70.0000   47.8393   49.7899
153.0000   97.0000   7.8820   45.5625
154.0000   134.0000   21.3308   7.8933
155.0000   143.0000   12.3074   27.6026
156.0000   117.0000   39.4607   31.2716
157.0000   85.0000   2.8725   16.1769
158.0000   90.0000   8.2513   41.0375
159.0000   139.0000   39.8713   15.6786
160.0000   111.0000   21.7018   2.9526
161.0000   123.0000   12.5463   29.9661
162.0000   79.0000   24.9274   25.7309
163.0000   86.0000   49.8424   7.5116
164.0000   119.0000   35.7080   33.5748
165.0000   120.0000   5.3711   42.2965
166.0000   148.0000   3.6247   31.4428
167.0000   92.0000   28.5627   49.8385
168.0000   135.0000   10.2874   38.2347
169.0000   132.0000   40.6278   18.1467
170.0000   97.0000   22.9756   5.9869
171.0000   101.0000   37.2846   35.6489
172.0000   95.0000   12.2879   35.9689
173.0000   102.0000   22.9818   21.7347
174.0000   115.0000   44.7662   17.2460
175.0000   82.0000   26.1218   29.8978
176.0000   72.0000   28.4031   19.0861
177.0000   79.0000   34.7123   32.5245
178.0000   64.0000   20.8318   14.0629
179.0000   107.0000   44.6550   27.9466
180.0000   97.0000   8.3885   0.3208
181.0000   115.0000   14.5242   10.0491
182.0000   71.0000   9.9232   36.1812
183.0000   131.0000   25.1603   13.9363
184.0000   89.0000   17.7108   2.3465
185.0000   108.0000   5.9409   2.1783
186.0000   76.0000   24.2919   45.0623
187.0000   147.0000   15.2934   34.5397
188.0000   150.0000   21.2318   2.4404
189.0000   148.0000   10.1091   24.9435
190.0000   69.0000   16.3387   42.9549
191.0000   95.0000   34.8653   46.4265
192.0000   68.0000   16.8244   17.8975
193.0000   95.0000   12.1515   11.2494
194.0000   142.0000   11.9015   40.6701
195.0000   98.0000   19.3911   8.6726
196.0000   115.0000   33.7307   36.9737
197.0000   89.0000   10.1350   24.3983
198.0000   93.0000   22.3172   2.9528
199.0000   131.0000   43.9347   19.5584
200.0000   71.0000   35.5711   11.4946
201.0000   146.0000   4.6335   0.9294
202.0000   73.0000   35.0960   9.3910
203.0000   149.0000   35.8488   4.7382
204.0000   80.0000   39.3459   20.2645
205.0000   91.0000   39.6948   37.1240
206.0000   138.0000   39.3029   0.2009
207.0000   142.0000   15.8891   34.3004
208.0000   61.0000   12.4107   46.7742
209.0000   99.0000   37.5116   3.7123
210.0000   129.0000   41.1508   38.0236
211.0000   71.0000   37.7275   5.7207
212.0000   96.0000   32.6524   19.9671
213.0000   89.0000   36.0213   3.9646
214.0000   141.0000   22.6841   24.6189
215.0000   147.0000   40.1096   12.9041
216.0000   90.0000   16.9701   42.6536
217.0000   148.0000   40.3473   34.8197
218.0000   126.0000   27.6134   34.8986
219.0000   145.0000   48.9415   27.7768
220.0000   98.0000   17.0095   33.6240
221.0000   82.0000   11.7740   46.2092
222.0000   135.0000   48.2005   24.8512
223.0000   105.0000   5.2951   27.0114
224.0000   142.0000   4.4852   7.3655
225.0000   100.0000   6.0668   47.1535
226.0000   68.0000   11.6027   40.5925
227.0000   141.0000   3.2997   7.6351
228.0000   62.0000   48.5781   20.1156
229.0000   97.0000   38.9553   9.8245
230.0000   85.0000   10.3642   7.3278
231.0000   142.0000   20.9834   12.9603
232.0000   96.0000   35.3391   27.0359
233.0000   111.0000   0.0178   17.7621
234.0000   68.0000   41.2821   44.6302
235.0000   74.0000   48.8487   21.0676
236.0000   149.0000   16.2683   12.1577
237.0000   92.0000   15.0804   42.4485
238.0000   93.0000   16.3063   49.0999
239.0000   73.0000   32.3009   5.2885
240.0000   130.0000   39.7165   3.5118
241.0000   132.0000   26.3377   32.9257
242.0000   114.0000   44.8320   37.4090
243.0000   131.0000   34.1779   13.1797
244.0000   104.0000   11.5386   27.8033
245.0000   96.0000   1.7868   40.9528
246.0000   144.0000   41.9788   33.4493
247.0000   118.0000   13.6186   22.2845
248.0000   117.0000   7.8456   46.4362
249.0000   118.0000   6.2950   15.6688
250.0000   114.0000   25.0623   46.7108
251.0000   72.0000   5.7182   18.0147
252.0000   84.0000   9.3190   17.4500
253.0000   71.0000   20.9814   13.1960
254.0000   121.0000   8.1853   33.9364
255.0000   101.0000   12.7533   26.5335
256.0000   118.0000   20.3088   36.1119
257.0000   128.0000   12.4763   11.1317
258.0000   109.0000   13.0132   27.6327
259.0000   102.0000   27.5919   11.5189
260.0000   60.0000   38.6140   1.9092
261.0000   78.0000   21.6070   12.9980
262.0000   141.0000   37.1789   47.6033
263.0000   91.0000   13.6879   3.7241
264.0000   148.0000   31.1437   32.6834
265.0000   137.0000   27.2440   8.5508
266.0000   140.0000   13.8024   26.4362
267.0000   140.0000   27.3497   5.9923
268.0000   127.0000   27.3467   42.0161
269.0000   125.0000   10.6633   4.1991
270.0000   118.0000   5.0244   9.1507
271.0000   110.0000   46.1225   37.1297
272.0000   117.0000   28.5292   12.8545
273.0000   150.0000   17.1918   3.6024
274.0000   84.0000   8.9230   13.2755
275.0000   64.0000   47.7129   48.8428
276.0000   150.0000   10.5828   33.8975
277.0000   132.0000   14.1738   47.4482
278.0000   115.0000   38.7991   41.4214
279.0000   101.0000   17.1935   40.2272
280.0000   105.0000   30.8611   10.8513
281.0000   146.0000   23.4007   22.7568
282.0000   129.0000   49.7805   25.0957
283.0000   113.0000   28.4001   11.9560
284.0000   116.0000   16.4464   30.6030
285.0000   142.0000   9.3334   21.5037
286.0000   88.0000   20.1229   40.6711
287.0000   83.0000   40.8691   27.9674
288.0000   97.0000   3.7183   7.0160
289.0000   146.0000   35.0085   41.1509
290.0000   75.0000   5.8292   8.6182
291.0000   134.0000   45.3856   19.1680
292.0000   103.0000   38.2486   23.4811
293.0000   73.0000   43.2469   36.3776
294.0000   92.0000   5.6774   41.6067
295.0000   127.0000   45.9352   23.5525
296.0000   84.0000   5.8411   16.8004
297.0000   138.0000   21.1547   13.0232
298.0000   81.0000   21.8171   6.4917
299.0000   67.0000   41.7016   32.9804
300.0000   87.0000   14.0845   38.7967
301.0000   141.0000   47.9198   40.0095
302.0000   149.0000   32.2833   10.8352
303.0000   66.0000   11.4766   11.9737
304.0000   98.0000   45.0389   47.6601
305.0000   96.0000   9.5713   21.1651
306.0000   146.0000   10.3381   33.8551
307.0000   127.0000   14.0723   46.3311
308.0000   127.0000   12.4459   38.8471
309.0000   103.0000   12.7684   16.2817
310.0000   86.0000   41.2070   19.2340
311.0000   71.0000   0.5313   34.5358
312.0000   116.0000   48.7267   2.8251
313.0000   104.0000   24.6600   26.2313
314.0000   103.0000   28.3766   5.9654
315.0000   61.0000   9.9537   0.2378
316.0000   130.0000   27.0957   22.9369
317.0000   103.0000   29.2358   40.4254
318.0000   68.0000   32.1259   27.9144
319.0000   130.0000   4.8130   13.2770
320.0000   104.0000   35.4152   23.7849
321.0000   70.0000   7.9261   33.4854
322.0000   62.0000   39.9703   40.6527
323.0000   96.0000   8.3146   24.5275
324.0000   124.0000   17.2659   2.1936
325.0000   97.0000   23.1166   7.1788
326.0000   148.0000   44.1515   7.4731
327.0000   104.0000   15.8978   9.1671
328.0000   77.0000   14.9934   31.3221
329.0000   77.0000   7.6497   28.1406
330.0000   86.0000   10.1275   47.2680
331.0000   103.0000   46.2069   49.2002
332.0000   82.0000   27.7800   46.8066
333.0000   120.0000   29.0113   9.8910
334.0000   63.0000   35.8109   18.2618
335.0000   73.0000   1.9918   6.1280
336.0000   99.0000   12.3329   0.6807
337.0000   69.0000   14.0554   2.1805
338.0000   60.0000   25.6488   10.4021
339.0000   102.0000   33.1207   23.4341
340.0000   79.0000   10.6220   5.4915
341.0000   145.0000   43.5569   6.3165
342.0000   77.0000   21.9741   17.9253
343.0000   82.0000   45.8086   35.7988
344.0000   90.0000   38.7703   14.0299
345.0000   100.0000   17.4632   41.8896
346.0000   117.0000   46.0039   37.3165
347.0000   138.0000   22.7538   18.8033
348.0000   136.0000   27.3669   33.7289
349.0000   126.0000   29.8902   39.4041
350.0000   91.0000   27.2653   38.4123
351.0000   149.0000   9.3066   13.4347
352.0000   112.0000   5.3138   46.0257
353.0000   65.0000   37.8885   30.5901
354.0000   132.0000   30.2874   9.4502
355.0000   87.0000   20.1623   4.8069
356.0000   70.0000   6.0594   30.0116
357.0000   124.0000   39.5280   45.4236
358.0000   73.0000   23.9960   26.7359
359.0000   109.0000   3.7297   4.3196
360.0000   76.0000   18.2085   33.1870
361.0000   133.0000   24.5010   43.7918
362.0000   95.0000   38.6618   33.0429
363.0000   102.0000   12.3898   26.0207
364.0000   129.0000   29.3635   10.0610
365.0000   74.0000   12.5865   43.5446
366.0000   140.0000   24.2092   38.3833
367.0000   77.0000   24.2881   10.2654
368.0000   101.0000   33.7434   19.1695
369.0000   118.0000   27.1711   27.9605
370.0000   63.0000   48.8961   29.1963
371.0000   101.0000   5.1471   18.5543
372.0000   61.0000   40.1975   8.2969
373.0000   106.0000   23.7697   14.6081
374.0000   69.0000   12.3022   16.8350
375.0000   134.0000   39.6915   8.3639
376.0000   77.0000   14.7639   13.2934
377.0000   146.0000   38.7882   0.7490
378.0000   129.0000   20.6697   46.3679
379.0000   92.0000   23.0688   43.5308
380.0000   95.0000   47.7630   10.7451
381.0000   113.0000   17.2479   21.9402
382.0000   146.0000   10.0303   21.0764
383.0000   125.0000   34.5609   26.4047
384.0000   111.0000   18.0223   49.4622
385.0000   140.0000   34.7417   25.1514
386.0000   147.0000   28.4862   16.8582
387.0000   79.0000   8.7130   8.6323
388.0000   143.0000   26.3661   32.8155
389.0000   124.0000   9.2977   5.3284
390.0000   99.0000   3.6545   27.6048
391.0000   72.0000   40.3940   42.7590
392.0000   71.0000   8.6299   19.0221
393.0000   73.0000   23.5216   13.5856
394.0000   109.0000   34.7151   37.4411
395.0000   141.0000   38.8461   35.1781
396.0000   136.0000   41.8134   28.8392
397.0000   74.0000   24.5650   13.2521
398.0000   64.0000   3.1429   39.2010
399.0000   82.0000   20.5767   46.0096
400.0000   103.0000   38.9342   0.0591
