0.0000   0.0000   50.0000   50.0000
1.0000   46.0000   7.9707   77.6134
2.0000   86.0000   78.9971   84.2144
3.0000   81.0000   72.1490   9.1976
4.0000   73.0000   0.0220   25.2850
5.0000   84.0000   50.1425   96.3516
6.0000   38.0000   15.5484   6.8234
7.0000   36.0000   35.5831   37.2977
8.0000   14.0000   61.8718   67.1041
9.0000   72.0000   83.0248   86.2287
10.0000   9.0000   16.8901   12.8786
11.0000   2.0000   52.3970   49.1422
12.0000   86.0000   75.8646   20.0114
13.0000   98.0000   84.4573   11.5178
14.0000   30.0000   63.5056   23.1866
15.0000   76.0000   34.5908   2.7959
16.0000   76.0000   16.9020   24.7787
17.0000   97.0000   19.8919   63.6600
18.0000   78.0000   68.2597   32.6414
19.0000   63.0000   17.6972   35.5201
20.0000   61.0000   22.8606   76.7242
21.0000   56.0000   99.0263   73.2786
22.0000   33.0000   76.3111   28.2501
23.0000   97.0000   98.6087   74.8239
24.0000   74.0000   84.8792   42.8718
25.0000   50.0000   3.4106   53.7071
26.0000   84.0000   88.1936   87.0045
27.0000   54.0000   2.2590   15.4274
28.0000   13.0000   91.8985   91.2276
29.0000   44.0000   75.2410   90.2689
30.0000   34.0000   39.4590   85.5857
31.0000   95.0000   19.6803   82.7203
32.0000   79.0000   15.1453   87.1475
33.0000   2.0000   36.3423   45.6764
34.0000   70.0000   9.0491   88.0572
35.0000   55.0000   17.7146   48.8329
36.0000   9.0000   88.8048   44.0191
37.0000   62.0000   67.7505   71.6150
38.0000   92.0000   65.3768   67.4662
39.0000   31.0000   94.2263   13.6784
40.0000   17.0000   95.2429   27.2665
41.0000   46.0000   96.4727   78.7887
42.0000   21.0000   41.4111   16.1623
43.0000   66.0000   65.5213   74.0890
44.0000   34.0000   85.0638   9.7252
45.0000   100.0000   40.7071   86.1609
46.0000   13.0000   46.1498   57.0443
47.0000   21.0000   94.8660   26.1890
48.0000   14.0000   23.8199   83.1675
49.0000   51.0000   49.4697   78.0096
50.0000   91.0000   33.9551   44.7221
51.0000   10.0000   91.9903   63.6302
52.0000   76.0000   12.1109   33.2636
53.0000   90.0000   52.8092   54.2496
54.0000   12.0000   1.0056   35.0492
55.0000   61.0000   87.3936   85.8037
56.0000   6.0000   16.4809   18.9466
57.0000   84.0000   61.1109   98.2504
58.0000   97.0000   55.4385   77.3322
59.0000   83.0000   74.9467   86.1996
60.0000   46.0000   96.5341   0.0109
61.0000   6.0000   91.6151   28.4459
62.0000   33.0000   58.6637   45.6505
63.0000   48.0000   96.5593   41.6359
64.0000   87.0000   99.4732   11.5474
65.0000   14.0000   32.0891   5.1757
66.0000   72.0000   6.3950   21.7068
67.0000   86.0000   11.3529   35.9011
68.0000   58.0000   73.6356   30.7432
69.0000   33.0000   6.2129   37.2149
70.0000   2.0000   40.7820   95.8903
71.0000   92.0000   52.3452   87.3701
72.0000   7.0000   57.9263   32.4806
73.0000   97.0000   73.9632   18.6159
74.0000   7.0000   70.5065   2.4482
75.0000   32.0000   5.0741   59.8830
76.0000   70.0000   17.6997   65.2066
77.0000   8.0000   46.0522   89.4968
78.0000   14.0000   56.1790   7.1240
79.0000   2.0000   89.0027   67.6088
80.0000   43.0000   2.3693   74.6491
81.0000   61.0000   96.1059   10.8832
82.0000   37.0000   81.0648   60.3873
83.0000   3.0000   97.7687   85.5660
84.0000   95.0000   32.9741   44.2108
85.0000   99.0000   80.3424   20.0791
86.0000   78.0000   40.3618   20.3281
87.0000   64.0000   97.4917   27.3721
88.0000   21.0000   52.6867   5.5612
89.0000   89.0000   54.8045   34.2925
90.0000   59.0000   55.0304   70.1861
91.0000   100.0000   45.3554   65.9190
92.0000   58.0000   70.4607   64.2903
93.0000   48.0000   49.3723   80.9443
94.0000   42.0000   35.4160   46.7543
95.0000   89.0000   62.9842   54.1914
96.0000   96.0000   58.0297   27.9155
97.0000   93.0000   96.0218   12.9940
98.0000   92.0000   11.0957   94.9154
99.0000   85.0000   18.2955   71.7157
100.0000   73.0000   81.2752   5.8707
101.0000   98.0000   80.9505   57.5769
102.0000   51.0000   85.6063   0.8189
103.0000   3.0000   82.0239   79.7355
104.0000   73.0000   99.8165   61.0653
105.0000   47.0000   30.5493   97.5032
106.0000   88.0000   27.6136   52.3719
107.0000   80.0000   28.3342   5.2715
108.0000   62.0000   13.9515   69.0871
109.0000   100.0000   28.3094   6.3843
110.0000   2.0000   88.3274   6.1275
111.0000   87.0000   76.7877   53.1084
112.0000   67.0000   94.3421   94.2460
113.0000   18.0000   21.6312   98.3476
114.0000   53.0000   14.5455   76.3311
115.0000   91.0000   69.3956   1.0607
116.0000   88.0000   71.7750   9.3681
117.0000   12.0000   29.6512   23.5023
118.0000   33.0000   87.2234   49.0512
119.0000   48.0000   49.4646   61.4872
120.0000   63.0000   88.3712   43.6717
121.0000   62.0000   16.6619   10.1053
122.0000   41.0000   57.6647   32.8617
123.0000   88.0000   29.3587   48.9677
124.0000   5.0000   43.3414   98.5548
125.0000   14.0000   54.3332   91.4058
126.0000   68.0000   43.0904   68.5278
127.0000   10.0000   42.6950   23.6153
128.0000   85.0000   9.3093   18.8912
129.0000   74.0000   61.3825   78.9900
130.0000   29.0000   72.2009   11.5880
131.0000   20.0000   2.4709   26.7506
132.0000   85.0000   59.7997   88.3028
133.0000   12.0000   12.0330   46.4004
134.0000   11.0000   15.9473   92.6566
135.0000   31.0000   13.3781   0.6056
136.0000   30.0000   85.4934   20.3448
137.0000   50.0000   60.7118   64.9095
138.0000   47.0000   86.8593   12.4045
139.0000   26.0000   63.8507   98.4149
140.0000   41.0000   0.4935   43.8172
141.0000   60.0000   25.2828   19.7636
142.0000   71.0000   64.7891   76.3388
143.0000   69.0000   65.8425   9.4757
144.0000   64.0000   67.3124   80.8128
145.0000   51.0000   8.2605   11.7657
146.0000   18.0000   3.0248   41.5872
147.0000   26.0000   69.7677   89.6056
148.0000   2.0000   41.4714   31.8287
149.0000   80.0000   50.4423   31.2285
150.0000   83.0000   93.1311   59.9683
151.0000   1.0000   19.8250   81.8527
152.0000   68.0000   80.6733   43.0387
153.0000   14.0000   58.7026   87.2455
154.0000   42.0000   37.4718   0.0366
155.0000   28.0000   48.3955   72.9685
156.0000   81.0000   18.6280   56.0087
157.0000   86.0000   22.3377   77.6165
158.0000   69.0000   30.3553   31.8477
159.0000   46.0000   70.6401   30.6714
160.0000   40.0000   22.0380   13.1971
161.0000   44.0000   91.7521   4.1113
162.0000   44.0000   8.3500   6.9399
163.0000   62.0000   87.2730   79.8824
164.0000   92.0000   6.6979   96.2983
165.0000   44.0000   83.1753   77.1531
166.0000   71.0000   90.5526   39.9566
167.0000   51.0000   56.5281   26.4566
168.0000   95.0000   56.7466   47.2578
169.0000   55.0000   62.1535   82.4605
170.0000   8.0000   52.7358   36.8568
171.0000   100.0000   58.9190   44.2078
172.0000   45.0000   65.1792   27.7889
173.0000   52.0000   84.2916   15.2110
174.0000   49.0000   88.2292   72.5627
175.0000   25.0000   70.3934   22.7540
176.0000   2.0000   82.4692   33.3130
177.0000   11.0000   71.1291   39.3940
178.0000   88.0000   23.7816   34.2267
179.0000   36.0000   79.3114   92.9134
180.0000   63.0000   24.3387   54.7843
181.0000   21.0000   44.3462   87.2454
182.0000   56.0000   4.2228   1.7877
183.0000   42.0000   70.9481   70.4892
184.0000   39.0000   58.8632   38.5439
185.0000   71.0000   7.8371   96.8078
186.0000   20.0000   46.6302   99.7118
187.0000   19.0000   98.4293   26.8347
188.0000   6.0000   58.1165   89.7433
189.0000   19.0000   68.7293   84.5741
190.0000   80.0000   8.8524   93.2396
191.0000   3.0000   94.1861   59.1746
192.0000   8.0000   78.5764   47.2799
193.0000   65.0000   63.4175   82.2323
194.0000   7.0000   17.2293   85.0975
195.0000   91.0000   58.2731   78.8691
196.0000   11.0000   63.1219   50.7108
197.0000   72.0000   94.6388   96.9880
198.0000   59.0000   83.0109   6.9844
199.0000   71.0000   90.0305   61.9408
200.0000   8.0000   42.6458   48.2852
201.0000   62.0000   77.5425   85.7416
202.0000   41.0000   14.3717   72.9212
203.0000   38.0000   42.0313   31.1005
204.0000   76.0000   18.6434   56.6160
205.0000   40.0000   0.4800   8.1667
206.0000   73.0000   78.0463   14.6201
207.0000   54.0000   9.3950   49.0770
208.0000   63.0000   28.6145   15.8392
209.0000   68.0000   49.8261   32.4368
210.0000   13.0000   57.0415   52.5568
211.0000   15.0000   54.8629   14.9542
212.0000   21.0000   53.6577   24.8100
213.0000   75.0000   46.6134   63.0786
214.0000   43.0000   86.8756   49.8170
215.0000   34.0000   74.5907   75.9239
216.0000   82.0000   25.0081   55.0216
217.0000   16.0000   18.7027   26.4337
218.0000   38.0000   9.4159   68.4743
219.0000   14.0000   30.3149   54.3960
220.0000   14.0000   55.6319   17.1846
221.0000   56.0000   7.6519   31.5853
222.0000   38.0000   61.6878   9.4631
223.0000   57.0000   81.9536   19.5062
224.0000   35.0000   4.3206   2.9388
225.0000   25.0000   81.9289   56.6670
226.0000   82.0000   54.3028   37.5940
227.0000   22.0000   75.2256   92.8826
228.0000   10.0000   93.1431   57.6556
229.0000   64.0000   19.6126   82.8297
230.0000   95.0000   71.0388   65.0890
231.0000   60.0000   27.7635   28.5881
232.0000   33.0000   78.0922   71.2326
233.0000   71.0000   79.6458   37.8679
234.0000   52.0000   25.0193   90.5026
235.0000   88.0000   68.2531   52.5159
236.0000   46.0000   45.5865   31.3318
237.0000   19.0000   38.7172   74.7841
238.0000   56.0000   3.5074   75.2689
239.0000   90.0000   28.7252   82.1294
240.0000   79.0000   35.5028   91.9643
