0.0000   0.0000   0.0000   0.0000
1.0000   38.0000   47.5853   0.1222
2.0000   102.0000   48.3195   5.3272
3.0000   79.0000   42.2284   31.7703
4.0000   45.0000   30.8982   10.9732
5.0000   56.0000   41.6560   39.2267
6.0000   69.0000   32.9011   39.5899
7.0000   92.0000   27.7407   31.5557
8.0000   52.0000   8.2231   9.5130
9.0000   109.0000   38.6081   12.6768
10.0000   36.0000   41.4297   3.0312
11.0000   105.0000   14.2375   24.8529
12.0000   99.0000   9.2211   45.8758
13.0000   78.0000   6.4794   17.0853
14.0000   104.0000   5.2395   34.9041
15.0000   110.0000   8.9177   48.4168
16.0000   108.0000   38.4158   15.0739
17.0000   117.0000   25.4102   6.6001
18.0000   80.0000   44.4511   41.8122
19.0000   70.0000   31.3150   33.9137
20.0000   55.0000   40.4065   3.4284
21.0000   78.0000   31.6445   5.9590
22.0000   43.0000   6.4490   31.7393
23.0000   41.0000   20.4922   21.4346
24.0000   111.0000   15.2462   41.2981
25.0000   56.0000   15.7728   39.2393
26.0000   51.0000   34.3841   0.6612
27.0000   66.0000   15.3337   7.3000
28.0000   52.0000   10.4164   33.4117
29.0000   71.0000   16.9425   33.5679
30.0000   58.0000   45.5630   2.7918
31.0000   47.0000   39.0953   6.0264
32.0000   111.0000   13.6512   39.8058
33.0000   76.0000   40.0696   31.8828
34.0000   73.0000   44.5752   40.4333
35.0000   31.0000   43.8343   48.9782
36.0000   106.0000   33.2281   6.6668
37.0000   77.0000   13.1095   36.8337
38.0000   116.0000   43.5618   46.2108
39.0000   98.0000   11.1589   47.1343
40.0000   79.0000   27.5894   39.9864
41.0000   50.0000   22.2933   32.8245
42.0000   30.0000   12.0946   8.8002
43.0000   85.0000   21.4559   6.6321
44.0000   62.0000   14.2952   42.8655
45.0000   109.0000   48.3251   34.8738
46.0000   31.0000   29.5153   30.4450
47.0000   39.0000   43.9697   24.6772
48.0000   55.0000   1.7792   21.9770
49.0000   37.0000   22.9797   8.3175
50.0000   85.0000   28.3372   35.2744
51.0000   74.0000   5.4540   15.4139
52.0000   57.0000   48.3636   2.5051
53.0000   96.0000   36.2891   32.3570
54.0000   39.0000   13.7119   46.7912
55.0000   66.0000   30.6419   48.2720
56.0000   78.0000   37.2466   42.4233
57.0000   120.0000   0.2702   3.2728
58.0000   109.0000   3.4569   30.8004
59.0000   58.0000   32.2215   40.8756
60.0000   91.0000   47.7827   46.5504
61.0000   75.0000   4.8089   20.7017
62.0000   43.0000   36.3796   29.7098
63.0000   63.0000   17.1004   23.2146
64.0000   83.0000   38.3199   41.0232
65.0000   117.0000   8.3777   43.9663
66.0000   34.0000   11.4503   3.0491
67.0000   114.0000   0.7329   11.1910
68.0000   72.0000   28.8926   13.4280
69.0000   62.0000   22.1627   18.6644
70.0000   32.0000   10.6872   43.9435
71.0000   63.0000   7.6571   8.2322
72.0000   101.0000   24.7138   49.9000
73.0000   109.0000   32.6885   23.4405
74.0000   36.0000   44.1922   9.8946
75.0000   83.0000   31.4942   29.1381
76.0000   49.0000   34.4372   41.7663
77.0000   102.0000   1.4185   5.3080
78.0000   96.0000   6.7274   14.6343
79.0000   106.0000   12.0355   28.6666
80.0000   75.0000   5.5046   25.1785
81.0000   46.0000   24.4842   2.9979
82.0000   87.0000   39.8641   14.7760
83.0000   31.0000   18.8817   1.6488
84.0000   104.0000   38.9404   23.6415
85.0000   69.0000   21.0967   34.3414
86.0000   114.0000   3.0938   27.2130
87.0000   76.0000   33.5917   33.9474
88.0000   39.0000   31.9701   21.4962
89.0000   87.0000   26.1008   30.6936
90.0000   110.0000   18.4434   27.3924
91.0000   47.0000   8.5404   1.2880
92.0000   57.0000   43.1641   37.5882
93.0000   102.0000   17.0646   20.9031
94.0000   58.0000   33.8456   5.9290
95.0000   74.0000   7.6962   16.2327
96.0000   67.0000   17.8500   23.6225
97.0000   49.0000   25.2469   19.0786
98.0000   75.0000   46.9685   32.9882
99.0000   39.0000   17.6667   34.0232
100.0000   84.0000   40.4203   36.1871
101.0000   83.0000   5.6722   44.1868
102.0000   60.0000   38.8466   40.8375
103.0000   41.0000   0.4647   2.3599
104.0000   50.0000   16.4404   27.4699
105.0000   89.0000   25.1629   34.7858
106.0000   48.0000   46.8529   28.1984
107.0000   74.0000   15.6076   44.8234
108.0000   110.0000   16.1729   40.4154
109.0000   119.0000   30.1927   28.5649
110.0000   89.0000   4.7075   4.7199
111.0000   81.0000   30.5665   29.4985
112.0000   50.0000   45.7082   9.6106
113.0000   72.0000   6.7266   37.2354
114.0000   38.0000   24.3340   29.3501
115.0000   93.0000   27.9950   22.2730
116.0000   103.0000   23.0342   1.8899
117.0000   41.0000   4.2540   6.3589
118.0000   54.0000   0.5636   44.8524
119.0000   75.0000   42.3578   31.7447
120.0000   63.0000   28.7950   4.8181
121.0000   104.0000   35.5739   34.4702
122.0000   35.0000   42.1417   10.5602
123.0000   45.0000   23.1179   20.4849
124.0000   36.0000   16.1466   29.2404
125.0000   64.0000   17.7609   40.0450
126.0000   51.0000   19.6648   13.0603
127.0000   81.0000   26.9086   26.3291
128.0000   93.0000   10.2252   6.7177
129.0000   72.0000   36.0762   46.0670
130.0000   78.0000   23.3250   27.0487
131.0000   117.0000   5.8350   13.0160
132.0000   55.0000   1.6732   37.3461
133.0000   31.0000   49.1336   4.8664
134.0000   55.0000   26.4883   34.9358
135.0000   106.0000   33.9173   10.8984
136.0000   63.0000   43.8281   27.0098
137.0000   81.0000   22.5539   32.9224
138.0000   32.0000   44.7305   47.7030
139.0000   77.0000   26.5405   2.4876
140.0000   78.0000   47.3699   33.2249
141.0000   50.0000   2.7249   10.1907
142.0000   80.0000   35.3698   26.2743
143.0000   55.0000   48.1911   22.0137
144.0000   60.0000   8.9755   38.5255
145.0000   74.0000   1.2588   32.9113
146.0000   43.0000   49.5653   44.8501
147.0000   84.0000   10.4721   33.9037
148.0000   90.0000   43.8974   13.2279
149.0000   56.0000   8.6121   11.7938
150.0000   117.0000   26.9774   37.8650
151.0000   74.0000   32.8911   0.5198
152.0000   86.0000   3.4008   27.6555
153.0000   70.0000   24.1785   20.0820
154.0000   50.0000   4.4569   26.3192
155.0000   101.0000   6.8439   19.9200
156.0000   41.0000   10.0895   24.5963
157.0000   79.0000   44.9562   28.1525
158.0000   97.0000   16.9013   1.6732
159.0000   102.0000   35.2701   35.3836
160.0000   53.0000   48.3976   8.3646
161.0000   47.0000   28.9868   10.4544
162.0000   104.0000   36.7038   21.7103
163.0000   106.0000   15.8981   25.7946
164.0000   60.0000   26.5910   2.8631
165.0000   41.0000   46.6803   39.0897
166.0000   51.0000   22.1628   34.3083
167.0000   38.0000   3.0787   13.3205
168.0000   65.0000   11.8101   24.2249
169.0000   103.0000   7.0372   13.6617
170.0000   105.0000   47.3187   24.3537
171.0000   97.0000   44.1289   21.2421
172.0000   88.0000   42.0213   10.7239
173.0000   93.0000   43.1874   42.6156
174.0000   82.0000   44.7855   38.7550
175.0000   38.0000   16.1726   38.0960
176.0000   49.0000   49.2004   38.0836
177.0000   114.0000   27.1584   28.6864
178.0000   112.0000   8.1272   9.2370
179.0000   62.0000   32.0648   45.6850
180.0000   100.0000   14.9293   22.4517
181.0000   97.0000   34.2119   40.7125
182.0000   96.0000   22.9316   35.1033
183.0000   112.0000   23.1315   41.2171
184.0000   55.0000   29.4238   28.2872
185.0000   37.0000   3.6623   23.7605
186.0000   112.0000   45.8947   24.2893
187.0000   114.0000   32.7252   9.0481
188.0000   59.0000   8.7499   36.2031
189.0000   112.0000   44.9460   32.0632
190.0000   101.0000   20.9729   2.3271
191.0000   30.0000   27.6267   41.9766
192.0000   43.0000   28.6610   40.1280
193.0000   103.0000   30.5491   0.9560
194.0000   120.0000   14.9466   4.7350
195.0000   114.0000   12.2137   38.8197
196.0000   54.0000   27.6425   18.8087
197.0000   99.0000   20.3545   47.4851
198.0000   39.0000   9.7400   45.0214
199.0000   52.0000   31.9615   23.9692
200.0000   96.0000   31.1927   36.4237
201.0000   92.0000   18.1857   41.6902
202.0000   111.0000   27.7209   32.7868
203.0000   75.0000   13.4798   45.8016
204.0000   116.0000   36.8008   25.2534
205.0000   76.0000   16.9501   20.0298
206.0000   116.0000   38.5196   45.4779
207.0000   103.0000   45.1296   19.3934
208.0000   99.0000   39.4817   24.2605
209.0000   120.0000   44.9629   49.3721
210.0000   77.0000   14.6284   48.8171
211.0000   112.0000   33.7892   33.4723
212.0000   59.0000   47.3932   0.4145
213.0000   46.0000   10.4461   2.2050
214.0000   70.0000   42.2247   11.7216
215.0000   44.0000   10.7858   17.8662
216.0000   83.0000   39.2707   22.2447
217.0000   98.0000   6.5832   26.3378
218.0000   92.0000   4.9168   31.8766
219.0000   58.0000   7.8289   9.1071
220.0000   114.0000   14.0118   29.8657
221.0000   109.0000   33.0783   5.5114
222.0000   94.0000   5.0728   28.6267
223.0000   113.0000   28.9038   24.5672
224.0000   84.0000   29.5550   37.1884
225.0000   38.0000   27.2555   43.7195
226.0000   114.0000   36.1175   14.4160
227.0000   67.0000   33.8309   16.1464
228.0000   68.0000   17.3619   3.7321
229.0000   62.0000   14.9067   1.4316
230.0000   103.0000   42.3334   8.5974
231.0000   46.0000   36.6938   29.9993
232.0000   40.0000   39.3298   49.4242
233.0000   35.0000   38.1103   48.1216
234.0000   111.0000   24.1083   12.6743
235.0000   77.0000   9.5570   24.1545
236.0000   47.0000   23.0887   41.5968
237.0000   101.0000   3.9547   41.0931
238.0000   68.0000   11.3475   14.6578
239.0000   55.0000   39.4328   1.5874
240.0000   75.0000   31.8338   17.0037
241.0000   84.0000   25.7459   33.9811
242.0000   86.0000   46.9346   10.9066
243.0000   103.0000   39.9447   48.6987
244.0000   89.0000   10.6364   35.4372
245.0000   46.0000   1.3995   12.3404
246.0000   66.0000   44.7207   23.2590
247.0000   36.0000   37.4571   15.2328
248.0000   52.0000   28.8458   8.4611
249.0000   54.0000   12.5213   7.7464
250.0000   100.0000   13.1104   28.5424
