0.0000   0.0000   0.0000   0.0000
1.0000   38.0000   33.9450   18.6639
2.0000   66.0000   29.1504   31.0640
3.0000   23.0000   39.3518   22.3991
4.0000   61.0000   23.9433   7.3761
5.0000   72.0000   2.5873   24.5406
6.0000   49.0000   32.4173   8.7963
7.0000   74.0000   34.8261   5.2845
8.0000   52.0000   8.4415   7.0937
9.0000   116.0000   41.6541   47.1354
10.0000   94.0000   35.6702   1.2082
11.0000   114.0000   20.8038   34.2940
12.0000   37.0000   1.0465   8.7679
13.0000   37.0000   10.3156   24.6296
14.0000   48.0000   31.9365   18.3797
15.0000   78.0000   4.1257   8.2045
16.0000   96.0000   16.0123   17.6721
17.0000   80.0000   29.6650   46.2075
18.0000   82.0000   2.8712   2.8377
19.0000   50.0000   42.2795   17.0129
20.0000   37.0000   4.4131   11.0710
21.0000   104.0000   3.0103   27.2822
22.0000   105.0000   28.0161   35.7288
23.0000   83.0000   46.0995   47.4157
24.0000   58.0000   7.8097   40.8222
25.0000   118.0000   16.2836   8.6119
26.0000   43.0000   33.2885   17.8093
27.0000   59.0000   37.4677   31.3717
28.0000   108.0000   34.9681   32.7329
29.0000   114.0000   38.1662   9.0991
30.0000   105.0000   13.9410   32.3198
31.0000   113.0000   41.1248   7.8902
32.0000   87.0000   47.2506   15.1804
33.0000   50.0000   48.5639   24.6707
34.0000   61.0000   49.8248   29.5898
35.0000   90.0000   3.7968   17.5596
36.0000   73.0000   24.1940   44.9887
37.0000   55.0000   45.7155   48.2557
38.0000   103.0000   36.5253   42.0753
39.0000   83.0000   32.0477   40.1415
40.0000   23.0000   15.6691   5.2904
41.0000   43.0000   23.8960   20.2888
42.0000   85.0000   39.0628   32.8397
43.0000   98.0000   45.7906   30.7011
44.0000   41.0000   45.4037   13.9413
45.0000   107.0000   22.5123   6.1283
46.0000   88.0000   46.2076   34.8346
47.0000   76.0000   22.1404   17.5228
48.0000   74.0000   37.4826   46.2996
49.0000   43.0000   38.4588   38.9572
50.0000   33.0000   9.9728   5.5930
51.0000   52.0000   6.1467   21.3090
52.0000   82.0000   4.8560   14.3887
53.0000   100.0000   15.1683   3.3488
54.0000   32.0000   21.8977   35.0868
55.0000   43.0000   11.7687   19.8760
56.0000   86.0000   46.2385   41.2154
57.0000   34.0000   1.9465   46.2368
58.0000   78.0000   11.8950   41.6814
59.0000   85.0000   18.3535   37.2353
60.0000   108.0000   24.9055   38.7978
61.0000   97.0000   5.3785   17.6439
62.0000   88.0000   21.4870   2.0843
63.0000   93.0000   36.1262   9.3110
64.0000   72.0000   19.4056   26.7754
65.0000   41.0000   30.5327   36.9205
66.0000   96.0000   41.8183   35.2112
67.0000   110.0000   29.4390   31.7994
68.0000   80.0000   30.7666   2.5106
69.0000   97.0000   49.6569   42.1679
70.0000   114.0000   29.2339   33.1721
71.0000   21.0000   8.2240   46.1062
72.0000   60.0000   11.2823   8.4563
73.0000   50.0000   32.0191   20.3442
74.0000   47.0000   6.9794   18.3521
75.0000   114.0000   45.2712   6.3212
76.0000   22.0000   13.0203   40.1311
77.0000   68.0000   41.8098   19.6908
78.0000   112.0000   28.7730   23.8293
79.0000   76.0000   48.2032   28.4935
80.0000   78.0000   17.1785   5.3075
81.0000   23.0000   29.0788   43.6239
82.0000   79.0000   9.3320   16.2615
83.0000   112.0000   1.1411   23.5784
84.0000   83.0000   40.8875   14.2830
85.0000   71.0000   13.4941   43.4346
86.0000   92.0000   27.9701   10.7071
87.0000   39.0000   16.6170   41.2166
88.0000   84.0000   13.6371   48.4397
89.0000   41.0000   42.7907   13.1829
90.0000   68.0000   8.8280   32.0605
91.0000   20.0000   44.4463   11.4970
92.0000   49.0000   45.2681   15.2893
93.0000   100.0000   40.2770   30.8098
94.0000   98.0000   1.5658   9.0444
95.0000   74.0000   28.9671   38.0595
96.0000   83.0000   19.4975   13.5869
97.0000   102.0000   4.5088   19.6068
98.0000   94.0000   24.8175   32.5012
99.0000   112.0000   41.9106   14.1989
100.0000   20.0000   2.2404   40.7744
101.0000   46.0000   18.1724   47.5899
102.0000   39.0000   36.7347   43.2218
103.0000   117.0000   34.7719   8.9428
104.0000   56.0000   3.8677   36.0508
105.0000   69.0000   3.3365   32.7251
106.0000   98.0000   9.9120   46.0900
107.0000   50.0000   4.5447   28.6228
108.0000   52.0000   36.8069   49.1123
109.0000   50.0000   28.6551   34.7009
110.0000   65.0000   18.1016   33.2064
111.0000   56.0000   22.6280   38.6005
112.0000   35.0000   6.1330   42.0609
113.0000   120.0000   8.9942   39.0381
114.0000   79.0000   23.5966   11.7378
115.0000   41.0000   41.7983   7.9313
116.0000   112.0000   36.0641   15.6950
117.0000   51.0000   46.7049   7.2232
118.0000   27.0000   15.1899   44.8003
119.0000   47.0000   11.2833   31.8118
120.0000   56.0000   45.9674   13.3298
121.0000   99.0000   0.2074   35.4556
122.0000   34.0000   46.3840   0.7556
123.0000   73.0000   35.4799   26.9925
124.0000   24.0000   34.3439   40.5866
125.0000   71.0000   7.5272   16.6102
126.0000   58.0000   43.1698   42.2476
127.0000   103.0000   38.4116   29.3998
128.0000   87.0000   22.8461   22.6643
129.0000   77.0000   1.9732   10.3237
130.0000   68.0000   44.3936   1.0602
131.0000   26.0000   11.7810   3.4770
132.0000   94.0000   9.0759   46.3970
133.0000   56.0000   46.5845   44.3017
134.0000   64.0000   45.3023   39.3606
135.0000   78.0000   36.3292   40.0886
136.0000   27.0000   11.2480   44.4885
137.0000   54.0000   8.5815   22.3197
138.0000   83.0000   49.5896   36.4854
139.0000   70.0000   25.4029   49.7351
140.0000   65.0000   43.8731   21.6498
141.0000   111.0000   27.1602   37.9474
142.0000   82.0000   48.4825   10.3809
143.0000   49.0000   0.3910   40.4375
144.0000   59.0000   14.1313   21.6926
145.0000   20.0000   16.4451   9.6912
146.0000   27.0000   14.6581   11.6096
147.0000   73.0000   13.9406   11.7599
148.0000   88.0000   43.8199   9.7031
149.0000   43.0000   2.7750   16.3192
150.0000   104.0000   19.6270   37.5741
151.0000   61.0000   26.7013   35.9616
152.0000   27.0000   28.2570   20.4714
153.0000   38.0000   17.5869   22.0421
154.0000   76.0000   28.6794   19.1459
155.0000   88.0000   40.2026   26.4336
156.0000   95.0000   21.5949   27.4534
157.0000   48.0000   4.6565   28.5888
158.0000   60.0000   7.9423   43.3710
159.0000   77.0000   30.2624   27.6617
160.0000   120.0000   25.0786   7.7196
161.0000   30.0000   37.1306   17.1203
162.0000   22.0000   21.7456   36.7275
163.0000   39.0000   22.6963   25.4285
164.0000   45.0000   35.6226   9.0397
165.0000   92.0000   30.9269   14.6044
166.0000   87.0000   39.5240   28.4226
167.0000   60.0000   12.3536   27.5772
168.0000   71.0000   40.6407   3.5464
169.0000   88.0000   28.2658   12.9521
170.0000   65.0000   10.0863   1.1998
171.0000   42.0000   35.8688   27.9777
172.0000   45.0000   49.0573   24.7139
173.0000   39.0000   43.1555   3.7137
174.0000   66.0000   28.4375   27.6433
175.0000   28.0000   45.2904   23.4859
176.0000   52.0000   11.9724   4.4682
177.0000   32.0000   34.2326   21.2893
178.0000   78.0000   48.4100   14.8663
179.0000   67.0000   33.8152   30.6581
180.0000   87.0000   3.7343   1.0319
181.0000   65.0000   31.7181   28.2601
182.0000   55.0000   35.2774   38.0988
183.0000   104.0000   33.5430   39.0047
184.0000   34.0000   46.9573   6.2192
185.0000   82.0000   40.9836   22.8034
186.0000   71.0000   14.0361   12.1372
187.0000   105.0000   17.0853   30.0241
188.0000   85.0000   16.2661   7.5659
189.0000   21.0000   47.2546   1.5777
190.0000   98.0000   2.6507   5.2647
191.0000   75.0000   30.5410   45.4869
192.0000   106.0000   4.0406   15.7229
193.0000   80.0000   11.2694   44.2323
194.0000   40.0000   33.8843   13.8627
195.0000   87.0000   31.6561   33.1626
196.0000   66.0000   16.4597   2.7467
197.0000   27.0000   46.5299   25.2350
198.0000   31.0000   14.9209   23.6101
199.0000   34.0000   9.9693   7.4163
200.0000   88.0000   27.2219   47.7698
201.0000   119.0000   18.8654   10.7090
202.0000   113.0000   12.0548   4.5573
203.0000   107.0000   1.1118   47.7336
204.0000   36.0000   16.5999   1.7725
205.0000   93.0000   39.1262   36.7507
206.0000   40.0000   42.2281   3.6806
207.0000   37.0000   4.5967   30.8057
208.0000   54.0000   27.9544   45.7852
209.0000   109.0000   3.5850   38.0277
210.0000   71.0000   22.7660   8.4727
211.0000   41.0000   22.3946   7.3167
212.0000   24.0000   5.9478   27.0171
213.0000   96.0000   35.4847   16.8564
214.0000   21.0000   14.1370   30.0017
215.0000   42.0000   49.4923   14.9317
216.0000   108.0000   26.2598   36.3098
217.0000   114.0000   28.1564   10.0230
218.0000   47.0000   46.8416   14.2691
219.0000   91.0000   43.0562   25.9660
220.0000   79.0000   5.6821   47.9362
221.0000   115.0000   18.2150   48.4981
222.0000   88.0000   47.9459   27.7415
223.0000   20.0000   13.3708   5.4584
224.0000   103.0000   38.4754   38.1994
225.0000   28.0000   4.7971   1.8936
226.0000   94.0000   21.8353   44.1633
227.0000   24.0000   34.8450   44.3809
228.0000   43.0000   0.6710   36.2844
229.0000   89.0000   1.3601   3.1526
230.0000   96.0000   35.4973   22.0335
231.0000   93.0000   34.8053   13.0215
232.0000   84.0000   42.7933   24.2282
233.0000   74.0000   49.0637   32.9633
234.0000   56.0000   2.0931   46.6470
235.0000   52.0000   14.6120   11.1042
236.0000   114.0000   40.8256   0.6662
237.0000   91.0000   45.7841   28.9131
238.0000   73.0000   41.7956   0.0601
239.0000   73.0000   5.5671   14.3931
240.0000   95.0000   7.9749   41.2126
241.0000   42.0000   40.4422   40.1440
242.0000   62.0000   9.9429   10.3967
243.0000   65.0000   40.8260   39.1559
244.0000   60.0000   19.9006   12.7484
245.0000   39.0000   38.3449   36.4307
246.0000   52.0000   42.1622   17.8357
247.0000   57.0000   10.2404   39.3778
248.0000   79.0000   23.0691   32.8829
249.0000   44.0000   5.1350   27.8954
250.0000   21.0000   23.9496   9.1941
251.0000   22.0000   13.8595   25.8031
252.0000   110.0000   26.3097   42.3713
253.0000   90.0000   41.8736   32.1574
254.0000   113.0000   36.8373   39.7373
255.0000   67.0000   21.6922   40.6135
256.0000   106.0000   23.7324   31.7926
257.0000   84.0000   22.3017   7.5473
258.0000   44.0000   41.7757   42.7701
259.0000   56.0000   29.5171   25.9635
260.0000   59.0000   28.9955   13.1535
261.0000   67.0000   25.6736   25.0921
262.0000   71.0000   34.5232   49.8327
263.0000   37.0000   21.7323   36.3376
264.0000   61.0000   47.4647   28.7014
265.0000   110.0000   0.0625   6.4257
266.0000   35.0000   36.5373   1.2205
267.0000   96.0000   6.6458   45.9120
268.0000   31.0000   14.5805   28.6227
269.0000   92.0000   47.6708   41.8689
270.0000   101.0000   13.8175   40.2443
271.0000   58.0000   13.2637   47.6748
272.0000   75.0000   12.3152   35.8068
273.0000   89.0000   11.7258   47.9103
274.0000   92.0000   40.0970   22.2319
275.0000   107.0000   36.3519   36.0551
276.0000   76.0000   9.3100   0.8447
277.0000   78.0000   8.6123   23.4696
278.0000   87.0000   6.5189   3.8413
279.0000   44.0000   45.9631   14.8654
280.0000   101.0000   27.4443   34.8562
281.0000   52.0000   24.0860   49.1270
282.0000   117.0000   14.2435   45.1670
283.0000   115.0000   24.5666   42.9064
284.0000   23.0000   9.4800   34.4171
285.0000   60.0000   6.0920   31.5108
286.0000   60.0000   7.1987   13.6063
287.0000   74.0000   31.0257   18.0339
288.0000   110.0000   38.9679   43.7653
289.0000   111.0000   28.7467   8.6435
290.0000   102.0000   0.6509   49.0170
291.0000   116.0000   6.6267   29.6278
292.0000   118.0000   29.5974   15.6605
293.0000   25.0000   38.8752   23.9794
294.0000   108.0000   29.1144   22.1987
295.0000   20.0000   20.2941   33.7409
296.0000   47.0000   18.5034   14.5211
297.0000   87.0000   46.6862   37.5446
298.0000   79.0000   3.6128   21.9746
299.0000   72.0000   32.9765   34.4237
300.0000   97.0000   3.9331   11.1857
301.0000   112.0000   33.8744   25.0464
302.0000   92.0000   32.2038   34.6993
303.0000   61.0000   28.1919   2.3456
304.0000   31.0000   36.6017   3.3380
305.0000   73.0000   12.2482   23.5041
306.0000   51.0000   42.6880   49.6991
307.0000   33.0000   12.9766   15.4010
308.0000   77.0000   2.3726   19.6644
309.0000   101.0000   38.5899   25.9206
310.0000   63.0000   46.2602   21.6323
311.0000   102.0000   34.3419   24.1148
312.0000   85.0000   17.1725   8.4587
313.0000   101.0000   45.6721   9.4194
314.0000   116.0000   17.9390   13.5804
315.0000   69.0000   30.8141   39.7238
316.0000   111.0000   20.4132   41.3873
317.0000   59.0000   17.5544   48.5271
318.0000   46.0000   42.6519   13.8597
319.0000   23.0000   23.7797   13.2655
320.0000   22.0000   22.0246   20.9236
321.0000   103.0000   11.6121   5.2391
322.0000   100.0000   48.2745   10.4028
323.0000   111.0000   26.3556   22.3061
324.0000   27.0000   41.8476   14.2530
325.0000   51.0000   34.3086   35.5831
326.0000   23.0000   46.0170   4.7935
327.0000   116.0000   46.5614   2.0473
328.0000   21.0000   27.9709   1.9733
329.0000   32.0000   20.5872   10.5743
330.0000   37.0000   38.4351   20.3462
331.0000   88.0000   47.3102   10.3770
332.0000   63.0000   21.6666   2.8759
333.0000   62.0000   5.2415   48.7523
334.0000   39.0000   49.2861   18.2251
335.0000   64.0000   22.0790   17.7617
336.0000   99.0000   39.3352   9.5969
337.0000   68.0000   14.4957   25.4702
338.0000   37.0000   2.0877   23.6591
339.0000   26.0000   10.2790   12.6987
340.0000   100.0000   42.7835   20.6514
341.0000   114.0000   33.1546   32.6714
342.0000   57.0000   45.8316   31.4544
343.0000   97.0000   40.6950   20.8494
344.0000   86.0000   13.2000   23.3353
345.0000   104.0000   45.9178   29.2464
346.0000   26.0000   34.8932   24.6967
347.0000   54.0000   3.6440   44.2532
348.0000   59.0000   19.5358   10.6065
349.0000   32.0000   37.2098   39.0006
350.0000   64.0000   27.6637   24.7597
351.0000   94.0000   15.2995   24.8789
352.0000   58.0000   16.5721   23.6773
353.0000   57.0000   6.7512   14.0393
354.0000   119.0000   31.6950   2.7819
355.0000   81.0000   3.4234   0.6280
356.0000   20.0000   11.1072   36.2552
357.0000   25.0000   21.7361   26.1324
358.0000   110.0000   42.2193   29.1725
359.0000   60.0000   18.5380   39.3822
360.0000   64.0000   33.1049   21.5794
361.0000   25.0000   44.8358   43.9029
362.0000   69.0000   3.8471   27.8092
363.0000   103.0000   22.1912   47.4799
364.0000   87.0000   12.2369   35.7353
365.0000   104.0000   2.1515   17.0535
366.0000   78.0000   6.0537   11.9850
367.0000   110.0000   28.7503   46.9867
368.0000   48.0000   29.2511   32.9994
369.0000   62.0000   9.5000   32.3952
370.0000   40.0000   21.8328   43.3553
371.0000   40.0000   29.7857   44.4765
372.0000   76.0000   6.4863   4.1799
373.0000   26.0000   38.9419   18.9573
374.0000   56.0000   26.2858   41.5327
375.0000   43.0000   6.4343   1.8329
