0.0000   0.0000   0.0000   0.0000
1.0000   162.0000   19.7913   17.4310
2.0000   175.0000   10.4490   9.3189
3.0000   172.0000   29.8492   38.5292
4.0000   117.0000   1.8145   31.6647
5.0000   104.0000   24.7597   15.2281
6.0000   176.0000   4.6791   19.9535
7.0000   127.0000   40.1396   0.7241
8.0000   133.0000   0.9682   14.0145
9.0000   145.0000   49.1750   10.8528
10.0000   119.0000   15.9570   2.3572
11.0000   148.0000   31.4984   10.7628
12.0000   141.0000   7.9453   48.2686
13.0000   150.0000   10.9994   48.1556
14.0000   132.0000   43.9067   4.8368
15.0000   90.0000   15.9362   22.2882
16.0000   153.0000   7.3195   45.5268
17.0000   154.0000   6.3641   11.6916
18.0000   165.0000   0.0767   47.0617
19.0000   102.0000   46.1949   15.8554
20.0000   94.0000   14.3750   27.4858
21.0000   130.0000   43.0906   37.0048
22.0000   160.0000   22.3380   31.7467
23.0000   128.0000   45.7870   8.8990
24.0000   171.0000   48.5822   22.2352
25.0000   90.0000   8.0753   27.7982
26.0000   101.0000   24.5049   4.3675
27.0000   154.0000   11.1741   27.6414
28.0000   113.0000   13.1239   3.8809
29.0000   138.0000   3.5104   11.2922
30.0000   174.0000   5.8188   19.5615
31.0000   137.0000   0.1882   9.8290
32.0000   92.0000   9.7996   33.3875
33.0000   154.0000   22.2177   6.3640
34.0000   135.0000   45.2811   9.2424
35.0000   108.0000   30.7672   49.8051
36.0000   118.0000   25.3169   14.3047
37.0000   126.0000   47.2648   47.1181
38.0000   127.0000   22.2185   27.5146
39.0000   98.0000   5.2042   38.4608
40.0000   136.0000   34.7425   16.2748
41.0000   157.0000   24.1695   18.0244
42.0000   143.0000   30.1455   18.0159
43.0000   136.0000   24.6509   14.3433
44.0000   171.0000   6.1966   48.4530
45.0000   153.0000   3.6845   32.9261
46.0000   136.0000   42.4488   17.7228
47.0000   169.0000   38.6407   17.4988
48.0000   104.0000   17.6059   4.3989
49.0000   148.0000   48.2563   7.3839
50.0000   154.0000   33.5395   10.5204
51.0000   177.0000   16.6234   38.4261
52.0000   121.0000   39.3593   2.5226
53.0000   144.0000   24.4309   9.6502
54.0000   130.0000   6.2977   14.9882
55.0000   127.0000   11.2120   9.6972
56.0000   172.0000   38.0578   15.8415
57.0000   173.0000   20.9836   47.4519
58.0000   155.0000   2.0619   4.0661
59.0000   170.0000   6.5851   11.3158
60.0000   94.0000   38.0282   12.3269
61.0000   171.0000   4.8534   0.8293
62.0000   94.0000   25.9419   2.9357
63.0000   101.0000   32.0334   23.0804
64.0000   131.0000   17.2030   16.1948
65.0000   91.0000   21.3254   6.8533
66.0000   170.0000   4.5636   33.6259
67.0000   101.0000   48.5601   8.1031
68.0000   165.0000   19.2495   3.3787
69.0000   108.0000   49.1447   24.5282
70.0000   163.0000   43.0059   42.9634
71.0000   142.0000   12.6753   45.2670
72.0000   139.0000   5.1880   12.4971
73.0000   149.0000   40.8061   7.2212
74.0000   104.0000   24.3766   16.1939
75.0000   143.0000   29.7533   26.7229
76.0000   136.0000   15.1118   47.3899
77.0000   90.0000   21.7601   40.5225
78.0000   159.0000   14.6275   22.6830
79.0000   133.0000   35.2549   23.6755
80.0000   176.0000   6.4508   33.2819
81.0000   151.0000   17.2625   26.9380
82.0000   159.0000   6.1241   13.0430
83.0000   115.0000   45.5683   20.1408
84.0000   163.0000   37.4085   35.1947
85.0000   123.0000   3.2653   18.4006
86.0000   177.0000   29.7987   49.8335
87.0000   152.0000   31.7613   43.1536
88.0000   150.0000   18.3867   7.9021
89.0000   148.0000   9.2092   33.2092
90.0000   150.0000   39.8172   45.2755
91.0000   180.0000   15.9669   17.9518
92.0000   90.0000   17.4012   27.0986
93.0000   151.0000   18.0553   24.1555
94.0000   165.0000   11.6752   27.1002
95.0000   171.0000   2.4044   13.3633
96.0000   129.0000   29.5288   10.1212
97.0000   170.0000   34.2170   25.8582
98.0000   93.0000   34.8676   2.1908
99.0000   171.0000   14.1314   49.8280
100.0000   116.0000   41.9866   17.4116
101.0000   118.0000   36.6858   43.1305
102.0000   160.0000   20.2184   30.1113
103.0000   177.0000   30.5413   16.8348
104.0000   167.0000   0.4298   13.9935
105.0000   154.0000   20.2756   40.0824
106.0000   97.0000   13.8474   47.1333
107.0000   179.0000   33.3801   29.8487
108.0000   177.0000   9.3180   2.2294
109.0000   115.0000   44.1761   0.8549
110.0000   113.0000   19.0826   15.6210
111.0000   137.0000   39.8690   9.5551
112.0000   162.0000   2.9925   46.2017
113.0000   92.0000   28.8044   2.4211
114.0000   92.0000   18.5451   25.8146
115.0000   91.0000   23.2948   47.1656
116.0000   169.0000   12.0496   43.7190
117.0000   169.0000   43.5059   8.2808
118.0000   158.0000   7.9990   0.1810
119.0000   143.0000   41.0773   13.1753
120.0000   151.0000   38.5792   4.6724
121.0000   133.0000   37.3430   17.0633
122.0000   134.0000   45.1972   7.6691
123.0000   93.0000   34.1875   25.2859
124.0000   93.0000   30.6781   1.7998
125.0000   148.0000   29.1607   17.3164
126.0000   122.0000   32.8586   46.9277
127.0000   150.0000   30.0990   8.1587
128.0000   135.0000   20.3652   25.2018
129.0000   112.0000   24.7860   43.1020
130.0000   168.0000   4.3034   34.0452
131.0000   157.0000   10.7259   23.9896
132.0000   123.0000   24.7191   36.1413
133.0000   178.0000   27.8873   30.3262
134.0000   132.0000   8.8824   3.1785
135.0000   94.0000   33.4114   27.8730
136.0000   154.0000   41.1894   47.4932
137.0000   125.0000   41.8174   44.5091
138.0000   107.0000   7.2905   42.0574
139.0000   162.0000   29.6741   28.7163
140.0000   91.0000   12.1187   35.9003
141.0000   96.0000   23.2996   32.2936
142.0000   139.0000   27.7372   43.9914
143.0000   130.0000   23.0354   38.6703
144.0000   110.0000   18.4792   43.8571
145.0000   155.0000   20.2401   11.3466
146.0000   146.0000   34.1652   0.5757
147.0000   148.0000   12.0261   42.2786
148.0000   176.0000   11.1814   23.0446
149.0000   120.0000   2.7213   26.4706
150.0000   168.0000   16.0076   1.3350
151.0000   171.0000   9.0033   7.2286
152.0000   119.0000   25.4855   3.8471
153.0000   171.0000   25.8210   8.9583
154.0000   156.0000   45.2259   25.0780
155.0000   104.0000   44.5016   20.7479
156.0000   171.0000   0.2907   23.2767
157.0000   150.0000   35.6924   22.5696
158.0000   153.0000   34.5451   40.3861
159.0000   113.0000   36.5011   39.5944
160.0000   171.0000   3.3353   8.1025
161.0000   119.0000   24.8882   27.5585
162.0000   123.0000   42.9630   10.6995
163.0000   121.0000   42.3805   30.6376
164.0000   143.0000   5.3724   41.3057
165.0000   125.0000   0.6132   35.9242
166.0000   98.0000   0.9091   3.9459
167.0000   178.0000   46.7410   26.9342
168.0000   165.0000   19.8678   11.5148
169.0000   166.0000   9.4771   47.5376
170.0000   145.0000   7.5932   4.3808
171.0000   114.0000   29.7138   12.5951
172.0000   173.0000   14.4610   47.8389
173.0000   97.0000   26.8981   1.9932
174.0000   140.0000   14.7173   44.2292
175.0000   127.0000   1.4339   0.4447
176.0000   143.0000   27.0847   26.5539
177.0000   155.0000   14.0720   1.8110
178.0000   129.0000   8.7558   44.6759
179.0000   168.0000   46.4110   11.6069
180.0000   98.0000   42.7638   6.2128
181.0000   177.0000   5.1983   8.6652
182.0000   100.0000   44.6236   31.6951
183.0000   143.0000   49.4262   1.7821
184.0000   142.0000   21.9506   12.7138
185.0000   175.0000   10.0131   38.7219
186.0000   151.0000   10.1420   7.4913
187.0000   103.0000   48.2689   33.1169
188.0000   110.0000   28.5961   25.4473
189.0000   153.0000   35.0046   18.4031
190.0000   137.0000   26.4090   44.3501
191.0000   164.0000   39.7863   28.4305
192.0000   105.0000   37.8772   49.1488
193.0000   122.0000   3.5016   18.9256
194.0000   108.0000   43.4326   22.9135
195.0000   176.0000   12.8587   23.2288
196.0000   92.0000   19.5898   33.3267
197.0000   116.0000   48.6334   10.8438
198.0000   114.0000   17.7987   0.6939
199.0000   122.0000   5.5284   4.3556
200.0000   160.0000   18.6058   6.6069
201.0000   117.0000   42.7158   28.1620
202.0000   126.0000   8.0070   25.2674
203.0000   163.0000   47.6548   24.8689
204.0000   163.0000   4.5815   17.1564
205.0000   156.0000   44.8284   22.3997
206.0000   171.0000   19.5776   20.3868
207.0000   104.0000   43.9387   32.8455
208.0000   108.0000   2.5075   34.3644
209.0000   113.0000   34.2367   6.1023
210.0000   117.0000   24.1924   1.6466
211.0000   99.0000   39.8968   31.3529
212.0000   129.0000   11.4147   43.9208
213.0000   158.0000   44.9229   39.7781
214.0000   127.0000   5.6867   24.0578
215.0000   101.0000   4.9670   44.9774
216.0000   167.0000   19.3427   9.0038
217.0000   173.0000   34.8344   45.4130
218.0000   172.0000   38.8880   16.4709
219.0000   99.0000   12.3599   34.6250
220.0000   155.0000   32.2179   7.2406
221.0000   112.0000   47.0747   40.3471
222.0000   169.0000   46.8167   44.4844
223.0000   161.0000   32.5781   27.7978
224.0000   112.0000   45.8214   21.0715
225.0000   104.0000   38.2472   32.8454
226.0000   139.0000   11.0835   9.2616
227.0000   137.0000   25.0998   41.1610
228.0000   121.0000   22.8550   20.4993
229.0000   104.0000   34.1649   36.8035
230.0000   93.0000   20.9813   40.5382
231.0000   157.0000   37.0031   6.0195
232.0000   162.0000   21.4596   8.6932
233.0000   142.0000   36.6910   40.9116
234.0000   122.0000   39.2436   42.2380
235.0000   117.0000   33.7755   22.8282
236.0000   113.0000   6.2249   41.4476
237.0000   134.0000   32.3149   40.1271
238.0000   166.0000   1.3042   25.2836
239.0000   99.0000   20.3214   42.5660
240.0000   99.0000   4.9777   26.3662
241.0000   173.0000   20.3606   27.9950
242.0000   155.0000   9.5739   5.3514
243.0000   140.0000   49.1738   6.8213
244.0000   175.0000   33.0364   19.4936
245.0000   163.0000   33.3460   16.2426
246.0000   126.0000   40.1575   10.8332
247.0000   156.0000   2.7643   5.5935
248.0000   110.0000   33.5057   20.6535
249.0000   135.0000   15.8833   22.6222
250.0000   95.0000   16.0192   14.7557
