0.0000   0.0000   50.0000   50.0000
1.0000   53.0000   40.1069   2.4424
2.0000   10.0000   87.8403   84.6265
3.0000   51.0000   57.3511   17.6183
4.0000   42.0000   72.9578   46.9619
5.0000   25.0000   8.0921   36.9204
6.0000   86.0000   71.0421   99.9913
7.0000   55.0000   48.5326   92.5894
8.0000   29.0000   30.9271   42.8420
9.0000   82.0000   93.9253   28.6721
10.0000   64.0000   56.5081   3.8088
11.0000   92.0000   72.4966   24.5981
12.0000   33.0000   82.3462   90.9284
13.0000   77.0000   72.5907   62.2084
14.0000   46.0000   64.0343   31.8201
15.0000   73.0000   20.3319   49.8290
16.0000   56.0000   62.6795   58.1602
17.0000   46.0000   78.8349   73.5681
18.0000   43.0000   91.8150   95.8574
19.0000   13.0000   2.2324   64.9305
20.0000   32.0000   54.0074   9.5087
21.0000   49.0000   94.6427   81.3230
22.0000   34.0000   11.4338   95.2384
23.0000   40.0000   98.2657   88.3526
24.0000   81.0000   75.1294   26.6601
25.0000   61.0000   57.1638   22.6294
26.0000   96.0000   24.6939   0.7514
27.0000   64.0000   36.1205   97.3129
28.0000   65.0000   8.3397   59.5532
29.0000   74.0000   84.0165   61.3706
30.0000   53.0000   93.9304   83.6727
31.0000   41.0000   89.1065   70.8593
32.0000   30.0000   18.7728   37.3569
33.0000   43.0000   7.4448   46.3258
34.0000   58.0000   73.3057   45.5732
35.0000   75.0000   54.3702   33.8625
36.0000   26.0000   3.9678   66.6797
37.0000   75.0000   90.2542   42.2078
38.0000   20.0000   69.6765   51.8073
39.0000   93.0000   90.2756   40.8728
40.0000   42.0000   96.8916   20.9084
41.0000   44.0000   57.2530   69.1365
42.0000   88.0000   20.8320   29.7366
43.0000   13.0000   2.0963   74.9850
44.0000   71.0000   74.8986   5.4483
45.0000   15.0000   55.7492   92.0981
46.0000   81.0000   74.4813   7.2585
47.0000   47.0000   67.0573   81.3289
48.0000   67.0000   72.1865   50.6602
49.0000   48.0000   7.8301   89.1147
50.0000   51.0000   17.4900   47.2670
51.0000   89.0000   60.2498   34.9186
52.0000   29.0000   50.7745   33.4453
53.0000   31.0000   51.9627   28.2863
54.0000   55.0000   95.3526   13.8215
55.0000   59.0000   77.6774   19.0277
56.0000   31.0000   83.9456   51.4620
57.0000   24.0000   11.2778   75.2562
58.0000   26.0000   20.4266   92.3338
59.0000   41.0000   91.8035   57.8084
60.0000   82.0000   62.4735   25.3745
61.0000   33.0000   91.4643   25.0415
62.0000   87.0000   96.9873   22.7303
63.0000   53.0000   95.4808   43.8677
64.0000   16.0000   26.6245   78.8672
65.0000   10.0000   2.9372   48.6618
66.0000   40.0000   97.4033   56.0676
67.0000   34.0000   50.7397   94.6806
68.0000   90.0000   47.3610   57.1409
69.0000   100.0000   99.8119   98.5883
70.0000   23.0000   82.4965   87.0045
71.0000   74.0000   88.2531   40.0273
72.0000   21.0000   55.3663   81.0687
73.0000   33.0000   25.7681   97.5247
74.0000   39.0000   29.1825   85.0355
75.0000   31.0000   5.5422   42.0968
76.0000   13.0000   86.4164   54.5286
77.0000   96.0000   61.0076   2.2175
78.0000   42.0000   59.5759   36.1201
79.0000   69.0000   84.0896   16.9544
80.0000   61.0000   30.4874   79.0572
81.0000   37.0000   83.2492   30.2885
82.0000   20.0000   68.5991   4.2730
83.0000   95.0000   85.7088   85.2862
84.0000   55.0000   65.3759   48.0873
85.0000   49.0000   24.7631   78.4953
86.0000   98.0000   12.1187   95.2151
87.0000   76.0000   0.5493   56.0541
88.0000   14.0000   21.5186   92.6784
89.0000   33.0000   75.6297   52.8049
90.0000   32.0000   50.0542   52.2691
91.0000   13.0000   21.4149   68.6631
92.0000   14.0000   86.4901   87.5493
93.0000   47.0000   60.0608   58.9383
94.0000   48.0000   38.5528   44.3351
95.0000   96.0000   54.3767   16.3987
96.0000   60.0000   3.3676   65.8709
97.0000   74.0000   10.2179   61.7377
98.0000   93.0000   26.5775   77.8264
99.0000   63.0000   73.1128   23.8576
100.0000   33.0000   47.8905   12.2630
101.0000   26.0000   81.5924   58.3323
102.0000   24.0000   34.4394   45.0763
103.0000   25.0000   8.4818   53.5395
104.0000   72.0000   80.2292   71.0882
105.0000   49.0000   44.7576   75.4940
106.0000   51.0000   13.3487   76.2506
107.0000   30.0000   73.1554   78.7293
108.0000   29.0000   47.2380   95.4668
109.0000   70.0000   79.3440   32.0080
110.0000   23.0000   99.9997   48.7708
111.0000   30.0000   23.8283   17.5128
112.0000   47.0000   0.0877   94.4517
113.0000   88.0000   53.5816   49.1379
114.0000   83.0000   33.8241   80.2925
115.0000   51.0000   43.6621   96.6395
116.0000   19.0000   53.7132   6.1006
117.0000   63.0000   99.2005   89.1377
118.0000   24.0000   54.3965   12.6380
119.0000   49.0000   94.9947   19.3051
120.0000   40.0000   83.8998   10.7272
121.0000   57.0000   15.4622   54.4180
122.0000   32.0000   72.7890   43.8624
123.0000   82.0000   89.2578   13.5351
124.0000   16.0000   74.6654   48.3815
125.0000   55.0000   10.6609   46.9926
126.0000   37.0000   81.3111   95.8901
127.0000   42.0000   76.1262   16.5157
128.0000   96.0000   9.7833   41.7381
129.0000   43.0000   40.2695   11.3395
130.0000   29.0000   71.5941   66.5309
131.0000   77.0000   53.6176   96.5366
132.0000   42.0000   41.3287   38.9611
133.0000   57.0000   77.7496   67.1664
134.0000   16.0000   0.6961   41.2224
135.0000   55.0000   58.1489   57.2625
136.0000   71.0000   53.6395   14.9346
137.0000   58.0000   65.1700   2.2700
138.0000   10.0000   62.0229   66.8334
139.0000   92.0000   2.5682   16.2448
140.0000   88.0000   50.1612   5.2599
141.0000   51.0000   42.9587   81.4896
142.0000   74.0000   90.4353   31.6888
143.0000   20.0000   68.4176   55.0082
144.0000   66.0000   35.5995   18.9162
145.0000   87.0000   45.7943   90.4301
146.0000   17.0000   78.3036   56.6798
147.0000   30.0000   81.5860   44.2474
148.0000   29.0000   30.3137   71.9137
149.0000   73.0000   57.7937   62.8400
150.0000   20.0000   90.3908   8.8867
151.0000   85.0000   97.1684   25.9503
152.0000   58.0000   37.7490   8.8793
153.0000   49.0000   12.2609   36.5995
154.0000   45.0000   23.2696   23.3683
155.0000   87.0000   65.7926   53.9127
156.0000   33.0000   81.4083   67.5841
157.0000   41.0000   5.9905   60.3477
158.0000   85.0000   82.6774   10.8073
159.0000   30.0000   29.4615   38.1996
160.0000   71.0000   0.6627   98.3572
161.0000   55.0000   77.2499   9.4022
162.0000   50.0000   3.0805   75.5448
163.0000   86.0000   16.3521   53.9217
164.0000   28.0000   90.4490   54.4108
165.0000   10.0000   7.7855   97.1242
166.0000   45.0000   91.2058   4.6679
167.0000   27.0000   47.2837   84.3832
168.0000   90.0000   32.8785   33.4753
169.0000   79.0000   60.7981   31.9626
170.0000   84.0000   63.5054   70.9137
171.0000   11.0000   18.9429   60.6687
172.0000   45.0000   96.4944   92.5199
173.0000   37.0000   57.9261   86.0773
174.0000   85.0000   33.9134   94.1926
175.0000   86.0000   63.1445   68.2589
176.0000   59.0000   80.8863   95.7578
177.0000   14.0000   79.8617   38.7498
178.0000   76.0000   29.6395   0.4655
179.0000   49.0000   2.3245   68.5841
180.0000   10.0000   6.2127   81.6257
181.0000   39.0000   76.5771   87.2530
182.0000   94.0000   17.3087   12.1953
183.0000   49.0000   81.1126   68.9331
184.0000   38.0000   34.3004   8.7282
185.0000   97.0000   91.0409   69.5444
186.0000   34.0000   31.2818   11.1649
187.0000   65.0000   50.9064   4.0805
188.0000   39.0000   42.6856   52.9394
189.0000   70.0000   74.8981   91.6953
190.0000   78.0000   37.1066   12.5345
191.0000   90.0000   5.8081   91.3888
192.0000   94.0000   69.0905   4.7211
193.0000   43.0000   12.1953   77.4893
194.0000   54.0000   90.9153   68.7134
195.0000   87.0000   97.8371   97.6288
196.0000   32.0000   97.7111   72.5596
197.0000   10.0000   47.9314   54.8114
198.0000   79.0000   10.9352   30.4712
199.0000   95.0000   53.1498   67.7974
200.0000   79.0000   20.9800   65.9558
201.0000   32.0000   85.2424   80.8773
202.0000   89.0000   5.8113   51.0126
203.0000   11.0000   51.9181   1.8743
204.0000   36.0000   63.2164   38.7954
205.0000   69.0000   46.0854   50.9184
206.0000   95.0000   74.9942   20.7732
207.0000   92.0000   49.1156   31.6203
208.0000   38.0000   51.8720   54.0406
209.0000   17.0000   41.6667   56.3982
210.0000   76.0000   56.1071   99.8557
211.0000   49.0000   38.4922   74.0227
212.0000   65.0000   80.0602   60.3919
213.0000   14.0000   61.0377   91.7821
214.0000   92.0000   70.8933   64.4363
215.0000   94.0000   97.7753   75.6033
216.0000   31.0000   93.0810   10.3296
217.0000   62.0000   1.5252   66.0431
218.0000   41.0000   0.3346   31.8824
219.0000   67.0000   45.3513   10.6486
220.0000   47.0000   56.5970   66.3840
221.0000   68.0000   8.7691   71.7974
222.0000   52.0000   43.3174   11.8767
223.0000   53.0000   89.4451   60.1030
224.0000   17.0000   27.4587   63.3836
225.0000   27.0000   5.7507   58.7484
226.0000   94.0000   39.2683   70.2660
227.0000   23.0000   64.8841   83.0041
228.0000   83.0000   10.5631   48.9728
229.0000   52.0000   79.6300   10.6757
230.0000   58.0000   45.3575   91.4074
231.0000   66.0000   54.0145   96.9196
232.0000   27.0000   41.6817   68.3265
233.0000   21.0000   13.6982   75.3022
234.0000   60.0000   94.8922   79.7975
235.0000   91.0000   16.0448   17.5664
236.0000   15.0000   69.6613   88.0161
237.0000   66.0000   14.4407   20.1783
238.0000   29.0000   97.4645   31.8245
239.0000   77.0000   27.5356   3.8378
240.0000   27.0000   97.6468   94.8881
241.0000   50.0000   12.3074   27.2807
242.0000   99.0000   42.7461   6.2900
243.0000   75.0000   87.8083   88.6053
244.0000   69.0000   23.4858   72.2738
245.0000   87.0000   90.9332   1.6025
246.0000   13.0000   79.3783   23.0432
247.0000   100.0000   75.4298   21.9350
248.0000   61.0000   66.0750   36.5148
249.0000   21.0000   74.7831   78.5632
250.0000   20.0000   56.3863   75.2001
251.0000   47.0000   83.7760   93.5453
252.0000   47.0000   53.6775   68.4530
253.0000   43.0000   89.2538   61.4676
254.0000   100.0000   98.8454   57.6399
255.0000   54.0000   80.1231   46.2387
256.0000   72.0000   20.0319   96.4326
257.0000   76.0000   96.8262   45.2720
258.0000   41.0000   6.5185   23.6517
259.0000   19.0000   38.1740   5.2367
260.0000   72.0000   21.6476   55.3327
261.0000   52.0000   10.0643   31.3868
262.0000   65.0000   12.1816   95.0840
263.0000   69.0000   32.0407   60.8401
264.0000   87.0000   4.6892   90.2517
265.0000   94.0000   57.1449   86.4810
266.0000   35.0000   75.7681   47.3677
267.0000   78.0000   33.6488   71.5948
268.0000   22.0000   50.3220   76.5302
269.0000   62.0000   76.4523   59.7534
270.0000   16.0000   20.9924   49.2578
271.0000   68.0000   20.0782   39.9141
272.0000   20.0000   13.9467   92.8872
273.0000   59.0000   54.1987   17.5690
274.0000   58.0000   63.5497   23.2909
275.0000   19.0000   71.4710   31.9562
