0.0000   0.0000   50.0000   50.0000
1.0000   37.0000   68.7547   23.6735
2.0000   31.0000   71.9753   84.6840
3.0000   50.0000   19.8593   52.4583
4.0000   109.0000   55.2754   24.9313
5.0000   107.0000   44.0185   35.6230
6.0000   53.0000   10.2151   18.5608
7.0000   85.0000   61.8188   37.3935
8.0000   84.0000   49.4272   32.0572
9.0000   119.0000   83.2196   25.8385
10.0000   64.0000   95.5556   22.5690
11.0000   109.0000   33.1844   74.9930
12.0000   104.0000   44.8567   97.6483
13.0000   17.0000   77.9561   0.2376
14.0000   64.0000   40.1083   68.5038
15.0000   47.0000   77.2878   75.7402
16.0000   109.0000   21.0848   62.7139
17.0000   120.0000   59.7032   51.1660
18.0000   80.0000   76.3339   14.7474
19.0000   33.0000   9.4296   84.6479
20.0000   82.0000   73.1218   95.2257
21.0000   77.0000   2.8743   91.3613
22.0000   90.0000   33.0896   36.7582
23.0000   37.0000   50.3986   23.1929
24.0000   96.0000   76.8273   57.8924
25.0000   68.0000   8.3305   33.2133
26.0000   54.0000   40.4515   38.8900
27.0000   97.0000   20.6844   50.8117
28.0000   107.0000   3.9810   71.3695
29.0000   11.0000   12.6766   19.7300
30.0000   101.0000   30.9221   52.6936
31.0000   92.0000   44.9380   50.5473
32.0000   38.0000   8.4485   30.1557
33.0000   35.0000   66.8501   33.5526
34.0000   111.0000   64.3830   65.8279
35.0000   73.0000   53.0199   52.1487
36.0000   79.0000   99.2486   91.4753
37.0000   115.0000   54.8377   71.9315
38.0000   119.0000   6.3144   63.9358
39.0000   108.0000   13.7332   83.3054
40.0000   83.0000   54.4366   55.4110
41.0000   96.0000   15.5787   67.2960
42.0000   105.0000   62.9474   65.8773
43.0000   101.0000   15.1233   20.4620
44.0000   76.0000   86.2060   72.9066
45.0000   65.0000   49.4655   45.1232
46.0000   83.0000   26.7444   70.9184
47.0000   53.0000   22.8027   75.2687
48.0000   81.0000   79.1745   26.9016
49.0000   114.0000   68.3138   18.1348
50.0000   48.0000   12.5566   38.7874
51.0000   103.0000   67.8478   20.9251
52.0000   84.0000   96.4008   20.6020
53.0000   85.0000   15.9437   48.1402
54.0000   88.0000   97.2412   32.0939
55.0000   16.0000   18.1989   54.1756
56.0000   59.0000   8.6713   68.5408
57.0000   77.0000   88.6791   71.9010
58.0000   29.0000   58.9462   30.4592
59.0000   48.0000   66.9775   37.8169
60.0000   85.0000   89.2644   92.9074
61.0000   18.0000   87.2884   74.6366
62.0000   104.0000   47.3611   74.7770
63.0000   79.0000   83.8882   1.1677
64.0000   110.0000   25.4636   18.0985
65.0000   95.0000   19.8892   80.5260
66.0000   85.0000   93.9292   0.2354
67.0000   77.0000   71.2440   85.9365
68.0000   35.0000   25.1107   30.1315
69.0000   87.0000   24.3241   37.6583
70.0000   117.0000   65.3036   79.1991
71.0000   76.0000   41.1322   71.1242
72.0000   117.0000   74.0236   46.8809
73.0000   49.0000   18.9144   93.9983
74.0000   71.0000   20.6338   48.1838
75.0000   114.0000   10.8367   27.2113
76.0000   61.0000   27.8477   14.9531
77.0000   74.0000   19.6483   28.2124
78.0000   21.0000   10.3153   70.1988
79.0000   95.0000   79.6306   56.1046
80.0000   73.0000   84.6903   87.9106
81.0000   88.0000   79.4369   92.2564
82.0000   69.0000   71.5995   56.4732
83.0000   84.0000   3.4845   76.7461
84.0000   51.0000   23.1908   59.0107
85.0000   44.0000   70.5998   71.3579
86.0000   41.0000   33.6930   55.2257
87.0000   68.0000   71.7574   67.8577
88.0000   66.0000   9.5515   14.5548
89.0000   54.0000   14.7109   77.5086
90.0000   39.0000   77.1496   34.3625
91.0000   107.0000   89.9976   63.4386
92.0000   95.0000   87.9205   81.5161
93.0000   14.0000   15.9359   7.1418
94.0000   48.0000   53.6952   62.7457
95.0000   47.0000   18.7968   0.5419
96.0000   32.0000   44.1875   9.2696
97.0000   12.0000   17.8072   94.5506
98.0000   120.0000   37.7756   8.1203
99.0000   63.0000   35.8559   81.6341
100.0000   15.0000   16.7185   50.8352
101.0000   103.0000   79.8842   41.9117
102.0000   26.0000   78.8008   52.3209
103.0000   28.0000   21.7499   9.8954
104.0000   29.0000   18.9632   80.5408
105.0000   30.0000   69.5461   62.7985
106.0000   27.0000   24.4270   89.8003
107.0000   91.0000   43.0772   16.3410
108.0000   32.0000   29.1619   3.1232
109.0000   98.0000   0.8533   70.7530
110.0000   64.0000   95.0552   46.5317
111.0000   68.0000   8.7811   56.1176
112.0000   81.0000   90.4162   58.4915
113.0000   76.0000   51.9418   26.6050
114.0000   89.0000   74.7080   63.2591
115.0000   21.0000   5.3322   99.9491
116.0000   114.0000   73.4055   32.4808
117.0000   73.0000   87.6917   97.8378
118.0000   109.0000   34.7824   73.5244
119.0000   114.0000   60.6422   86.5327
120.0000   103.0000   22.9303   81.4030
121.0000   53.0000   30.1751   15.1564
122.0000   82.0000   43.2178   33.0178
123.0000   10.0000   35.3682   84.1672
124.0000   58.0000   73.0510   92.3646
125.0000   90.0000   32.7792   70.7896
126.0000   103.0000   28.7417   34.5264
127.0000   29.0000   41.2295   83.9927
128.0000   104.0000   45.4937   68.1369
129.0000   97.0000   13.6132   99.8382
130.0000   86.0000   50.9185   95.9453
131.0000   115.0000   73.5119   31.3854
132.0000   89.0000   55.3868   19.0680
133.0000   109.0000   6.6422   52.8674
134.0000   58.0000   62.3152   14.7274
135.0000   56.0000   15.7645   64.7677
136.0000   64.0000   49.3721   4.2495
137.0000   64.0000   93.5437   78.3632
138.0000   76.0000   19.5765   33.7824
139.0000   72.0000   50.2466   32.6649
140.0000   94.0000   32.4949   53.5344
141.0000   115.0000   64.7990   26.3961
142.0000   64.0000   4.1862   53.0098
143.0000   81.0000   84.5513   9.4596
144.0000   18.0000   50.6114   68.8432
145.0000   109.0000   60.5811   32.8380
146.0000   48.0000   3.9156   67.6995
147.0000   40.0000   70.4432   90.3537
148.0000   80.0000   49.1992   49.5997
149.0000   92.0000   79.4307   18.8008
150.0000   73.0000   21.8325   41.6388
151.0000   16.0000   32.0539   29.1214
152.0000   57.0000   54.6653   71.6364
153.0000   28.0000   61.3608   86.6259
154.0000   85.0000   47.7641   62.0933
155.0000   16.0000   30.3420   39.2002
156.0000   25.0000   44.2896   27.1955
157.0000   17.0000   37.6406   30.3620
158.0000   108.0000   61.5214   35.8095
159.0000   99.0000   41.7815   61.0871
160.0000   100.0000   40.9465   81.5970
161.0000   62.0000   70.7602   58.3144
162.0000   78.0000   87.3428   25.8961
163.0000   14.0000   47.8507   3.9881
164.0000   49.0000   18.4781   47.3027
165.0000   76.0000   93.3251   89.5202
166.0000   89.0000   81.5098   76.3173
167.0000   22.0000   13.7627   18.3746
168.0000   49.0000   44.5740   78.3362
169.0000   41.0000   64.2614   8.6913
170.0000   93.0000   40.8961   5.6197
171.0000   38.0000   71.2442   60.6017
172.0000   43.0000   56.1530   88.2315
173.0000   60.0000   57.6141   57.5291
174.0000   31.0000   16.2721   50.1919
175.0000   105.0000   67.6585   51.7377
176.0000   21.0000   94.0203   32.0029
177.0000   13.0000   23.8427   27.1099
178.0000   46.0000   20.9204   11.0528
179.0000   24.0000   4.9917   84.1444
180.0000   49.0000   85.1899   75.5567
181.0000   67.0000   21.7698   4.8150
182.0000   36.0000   14.9041   71.0051
183.0000   45.0000   92.8733   64.9497
184.0000   67.0000   3.0559   19.1314
185.0000   44.0000   18.0454   60.5657
186.0000   39.0000   14.2276   26.4820
187.0000   99.0000   26.8958   6.8621
188.0000   58.0000   33.6672   51.0984
189.0000   111.0000   29.3962   9.6817
190.0000   49.0000   14.2877   48.0152
191.0000   57.0000   23.3389   43.8703
192.0000   113.0000   0.5181   32.9105
193.0000   104.0000   11.0332   71.5092
194.0000   40.0000   20.3991   13.4136
195.0000   73.0000   0.1583   81.2569
196.0000   15.0000   47.5734   8.0203
197.0000   27.0000   26.4595   75.7251
198.0000   78.0000   51.8823   10.8415
199.0000   113.0000   53.6408   20.8167
200.0000   20.0000   35.0335   83.9013
201.0000   22.0000   80.4403   96.7108
202.0000   41.0000   90.6403   45.9883
203.0000   120.0000   94.2815   95.7471
204.0000   97.0000   39.0532   21.1168
205.0000   59.0000   8.6685   56.9018
206.0000   64.0000   97.1132   2.5182
207.0000   114.0000   70.0141   42.3232
208.0000   47.0000   76.2028   72.5572
209.0000   41.0000   84.9237   37.0765
210.0000   115.0000   31.6878   88.8866
211.0000   112.0000   3.0726   19.7913
212.0000   97.0000   74.1960   50.2730
213.0000   50.0000   5.1510   3.7458
214.0000   117.0000   78.1308   51.2796
215.0000   44.0000   99.0373   98.7657
216.0000   93.0000   99.9409   4.3282
217.0000   30.0000   64.3920   76.3529
218.0000   13.0000   71.0904   17.5077
219.0000   37.0000   65.8601   8.7759
220.0000   68.0000   7.7948   23.8453
221.0000   84.0000   6.7886   34.9422
222.0000   43.0000   44.8199   79.0124
223.0000   29.0000   98.7583   20.3231
224.0000   52.0000   65.1590   91.3841
225.0000   66.0000   45.3098   84.6417
226.0000   73.0000   42.4879   28.2671
227.0000   61.0000   75.3832   74.5608
228.0000   46.0000   44.3288   90.5493
229.0000   27.0000   36.7402   90.7579
230.0000   104.0000   80.5731   68.3589
231.0000   10.0000   41.6054   79.7472
232.0000   57.0000   21.5897   61.7392
233.0000   23.0000   28.6637   90.9370
234.0000   110.0000   76.0069   4.1688
235.0000   59.0000   97.1877   95.8420
236.0000   36.0000   82.1513   4.0614
237.0000   42.0000   37.4367   65.1325
238.0000   38.0000   37.0531   71.9921
239.0000   94.0000   59.3298   54.1041
240.0000   30.0000   36.9522   31.3206
241.0000   57.0000   85.9702   55.7459
242.0000   14.0000   53.3412   13.7005
243.0000   115.0000   57.9221   88.7124
244.0000   118.0000   42.7791   14.0236
245.0000   113.0000   52.0536   84.0790
246.0000   107.0000   83.9585   12.1934
247.0000   37.0000   6.2722   77.2395
248.0000   103.0000   80.5459   96.7273
249.0000   52.0000   61.2081   84.5993
250.0000   71.0000   95.3798   19.5125
251.0000   41.0000   34.0563   35.0556
252.0000   70.0000   65.2806   67.1065
253.0000   88.0000   18.1029   58.8304
254.0000   26.0000   1.0439   66.6435
255.0000   97.0000   39.7228   11.5444
256.0000   81.0000   37.1257   33.9093
257.0000   102.0000   18.6886   90.3130
258.0000   44.0000   70.6367   38.8228
259.0000   64.0000   48.0578   38.5060
260.0000   33.0000   30.0370   24.1637
261.0000   78.0000   46.4180   16.9753
262.0000   91.0000   59.4033   55.3979
263.0000   29.0000   48.7969   43.0466
264.0000   50.0000   4.5730   99.4468
265.0000   84.0000   95.2537   6.3034
266.0000   12.0000   31.4759   37.7643
267.0000   81.0000   69.2447   79.8055
268.0000   112.0000   72.5376   91.0255
269.0000   98.0000   48.0930   0.7025
270.0000   39.0000   59.1643   57.9825
271.0000   21.0000   94.2133   13.9237
272.0000   88.0000   68.9411   87.8038
273.0000   68.0000   48.5805   59.5693
274.0000   67.0000   20.2189   82.4379
275.0000   28.0000   96.7754   76.4712
276.0000   10.0000   84.7079   61.1214
277.0000   98.0000   49.5973   52.2974
278.0000   87.0000   8.8143   8.9070
279.0000   105.0000   12.3338   77.3365
280.0000   52.0000   30.0135   62.8060
281.0000   21.0000   72.4095   38.0592
282.0000   11.0000   68.0652   50.5658
283.0000   84.0000   26.5029   8.6879
284.0000   98.0000   32.3249   72.0714
285.0000   77.0000   71.5556   95.2002
286.0000   31.0000   55.1545   23.0905
287.0000   98.0000   38.1387   24.3089
288.0000   111.0000   62.4096   49.6252
289.0000   118.0000   73.4488   68.0390
290.0000   52.0000   58.7460   28.1455
291.0000   88.0000   20.5977   78.6015
292.0000   69.0000   3.2786   30.0822
293.0000   89.0000   13.0019   80.6331
294.0000   99.0000   62.2279   97.1236
295.0000   105.0000   31.2412   73.8652
296.0000   77.0000   67.1007   59.8988
297.0000   33.0000   78.0607   17.8715
298.0000   24.0000   94.9225   55.4209
299.0000   40.0000   81.5789   61.8349
300.0000   36.0000   66.0340   92.3137
301.0000   94.0000   30.2422   32.5533
302.0000   31.0000   26.2743   50.9884
303.0000   50.0000   84.7438   87.6831
304.0000   28.0000   67.8651   52.0772
305.0000   63.0000   76.7727   35.9958
306.0000   103.0000   2.6008   72.8936
307.0000   70.0000   23.4092   52.9106
308.0000   116.0000   85.9700   35.6880
309.0000   61.0000   43.4867   77.0354
310.0000   13.0000   50.6252   53.2612
311.0000   57.0000   48.3348   33.4057
312.0000   84.0000   58.1809   93.9236
313.0000   115.0000   20.0365   14.7850
314.0000   40.0000   84.0622   63.2125
315.0000   103.0000   9.6084   79.4972
316.0000   19.0000   34.5613   73.5577
317.0000   27.0000   99.1847   22.5417
318.0000   57.0000   60.0819   77.8615
319.0000   101.0000   8.3773   38.0398
320.0000   74.0000   87.8803   18.9099
321.0000   60.0000   99.9325   90.6265
322.0000   66.0000   28.2747   79.4454
323.0000   119.0000   61.7939   9.6038
324.0000   96.0000   1.7211   67.2502
325.0000   30.0000   59.3840   69.1857
326.0000   14.0000   36.9177   7.8915
327.0000   86.0000   0.7942   2.2568
328.0000   11.0000   9.3312   50.4627
329.0000   27.0000   74.0069   47.0067
330.0000   22.0000   77.0671   93.8880
331.0000   33.0000   33.3090   77.7730
332.0000   55.0000   98.9597   88.9428
333.0000   79.0000   89.9533   32.7960
334.0000   36.0000   82.2054   14.6147
335.0000   19.0000   92.6333   32.3507
336.0000   35.0000   89.3292   42.1318
337.0000   96.0000   91.1877   9.6551
338.0000   26.0000   11.7293   45.4600
339.0000   117.0000   49.2756   40.3217
340.0000   61.0000   2.8721   84.5370
341.0000   94.0000   86.9337   69.9761
342.0000   52.0000   73.5988   68.8998
343.0000   44.0000   6.4089   48.1651
344.0000   64.0000   57.5958   59.5149
345.0000   46.0000   37.7498   4.5836
346.0000   25.0000   8.6020   58.5866
347.0000   69.0000   76.0588   61.2659
348.0000   88.0000   21.2701   42.6203
349.0000   118.0000   56.0578   55.2799
350.0000   49.0000   51.4424   97.7792
351.0000   109.0000   91.1207   30.1881
352.0000   47.0000   62.0948   53.6157
353.0000   66.0000   18.5993   59.3347
354.0000   73.0000   87.1007   44.2857
355.0000   120.0000   81.5586   99.3183
356.0000   98.0000   77.8425   41.6956
357.0000   78.0000   89.7985   72.2310
358.0000   57.0000   79.3922   31.5806
359.0000   52.0000   53.7626   45.5589
360.0000   56.0000   9.1550   25.6614
361.0000   11.0000   36.0052   29.8922
362.0000   115.0000   21.5694   62.8883
363.0000   62.0000   45.0375   38.4280
364.0000   41.0000   42.9969   1.1612
365.0000   116.0000   4.0238   60.2297
366.0000   64.0000   1.4672   63.7256
367.0000   109.0000   13.7121   64.9407
368.0000   47.0000   64.6604   44.4596
369.0000   71.0000   46.2294   19.2940
370.0000   22.0000   54.7122   99.3397
371.0000   118.0000   25.1049   44.0023
372.0000   77.0000   69.5946   10.6796
373.0000   58.0000   80.3415   70.0896
374.0000   76.0000   87.5190   10.3283
375.0000   26.0000   15.6900   74.2771
376.0000   29.0000   5.0440   93.5328
377.0000   35.0000   64.4624   18.7533
378.0000   55.0000   1.8116   82.0823
379.0000   31.0000   38.7784   71.8218
380.0000   43.0000   84.5004   47.0449
381.0000   96.0000   90.4662   97.9452
382.0000   99.0000   41.2275   19.3456
383.0000   116.0000   19.0219   70.7391
384.0000   22.0000   19.8002   61.9891
385.0000   73.0000   24.5400   70.8335
386.0000   83.0000   16.8309   53.2300
387.0000   98.0000   0.3667   91.1443
388.0000   14.0000   78.2695   73.4229
389.0000   51.0000   41.7467   34.9520
390.0000   12.0000   58.5506   66.2512
391.0000   89.0000   79.4171   89.1946
392.0000   19.0000   64.2150   15.7137
393.0000   36.0000   31.8320   53.5360
394.0000   30.0000   41.3367   38.0221
395.0000   120.0000   48.3611   99.2886
396.0000   98.0000   3.1252   43.8311
397.0000   84.0000   58.6381   56.6586
398.0000   57.0000   52.4204   76.5911
399.0000   73.0000   79.7942   4.1784
400.0000   118.0000   48.9894   56.6716
401.0000   86.0000   54.7917   71.8888
402.0000   75.0000   57.6642   14.4250
403.0000   20.0000   76.3271   73.4846
404.0000   113.0000   12.2362   39.4834
405.0000   93.0000   14.4904   80.7952
406.0000   87.0000   45.0483   8.7273
407.0000   26.0000   83.1449   32.5773
408.0000   13.0000   63.1971   35.4627
409.0000   84.0000   41.7889   29.4726
410.0000   82.0000   54.0179   85.3597
411.0000   49.0000   75.1053   12.3662
412.0000   85.0000   19.9611   59.6062
413.0000   39.0000   7.7687   2.7853
414.0000   118.0000   87.7097   61.2644
415.0000   108.0000   33.9272   92.4378
416.0000   62.0000   5.6017   98.6686
417.0000   71.0000   97.2814   93.8901
418.0000   30.0000   22.7284   95.0482
419.0000   34.0000   58.4370   37.4194
420.0000   75.0000   27.4859   82.9746
421.0000   58.0000   23.8966   97.4593
422.0000   51.0000   69.8046   72.9610
423.0000   48.0000   77.5036   64.2174
424.0000   49.0000   28.4683   11.3537
425.0000   96.0000   56.6203   74.7705
426.0000   26.0000   24.8886   32.3351
427.0000   88.0000   3.9356   58.6067
428.0000   27.0000   7.8234   44.1899
429.0000   46.0000   85.8524   54.3721
430.0000   84.0000   69.4754   98.2116
431.0000   87.0000   17.1204   12.8558
432.0000   43.0000   67.7407   59.1789
433.0000   22.0000   64.3323   28.4271
434.0000   72.0000   74.7688   16.0383
435.0000   95.0000   47.6123   69.4426
436.0000   58.0000   37.1328   87.1965
437.0000   62.0000   64.0048   34.1053
438.0000   92.0000   9.9855   97.3709
439.0000   27.0000   93.1045   20.5818
440.0000   40.0000   68.8554   17.0496
441.0000   31.0000   19.6584   53.2596
442.0000   50.0000   88.8494   19.0658
443.0000   100.0000   36.2580   16.9176
444.0000   48.0000   36.5968   90.6324
445.0000   118.0000   64.5847   17.4974
446.0000   118.0000   6.2542   10.8023
447.0000   15.0000   2.2693   66.3923
448.0000   68.0000   19.9081   23.3829
449.0000   48.0000   53.4355   50.1859
450.0000   27.0000   13.3396   19.9265
451.0000   113.0000   16.4491   79.0656
452.0000   119.0000   82.4504   14.8350
453.0000   107.0000   93.9779   26.7137
454.0000   92.0000   5.3545   59.5016
455.0000   92.0000   49.4138   90.3541
456.0000   111.0000   30.9261   36.1823
457.0000   105.0000   59.7493   97.4877
458.0000   109.0000   32.9606   11.9951
459.0000   82.0000   23.8125   98.7036
460.0000   67.0000   39.2175   2.1516
461.0000   16.0000   77.8924   50.0973
462.0000   78.0000   54.9412   48.5581
463.0000   26.0000   2.6778   10.3610
464.0000   40.0000   31.7089   74.6390
465.0000   100.0000   96.8668   87.3152
466.0000   11.0000   42.5702   33.1830
467.0000   13.0000   70.6359   69.4198
468.0000   90.0000   60.6753   81.7633
469.0000   54.0000   49.0046   97.2354
470.0000   11.0000   63.0158   38.3086
471.0000   39.0000   50.9163   13.3384
472.0000   47.0000   3.8905   11.5312
473.0000   68.0000   69.7698   79.0516
474.0000   79.0000   35.9031   26.2502
475.0000   49.0000   4.0840   76.1019
