0.0000   0.0000   50.0000   50.0000
1.0000   59.0000   64.9966   33.0579
2.0000   23.0000   15.1694   21.2891
3.0000   14.0000   18.6541   84.0516
4.0000   64.0000   45.9706   48.4377
5.0000   19.0000   4.7211   13.2055
6.0000   51.0000   60.4856   71.5891
7.0000   15.0000   47.8577   94.9890
8.0000   25.0000   56.2081   52.1672
9.0000   39.0000   37.0184   75.6038
10.0000   65.0000   25.6802   84.2784
11.0000   54.0000   52.6923   75.8028
12.0000   43.0000   90.9693   31.5241
13.0000   90.0000   70.5317   89.3158
14.0000   70.0000   98.5062   3.4298
15.0000   4.0000   68.7348   44.8680
16.0000   40.0000   7.6568   56.5657
17.0000   3.0000   70.2171   79.4764
18.0000   16.0000   82.0780   5.6830
19.0000   98.0000   98.6877   67.8523
20.0000   30.0000   5.8714   77.1028
21.0000   66.0000   2.9718   22.8635
22.0000   99.0000   13.9996   22.6503
23.0000   12.0000   90.9355   89.7784
24.0000   60.0000   98.9581   65.6237
25.0000   29.0000   99.8254   73.4934
26.0000   5.0000   98.9664   64.4615
27.0000   10.0000   24.7433   37.8451
28.0000   55.0000   47.0404   89.8725
29.0000   35.0000   82.8040   13.8817
30.0000   55.0000   55.1210   56.5235
31.0000   60.0000   16.4422   93.0077
32.0000   7.0000   48.2693   3.4081
33.0000   4.0000   76.0787   87.9719
34.0000   15.0000   56.8564   29.4828
35.0000   74.0000   9.7421   84.4177
36.0000   31.0000   5.1521   74.6714
37.0000   81.0000   52.8217   42.1006
38.0000   25.0000   62.8593   73.6416
39.0000   2.0000   88.0130   31.2113
40.0000   73.0000   30.4417   76.0078
41.0000   44.0000   8.7011   33.3258
42.0000   68.0000   43.8930   25.4734
43.0000   36.0000   66.0256   22.5853
44.0000   15.0000   43.8132   20.0877
45.0000   25.0000   77.6144   4.7240
46.0000   35.0000   94.4370   87.7718
47.0000   82.0000   41.8478   28.4064
48.0000   7.0000   30.0126   88.7709
49.0000   70.0000   87.6536   16.7756
50.0000   34.0000   74.9930   5.2924
51.0000   4.0000   32.7674   26.1624
52.0000   90.0000   70.1988   10.5769
53.0000   29.0000   93.3200   59.2790
54.0000   56.0000   17.2678   58.7783
55.0000   13.0000   54.6563   75.1403
56.0000   46.0000   70.9667   6.2053
57.0000   81.0000   2.3849   23.4252
58.0000   96.0000   59.0953   24.4148
59.0000   56.0000   11.6548   37.6118
60.0000   48.0000   97.1980   0.3053
61.0000   15.0000   78.4107   87.7904
62.0000   13.0000   43.1113   44.4051
63.0000   33.0000   99.4370   23.0929
64.0000   72.0000   10.5542   86.1484
65.0000   68.0000   23.8379   47.2799
66.0000   33.0000   60.2552   29.3914
67.0000   75.0000   17.6076   22.1806
68.0000   43.0000   12.0632   1.1107
69.0000   85.0000   15.0078   97.2334
70.0000   81.0000   41.5036   56.7138
71.0000   45.0000   78.3716   44.8692
72.0000   79.0000   71.3913   63.4673
73.0000   71.0000   18.8144   58.3680
74.0000   20.0000   92.3012   93.3464
75.0000   31.0000   53.9837   80.5423
76.0000   92.0000   15.6657   65.6489
77.0000   75.0000   87.7851   56.5732
78.0000   10.0000   44.7991   95.4453
79.0000   89.0000   6.8995   44.2818
80.0000   83.0000   1.2328   92.8060
81.0000   21.0000   52.8874   99.4871
82.0000   66.0000   15.8236   37.0272
83.0000   80.0000   62.3899   30.4351
84.0000   65.0000   49.0405   88.7626
85.0000   32.0000   1.4852   47.5436
86.0000   26.0000   1.2942   31.9878
87.0000   69.0000   31.9121   93.4459
88.0000   4.0000   82.7543   94.1925
89.0000   48.0000   25.6031   26.6581
90.0000   9.0000   6.5925   35.8336
91.0000   56.0000   23.0337   49.6677
92.0000   26.0000   66.4133   76.3772
93.0000   38.0000   19.4455   33.7552
94.0000   16.0000   88.0487   85.3802
95.0000   74.0000   78.3549   24.6617
96.0000   61.0000   65.9987   98.7948
97.0000   64.0000   52.9367   57.9205
98.0000   24.0000   82.5950   9.7068
99.0000   29.0000   23.1397   53.8542
100.0000   63.0000   7.6026   18.9724
