0.0000   0.0000   0.0000   0.0000
1.0000   55.0000   0.8671   23.5726
2.0000   51.0000   34.3614   40.1915
3.0000   30.0000   5.1410   4.1423
4.0000   108.0000   17.7692   28.4737
5.0000   37.0000   25.9662   30.8835
6.0000   53.0000   1.0452   10.7008
7.0000   76.0000   28.9074   44.4808
8.0000   38.0000   1.1994   39.5681
9.0000   114.0000   6.4888   38.1767
10.0000   108.0000   26.4983   5.0284
11.0000   77.0000   0.2353   19.8288
12.0000   78.0000   34.9407   23.9688
13.0000   104.0000   43.8362   20.8357
14.0000   94.0000   36.3599   30.6463
15.0000   38.0000   45.6467   9.7269
16.0000   74.0000   35.1989   20.8562
17.0000   79.0000   32.0773   49.5224
18.0000   53.0000   27.2421   35.7972
19.0000   55.0000   45.0499   14.1703
20.0000   30.0000   38.4989   3.6125
21.0000   82.0000   36.3039   34.7065
22.0000   78.0000   25.2351   22.0746
23.0000   41.0000   29.4805   6.6265
24.0000   85.0000   16.4741   39.7141
25.0000   100.0000   48.7979   27.6257
26.0000   54.0000   29.3361   31.1742
27.0000   107.0000   39.1930   6.5002
28.0000   67.0000   34.7918   32.8132
29.0000   93.0000   40.4665   39.5471
30.0000   57.0000   23.8340   41.1075
31.0000   53.0000   3.8243   33.5585
32.0000   105.0000   22.3223   33.5370
33.0000   95.0000   30.9354   28.7338
34.0000   67.0000   42.8811   6.4649
35.0000   61.0000   44.8717   18.5476
36.0000   60.0000   12.6846   31.4399
37.0000   80.0000   42.7108   1.1195
38.0000   89.0000   48.6111   34.3694
39.0000   102.0000   9.8306   20.5112
40.0000   69.0000   46.8429   27.4954
41.0000   115.0000   17.0883   11.7045
42.0000   33.0000   42.7558   38.6012
43.0000   61.0000   10.7493   31.6899
44.0000   47.0000   27.2332   10.1687
45.0000   32.0000   19.4549   42.1406
46.0000   77.0000   1.1063   16.9515
47.0000   73.0000   10.1507   48.0984
48.0000   74.0000   18.9395   14.9204
49.0000   69.0000   14.4197   30.0251
50.0000   80.0000   23.2235   49.7239
51.0000   113.0000   7.1964   33.9848
52.0000   38.0000   15.0794   33.0828
53.0000   53.0000   41.4215   17.3910
54.0000   76.0000   18.6123   37.9418
55.0000   118.0000   45.7810   4.5685
56.0000   54.0000   35.4633   20.2992
57.0000   118.0000   17.8145   37.8025
58.0000   59.0000   27.7999   0.3031
59.0000   108.0000   40.0907   3.1111
60.0000   68.0000   2.8412   5.5421
61.0000   120.0000   46.2271   30.8544
62.0000   71.0000   33.0653   21.2625
63.0000   51.0000   7.6769   49.1967
64.0000   32.0000   32.2204   12.7171
65.0000   95.0000   22.1840   13.2002
66.0000   62.0000   46.8426   25.1416
67.0000   44.0000   18.4898   40.1961
68.0000   42.0000   2.3083   43.9453
69.0000   45.0000   20.6501   10.7878
70.0000   40.0000   42.5813   35.5617
71.0000   72.0000   25.1306   39.0741
72.0000   100.0000   37.5033   20.0599
73.0000   104.0000   24.4949   17.3914
74.0000   89.0000   4.4508   12.6342
75.0000   76.0000   2.7714   27.7794
76.0000   97.0000   12.9970   27.4748
77.0000   108.0000   26.8380   24.7712
78.0000   111.0000   9.5325   42.9311
79.0000   78.0000   2.6093   31.9211
80.0000   74.0000   16.8442   2.3735
81.0000   90.0000   25.2703   9.0202
82.0000   118.0000   41.8288   32.6074
83.0000   117.0000   36.9908   47.3707
84.0000   88.0000   23.3415   12.5830
85.0000   87.0000   20.9986   16.0907
86.0000   89.0000   40.9589   19.7338
87.0000   67.0000   17.3253   5.9587
88.0000   46.0000   43.4060   21.1259
89.0000   118.0000   1.0127   0.7515
90.0000   30.0000   23.2311   14.2353
91.0000   59.0000   12.0076   39.4208
92.0000   109.0000   7.4032   18.7852
93.0000   96.0000   43.0405   37.8483
94.0000   105.0000   38.9416   26.6852
95.0000   40.0000   5.0922   36.4065
96.0000   63.0000   36.4488   16.2448
97.0000   48.0000   42.1687   21.4415
98.0000   76.0000   23.9311   48.2948
99.0000   58.0000   39.9681   21.8302
100.0000   95.0000   17.9379   10.2065
101.0000   68.0000   3.4851   12.6149
102.0000   42.0000   28.4889   20.5862
103.0000   92.0000   16.9317   17.9922
104.0000   30.0000   40.1710   47.1089
105.0000   40.0000   41.3971   29.2444
106.0000   56.0000   21.9067   12.5183
107.0000   105.0000   46.6401   27.2134
108.0000   113.0000   48.3031   6.8617
109.0000   109.0000   43.5212   37.4550
110.0000   111.0000   24.9832   7.8260
111.0000   94.0000   26.0021   17.5140
112.0000   94.0000   0.4120   39.4886
113.0000   41.0000   35.5064   31.3597
114.0000   73.0000   16.8582   14.0422
115.0000   74.0000   2.8879   27.1775
116.0000   89.0000   2.6394   36.4673
117.0000   87.0000   7.6929   41.1056
118.0000   32.0000   25.4856   41.0551
119.0000   57.0000   49.6621   12.4813
120.0000   53.0000   28.2528   31.3823
121.0000   48.0000   17.4748   2.1382
122.0000   117.0000   2.2662   45.3398
123.0000   53.0000   4.6281   17.0167
124.0000   119.0000   32.9454   49.3220
125.0000   42.0000   44.8797   38.0005
126.0000   47.0000   44.7811   14.4410
127.0000   119.0000   7.3950   2.2165
128.0000   52.0000   49.9749   38.0198
129.0000   32.0000   19.3633   18.2900
130.0000   80.0000   47.7847   39.7298
131.0000   88.0000   37.5054   25.6059
132.0000   56.0000   1.5343   27.1504
133.0000   89.0000   42.5203   13.0796
134.0000   110.0000   26.3318   18.7910
135.0000   96.0000   17.1160   19.6164
136.0000   35.0000   29.5560   12.8385
137.0000   57.0000   39.4112   45.0354
138.0000   46.0000   26.8480   5.6357
139.0000   109.0000   30.9769   48.4176
140.0000   31.0000   3.1801   38.7837
141.0000   95.0000   36.6281   3.0530
142.0000   102.0000   21.1236   48.9408
143.0000   81.0000   9.0915   36.4348
144.0000   82.0000   42.1534   24.8546
145.0000   67.0000   26.9653   25.3757
146.0000   36.0000   1.3431   38.0688
147.0000   93.0000   7.2371   15.7842
148.0000   67.0000   5.3332   40.6177
149.0000   98.0000   42.3564   2.3670
150.0000   35.0000   7.5424   48.4023
151.0000   96.0000   27.0913   48.4787
152.0000   83.0000   32.5675   25.3821
153.0000   51.0000   21.1426   38.0500
154.0000   113.0000   0.0235   2.7842
155.0000   120.0000   2.4056   6.9189
156.0000   40.0000   41.3178   49.8319
157.0000   79.0000   35.4017   0.0352
158.0000   53.0000   41.8930   25.0479
159.0000   36.0000   23.0944   13.4535
160.0000   81.0000   28.7131   8.3618
161.0000   108.0000   13.8651   15.9703
162.0000   98.0000   1.2159   34.6115
163.0000   74.0000   28.7123   38.1678
164.0000   73.0000   1.7614   11.6902
165.0000   115.0000   26.1048   44.1458
166.0000   117.0000   39.1236   32.4560
167.0000   33.0000   39.9277   15.0595
168.0000   83.0000   44.3885   8.5331
169.0000   118.0000   5.4855   27.9215
170.0000   120.0000   16.8226   16.7715
171.0000   72.0000   23.7112   44.6007
172.0000   41.0000   36.2828   29.8682
173.0000   69.0000   4.6882   48.4834
174.0000   115.0000   3.5087   16.8300
175.0000   68.0000   28.9100   40.5881
176.0000   76.0000   49.6918   0.7205
177.0000   48.0000   34.1635   49.7020
178.0000   97.0000   13.2418   5.6130
179.0000   59.0000   3.3992   37.2875
180.0000   46.0000   48.2905   36.9686
181.0000   110.0000   25.7232   8.5169
182.0000   110.0000   15.3207   43.7177
183.0000   65.0000   43.0033   9.3330
184.0000   115.0000   41.2829   29.6557
185.0000   35.0000   33.6024   2.9314
186.0000   79.0000   39.6267   42.5344
187.0000   101.0000   5.4292   45.3680
188.0000   93.0000   23.8729   8.5251
189.0000   71.0000   14.8308   4.2715
190.0000   103.0000   19.7240   22.5169
191.0000   83.0000   16.4788   27.6010
192.0000   119.0000   25.4198   29.3154
193.0000   58.0000   1.6788   13.5363
194.0000   90.0000   25.4507   13.1127
195.0000   40.0000   35.2337   26.7771
196.0000   54.0000   1.6745   33.5418
197.0000   75.0000   30.2074   21.9782
198.0000   43.0000   32.9803   21.7667
199.0000   97.0000   7.1521   12.1402
200.0000   96.0000   39.2562   28.2580
201.0000   111.0000   48.5792   48.4500
202.0000   38.0000   43.5571   43.7345
203.0000   99.0000   39.2121   43.7147
204.0000   74.0000   0.1174   12.8396
205.0000   117.0000   30.0433   29.2672
206.0000   73.0000   35.2759   43.1056
207.0000   65.0000   42.9962   29.5618
208.0000   99.0000   27.2305   44.9504
209.0000   119.0000   15.3961   39.6748
210.0000   110.0000   45.3720   30.8797
211.0000   59.0000   4.7933   3.9496
212.0000   58.0000   3.4195   46.1624
213.0000   61.0000   15.5646   24.7845
214.0000   40.0000   45.4150   4.5070
215.0000   83.0000   14.3180   7.6532
216.0000   73.0000   39.3828   34.0539
217.0000   72.0000   44.5109   28.0446
218.0000   59.0000   48.1685   35.2913
219.0000   111.0000   6.5355   12.1339
220.0000   40.0000   30.4529   0.9515
221.0000   118.0000   11.6561   39.2003
222.0000   53.0000   4.1574   23.9241
223.0000   53.0000   9.2449   29.3129
224.0000   34.0000   7.4053   14.1754
225.0000   80.0000   22.6740   47.4086
226.0000   76.0000   15.2162   21.1959
227.0000   30.0000   41.1650   10.5000
228.0000   96.0000   49.7886   17.5900
229.0000   35.0000   0.1362   19.2735
230.0000   82.0000   16.3707   15.7365
231.0000   51.0000   16.3809   43.4162
232.0000   75.0000   46.9871   25.1218
233.0000   65.0000   24.2486   31.8958
234.0000   57.0000   6.2453   43.3721
235.0000   80.0000   45.1754   49.0437
236.0000   92.0000   32.0125   2.4330
237.0000   68.0000   44.0446   48.7122
238.0000   78.0000   19.7253   21.0755
239.0000   33.0000   19.2010   36.9029
240.0000   102.0000   3.7353   32.2192
241.0000   85.0000   46.4637   31.6425
242.0000   41.0000   3.5227   5.3609
243.0000   35.0000   13.2425   3.8626
244.0000   79.0000   38.5338   38.6913
245.0000   82.0000   9.0916   28.1340
246.0000   78.0000   33.2517   32.5265
247.0000   89.0000   28.5759   25.0851
248.0000   91.0000   2.0874   4.5942
249.0000   64.0000   10.0710   1.2203
250.0000   78.0000   13.3261   25.4027
251.0000   62.0000   46.9053   4.5434
252.0000   74.0000   1.6160   12.8142
253.0000   110.0000   49.9444   41.6336
254.0000   103.0000   0.3158   17.3440
255.0000   63.0000   22.4998   15.8965
256.0000   79.0000   23.4576   21.5285
257.0000   72.0000   42.4338   37.4986
258.0000   97.0000   17.0158   28.7859
259.0000   101.0000   8.6751   23.9003
260.0000   86.0000   30.1036   35.2809
261.0000   112.0000   28.8764   25.7442
262.0000   99.0000   16.3587   14.3465
263.0000   56.0000   16.0349   1.6461
264.0000   61.0000   5.3985   22.3588
265.0000   78.0000   10.4375   42.0486
266.0000   84.0000   41.1187   1.9160
267.0000   79.0000   45.6872   23.2375
268.0000   109.0000   7.7597   16.2784
269.0000   53.0000   21.4697   11.8145
270.0000   33.0000   47.4238   24.3887
271.0000   95.0000   23.0283   31.2871
272.0000   44.0000   25.9502   17.3169
273.0000   82.0000   4.3208   7.7787
274.0000   114.0000   0.0056   26.3240
275.0000   40.0000   42.4754   17.3836
276.0000   114.0000   17.3141   9.2799
277.0000   109.0000   21.4490   42.7176
278.0000   31.0000   21.9754   5.2598
279.0000   67.0000   17.7117   48.7686
280.0000   79.0000   16.8007   20.0021
281.0000   94.0000   43.1763   26.1219
282.0000   99.0000   37.6571   29.5989
283.0000   111.0000   27.0806   10.7277
284.0000   44.0000   0.0873   28.1339
285.0000   102.0000   5.4852   30.1858
286.0000   44.0000   16.0588   39.1863
287.0000   87.0000   25.5575   1.9901
288.0000   119.0000   38.4480   27.5970
289.0000   92.0000   23.6547   24.9195
290.0000   89.0000   35.4904   37.1040
291.0000   118.0000   11.4606   5.7557
292.0000   55.0000   12.2646   41.2182
293.0000   78.0000   37.0208   8.8977
294.0000   53.0000   45.3005   39.2056
295.0000   92.0000   33.5987   17.5613
296.0000   103.0000   10.8676   32.6163
297.0000   79.0000   21.9669   7.2030
298.0000   75.0000   14.9990   23.4085
299.0000   32.0000   31.6814   18.1348
300.0000   120.0000   42.2049   41.4529
301.0000   96.0000   17.8657   46.4572
302.0000   46.0000   14.3970   6.7190
303.0000   108.0000   29.6298   22.8236
304.0000   37.0000   20.5249   16.6285
305.0000   86.0000   16.2072   10.0749
306.0000   74.0000   19.6670   0.5546
307.0000   88.0000   13.2608   5.5682
308.0000   30.0000   40.8625   2.8603
309.0000   88.0000   43.8800   7.9983
310.0000   84.0000   4.8927   17.6104
311.0000   79.0000   35.5097   29.0657
312.0000   55.0000   5.8578   41.5213
313.0000   46.0000   5.3421   8.0881
314.0000   95.0000   47.5355   4.5498
315.0000   44.0000   4.7472   34.7649
316.0000   119.0000   48.4584   31.0432
317.0000   37.0000   35.2259   37.2396
318.0000   34.0000   5.8251   26.5020
319.0000   74.0000   45.7828   17.1663
320.0000   96.0000   8.0051   30.2444
321.0000   102.0000   16.7536   43.2626
322.0000   106.0000   29.0229   45.2270
323.0000   120.0000   25.5054   17.4560
324.0000   93.0000   21.8683   25.4342
325.0000   58.0000   16.9016   25.8207
