0.0000   0.0000   0.0000   0.0000
1.0000   26.0000   48.0240   19.8314
2.0000   64.0000   48.2879   4.6948
3.0000   38.0000   22.9224   31.7542
4.0000   88.0000   9.6138   49.0026
5.0000   58.0000   11.6505   12.7874
6.0000   86.0000   42.8248   44.5696
7.0000   31.0000   14.9306   7.8281
8.0000   104.0000   17.7765   38.8076
9.0000   91.0000   48.4363   33.3209
10.0000   74.0000   44.7910   0.7513
11.0000   109.0000   49.6069   39.8761
12.0000   115.0000   25.8136   20.3138
13.0000   117.0000   24.3728   45.8067
14.0000   117.0000   34.9171   43.9249
15.0000   59.0000   29.3104   34.5918
16.0000   98.0000   30.6517   45.6025
17.0000   47.0000   20.6352   30.2154
18.0000   43.0000   0.8525   35.0287
19.0000   45.0000   11.6397   30.3730
20.0000   21.0000   35.1999   3.4784
21.0000   53.0000   13.6474   11.7220
22.0000   56.0000   42.1152   26.9168
23.0000   37.0000   10.5843   15.2333
24.0000   57.0000   18.4096   22.9799
25.0000   114.0000   0.4740   8.8887
26.0000   71.0000   42.2967   19.3407
27.0000   117.0000   1.6015   34.8227
28.0000   119.0000   35.7591   3.8073
29.0000   23.0000   10.6865   15.0976
30.0000   74.0000   24.9689   17.1479
31.0000   38.0000   14.3571   40.7133
32.0000   60.0000   3.6660   28.1323
33.0000   63.0000   4.8949   49.6557
34.0000   98.0000   48.8449   19.1027
35.0000   54.0000   2.8694   25.1806
36.0000   107.0000   23.3680   12.0688
37.0000   60.0000   29.4158   16.4939
38.0000   117.0000   3.9696   2.1291
39.0000   76.0000   32.7903   44.9161
40.0000   34.0000   42.4384   16.8069
41.0000   105.0000   7.0090   28.3705
42.0000   53.0000   48.9428   26.4552
43.0000   72.0000   10.1487   8.2905
44.0000   98.0000   36.1648   48.3424
45.0000   29.0000   39.8436   25.6201
46.0000   95.0000   23.6066   27.1016
47.0000   40.0000   29.7507   37.6506
48.0000   34.0000   1.7796   23.2455
49.0000   103.0000   9.2853   20.5857
50.0000   27.0000   3.0185   10.5884
51.0000   49.0000   29.4185   37.6726
52.0000   23.0000   33.1541   26.7351
53.0000   23.0000   49.0491   39.4244
54.0000   80.0000   49.5137   48.3967
55.0000   65.0000   28.4301   40.4609
56.0000   47.0000   43.1495   46.9988
57.0000   59.0000   31.3026   2.6167
58.0000   72.0000   3.4975   33.9592
59.0000   113.0000   25.2754   22.0655
60.0000   24.0000   33.6144   25.3560
61.0000   75.0000   18.9913   10.9662
62.0000   96.0000   31.7841   37.4861
63.0000   26.0000   33.9689   17.7127
64.0000   73.0000   16.9119   37.9454
65.0000   98.0000   12.2981   9.8967
66.0000   116.0000   8.1532   42.8704
67.0000   52.0000   41.6852   3.0986
68.0000   65.0000   47.2784   42.8964
69.0000   87.0000   7.6055   41.3223
70.0000   103.0000   25.3319   47.8373
71.0000   102.0000   3.5033   18.1846
72.0000   46.0000   47.7598   18.3476
73.0000   99.0000   25.2971   1.1599
74.0000   91.0000   3.9843   4.1811
75.0000   88.0000   32.3651   2.5038
76.0000   84.0000   24.3706   43.7743
77.0000   64.0000   25.5186   9.1757
78.0000   114.0000   39.5254   0.6131
79.0000   119.0000   32.4931   24.6315
80.0000   56.0000   12.4613   36.7686
81.0000   94.0000   8.6262   5.5971
82.0000   31.0000   33.0097   36.3737
83.0000   55.0000   31.4935   6.2040
84.0000   33.0000   2.6307   26.3912
85.0000   67.0000   41.9802   12.6849
86.0000   31.0000   38.1400   5.1131
87.0000   86.0000   10.4526   24.3285
88.0000   59.0000   38.1425   17.0171
89.0000   117.0000   18.2047   10.7707
90.0000   84.0000   13.9147   33.2729
91.0000   85.0000   43.1687   15.5158
92.0000   70.0000   29.8939   14.0322
93.0000   116.0000   10.8655   46.2423
94.0000   46.0000   39.1540   21.1394
95.0000   111.0000   38.4169   14.2515
96.0000   77.0000   21.6202   26.1857
97.0000   20.0000   34.0319   17.6585
98.0000   103.0000   18.7265   38.6211
99.0000   55.0000   15.4047   16.8917
100.0000   68.0000   33.7208   42.9731
101.0000   51.0000   35.9238   18.2606
102.0000   57.0000   37.4367   21.3786
103.0000   29.0000   40.5388   26.7894
104.0000   24.0000   7.2006   35.3641
105.0000   23.0000   28.4668   13.4071
106.0000   90.0000   14.2674   45.8708
107.0000   105.0000   11.6778   22.3171
108.0000   47.0000   44.9362   43.0302
109.0000   41.0000   28.0162   44.5731
110.0000   88.0000   49.0635   32.1626
111.0000   120.0000   24.7526   13.5849
112.0000   42.0000   12.5160   44.4706
113.0000   67.0000   32.8703   23.5653
114.0000   35.0000   9.3066   6.8923
115.0000   29.0000   24.8712   17.9649
116.0000   35.0000   44.9387   43.8747
117.0000   52.0000   21.4988   18.9304
118.0000   74.0000   6.4072   9.9176
119.0000   43.0000   29.9302   4.4249
120.0000   21.0000   16.6558   11.7464
121.0000   119.0000   12.8546   2.2378
122.0000   112.0000   35.5367   47.8145
123.0000   120.0000   33.9950   20.3010
124.0000   48.0000   35.4933   23.1806
125.0000   46.0000   47.2790   17.9596
