0.0000   0.0000   0.0000   0.0000
1.0000   174.0000   4.2762   37.1115
2.0000   107.0000   32.8791   35.8317
3.0000   151.0000   38.7750   4.1477
4.0000   105.0000   44.1006   49.3481
5.0000   151.0000   39.5202   32.7111
6.0000   124.0000   20.8148   15.1857
7.0000   167.0000   12.6439   5.1110
8.0000   124.0000   0.3006   37.5062
9.0000   179.0000   35.8465   49.4862
10.0000   180.0000   29.6179   18.0930
11.0000   167.0000   14.7858   35.6457
12.0000   93.0000   27.4892   32.5119
13.0000   133.0000   38.6487   2.8844
14.0000   128.0000   38.1488   32.0557
15.0000   117.0000   21.9229   37.8118
16.0000   174.0000   16.5805   8.1325
17.0000   147.0000   15.4515   45.0092
18.0000   177.0000   9.5253   35.4554
19.0000   91.0000   48.0012   11.0112
20.0000   158.0000   40.7285   13.9773
21.0000   159.0000   1.3864   33.6895
22.0000   128.0000   31.1006   34.0815
23.0000   92.0000   9.2712   23.6091
24.0000   132.0000   17.2844   40.9984
25.0000   172.0000   22.7215   46.2923
26.0000   180.0000   9.2769   12.3312
27.0000   173.0000   37.7984   37.8625
28.0000   146.0000   39.6464   2.1924
29.0000   134.0000   20.1394   49.2944
30.0000   174.0000   20.6622   45.0496
31.0000   139.0000   19.9185   6.6605
32.0000   132.0000   40.6352   12.9451
33.0000   134.0000   29.4689   32.1153
34.0000   160.0000   32.3430   27.2092
35.0000   152.0000   37.2139   42.0445
36.0000   129.0000   48.9295   25.2543
37.0000   90.0000   45.7428   15.3306
38.0000   134.0000   3.8374   44.4942
39.0000   150.0000   42.1783   32.1210
40.0000   102.0000   7.4947   34.0788
41.0000   106.0000   41.5434   16.1746
42.0000   117.0000   30.3338   18.4789
43.0000   154.0000   44.5259   2.4207
44.0000   100.0000   39.4380   41.4497
45.0000   131.0000   6.4334   19.2369
46.0000   100.0000   16.7046   13.2248
47.0000   120.0000   22.0994   48.8074
48.0000   164.0000   6.0390   38.1847
49.0000   141.0000   49.2955   28.3213
50.0000   180.0000   47.2829   11.0591
51.0000   108.0000   46.6904   14.8731
52.0000   136.0000   42.4151   11.9921
53.0000   148.0000   48.9560   42.4257
54.0000   165.0000   20.1577   11.7909
55.0000   148.0000   41.2361   12.3163
56.0000   180.0000   1.8511   19.5851
57.0000   169.0000   46.3749   0.4876
58.0000   160.0000   22.5798   19.5910
59.0000   105.0000   1.7794   29.4116
60.0000   103.0000   25.3636   37.9800
61.0000   107.0000   41.3811   11.3119
62.0000   166.0000   0.8773   49.0012
63.0000   98.0000   20.0466   1.4077
64.0000   103.0000   42.6651   23.8976
65.0000   95.0000   29.3234   31.3059
66.0000   145.0000   17.1604   29.2082
67.0000   134.0000   19.8264   23.4182
68.0000   171.0000   9.5052   20.7042
69.0000   164.0000   35.2839   10.4341
70.0000   166.0000   6.4145   0.4120
71.0000   142.0000   31.4307   40.0383
72.0000   161.0000   43.5431   34.8644
73.0000   170.0000   32.0619   31.7551
74.0000   123.0000   11.9866   11.9906
75.0000   168.0000   38.0755   30.8657
76.0000   111.0000   11.9846   25.8616
77.0000   141.0000   14.9982   35.2615
78.0000   148.0000   23.6080   45.3819
79.0000   167.0000   5.7434   22.9640
80.0000   113.0000   36.9276   34.0490
81.0000   126.0000   35.9240   14.2398
82.0000   155.0000   19.9847   44.6641
83.0000   166.0000   27.3780   30.3197
84.0000   135.0000   34.7226   46.5597
85.0000   152.0000   19.0350   33.3314
86.0000   113.0000   20.5559   23.3172
87.0000   104.0000   27.4244   9.1410
88.0000   104.0000   1.4658   31.6106
89.0000   132.0000   25.0831   9.7678
90.0000   164.0000   1.4505   10.9460
91.0000   136.0000   33.6848   36.3052
92.0000   115.0000   33.8449   45.8457
93.0000   160.0000   1.7195   46.1840
94.0000   151.0000   43.7744   24.6890
95.0000   154.0000   37.7573   10.0910
96.0000   133.0000   27.7422   32.2099
97.0000   156.0000   1.9756   2.9079
98.0000   105.0000   22.2692   33.8964
99.0000   180.0000   20.1526   27.2312
100.0000   90.0000   48.3643   0.5653
101.0000   112.0000   21.5441   22.0136
102.0000   104.0000   27.3131   38.1964
103.0000   170.0000   14.1935   20.0288
104.0000   172.0000   27.1011   39.0466
105.0000   141.0000   12.3078   16.9964
106.0000   107.0000   10.7385   4.0638
107.0000   117.0000   21.4043   11.1689
108.0000   98.0000   17.4227   49.3474
109.0000   122.0000   12.6604   23.2373
110.0000   162.0000   12.6316   20.6096
111.0000   151.0000   21.5645   2.9000
112.0000   162.0000   25.8387   0.0052
113.0000   130.0000   33.7633   44.3829
114.0000   177.0000   1.2952   43.9588
115.0000   143.0000   34.3593   25.7021
116.0000   123.0000   26.2266   25.0283
117.0000   96.0000   21.0874   7.5910
118.0000   95.0000   5.2995   10.0316
119.0000   123.0000   14.5306   4.2326
120.0000   98.0000   5.1776   43.7371
121.0000   97.0000   24.9760   23.7731
122.0000   110.0000   20.7319   19.8123
123.0000   170.0000   31.0588   33.1158
124.0000   176.0000   41.2587   40.1444
125.0000   113.0000   9.5960   11.9116
126.0000   179.0000   14.1845   41.0062
127.0000   91.0000   29.6185   20.1868
128.0000   114.0000   45.5840   46.1163
129.0000   160.0000   11.1683   47.9027
130.0000   150.0000   1.0385   18.3013
131.0000   148.0000   0.1820   46.1967
132.0000   100.0000   6.4699   39.1699
133.0000   160.0000   4.6477   1.9924
134.0000   111.0000   17.5951   7.6260
135.0000   139.0000   24.5906   12.5849
136.0000   141.0000   38.5387   5.3145
137.0000   128.0000   5.9559   31.0204
138.0000   126.0000   14.5431   36.9722
139.0000   155.0000   11.8209   24.1259
140.0000   96.0000   17.8619   15.5383
141.0000   128.0000   31.5847   5.6207
142.0000   92.0000   5.3237   18.3012
143.0000   150.0000   43.9457   47.4795
144.0000   104.0000   9.6071   16.4474
145.0000   131.0000   45.7841   30.0137
146.0000   104.0000   4.1590   23.1667
147.0000   163.0000   41.2636   38.5753
148.0000   145.0000   6.6182   24.0682
149.0000   104.0000   17.2297   21.6266
150.0000   180.0000   6.6295   44.3648
151.0000   101.0000   0.1248   19.4850
152.0000   157.0000   42.6623   13.5929
153.0000   122.0000   6.4422   37.2985
154.0000   152.0000   43.7812   1.0466
155.0000   100.0000   33.5366   28.8636
156.0000   165.0000   6.3017   49.7035
157.0000   175.0000   4.2924   29.3211
158.0000   179.0000   16.6606   7.4574
159.0000   92.0000   35.4116   21.3131
160.0000   103.0000   13.9202   29.2827
161.0000   124.0000   11.8009   32.7855
162.0000   101.0000   9.0062   2.3339
163.0000   144.0000   32.1957   44.0718
164.0000   113.0000   14.1424   45.4189
165.0000   164.0000   10.6205   29.4545
166.0000   106.0000   32.7744   6.5206
167.0000   157.0000   2.6530   16.0183
168.0000   178.0000   21.0160   23.4084
169.0000   122.0000   38.6123   40.0285
170.0000   134.0000   46.0957   30.4310
171.0000   151.0000   45.0618   2.2781
172.0000   90.0000   19.2743   7.9351
173.0000   178.0000   27.2054   19.1054
174.0000   135.0000   42.7505   0.7796
175.0000   172.0000   4.0928   44.3984
176.0000   146.0000   24.1602   16.0476
177.0000   119.0000   35.7698   26.0894
178.0000   153.0000   5.8127   38.1164
179.0000   168.0000   3.2406   3.4574
180.0000   140.0000   7.4989   30.0871
181.0000   131.0000   41.1394   0.6091
182.0000   170.0000   44.2179   35.4031
183.0000   140.0000   42.3311   12.8870
184.0000   171.0000   29.8450   28.9021
185.0000   126.0000   43.0549   0.2888
186.0000   146.0000   25.0353   8.9609
187.0000   96.0000   31.5294   27.7505
188.0000   149.0000   3.0947   11.3176
189.0000   137.0000   42.5302   41.2235
190.0000   169.0000   10.5658   0.7457
191.0000   155.0000   26.7475   24.7019
192.0000   129.0000   35.8698   19.3105
193.0000   120.0000   1.3584   24.9465
194.0000   165.0000   46.6123   10.0865
195.0000   180.0000   17.2524   9.9056
196.0000   168.0000   48.8279   5.7270
197.0000   158.0000   6.7128   46.2283
198.0000   130.0000   34.7483   1.5648
199.0000   172.0000   44.5442   40.8829
200.0000   167.0000   39.8829   33.7576
