0.0000   0.0000   0.0000   0.0000
1.0000   70.0000   20.0328   23.6843
2.0000   109.0000   30.3633   42.0006
3.0000   69.0000   19.0689   29.5252
4.0000   111.0000   20.3994   16.8597
5.0000   55.0000   4.5975   48.8605
6.0000   44.0000   15.3104   11.9294
7.0000   88.0000   34.5434   9.7381
8.0000   35.0000   2.2578   11.0702
9.0000   106.0000   6.8015   2.0009
10.0000   69.0000   23.3900   3.5802
11.0000   70.0000   43.1670   41.9957
12.0000   99.0000   8.7775   27.7784
13.0000   76.0000   26.5192   46.3956
14.0000   92.0000   47.0896   12.6244
15.0000   87.0000   44.5423   26.9392
16.0000   42.0000   41.8723   42.7825
17.0000   100.0000   7.2549   26.6191
18.0000   99.0000   15.1772   20.2487
19.0000   108.0000   18.8595   10.8853
20.0000   98.0000   4.0215   47.0816
21.0000   80.0000   26.6634   6.0653
22.0000   77.0000   0.0710   30.6128
23.0000   74.0000   31.0317   4.4810
24.0000   30.0000   46.4380   15.2545
25.0000   104.0000   46.2779   46.8197
26.0000   118.0000   39.3375   28.5602
27.0000   100.0000   0.5598   39.9178
28.0000   57.0000   6.1802   48.7990
29.0000   58.0000   27.4623   6.3753
30.0000   48.0000   16.4239   43.8684
31.0000   97.0000   18.0156   21.4963
32.0000   63.0000   8.6214   2.0056
33.0000   63.0000   5.4457   46.8186
34.0000   101.0000   38.3113   13.2130
35.0000   96.0000   44.1696   1.1726
36.0000   99.0000   41.3540   42.0389
37.0000   91.0000   20.5956   1.0260
38.0000   59.0000   15.0923   1.7345
39.0000   33.0000   49.5386   49.4622
40.0000   56.0000   31.2087   7.8387
41.0000   78.0000   3.8472   27.4319
42.0000   65.0000   37.5754   43.6815
43.0000   38.0000   32.1614   15.0856
44.0000   41.0000   17.3790   11.5502
45.0000   37.0000   36.2327   5.7053
46.0000   65.0000   22.1826   8.6549
47.0000   90.0000   9.9643   37.2009
48.0000   115.0000   21.7180   18.3996
49.0000   84.0000   2.0515   25.5269
50.0000   113.0000   1.3774   8.9456
51.0000   69.0000   23.9944   23.6701
52.0000   47.0000   13.3197   45.7573
53.0000   113.0000   41.4606   14.1130
54.0000   89.0000   33.9854   9.5714
55.0000   111.0000   19.4840   10.0625
56.0000   77.0000   47.8319   10.5555
57.0000   68.0000   24.6218   1.1875
58.0000   65.0000   14.0856   0.4541
59.0000   84.0000   48.7287   13.4107
60.0000   118.0000   12.5038   37.2127
61.0000   78.0000   37.6839   20.5021
62.0000   101.0000   48.1369   39.2295
63.0000   30.0000   10.7766   2.5618
64.0000   117.0000   16.0239   29.8191
65.0000   90.0000   33.2500   0.3124
66.0000   59.0000   19.8527   4.4189
67.0000   111.0000   27.8949   46.1538
68.0000   57.0000   36.1890   23.5488
69.0000   36.0000   36.0848   7.6041
70.0000   105.0000   19.7336   37.8237
71.0000   41.0000   27.7943   32.7831
72.0000   78.0000   29.6663   1.5363
73.0000   45.0000   31.2555   10.8015
74.0000   49.0000   9.1123   16.1649
75.0000   107.0000   27.4408   49.2050
76.0000   64.0000   31.9169   40.9498
77.0000   47.0000   42.0771   32.8203
78.0000   88.0000   23.0312   33.3612
79.0000   43.0000   39.3134   32.8637
80.0000   94.0000   36.9447   11.0821
81.0000   62.0000   6.0960   21.0902
82.0000   94.0000   5.7074   48.9861
83.0000   31.0000   22.6856   8.1315
84.0000   40.0000   22.0488   6.7198
85.0000   109.0000   16.3813   41.2227
86.0000   55.0000   45.6060   46.7706
87.0000   118.0000   20.0435   45.7275
88.0000   55.0000   13.8153   5.6832
89.0000   113.0000   11.1816   37.0917
90.0000   119.0000   13.4270   13.0241
91.0000   102.0000   29.3968   11.9742
92.0000   87.0000   35.8365   31.4716
93.0000   77.0000   5.5749   2.3495
94.0000   47.0000   44.0171   33.2191
95.0000   119.0000   19.6959   2.1469
96.0000   50.0000   45.4162   9.0950
97.0000   72.0000   34.6418   2.9897
98.0000   57.0000   13.2433   24.8558
99.0000   80.0000   34.1719   48.8933
100.0000   39.0000   22.5393   36.8847
