0.0000   0.0000   50.0000   50.0000
1.0000   79.0000   15.4237   72.4219
2.0000   76.0000   89.2579   52.8293
3.0000   85.0000   42.5931   17.6848
4.0000   38.0000   90.6658   11.5085
5.0000   51.0000   20.6105   27.9025
6.0000   64.0000   85.7275   86.0152
7.0000   49.0000   13.3310   61.9593
8.0000   94.0000   78.6555   88.4705
9.0000   79.0000   66.3839   83.8704
10.0000   30.0000   70.4902   4.9662
11.0000   62.0000   8.2088   66.4303
12.0000   87.0000   44.3573   84.5798
13.0000   42.0000   90.8927   39.8163
14.0000   5.0000   99.1551   73.3604
15.0000   1.0000   96.9123   29.9599
16.0000   92.0000   31.8545   93.1215
17.0000   76.0000   76.5202   85.7905
18.0000   19.0000   51.7755   31.0390
19.0000   29.0000   63.4727   23.0509
20.0000   83.0000   84.7284   26.8248
21.0000   15.0000   20.2832   99.3553
22.0000   70.0000   15.1839   80.7957
23.0000   71.0000   83.9970   37.8483
24.0000   19.0000   29.9616   39.9414
25.0000   7.0000   97.8603   28.6304
26.0000   87.0000   74.1911   11.2286
27.0000   68.0000   36.6775   79.1942
28.0000   12.0000   47.1458   75.1176
29.0000   90.0000   48.5081   34.6238
30.0000   86.0000   47.3776   36.6154
31.0000   26.0000   76.1224   0.3144
32.0000   54.0000   5.9743   39.8465
33.0000   99.0000   86.4348   44.1485
34.0000   93.0000   50.7282   36.8938
35.0000   94.0000   42.6918   37.2120
36.0000   8.0000   91.3106   95.2502
37.0000   77.0000   47.0727   64.3763
38.0000   33.0000   75.3623   26.7634
39.0000   49.0000   2.1596   17.4884
40.0000   82.0000   80.1067   66.4907
41.0000   90.0000   30.4785   80.4543
42.0000   100.0000   96.6673   14.4773
43.0000   63.0000   31.7767   53.9120
44.0000   90.0000   69.2729   7.9287
45.0000   88.0000   73.4206   5.8806
46.0000   74.0000   37.6100   54.8178
47.0000   24.0000   17.7282   67.7162
48.0000   32.0000   41.5604   26.6049
49.0000   4.0000   26.4332   57.3267
50.0000   92.0000   42.9107   17.8774
51.0000   9.0000   60.9972   59.1840
52.0000   76.0000   66.3288   13.3742
53.0000   72.0000   6.1792   7.3279
54.0000   52.0000   62.1391   23.9825
55.0000   61.0000   35.5343   22.5042
56.0000   75.0000   6.9284   8.0532
57.0000   79.0000   47.3830   45.6558
58.0000   92.0000   16.2721   22.7333
59.0000   1.0000   74.8285   89.0197
60.0000   1.0000   17.1539   86.0460
61.0000   89.0000   98.6097   89.1009
62.0000   7.0000   30.1239   16.4540
63.0000   67.0000   42.0550   28.5455
64.0000   67.0000   54.0720   11.7006
65.0000   79.0000   90.8098   80.5675
66.0000   46.0000   66.0014   36.9323
67.0000   59.0000   57.3757   58.2626
68.0000   52.0000   41.4592   59.9662
69.0000   98.0000   83.3597   98.4169
70.0000   30.0000   79.2517   80.2466
71.0000   65.0000   47.1058   71.3239
72.0000   61.0000   22.0555   14.5543
73.0000   68.0000   99.3715   14.6411
74.0000   45.0000   44.8571   91.7443
75.0000   68.0000   9.1385   0.3127
76.0000   88.0000   89.1037   35.8718
77.0000   65.0000   95.7250   92.0727
78.0000   5.0000   19.3555   80.0973
79.0000   79.0000   63.7331   87.2929
80.0000   35.0000   61.6395   14.0191
81.0000   47.0000   92.7401   28.9750
82.0000   99.0000   52.3779   20.1636
83.0000   9.0000   9.4374   56.3331
84.0000   5.0000   69.6058   1.8046
85.0000   80.0000   51.9808   32.1767
86.0000   61.0000   75.2908   62.0457
87.0000   47.0000   65.6766   22.6077
88.0000   32.0000   53.8378   51.4617
89.0000   19.0000   44.2247   96.3398
90.0000   16.0000   36.4062   46.2734
91.0000   36.0000   24.1930   11.8875
92.0000   97.0000   65.7967   99.1434
93.0000   93.0000   76.7390   25.3569
94.0000   44.0000   71.5757   50.2030
95.0000   56.0000   90.2124   68.2092
96.0000   46.0000   89.1614   53.9736
97.0000   15.0000   70.7942   19.1143
98.0000   9.0000   37.7390   65.0781
99.0000   85.0000   75.8216   53.9842
100.0000   22.0000   46.0439   37.4326
101.0000   42.0000   7.2243   67.2298
102.0000   42.0000   6.6467   13.8958
103.0000   67.0000   85.2860   17.2043
104.0000   18.0000   81.4501   56.7352
105.0000   32.0000   29.0364   18.5562
106.0000   5.0000   83.0273   80.0213
107.0000   32.0000   68.2957   67.2771
108.0000   48.0000   69.8932   14.8091
109.0000   16.0000   16.3455   74.5678
110.0000   9.0000   10.2930   84.7435
111.0000   67.0000   27.4950   47.3091
112.0000   95.0000   65.3702   81.6915
113.0000   31.0000   67.3179   95.8722
114.0000   20.0000   86.9198   87.8122
115.0000   21.0000   36.0203   34.2711
116.0000   69.0000   6.1779   9.4630
117.0000   78.0000   4.8509   34.6197
118.0000   51.0000   67.5084   43.4576
119.0000   82.0000   1.7220   74.2458
120.0000   23.0000   17.8815   59.6223
121.0000   2.0000   25.4519   40.5686
122.0000   68.0000   4.8120   12.5424
123.0000   96.0000   79.2037   30.7202
124.0000   47.0000   36.1541   39.8398
125.0000   16.0000   62.5833   38.2971
126.0000   66.0000   57.7130   11.9511
127.0000   46.0000   2.0432   63.4977
128.0000   35.0000   12.5373   37.2193
129.0000   53.0000   2.7046   23.3167
130.0000   18.0000   93.5418   95.8914
131.0000   66.0000   0.5154   51.3082
132.0000   12.0000   60.7832   46.4041
133.0000   20.0000   0.9896   89.0821
134.0000   22.0000   85.8280   53.3482
135.0000   30.0000   86.4846   90.8131
136.0000   43.0000   68.1594   43.3614
137.0000   40.0000   18.6250   6.9658
138.0000   35.0000   64.3109   95.8624
139.0000   79.0000   69.8294   59.3270
140.0000   23.0000   78.6239   43.0244
141.0000   97.0000   25.3306   83.4062
142.0000   96.0000   7.9288   37.4261
143.0000   31.0000   29.6320   37.3674
144.0000   8.0000   40.3425   5.9710
145.0000   52.0000   85.3258   58.9613
146.0000   87.0000   45.4191   6.7928
147.0000   43.0000   63.9418   17.0017
148.0000   66.0000   48.8466   48.7579
149.0000   95.0000   38.7205   17.9715
150.0000   56.0000   2.2698   92.1207
151.0000   9.0000   0.9076   67.3511
152.0000   99.0000   22.3324   81.8940
153.0000   91.0000   77.7800   66.0363
154.0000   10.0000   8.2994   46.3483
155.0000   8.0000   91.7801   31.6860
156.0000   67.0000   28.7494   44.0075
157.0000   75.0000   79.3475   13.0856
158.0000   71.0000   20.0261   44.5548
159.0000   42.0000   63.4506   55.6928
160.0000   7.0000   94.8633   79.6131
161.0000   52.0000   63.6425   97.9476
162.0000   58.0000   15.7517   64.6174
163.0000   22.0000   9.5040   73.0504
164.0000   10.0000   84.3222   97.9944
165.0000   61.0000   1.8211   26.8082
166.0000   78.0000   70.8433   28.8134
167.0000   18.0000   45.4399   74.0887
168.0000   84.0000   24.1000   19.6008
169.0000   68.0000   23.6332   23.6530
170.0000   85.0000   19.1588   25.4263
171.0000   33.0000   84.2874   59.8922
172.0000   11.0000   3.7130   52.2770
173.0000   23.0000   22.9900   19.7052
174.0000   29.0000   67.5172   83.8195
175.0000   2.0000   25.9336   58.9484
176.0000   65.0000   97.7376   74.4568
177.0000   11.0000   45.7015   21.2003
178.0000   53.0000   57.5492   23.8686
179.0000   25.0000   27.0574   66.9095
180.0000   34.0000   0.4936   91.0365
181.0000   82.0000   87.9730   48.4720
182.0000   9.0000   23.8306   14.0732
183.0000   85.0000   34.9164   73.6159
184.0000   91.0000   53.6775   99.1211
185.0000   98.0000   22.3061   89.1757
186.0000   82.0000   70.3464   59.2735
187.0000   34.0000   83.1236   51.2380
188.0000   87.0000   90.5874   54.3654
189.0000   51.0000   94.4196   81.6128
190.0000   32.0000   59.5287   69.6197
191.0000   94.0000   79.5927   72.7195
192.0000   59.0000   69.4290   41.6241
193.0000   9.0000   20.9847   76.0200
194.0000   91.0000   32.5814   15.8904
195.0000   72.0000   91.7633   57.8897
196.0000   37.0000   50.8856   86.1376
197.0000   68.0000   59.0767   58.6075
198.0000   78.0000   44.7947   31.5677
199.0000   5.0000   73.1168   18.1823
200.0000   26.0000   55.4747   99.6731
201.0000   26.0000   92.6027   74.2056
202.0000   90.0000   57.0113   98.2231
203.0000   81.0000   34.2127   54.3642
204.0000   95.0000   69.0839   88.4028
205.0000   63.0000   30.6140   69.8911
206.0000   53.0000   32.1662   65.6301
207.0000   34.0000   4.0428   13.6999
208.0000   10.0000   31.5289   24.1077
209.0000   75.0000   35.9758   2.8032
210.0000   24.0000   21.5652   26.3709
211.0000   28.0000   59.7064   50.6519
212.0000   68.0000   79.3733   71.9449
213.0000   15.0000   84.9026   0.1391
214.0000   33.0000   9.0015   54.1698
215.0000   29.0000   38.5557   60.9477
216.0000   57.0000   45.1035   5.6871
217.0000   22.0000   58.7718   39.1779
218.0000   73.0000   60.1813   41.2330
219.0000   38.0000   9.6111   3.1904
220.0000   6.0000   84.9462   7.9901
221.0000   25.0000   14.6009   70.8151
222.0000   83.0000   41.4460   55.1969
223.0000   14.0000   62.8538   27.0870
224.0000   68.0000   46.8770   31.8097
225.0000   20.0000   2.8773   81.8721
226.0000   13.0000   81.6819   23.5782
227.0000   6.0000   84.1249   30.4097
228.0000   29.0000   36.5346   27.3318
229.0000   12.0000   32.9022   25.6856
230.0000   37.0000   67.2416   16.5774
231.0000   28.0000   11.9056   71.0381
232.0000   93.0000   60.6636   6.6987
233.0000   33.0000   29.3877   90.0081
234.0000   71.0000   32.1714   43.1336
235.0000   95.0000   64.1404   73.8198
236.0000   88.0000   59.1106   53.3424
237.0000   16.0000   71.4493   12.0539
238.0000   92.0000   84.1442   65.4561
239.0000   51.0000   58.4205   36.4961
240.0000   1.0000   3.7306   39.7256
241.0000   56.0000   4.4945   95.8763
242.0000   100.0000   8.9358   31.9122
243.0000   73.0000   99.0019   27.8651
244.0000   78.0000   74.6850   74.2475
245.0000   66.0000   75.4404   13.5758
246.0000   83.0000   69.3691   64.9761
247.0000   26.0000   13.6739   52.4306
248.0000   49.0000   42.4066   99.8996
249.0000   83.0000   9.8815   6.3020
250.0000   88.0000   79.4866   61.9180
251.0000   2.0000   72.1074   6.8410
252.0000   46.0000   79.6842   32.3244
253.0000   88.0000   68.7309   92.6554
254.0000   45.0000   25.8209   21.1600
255.0000   75.0000   21.5676   91.3504
256.0000   23.0000   55.3967   36.8660
257.0000   61.0000   51.6250   32.9725
258.0000   39.0000   11.8274   90.6034
259.0000   70.0000   53.8127   48.3071
260.0000   55.0000   60.8118   89.3039
261.0000   35.0000   4.5875   45.9839
262.0000   44.0000   29.0704   24.1753
263.0000   57.0000   66.8772   91.4555
264.0000   61.0000   82.0456   9.7978
265.0000   50.0000   83.9505   32.4262
266.0000   35.0000   97.0594   90.1569
267.0000   24.0000   34.9821   76.5676
268.0000   4.0000   35.2132   68.2619
269.0000   60.0000   32.5973   32.8994
270.0000   87.0000   39.8767   46.7004
271.0000   21.0000   81.0396   32.5047
272.0000   28.0000   92.5056   81.3845
273.0000   68.0000   38.8084   1.3881
274.0000   55.0000   8.6288   53.5769
275.0000   19.0000   49.5876   5.7318
276.0000   97.0000   97.8793   20.3778
277.0000   68.0000   34.1696   83.9890
278.0000   44.0000   3.1135   82.4296
279.0000   42.0000   64.2432   15.4617
280.0000   23.0000   24.1445   61.0073
281.0000   1.0000   73.2693   61.5990
282.0000   45.0000   26.3906   14.2520
283.0000   15.0000   60.5677   90.9111
284.0000   82.0000   20.8562   53.8704
285.0000   59.0000   70.1434   78.9539
286.0000   26.0000   8.7298   52.8487
287.0000   7.0000   31.1691   13.8966
288.0000   8.0000   8.4610   90.9119
289.0000   56.0000   42.4250   88.5216
290.0000   49.0000   94.8061   78.2893
291.0000   85.0000   15.6424   92.4865
292.0000   26.0000   27.7201   28.8340
293.0000   81.0000   69.5708   95.4351
294.0000   56.0000   41.5439   31.1396
295.0000   51.0000   22.0898   47.9892
296.0000   72.0000   88.5851   38.7611
297.0000   99.0000   6.4673   9.2760
298.0000   50.0000   15.9597   1.5230
299.0000   80.0000   35.1627   75.1385
300.0000   57.0000   1.0616   59.5777
301.0000   47.0000   45.4558   90.8940
302.0000   61.0000   46.3192   48.5223
303.0000   30.0000   34.0206   96.7072
304.0000   81.0000   78.7764   34.4830
305.0000   47.0000   93.1669   71.8184
306.0000   70.0000   32.3992   17.1862
307.0000   13.0000   88.4397   72.2256
308.0000   21.0000   46.9828   4.1929
309.0000   2.0000   42.5612   8.5893
310.0000   69.0000   13.1053   44.1030
311.0000   69.0000   94.8662   62.5056
312.0000   99.0000   73.2707   85.7424
313.0000   96.0000   98.3329   9.9854
314.0000   5.0000   77.9864   3.1525
315.0000   53.0000   56.7316   46.3622
316.0000   96.0000   22.0484   94.0502
317.0000   28.0000   16.3624   27.3589
318.0000   46.0000   27.2905   41.2122
319.0000   90.0000   93.0192   93.2821
320.0000   73.0000   9.1911   52.9115
321.0000   30.0000   54.5659   67.2507
322.0000   59.0000   69.0531   61.9875
323.0000   21.0000   33.2163   3.8831
324.0000   38.0000   13.3583   11.9445
325.0000   33.0000   65.0458   2.7181
326.0000   7.0000   75.1198   73.6082
327.0000   49.0000   57.5477   81.8061
328.0000   16.0000   27.5590   59.9514
329.0000   24.0000   24.5918   92.9334
330.0000   37.0000   67.1384   92.0952
331.0000   75.0000   98.9806   34.1626
332.0000   91.0000   63.8379   78.6387
333.0000   81.0000   76.4905   72.1163
334.0000   6.0000   59.7978   46.9106
335.0000   71.0000   14.7547   57.5409
336.0000   47.0000   96.0351   56.0632
337.0000   49.0000   5.0436   90.3191
338.0000   53.0000   90.2514   25.8219
339.0000   93.0000   22.0758   46.1610
340.0000   39.0000   81.1573   11.2594
341.0000   8.0000   52.6549   42.8040
342.0000   90.0000   68.1778   9.2537
343.0000   38.0000   85.1149   55.2955
344.0000   23.0000   54.0396   60.4956
345.0000   46.0000   2.7945   73.7170
346.0000   83.0000   20.2744   0.6147
347.0000   12.0000   44.9450   93.6061
348.0000   24.0000   57.8230   89.1070
349.0000   51.0000   96.0216   66.9185
350.0000   2.0000   26.2490   86.5939
351.0000   5.0000   71.2576   14.1965
352.0000   77.0000   74.6689   47.0783
353.0000   48.0000   16.1992   22.6415
354.0000   41.0000   38.9709   59.4594
355.0000   4.0000   90.6225   58.3485
356.0000   19.0000   90.1625   95.4122
357.0000   26.0000   91.4557   95.7033
358.0000   46.0000   82.2811   34.5765
359.0000   23.0000   20.0441   81.4775
360.0000   64.0000   44.8050   68.5340
361.0000   25.0000   92.7779   61.8558
362.0000   15.0000   57.1801   98.3732
363.0000   37.0000   92.9628   31.6875
364.0000   18.0000   94.2998   13.9981
365.0000   91.0000   31.3182   26.2174
366.0000   24.0000   39.4972   69.0916
367.0000   89.0000   12.8484   20.0475
368.0000   38.0000   3.8788   40.5160
369.0000   49.0000   69.3089   53.9835
370.0000   36.0000   48.8735   59.7936
371.0000   90.0000   57.4619   28.5237
372.0000   86.0000   90.6474   89.9286
373.0000   74.0000   45.8370   82.1253
374.0000   54.0000   70.7564   51.3927
375.0000   23.0000   20.5509   11.6335
376.0000   65.0000   89.6117   22.7190
377.0000   24.0000   37.9568   29.9519
378.0000   97.0000   85.0600   95.0536
379.0000   52.0000   58.1831   34.6117
380.0000   30.0000   4.3437   49.8073
381.0000   11.0000   72.6839   70.5154
382.0000   21.0000   18.6151   28.2353
383.0000   40.0000   41.3424   16.5776
384.0000   70.0000   51.6523   53.8808
385.0000   76.0000   91.5068   88.8038
386.0000   34.0000   1.5347   61.9110
387.0000   19.0000   63.8858   46.5786
388.0000   20.0000   23.6641   78.0640
389.0000   22.0000   28.7967   97.8014
390.0000   28.0000   60.5233   14.7392
391.0000   22.0000   16.3020   58.4194
392.0000   30.0000   60.4316   89.7397
393.0000   35.0000   37.4344   27.0452
394.0000   31.0000   45.7804   46.4386
395.0000   30.0000   86.4794   42.2048
396.0000   39.0000   66.1215   63.0266
397.0000   84.0000   90.5368   22.6956
398.0000   94.0000   72.5519   6.9280
399.0000   50.0000   25.3851   84.5884
400.0000   73.0000   94.1843   74.8143
401.0000   3.0000   59.7395   95.9636
402.0000   82.0000   11.3870   42.4321
403.0000   85.0000   23.2604   18.7163
404.0000   74.0000   57.3132   30.9927
405.0000   45.0000   34.6023   4.4369
406.0000   76.0000   65.6807   57.8358
407.0000   72.0000   13.1520   94.5331
408.0000   58.0000   85.2563   4.1440
409.0000   49.0000   96.3845   10.6733
410.0000   32.0000   87.5063   51.7743
411.0000   75.0000   33.2074   66.1762
412.0000   62.0000   80.3101   3.3814
413.0000   85.0000   54.1913   81.1458
414.0000   87.0000   79.1022   65.2495
415.0000   90.0000   8.0487   0.9425
416.0000   9.0000   22.9515   1.1710
417.0000   85.0000   71.2575   77.8436
418.0000   75.0000   99.1461   41.1070
419.0000   95.0000   64.6902   64.1590
420.0000   67.0000   84.0393   95.8713
421.0000   26.0000   98.1228   98.4544
422.0000   56.0000   23.7862   61.1442
423.0000   83.0000   34.7182   77.5472
424.0000   100.0000   12.9731   61.8858
425.0000   89.0000   89.3581   53.4809
426.0000   12.0000   40.4101   98.4973
427.0000   27.0000   66.7548   33.4208
428.0000   83.0000   89.1677   52.2992
429.0000   15.0000   36.0932   7.8449
430.0000   3.0000   33.5938   94.2548
431.0000   52.0000   87.7597   65.3123
432.0000   9.0000   95.0136   83.3354
433.0000   2.0000   18.7845   26.3257
434.0000   21.0000   98.3405   43.5910
435.0000   25.0000   10.3979   29.5462
436.0000   62.0000   3.4431   17.5286
437.0000   73.0000   86.2847   36.3225
438.0000   47.0000   9.4369   9.7407
439.0000   91.0000   5.3120   92.3676
440.0000   83.0000   44.4446   81.5766
441.0000   48.0000   30.2670   4.7647
442.0000   100.0000   63.9572   43.0353
443.0000   48.0000   51.0498   36.6238
444.0000   80.0000   66.3392   93.2372
445.0000   12.0000   62.2558   16.4143
446.0000   39.0000   25.3509   25.3968
447.0000   85.0000   59.6907   67.7022
448.0000   51.0000   67.7684   72.2160
449.0000   44.0000   40.3941   48.4564
450.0000   25.0000   20.2786   78.3388
451.0000   80.0000   1.2305   43.1711
452.0000   33.0000   24.7889   96.9656
453.0000   50.0000   43.8631   98.6374
454.0000   40.0000   40.7690   49.7078
455.0000   85.0000   46.4686   74.6620
456.0000   20.0000   37.5284   92.9580
457.0000   19.0000   53.5691   34.3824
458.0000   84.0000   83.2142   16.3996
459.0000   36.0000   79.4990   33.4207
460.0000   40.0000   26.5022   49.2353
461.0000   23.0000   98.2035   91.7341
462.0000   70.0000   66.3060   12.5098
463.0000   71.0000   27.8978   72.3267
464.0000   10.0000   96.4594   34.5269
465.0000   91.0000   58.9617   56.6348
466.0000   32.0000   73.6510   65.4235
467.0000   90.0000   71.2943   69.9492
468.0000   89.0000   90.3973   65.4970
469.0000   69.0000   54.0394   44.6505
470.0000   97.0000   44.7817   97.0401
471.0000   86.0000   4.4272   27.0929
472.0000   2.0000   98.7757   46.3103
473.0000   32.0000   31.3666   86.2674
474.0000   85.0000   70.1851   19.0455
475.0000   80.0000   23.4031   96.2740
476.0000   86.0000   53.3000   49.2907
477.0000   21.0000   44.9895   43.8163
478.0000   50.0000   51.5343   55.8251
479.0000   12.0000   20.1730   35.1262
480.0000   18.0000   55.8455   50.3624
481.0000   92.0000   44.8989   16.6693
482.0000   73.0000   65.7073   96.7249
483.0000   99.0000   5.9680   98.1747
484.0000   86.0000   15.6622   94.9778
485.0000   84.0000   46.3651   19.8886
486.0000   69.0000   90.6819   85.9725
487.0000   93.0000   45.6682   80.5382
488.0000   67.0000   76.1910   25.1634
489.0000   86.0000   35.3560   93.8521
490.0000   94.0000   78.7439   99.4863
491.0000   55.0000   83.8749   10.1201
492.0000   64.0000   18.5399   9.3729
493.0000   47.0000   45.5305   10.8290
494.0000   36.0000   38.4507   67.3511
495.0000   49.0000   3.7543   69.6874
496.0000   38.0000   40.9485   47.5854
497.0000   12.0000   45.5940   4.8570
498.0000   91.0000   18.8602   90.0919
499.0000   58.0000   0.1302   92.6074
500.0000   15.0000   38.0424   81.9454
