0.0000   0.0000   0.0000   0.0000
1.0000   111.0000   22.9688   24.8508
2.0000   89.0000   28.8277   27.3305
3.0000   39.0000   22.8726   23.8064
4.0000   72.0000   22.3351   40.0447
5.0000   47.0000   17.4964   15.5319
6.0000   51.0000   29.7013   28.1458
7.0000   69.0000   41.9564   42.9326
8.0000   114.0000   12.8999   44.9654
9.0000   91.0000   34.4919   9.5370
10.0000   79.0000   18.3540   30.2809
11.0000   44.0000   45.5197   39.9701
12.0000   64.0000   48.3382   42.4441
13.0000   100.0000   7.8711   37.1704
14.0000   87.0000   25.8218   33.9865
15.0000   105.0000   2.1578   7.1401
16.0000   57.0000   16.0954   43.2791
17.0000   30.0000   13.2683   3.9864
18.0000   113.0000   21.7282   46.0576
19.0000   42.0000   32.4179   11.5674
20.0000   60.0000   32.1273   13.7563
21.0000   112.0000   16.8178   15.0666
22.0000   86.0000   27.7849   46.4030
23.0000   98.0000   3.5026   18.7428
24.0000   107.0000   22.5498   41.2643
25.0000   67.0000   32.5130   22.4789
26.0000   100.0000   19.2902   43.1711
27.0000   64.0000   27.5838   8.1549
28.0000   44.0000   30.2890   26.6404
29.0000   39.0000   29.4269   28.1434
30.0000   48.0000   19.6128   14.6694
31.0000   110.0000   7.0493   0.3892
32.0000   96.0000   0.1120   21.1779
33.0000   89.0000   16.9690   33.6071
34.0000   67.0000   42.1757   2.3810
35.0000   104.0000   32.9940   34.5271
36.0000   78.0000   35.9590   24.5180
37.0000   78.0000   18.9700   2.7982
38.0000   55.0000   12.1768   40.5199
39.0000   47.0000   13.9865   26.5172
40.0000   60.0000   39.2538   38.7317
41.0000   64.0000   13.5453   19.1148
42.0000   115.0000   46.0783   25.4704
43.0000   30.0000   21.3751   26.2274
44.0000   61.0000   32.2924   47.0178
45.0000   61.0000   38.7604   30.0354
46.0000   34.0000   39.0325   13.2068
47.0000   52.0000   46.4205   25.9665
48.0000   63.0000   34.1012   26.3189
49.0000   42.0000   5.2639   38.8302
50.0000   95.0000   45.6249   46.5643
51.0000   60.0000   46.1673   33.2579
52.0000   83.0000   40.5416   20.6845
53.0000   108.0000   25.6487   27.3977
54.0000   94.0000   15.1600   4.1426
55.0000   64.0000   2.5943   47.3439
56.0000   63.0000   34.7139   0.9088
57.0000   46.0000   18.3699   35.6442
58.0000   57.0000   16.0255   39.5326
59.0000   75.0000   17.1918   11.8449
60.0000   52.0000   12.1788   38.7372
61.0000   77.0000   10.1539   36.6291
62.0000   47.0000   8.7605   30.5652
63.0000   42.0000   2.0408   10.0248
64.0000   87.0000   13.9017   23.1479
65.0000   57.0000   47.0862   9.5688
66.0000   105.0000   2.1546   14.6395
67.0000   53.0000   30.5519   15.4864
68.0000   51.0000   8.9536   19.1712
69.0000   105.0000   25.0859   24.4650
70.0000   37.0000   5.8867   1.8045
71.0000   32.0000   7.2812   12.9111
72.0000   43.0000   35.6114   7.9423
73.0000   92.0000   25.0127   11.0867
74.0000   95.0000   42.5681   44.6130
75.0000   93.0000   21.7538   17.0106
76.0000   68.0000   38.5678   42.0561
77.0000   115.0000   26.4355   29.5442
78.0000   101.0000   44.8802   18.0926
79.0000   114.0000   21.8429   2.3109
80.0000   49.0000   3.5630   34.4967
81.0000   88.0000   26.4964   4.1495
82.0000   43.0000   34.3490   0.8244
83.0000   41.0000   48.3384   18.9219
84.0000   89.0000   15.0202   38.4341
85.0000   34.0000   46.4989   25.9564
86.0000   39.0000   46.0219   26.7204
87.0000   76.0000   32.7660   40.3965
88.0000   113.0000   44.8642   6.4976
89.0000   64.0000   7.6604   22.5832
90.0000   103.0000   4.4285   19.1328
91.0000   38.0000   6.1186   6.9430
92.0000   93.0000   12.6392   7.6694
93.0000   53.0000   24.2805   45.3422
94.0000   118.0000   46.8405   45.2137
95.0000   66.0000   24.4826   17.0096
96.0000   63.0000   21.6229   7.5858
97.0000   79.0000   7.8575   0.3871
98.0000   32.0000   42.2154   0.9558
99.0000   107.0000   23.6235   34.8634
100.0000   70.0000   6.8265   28.4797
101.0000   66.0000   35.6830   10.9106
102.0000   46.0000   38.8118   33.3742
103.0000   85.0000   24.9791   23.1533
104.0000   43.0000   34.8762   13.8541
105.0000   53.0000   22.6181   24.0515
106.0000   77.0000   27.2092   20.9385
107.0000   62.0000   46.0417   26.2684
108.0000   72.0000   37.3765   7.7301
109.0000   109.0000   30.6045   4.4191
110.0000   117.0000   46.8435   7.1216
111.0000   104.0000   5.4368   18.1143
112.0000   38.0000   27.8081   39.2249
113.0000   73.0000   4.8741   16.0470
114.0000   41.0000   26.2773   14.2393
115.0000   63.0000   9.1000   47.3067
116.0000   119.0000   37.6567   20.3417
117.0000   67.0000   10.7067   38.7360
118.0000   99.0000   28.8764   17.8101
119.0000   86.0000   9.7196   18.5477
120.0000   61.0000   3.1001   40.2438
121.0000   110.0000   39.4916   41.9026
122.0000   119.0000   23.2663   26.7170
123.0000   89.0000   42.8630   27.4034
124.0000   41.0000   40.5297   45.7368
125.0000   77.0000   32.3284   4.8226
126.0000   78.0000   20.6257   40.2635
127.0000   57.0000   15.3976   0.9472
128.0000   49.0000   49.1143   24.3306
129.0000   92.0000   14.7378   10.2684
130.0000   115.0000   38.5649   36.2882
131.0000   70.0000   35.1351   38.8316
132.0000   94.0000   24.3924   14.7006
133.0000   61.0000   17.3033   0.4520
134.0000   46.0000   2.1180   36.6279
135.0000   98.0000   34.3541   11.0025
136.0000   102.0000   32.6821   19.8951
137.0000   68.0000   29.6278   35.4697
138.0000   59.0000   32.1074   34.2588
139.0000   42.0000   0.2439   43.8686
140.0000   70.0000   18.0820   41.9267
141.0000   87.0000   19.9580   10.5845
142.0000   89.0000   17.9614   30.3853
143.0000   115.0000   4.2889   22.9589
144.0000   100.0000   49.5588   28.9716
145.0000   73.0000   0.8594   43.7881
146.0000   108.0000   29.0582   10.2161
147.0000   55.0000   18.8916   4.3563
148.0000   79.0000   6.9226   7.7406
149.0000   61.0000   11.5272   26.6863
150.0000   55.0000   45.8228   11.9261
151.0000   92.0000   10.8288   4.1294
152.0000   46.0000   18.4312   11.8999
153.0000   67.0000   34.2078   35.7931
154.0000   106.0000   16.5225   22.4361
155.0000   81.0000   21.7550   36.8963
156.0000   36.0000   23.6160   27.4272
157.0000   53.0000   27.8347   49.0971
158.0000   111.0000   23.8670   42.6806
159.0000   112.0000   3.5049   5.9889
160.0000   118.0000   20.8546   31.3959
161.0000   98.0000   13.6724   47.7304
162.0000   82.0000   17.6330   13.2707
163.0000   113.0000   2.6778   0.2135
164.0000   82.0000   43.0215   1.2375
165.0000   80.0000   45.7539   22.4233
166.0000   115.0000   8.8395   48.0758
167.0000   66.0000   4.9804   24.4206
168.0000   83.0000   37.1109   23.0905
169.0000   73.0000   31.4126   2.6348
170.0000   80.0000   25.8317   45.5416
171.0000   62.0000   0.2449   43.8358
172.0000   113.0000   16.9821   40.5963
173.0000   99.0000   18.6530   1.2121
174.0000   111.0000   20.1740   11.9409
175.0000   56.0000   23.8327   40.8837
176.0000   109.0000   26.8125   46.8497
177.0000   73.0000   25.8201   9.4745
178.0000   50.0000   6.8618   8.2163
179.0000   95.0000   32.0701   13.9449
180.0000   56.0000   35.9522   20.2501
181.0000   88.0000   46.2845   45.5260
182.0000   35.0000   14.2118   46.7226
183.0000   94.0000   10.8998   1.7529
184.0000   48.0000   26.9674   37.5765
185.0000   89.0000   38.9071   19.6182
186.0000   47.0000   26.7950   36.5840
187.0000   106.0000   44.6597   6.2727
188.0000   96.0000   9.1038   44.7112
189.0000   110.0000   23.8240   19.0258
190.0000   88.0000   30.0393   25.6631
191.0000   119.0000   13.1430   23.0056
192.0000   59.0000   48.7409   24.6034
193.0000   98.0000   15.4598   46.0396
194.0000   47.0000   26.8151   26.1049
195.0000   106.0000   27.4596   23.6987
196.0000   120.0000   21.1154   13.6343
197.0000   41.0000   11.3415   18.2360
198.0000   33.0000   11.6901   1.3072
199.0000   113.0000   37.8997   32.2271
200.0000   101.0000   47.6246   44.8717
201.0000   59.0000   24.7616   43.0116
202.0000   57.0000   43.9741   20.1760
203.0000   51.0000   13.4263   34.5264
204.0000   102.0000   22.0046   35.3731
205.0000   33.0000   13.5656   38.9483
206.0000   60.0000   48.2757   21.9685
207.0000   35.0000   22.8908   17.2247
208.0000   50.0000   46.2233   14.5482
209.0000   86.0000   21.5746   22.1895
210.0000   108.0000   33.2949   26.8240
211.0000   82.0000   40.3461   16.4432
212.0000   63.0000   44.2801   14.5622
213.0000   35.0000   26.3486   26.7481
214.0000   53.0000   45.4679   5.1681
215.0000   120.0000   3.2299   39.5029
216.0000   46.0000   23.0471   33.7364
217.0000   89.0000   48.7073   2.6886
218.0000   61.0000   23.8793   31.3515
219.0000   30.0000   15.7850   48.1794
220.0000   95.0000   21.1961   20.5820
221.0000   69.0000   30.8178   35.5083
222.0000   92.0000   23.8859   37.2945
223.0000   46.0000   45.5404   6.4435
224.0000   120.0000   44.4220   16.0016
225.0000   74.0000   41.5023   44.1853
