0.0000   0.0000   50.0000   50.0000
1.0000   69.0000   76.4704   35.3747
2.0000   102.0000   57.9256   30.2879
3.0000   61.0000   39.8641   72.5832
4.0000   55.0000   5.8674   64.0375
5.0000   67.0000   24.4517   46.2438
6.0000   13.0000   98.7770   70.3393
7.0000   115.0000   40.2420   81.5726
8.0000   27.0000   23.1820   63.3787
9.0000   120.0000   2.2583   92.3141
10.0000   75.0000   95.5663   51.4946
11.0000   32.0000   51.5959   58.0638
12.0000   74.0000   84.0065   21.3477
13.0000   11.0000   65.5457   43.6414
14.0000   49.0000   75.2608   97.2011
15.0000   113.0000   49.4586   51.4567
16.0000   12.0000   91.4420   33.6523
17.0000   34.0000   68.3500   73.0155
18.0000   33.0000   47.1633   23.7073
19.0000   85.0000   23.9140   24.3904
20.0000   77.0000   34.9563   41.6582
21.0000   64.0000   25.4027   24.3232
22.0000   50.0000   0.3615   53.7477
23.0000   31.0000   21.2882   63.6609
24.0000   75.0000   0.2651   7.1217
25.0000   83.0000   74.9895   62.3530
26.0000   114.0000   47.0443   28.2413
27.0000   32.0000   68.1487   93.3707
28.0000   16.0000   20.0107   89.0430
29.0000   69.0000   10.9842   74.6539
30.0000   79.0000   14.9584   85.6036
31.0000   83.0000   32.6932   13.0608
32.0000   16.0000   8.5447   30.9605
33.0000   97.0000   96.8611   86.5867
34.0000   16.0000   90.8917   58.6070
35.0000   26.0000   45.1429   62.9540
36.0000   45.0000   8.3715   88.2479
37.0000   106.0000   91.1135   37.9576
38.0000   83.0000   63.1163   97.5115
39.0000   59.0000   62.5307   0.1284
40.0000   28.0000   32.5804   48.1182
41.0000   115.0000   95.1380   5.6267
42.0000   39.0000   65.3598   65.2589
43.0000   118.0000   59.1448   40.6262
44.0000   67.0000   0.0510   35.8443
45.0000   98.0000   64.5494   24.8978
46.0000   105.0000   32.2657   6.5696
47.0000   82.0000   60.4647   16.9289
48.0000   105.0000   99.9295   14.2927
49.0000   55.0000   11.2515   63.5333
50.0000   104.0000   38.4502   5.2911
51.0000   72.0000   17.6506   90.1234
52.0000   72.0000   46.4005   97.8838
53.0000   87.0000   78.8103   74.6078
54.0000   104.0000   10.6538   45.2035
55.0000   62.0000   43.7058   53.4823
56.0000   18.0000   28.4956   16.0710
57.0000   69.0000   6.1410   30.6345
58.0000   20.0000   80.1605   63.7456
59.0000   35.0000   61.0747   32.7491
60.0000   37.0000   76.5181   86.4481
61.0000   18.0000   44.9985   68.0503
62.0000   22.0000   1.0303   89.5850
63.0000   86.0000   23.6373   87.5925
64.0000   38.0000   41.8994   92.5934
65.0000   109.0000   90.4951   15.8877
66.0000   16.0000   42.9736   81.6326
67.0000   18.0000   76.5369   63.2147
68.0000   13.0000   0.4199   79.1155
69.0000   28.0000   87.5204   68.0753
70.0000   17.0000   30.9162   85.1016
71.0000   98.0000   81.7035   91.3814
72.0000   112.0000   48.9221   23.8867
73.0000   75.0000   31.3661   69.2159
74.0000   41.0000   47.7870   81.5937
75.0000   105.0000   83.1643   18.0640
