0.0000   0.0000   0.0000   0.0000
1.0000   94.0000   0.4914   42.8847
2.0000   96.0000   16.9053   1.9171
3.0000   68.0000   14.8901   8.7299
4.0000   138.0000   30.4423   32.7210
5.0000   126.0000   43.7829   29.4517
6.0000   104.0000   33.8436   36.5583
7.0000   104.0000   2.0950   4.6762
8.0000   66.0000   42.4741   44.7462
9.0000   68.0000   10.1641   11.0593
10.0000   140.0000   5.5652   39.0023
11.0000   62.0000   15.0218   29.8645
12.0000   87.0000   40.0852   15.5917
13.0000   136.0000   49.5642   28.3098
14.0000   139.0000   37.1795   35.5669
15.0000   141.0000   35.9756   1.7021
16.0000   61.0000   34.0774   1.5484
17.0000   137.0000   12.8260   33.5227
18.0000   71.0000   28.4670   45.0805
19.0000   113.0000   17.5569   1.0008
20.0000   86.0000   47.3479   33.7443
21.0000   85.0000   1.0635   41.0067
22.0000   124.0000   31.3432   3.6990
23.0000   112.0000   27.1179   5.5436
24.0000   82.0000   40.9494   26.3812
25.0000   135.0000   15.8815   8.5068
26.0000   104.0000   24.2389   45.0990
27.0000   74.0000   21.1059   39.4774
28.0000   96.0000   47.2746   12.0288
29.0000   86.0000   18.0941   20.4514
30.0000   102.0000   30.3463   37.5683
31.0000   62.0000   5.1761   17.0954
32.0000   61.0000   44.3602   20.6989
33.0000   108.0000   49.8856   34.1531
34.0000   63.0000   14.8922   40.0603
35.0000   124.0000   20.7660   25.4422
36.0000   103.0000   5.2504   40.5424
37.0000   148.0000   40.6209   35.1123
38.0000   135.0000   45.9059   30.0567
39.0000   83.0000   19.3670   42.7994
40.0000   116.0000   33.9220   14.1177
41.0000   70.0000   32.5677   17.9558
42.0000   83.0000   19.9632   8.4306
43.0000   116.0000   22.1686   28.5746
44.0000   90.0000   9.8361   24.7777
45.0000   63.0000   30.3485   44.6666
46.0000   104.0000   29.9206   22.4407
47.0000   125.0000   39.8611   48.5047
48.0000   102.0000   6.6334   17.1030
49.0000   118.0000   20.4235   17.2630
50.0000   126.0000   5.9112   49.9930
51.0000   106.0000   46.3195   1.0560
52.0000   94.0000   35.1460   4.2265
53.0000   89.0000   6.9855   33.9251
54.0000   101.0000   10.5660   22.8555
55.0000   146.0000   35.7200   3.0505
56.0000   144.0000   32.6578   3.4116
57.0000   65.0000   20.5283   49.0493
58.0000   142.0000   25.8530   23.3831
59.0000   60.0000   3.6109   39.5156
60.0000   113.0000   21.6852   39.2315
61.0000   137.0000   28.7532   38.7644
62.0000   138.0000   30.2865   46.4209
63.0000   103.0000   31.5340   1.3841
64.0000   88.0000   32.1489   18.1453
65.0000   76.0000   30.2852   38.1235
66.0000   115.0000   6.0901   23.3304
67.0000   98.0000   28.6906   25.7548
68.0000   142.0000   46.3999   42.6516
69.0000   69.0000   9.7108   34.0936
70.0000   90.0000   6.4975   13.7397
71.0000   69.0000   7.7785   41.6836
72.0000   129.0000   34.2014   7.7242
73.0000   98.0000   40.7993   2.7345
74.0000   110.0000   37.6772   42.5474
75.0000   108.0000   28.9471   41.7837
76.0000   139.0000   25.3204   11.9783
77.0000   95.0000   26.2594   3.1495
78.0000   131.0000   39.2185   20.9892
79.0000   132.0000   23.5796   21.8620
80.0000   75.0000   30.8626   13.4041
81.0000   70.0000   11.7892   9.3816
82.0000   70.0000   43.4816   1.8205
83.0000   61.0000   9.1977   43.7638
84.0000   129.0000   12.0126   49.4456
85.0000   147.0000   26.0824   47.1673
86.0000   72.0000   36.3567   7.8679
87.0000   78.0000   18.0441   0.4762
88.0000   140.0000   20.5376   31.0200
89.0000   100.0000   29.3540   27.7050
90.0000   142.0000   38.8849   47.4869
91.0000   139.0000   35.7230   48.8913
92.0000   65.0000   24.0336   3.8398
93.0000   88.0000   47.9106   12.7834
94.0000   72.0000   39.7298   23.4242
95.0000   73.0000   19.8754   7.1870
96.0000   141.0000   11.4473   1.6982
97.0000   108.0000   13.1292   24.2801
98.0000   122.0000   16.2537   25.2647
99.0000   98.0000   42.1888   17.7876
100.0000   83.0000   10.1080   13.3456
101.0000   61.0000   16.6853   38.6040
102.0000   145.0000   19.7193   16.8947
103.0000   128.0000   11.3785   22.8172
104.0000   85.0000   10.4044   19.6875
105.0000   61.0000   26.9945   5.5888
106.0000   131.0000   45.2626   18.5548
107.0000   134.0000   45.9730   31.7235
108.0000   65.0000   32.9039   27.9701
109.0000   67.0000   4.8503   20.0371
110.0000   126.0000   17.3451   7.8434
111.0000   65.0000   47.0014   7.3982
112.0000   69.0000   3.8732   36.0157
113.0000   87.0000   42.4921   40.9469
114.0000   88.0000   12.4569   18.3193
115.0000   87.0000   20.8720   46.0053
116.0000   122.0000   34.0457   22.0616
117.0000   116.0000   36.3677   8.4407
118.0000   81.0000   9.5267   16.3930
119.0000   72.0000   40.5685   3.5287
120.0000   78.0000   9.4506   3.2765
121.0000   147.0000   35.0657   49.5595
122.0000   130.0000   14.5635   40.9778
123.0000   90.0000   32.3431   49.8459
124.0000   129.0000   7.1612   3.2848
125.0000   92.0000   45.5841   19.0864
126.0000   86.0000   25.4823   22.7024
127.0000   79.0000   41.3137   1.5551
128.0000   105.0000   1.5848   47.2049
129.0000   128.0000   32.6891   38.9757
130.0000   82.0000   5.2707   48.7767
131.0000   87.0000   24.1628   2.6016
132.0000   131.0000   28.9720   9.6254
133.0000   123.0000   47.3648   11.7762
134.0000   66.0000   14.8378   37.5020
135.0000   136.0000   37.5530   12.8737
136.0000   102.0000   18.0212   45.7618
137.0000   139.0000   20.8170   21.2141
138.0000   140.0000   42.9315   21.3845
139.0000   136.0000   26.8076   27.5184
140.0000   142.0000   17.5373   17.2099
141.0000   66.0000   41.3553   20.4450
142.0000   115.0000   6.8789   10.7177
143.0000   99.0000   17.5925   22.3361
144.0000   102.0000   16.5836   48.1425
145.0000   123.0000   29.6089   18.3173
146.0000   105.0000   39.0426   48.3746
147.0000   116.0000   43.0063   11.0494
148.0000   115.0000   48.9277   1.2226
149.0000   118.0000   7.3671   41.6122
150.0000   140.0000   20.6839   3.9708
151.0000   121.0000   49.2229   41.9485
152.0000   76.0000   3.3672   41.0027
153.0000   118.0000   0.2982   20.0644
154.0000   66.0000   46.3223   47.5159
155.0000   92.0000   22.2029   9.2318
156.0000   118.0000   39.4975   7.4156
157.0000   96.0000   36.5830   0.4022
158.0000   85.0000   39.8310   4.9277
159.0000   74.0000   47.0899   41.6524
160.0000   129.0000   8.2057   36.8588
161.0000   99.0000   42.3867   47.6193
162.0000   122.0000   19.2908   12.9355
163.0000   135.0000   45.4911   38.8367
164.0000   121.0000   32.0635   10.4650
165.0000   138.0000   25.9074   20.3512
166.0000   130.0000   29.6693   1.1482
167.0000   111.0000   1.6253   23.1547
168.0000   61.0000   9.9725   7.8015
169.0000   63.0000   13.2678   2.0486
170.0000   96.0000   32.0366   21.8384
171.0000   112.0000   25.5449   27.4326
172.0000   84.0000   41.6729   45.4354
173.0000   114.0000   8.3300   43.6564
174.0000   95.0000   31.4301   49.9049
175.0000   102.0000   14.6561   48.8230
176.0000   147.0000   44.6819   48.5942
177.0000   91.0000   49.1710   46.0924
178.0000   121.0000   35.4229   26.0318
179.0000   133.0000   30.3679   34.3947
180.0000   77.0000   11.4389   46.3613
181.0000   70.0000   3.1930   22.1551
182.0000   62.0000   29.0550   47.8138
183.0000   129.0000   41.7901   35.2326
184.0000   104.0000   20.6541   8.9353
185.0000   122.0000   31.4646   46.7316
186.0000   124.0000   13.1021   21.7525
187.0000   115.0000   37.5441   3.7567
188.0000   108.0000   49.3989   11.9049
189.0000   63.0000   14.1355   32.7338
190.0000   149.0000   40.7314   41.1327
191.0000   141.0000   15.3578   16.5348
192.0000   72.0000   38.7144   30.0371
193.0000   112.0000   33.5775   31.4514
194.0000   129.0000   41.3403   0.8481
195.0000   125.0000   2.3913   13.8598
196.0000   132.0000   27.7093   11.5146
197.0000   71.0000   14.1815   41.3884
198.0000   91.0000   17.1665   47.4684
199.0000   95.0000   1.5245   32.5786
200.0000   86.0000   28.9148   30.3647
201.0000   88.0000   5.0361   21.3684
202.0000   86.0000   41.3698   42.7167
203.0000   105.0000   34.3024   41.0277
204.0000   90.0000   14.7669   23.5708
205.0000   60.0000   1.1979   2.6445
206.0000   132.0000   20.4324   36.6965
207.0000   124.0000   2.1247   12.1666
208.0000   92.0000   8.4610   8.3882
209.0000   123.0000   11.3197   7.4946
210.0000   61.0000   12.3746   39.9596
211.0000   118.0000   9.9745   27.2898
212.0000   76.0000   2.3997   25.3294
213.0000   129.0000   31.4611   24.9095
214.0000   90.0000   20.6837   30.4835
215.0000   141.0000   47.6925   39.1583
216.0000   130.0000   15.9630   12.0857
217.0000   148.0000   38.2765   11.1694
218.0000   137.0000   12.2630   39.4291
219.0000   64.0000   20.6108   20.6715
220.0000   141.0000   22.8905   1.4957
221.0000   75.0000   20.7590   29.8736
222.0000   138.0000   19.3630   38.0057
223.0000   111.0000   25.1482   7.8681
224.0000   150.0000   42.9181   23.6933
225.0000   106.0000   10.3930   45.9660
226.0000   104.0000   28.0856   44.3928
227.0000   77.0000   22.9657   33.6928
228.0000   140.0000   49.4021   36.6537
229.0000   65.0000   1.7075   4.6490
230.0000   60.0000   27.1642   24.9109
231.0000   74.0000   27.0719   9.8684
232.0000   141.0000   23.8448   30.1600
233.0000   145.0000   35.6043   33.4849
234.0000   118.0000   6.9000   47.6381
235.0000   96.0000   44.3928   18.1369
236.0000   148.0000   47.5953   7.8109
237.0000   83.0000   32.8941   43.8489
238.0000   74.0000   37.6914   25.1208
239.0000   77.0000   16.8071   7.1506
240.0000   84.0000   21.7186   47.2204
241.0000   150.0000   36.3112   24.6798
242.0000   88.0000   16.9239   35.4813
243.0000   80.0000   15.1724   19.2314
244.0000   108.0000   38.7190   39.2498
245.0000   77.0000   48.8876   46.6763
246.0000   75.0000   36.8159   33.9398
247.0000   135.0000   31.1842   8.5450
248.0000   140.0000   2.8679   5.2234
249.0000   78.0000   45.9784   4.5767
250.0000   125.0000   16.5834   19.4778
251.0000   88.0000   10.0584   43.5989
252.0000   123.0000   0.1514   15.8737
253.0000   96.0000   22.9790   39.7789
254.0000   130.0000   40.4780   45.4668
255.0000   123.0000   12.1931   49.6610
256.0000   141.0000   5.4041   24.7853
257.0000   150.0000   8.0917   44.4139
258.0000   64.0000   31.8620   21.1145
259.0000   117.0000   38.9684   0.6263
260.0000   105.0000   32.0651   38.5871
261.0000   109.0000   16.2959   44.5380
262.0000   135.0000   2.4716   39.6735
263.0000   144.0000   6.8078   12.1346
264.0000   96.0000   33.1908   3.1709
265.0000   74.0000   7.9682   21.6623
266.0000   106.0000   21.7095   28.4699
267.0000   124.0000   48.2016   49.8261
268.0000   89.0000   8.6450   3.2379
269.0000   148.0000   44.7058   41.8675
270.0000   147.0000   42.1475   29.1583
271.0000   98.0000   0.9003   1.3059
272.0000   60.0000   2.9541   48.2194
273.0000   98.0000   27.0427   18.0856
274.0000   123.0000   46.3740   25.5338
275.0000   79.0000   23.4470   7.7814
276.0000   78.0000   6.2034   22.9590
277.0000   121.0000   27.0909   13.3121
278.0000   134.0000   43.7439   35.0168
279.0000   113.0000   6.3394   35.6775
280.0000   123.0000   41.5709   10.5355
281.0000   142.0000   35.3600   16.1550
282.0000   132.0000   32.6158   37.9705
283.0000   101.0000   35.7831   26.9670
284.0000   142.0000   8.1758   31.4254
285.0000   132.0000   15.4627   30.4170
286.0000   141.0000   32.9610   10.7904
287.0000   69.0000   23.2850   45.3802
288.0000   84.0000   43.7042   6.1291
289.0000   110.0000   10.5287   48.0374
290.0000   137.0000   4.7462   14.1442
291.0000   91.0000   10.4199   30.8729
292.0000   103.0000   35.2608   3.9073
293.0000   149.0000   42.2348   20.0335
294.0000   130.0000   14.9379   30.5345
295.0000   80.0000   27.0274   34.5095
296.0000   143.0000   15.4602   17.0661
297.0000   85.0000   15.5835   45.0263
298.0000   129.0000   9.5645   40.7479
299.0000   95.0000   39.8565   5.1512
300.0000   71.0000   34.3265   30.8049
