0.0000   0.0000   50.0000   50.0000
1.0000   27.0000   65.7868   65.8734
2.0000   21.0000   40.1170   81.9510
3.0000   67.0000   60.0081   55.1782
4.0000   80.0000   9.7967   7.3115
5.0000   75.0000   0.9287   77.7397
6.0000   34.0000   13.3722   4.6162
7.0000   82.0000   52.1842   60.2288
8.0000   36.0000   90.9169   8.1729
9.0000   73.0000   29.0433   69.5849
10.0000   42.0000   2.2630   47.7536
11.0000   10.0000   57.1368   18.3015
12.0000   19.0000   67.3708   19.7904
13.0000   29.0000   23.1857   13.3533
14.0000   97.0000   19.5456   77.3261
15.0000   31.0000   4.7693   59.6434
16.0000   52.0000   26.0477   42.9659
17.0000   58.0000   29.9037   61.0569
18.0000   18.0000   84.4436   79.0200
19.0000   94.0000   19.1518   3.5339
20.0000   56.0000   76.2593   18.5926
21.0000   64.0000   58.4274   12.8743
22.0000   70.0000   30.5140   63.4824
23.0000   68.0000   69.4677   36.9790
24.0000   73.0000   10.7628   72.5731
25.0000   73.0000   1.2933   59.8386
26.0000   69.0000   22.6338   32.2289
27.0000   11.0000   2.5825   71.2901
28.0000   99.0000   24.3025   18.0105
29.0000   66.0000   92.0571   60.6868
30.0000   56.0000   84.9897   81.7865
31.0000   96.0000   95.0998   14.3783
32.0000   63.0000   65.8540   33.0980
33.0000   86.0000   65.3524   77.0521
34.0000   15.0000   84.6238   40.1065
35.0000   96.0000   90.0548   46.7801
36.0000   74.0000   1.7497   86.4773
37.0000   21.0000   98.3992   63.1770
38.0000   54.0000   30.5668   93.6051
39.0000   87.0000   81.9804   84.3067
40.0000   19.0000   38.1350   47.0037
41.0000   73.0000   40.4978   67.6188
42.0000   83.0000   82.3782   2.2055
43.0000   37.0000   27.8565   93.9149
44.0000   52.0000   47.6572   19.9989
45.0000   23.0000   21.7039   83.7756
46.0000   58.0000   77.8145   73.1192
47.0000   46.0000   13.3985   72.1299
48.0000   17.0000   57.0026   91.2575
49.0000   59.0000   24.1489   15.1604
50.0000   35.0000   18.8406   79.6294
51.0000   42.0000   30.0974   74.3167
52.0000   66.0000   35.5585   13.6161
53.0000   67.0000   54.2076   1.7680
54.0000   82.0000   42.7841   70.1756
55.0000   94.0000   43.6578   57.8185
56.0000   91.0000   50.5018   90.2915
57.0000   84.0000   39.1752   61.7329
58.0000   79.0000   9.1093   90.7501
59.0000   47.0000   83.5155   98.3050
60.0000   64.0000   29.6382   68.9711
61.0000   82.0000   55.5300   28.1199
62.0000   78.0000   89.4476   22.3840
63.0000   38.0000   70.4986   70.8867
64.0000   48.0000   78.1876   51.1480
65.0000   17.0000   35.8774   73.9115
66.0000   80.0000   61.2752   21.4298
67.0000   39.0000   23.8665   4.5624
68.0000   35.0000   37.2201   56.9529
69.0000   26.0000   84.3466   11.8063
70.0000   92.0000   18.7211   26.9992
71.0000   96.0000   0.1568   64.5207
72.0000   73.0000   35.5504   64.5487
73.0000   36.0000   25.8624   85.6276
74.0000   32.0000   22.4190   43.1513
75.0000   68.0000   55.5706   12.7027
76.0000   42.0000   63.6946   41.3463
77.0000   100.0000   98.2767   28.0625
78.0000   21.0000   74.8593   61.2562
79.0000   37.0000   57.2704   46.9219
80.0000   62.0000   42.9640   89.1271
81.0000   68.0000   3.4756   17.5294
82.0000   39.0000   88.2929   94.1371
83.0000   53.0000   24.8816   10.2383
84.0000   15.0000   38.3185   95.2400
85.0000   44.0000   1.7618   15.5727
86.0000   16.0000   35.6456   63.6931
87.0000   18.0000   28.7194   31.0546
88.0000   49.0000   1.6873   30.2635
89.0000   26.0000   41.3674   16.1439
90.0000   39.0000   25.0454   16.6194
91.0000   78.0000   84.8932   21.5375
92.0000   61.0000   82.7423   67.0199
93.0000   14.0000   89.9965   55.6114
94.0000   53.0000   69.1468   20.7017
95.0000   53.0000   45.5476   9.5072
96.0000   59.0000   28.3168   68.9610
97.0000   11.0000   59.4181   76.7155
98.0000   92.0000   47.1824   11.6220
99.0000   51.0000   27.3964   93.8999
100.0000   22.0000   88.8257   78.3111
101.0000   92.0000   60.8389   87.8106
102.0000   41.0000   27.0194   7.6741
103.0000   33.0000   78.0412   88.8177
104.0000   92.0000   2.2034   55.2207
105.0000   99.0000   56.1905   76.5133
106.0000   81.0000   16.2228   16.5476
107.0000   80.0000   17.6642   86.5227
108.0000   82.0000   38.7701   20.7495
109.0000   15.0000   22.6770   5.6735
110.0000   91.0000   52.3073   54.4726
111.0000   58.0000   76.7605   25.1428
112.0000   80.0000   82.6855   19.3779
113.0000   49.0000   53.5522   92.7257
114.0000   14.0000   19.8585   42.9283
115.0000   20.0000   13.8484   90.1820
116.0000   88.0000   49.7639   48.4065
117.0000   75.0000   3.8726   19.0532
118.0000   88.0000   37.6707   33.0847
119.0000   28.0000   97.6219   50.5397
120.0000   34.0000   49.6985   79.8752
121.0000   23.0000   75.3664   32.5379
122.0000   54.0000   71.6289   53.0710
123.0000   76.0000   97.9833   44.9550
124.0000   65.0000   47.6528   32.4629
125.0000   63.0000   54.1388   36.1583
126.0000   58.0000   71.7710   46.5088
127.0000   42.0000   99.4991   18.4726
128.0000   72.0000   73.0498   60.1397
129.0000   34.0000   93.1651   25.7897
130.0000   31.0000   40.4418   83.5538
131.0000   71.0000   78.8735   89.3111
132.0000   31.0000   59.5598   30.4267
133.0000   72.0000   68.3962   50.0342
134.0000   41.0000   26.1449   24.6533
135.0000   41.0000   31.0620   99.7059
136.0000   43.0000   50.1395   56.1177
137.0000   66.0000   75.9538   34.7775
138.0000   67.0000   9.4509   32.0998
139.0000   41.0000   66.5254   2.0225
140.0000   63.0000   17.1544   30.5917
141.0000   73.0000   69.3099   71.1513
142.0000   47.0000   91.1111   79.3684
143.0000   60.0000   54.1092   34.9138
144.0000   27.0000   82.6444   7.6938
145.0000   74.0000   38.9871   38.7565
146.0000   46.0000   52.0497   46.1418
147.0000   36.0000   57.9042   32.6752
148.0000   94.0000   25.3099   37.8633
149.0000   58.0000   21.2747   25.3042
150.0000   89.0000   78.6912   47.4451
151.0000   58.0000   21.9140   3.9123
152.0000   56.0000   41.3648   28.0782
153.0000   72.0000   46.6672   47.7715
154.0000   41.0000   10.3675   7.5446
155.0000   99.0000   3.8070   11.3353
156.0000   78.0000   96.9893   91.0406
157.0000   85.0000   53.1779   83.7557
158.0000   69.0000   5.4593   28.3982
159.0000   46.0000   54.5472   93.3665
160.0000   86.0000   44.8148   50.0721
161.0000   24.0000   61.3178   36.2647
162.0000   71.0000   48.0304   33.7141
163.0000   25.0000   82.0932   16.5300
164.0000   47.0000   94.5130   72.9441
165.0000   92.0000   25.3923   62.6971
166.0000   48.0000   84.3472   74.1088
167.0000   36.0000   10.0945   7.8716
168.0000   81.0000   45.2069   10.5968
169.0000   57.0000   5.4387   45.6167
170.0000   78.0000   97.3438   81.8120
171.0000   55.0000   81.4170   11.3473
172.0000   75.0000   81.4044   41.8485
173.0000   44.0000   86.0343   79.4494
174.0000   57.0000   87.9235   73.0178
175.0000   66.0000   13.8922   6.7129
176.0000   69.0000   26.4116   12.2166
177.0000   24.0000   93.5845   15.5486
178.0000   40.0000   75.9515   56.0886
179.0000   29.0000   34.6921   5.5955
180.0000   70.0000   69.4468   94.5298
181.0000   13.0000   52.4286   27.7836
182.0000   20.0000   75.8023   30.9186
183.0000   41.0000   92.0792   12.6800
184.0000   11.0000   71.8306   86.3138
185.0000   47.0000   70.6018   38.4857
186.0000   12.0000   4.6143   9.4017
187.0000   16.0000   85.5826   50.4902
188.0000   94.0000   3.7493   73.4107
189.0000   94.0000   69.5018   40.5688
190.0000   19.0000   65.3381   65.1012
191.0000   69.0000   6.2819   46.8485
192.0000   39.0000   57.3999   62.1602
193.0000   80.0000   77.8638   70.7922
194.0000   34.0000   78.9828   79.7556
195.0000   56.0000   73.7657   65.9634
196.0000   64.0000   75.3772   62.7015
197.0000   65.0000   37.5370   2.7119
198.0000   66.0000   93.6598   95.0006
199.0000   18.0000   56.7214   52.7828
200.0000   50.0000   5.4101   51.4795
201.0000   47.0000   51.3025   53.0445
202.0000   50.0000   80.3856   62.4034
203.0000   56.0000   25.7328   64.0538
204.0000   58.0000   84.5345   27.9109
205.0000   37.0000   62.7766   31.2531
206.0000   75.0000   61.7042   89.6454
207.0000   30.0000   70.5673   13.4651
208.0000   27.0000   60.4849   2.3934
209.0000   99.0000   36.6637   52.7377
210.0000   70.0000   54.7249   25.8180
211.0000   86.0000   15.0257   26.3025
212.0000   96.0000   70.4318   65.4560
213.0000   28.0000   33.3813   5.6793
214.0000   64.0000   16.2622   82.1503
215.0000   24.0000   70.0170   3.0620
216.0000   27.0000   27.0711   12.8640
217.0000   92.0000   22.2615   42.3749
218.0000   86.0000   23.9470   6.4870
219.0000   29.0000   91.4076   19.4908
220.0000   15.0000   78.3680   40.4863
221.0000   22.0000   25.6314   11.6928
222.0000   11.0000   54.6730   53.2240
223.0000   76.0000   15.2799   16.5868
224.0000   16.0000   27.4022   59.9348
225.0000   26.0000   82.4988   0.2729
226.0000   66.0000   78.4335   41.6630
227.0000   52.0000   34.5532   77.3625
228.0000   79.0000   31.4093   51.8278
229.0000   79.0000   22.9329   86.8709
230.0000   31.0000   82.0571   67.3311
231.0000   26.0000   23.8330   22.6672
232.0000   33.0000   94.3634   54.0633
233.0000   41.0000   1.2518   7.0482
234.0000   17.0000   8.6181   14.7473
235.0000   69.0000   21.7183   6.8515
236.0000   86.0000   39.8343   18.5466
237.0000   54.0000   6.1562   67.3975
238.0000   91.0000   70.9418   46.9294
239.0000   23.0000   4.2508   16.3373
240.0000   29.0000   22.0356   81.2453
241.0000   90.0000   79.6444   82.4914
242.0000   45.0000   62.6985   94.5371
243.0000   73.0000   47.3328   49.2955
244.0000   13.0000   64.3925   40.9457
245.0000   87.0000   61.3985   5.9573
246.0000   94.0000   57.2437   32.7379
247.0000   46.0000   22.7813   40.1760
248.0000   25.0000   82.1236   18.0197
249.0000   84.0000   23.4452   60.7302
250.0000   39.0000   29.8360   63.6518
251.0000   16.0000   72.9559   23.0940
252.0000   66.0000   42.3382   72.2022
253.0000   56.0000   1.1921   5.6560
254.0000   21.0000   51.2080   30.1967
255.0000   37.0000   71.9537   50.5574
256.0000   61.0000   28.3198   36.8534
257.0000   94.0000   86.3542   76.5075
258.0000   75.0000   19.7392   44.6944
259.0000   73.0000   62.9944   53.5102
260.0000   30.0000   56.2881   22.0734
261.0000   41.0000   91.9258   49.9823
262.0000   42.0000   67.3368   51.4290
263.0000   97.0000   39.4946   56.0774
264.0000   92.0000   81.2321   20.7142
265.0000   29.0000   2.3432   7.4663
266.0000   88.0000   9.0672   37.5771
267.0000   85.0000   70.1401   66.3593
268.0000   91.0000   58.9929   65.1094
269.0000   80.0000   12.7458   18.3987
270.0000   75.0000   62.4657   90.3414
271.0000   25.0000   95.3645   4.1416
272.0000   37.0000   31.3767   25.2822
273.0000   70.0000   79.6652   32.0555
274.0000   32.0000   68.4886   63.7893
275.0000   79.0000   74.6833   24.1232
276.0000   60.0000   20.9634   43.4939
277.0000   35.0000   47.3225   86.7231
278.0000   40.0000   80.5834   15.2171
279.0000   62.0000   81.2087   62.4987
280.0000   43.0000   91.5264   34.0148
281.0000   84.0000   51.0041   45.6389
282.0000   13.0000   5.7164   26.9153
283.0000   28.0000   88.1163   73.6676
284.0000   93.0000   31.5924   93.4179
285.0000   99.0000   35.2310   87.3902
286.0000   91.0000   67.3292   63.8814
287.0000   50.0000   87.6311   8.9729
288.0000   18.0000   92.9591   49.2821
289.0000   55.0000   22.1600   18.0666
290.0000   29.0000   5.0356   8.7908
291.0000   20.0000   70.6785   3.4099
292.0000   28.0000   65.9725   6.1678
293.0000   21.0000   50.0378   43.8389
294.0000   34.0000   76.7043   12.3717
295.0000   87.0000   17.4284   86.2508
296.0000   63.0000   88.8353   74.1552
297.0000   31.0000   24.9009   4.3844
298.0000   96.0000   47.9207   91.2004
299.0000   47.0000   28.9465   3.8695
300.0000   44.0000   88.8606   87.4766
301.0000   11.0000   13.0317   43.8653
302.0000   88.0000   51.6347   26.1296
303.0000   66.0000   82.3161   35.1789
304.0000   55.0000   60.3707   80.7982
305.0000   48.0000   6.8455   58.3973
306.0000   50.0000   42.3353   66.0784
307.0000   37.0000   61.8502   53.5973
308.0000   25.0000   40.3391   8.8732
309.0000   73.0000   40.8375   56.7628
310.0000   38.0000   96.8172   85.2314
311.0000   17.0000   73.5981   6.0407
312.0000   83.0000   47.1165   17.3253
313.0000   28.0000   23.7853   47.4362
314.0000   25.0000   0.6847   90.3854
315.0000   69.0000   3.7044   69.4754
316.0000   83.0000   84.5973   44.9464
317.0000   59.0000   88.8588   23.6618
318.0000   72.0000   93.5748   87.8918
319.0000   91.0000   73.2350   44.6639
320.0000   31.0000   8.1367   92.6276
321.0000   40.0000   86.6099   4.4237
322.0000   31.0000   51.0538   91.0463
323.0000   85.0000   49.7171   35.5529
324.0000   82.0000   47.7150   39.6774
325.0000   29.0000   4.3456   95.7112
326.0000   17.0000   50.8240   77.3889
327.0000   45.0000   15.8733   29.0186
328.0000   79.0000   83.9230   90.9938
329.0000   65.0000   91.9066   90.0393
330.0000   52.0000   76.3758   33.4037
331.0000   75.0000   26.6685   80.5061
332.0000   51.0000   71.7202   68.6222
333.0000   62.0000   46.9464   38.5264
334.0000   31.0000   41.1825   11.6571
335.0000   39.0000   3.6543   83.5799
336.0000   48.0000   76.7492   60.3997
337.0000   93.0000   83.5791   37.3211
338.0000   46.0000   39.0898   20.4642
339.0000   13.0000   74.6128   86.4029
340.0000   89.0000   26.2700   4.1616
341.0000   80.0000   7.0502   88.4670
342.0000   47.0000   97.4150   64.7962
343.0000   11.0000   78.5554   84.7311
344.0000   66.0000   53.5606   99.0132
345.0000   71.0000   78.4427   40.4764
346.0000   67.0000   72.0563   86.1916
347.0000   86.0000   69.5425   51.6348
348.0000   13.0000   24.9760   64.9366
349.0000   35.0000   0.5729   42.9509
350.0000   83.0000   51.8300   93.7293
351.0000   28.0000   97.2551   63.6014
352.0000   62.0000   28.3724   42.6611
353.0000   96.0000   65.9974   28.3928
354.0000   66.0000   89.1778   56.7332
355.0000   63.0000   22.3419   41.3558
356.0000   16.0000   11.2006   19.8919
357.0000   38.0000   68.9367   82.1712
358.0000   48.0000   30.9032   9.6505
359.0000   11.0000   55.4038   90.6537
360.0000   67.0000   28.4909   27.5863
361.0000   43.0000   55.4425   96.7249
362.0000   41.0000   70.9330   70.0734
363.0000   100.0000   83.7954   33.6241
364.0000   54.0000   51.8335   63.9924
365.0000   90.0000   8.6320   46.2788
366.0000   49.0000   41.6538   41.5958
367.0000   64.0000   63.2163   27.8596
368.0000   93.0000   13.1549   86.7533
369.0000   38.0000   85.7684   71.2193
370.0000   36.0000   95.6639   12.3084
371.0000   51.0000   24.4679   81.4124
372.0000   18.0000   83.8056   37.1864
373.0000   39.0000   19.8157   13.6215
374.0000   85.0000   44.9699   1.6553
375.0000   49.0000   65.5841   64.8560
376.0000   63.0000   32.9536   65.4795
377.0000   99.0000   21.7795   12.9299
378.0000   46.0000   71.1258   60.6654
379.0000   51.0000   8.0343   37.6204
380.0000   51.0000   81.1779   21.3899
381.0000   67.0000   82.8672   57.1838
382.0000   79.0000   74.5228   27.1023
383.0000   46.0000   93.6967   87.1342
384.0000   48.0000   61.2818   4.7786
385.0000   49.0000   37.1505   48.0715
386.0000   80.0000   4.1725   35.4949
387.0000   53.0000   4.4772   18.1809
388.0000   84.0000   86.0811   22.5918
389.0000   60.0000   26.3639   4.4683
390.0000   72.0000   83.8015   16.3466
391.0000   83.0000   46.0105   57.4263
392.0000   53.0000   37.7976   33.6209
393.0000   22.0000   74.2036   30.3982
394.0000   52.0000   50.6519   16.9638
395.0000   30.0000   56.5280   92.5761
396.0000   46.0000   56.4349   67.1293
397.0000   45.0000   23.9692   58.6208
398.0000   99.0000   88.7256   62.8725
399.0000   10.0000   36.2623   34.6707
400.0000   16.0000   32.7875   88.0809
401.0000   54.0000   95.3881   27.4707
402.0000   70.0000   81.7000   51.1702
403.0000   50.0000   21.6796   94.1242
404.0000   30.0000   39.3526   45.4912
405.0000   53.0000   71.5624   59.4206
406.0000   65.0000   7.1189   7.3863
407.0000   43.0000   6.0028   62.3130
408.0000   24.0000   86.9739   3.4315
409.0000   25.0000   64.5083   93.9593
410.0000   36.0000   81.7603   49.5808
411.0000   84.0000   47.4143   59.6392
412.0000   60.0000   44.1403   46.1882
413.0000   69.0000   24.2432   95.8653
414.0000   75.0000   80.2259   19.0256
415.0000   52.0000   31.4726   7.0384
416.0000   72.0000   21.7434   58.8005
417.0000   36.0000   39.6827   27.3022
418.0000   14.0000   80.3508   35.9750
419.0000   58.0000   63.0297   50.2854
420.0000   92.0000   66.2224   24.4052
421.0000   19.0000   72.6733   97.0344
422.0000   78.0000   90.3743   12.6067
423.0000   80.0000   12.5380   32.5728
424.0000   22.0000   29.0387   88.7662
425.0000   16.0000   75.4041   88.3267
