0.0000   0.0000   0.0000   0.0000
1.0000   117.0000   1.6051   12.2913
2.0000   116.0000   34.2394   21.6076
3.0000   76.0000   25.4662   32.6174
4.0000   133.0000   38.2735   32.2063
5.0000   123.0000   24.4977   16.0932
6.0000   115.0000   41.2605   19.1385
7.0000   82.0000   11.3523   30.4897
8.0000   129.0000   37.5708   44.0020
9.0000   116.0000   44.8971   42.9142
10.0000   113.0000   28.8339   3.1304
11.0000   60.0000   44.9060   1.4053
12.0000   58.0000   41.8470   40.6639
13.0000   137.0000   13.7659   24.0073
14.0000   79.0000   6.7508   20.1826
15.0000   73.0000   26.3399   15.5111
16.0000   137.0000   32.0447   19.3348
17.0000   70.0000   10.6856   2.9390
18.0000   72.0000   6.9941   38.6726
19.0000   70.0000   12.6666   35.5029
20.0000   51.0000   15.4698   49.7208
21.0000   126.0000   8.0123   0.4924
22.0000   61.0000   32.7902   18.2317
23.0000   112.0000   3.6163   15.1153
24.0000   137.0000   35.8621   42.0402
25.0000   104.0000   2.6942   19.8664
26.0000   55.0000   34.7352   31.1669
27.0000   139.0000   49.5895   29.5253
28.0000   81.0000   24.1410   2.5993
29.0000   61.0000   41.9594   17.7906
30.0000   99.0000   42.9299   22.1734
31.0000   86.0000   25.9589   43.7815
32.0000   80.0000   2.4825   7.2364
33.0000   123.0000   15.6845   26.1919
34.0000   105.0000   18.3043   6.6954
35.0000   95.0000   24.1817   3.6511
36.0000   112.0000   19.5351   36.0275
37.0000   135.0000   38.8002   0.5068
38.0000   99.0000   42.8139   23.0820
39.0000   134.0000   38.4380   41.0510
40.0000   52.0000   5.6290   14.5082
41.0000   70.0000   30.4734   49.8089
42.0000   61.0000   43.9396   44.3514
43.0000   86.0000   43.9083   21.8146
44.0000   138.0000   7.8454   22.4741
45.0000   55.0000   6.5802   1.7254
46.0000   134.0000   4.7387   6.6396
47.0000   86.0000   46.7840   26.2109
48.0000   52.0000   39.2902   0.7363
49.0000   98.0000   36.3665   5.4476
50.0000   116.0000   27.7832   21.4139
51.0000   94.0000   36.7245   48.5362
52.0000   98.0000   25.0744   13.3744
53.0000   103.0000   12.3703   14.2980
54.0000   100.0000   38.5382   5.9075
55.0000   70.0000   26.5550   49.6577
56.0000   108.0000   44.9004   2.6082
57.0000   81.0000   29.5981   21.5050
58.0000   83.0000   24.2993   13.4001
59.0000   90.0000   23.8580   16.9900
60.0000   126.0000   42.3799   33.6228
61.0000   124.0000   9.5540   38.7021
62.0000   119.0000   13.5665   24.8257
63.0000   62.0000   21.9500   22.2198
64.0000   69.0000   40.8919   30.7013
65.0000   117.0000   33.4181   31.9266
66.0000   133.0000   5.0859   27.3607
67.0000   91.0000   15.6312   43.9349
68.0000   70.0000   2.2779   44.6343
69.0000   133.0000   36.8272   2.3727
70.0000   103.0000   47.9461   4.0939
71.0000   102.0000   4.9949   12.2027
72.0000   79.0000   35.2687   10.2177
73.0000   85.0000   41.1574   2.5049
74.0000   72.0000   49.6700   37.9547
75.0000   105.0000   43.5828   5.4748
76.0000   68.0000   36.8309   38.1089
77.0000   125.0000   42.9878   28.8302
78.0000   132.0000   31.6076   40.4918
79.0000   135.0000   20.9116   47.4735
80.0000   106.0000   19.6906   31.6437
81.0000   93.0000   30.9196   42.2836
82.0000   90.0000   13.0844   3.7923
83.0000   69.0000   9.9301   7.0765
84.0000   89.0000   47.6995   42.8050
85.0000   99.0000   44.0061   15.2251
86.0000   113.0000   44.2556   46.5753
87.0000   131.0000   16.3847   36.5934
88.0000   102.0000   45.2985   39.3404
89.0000   106.0000   8.1425   44.5915
90.0000   50.0000   3.4815   10.1100
91.0000   76.0000   19.0982   38.3192
92.0000   123.0000   6.6563   31.8049
93.0000   79.0000   37.7413   31.4461
94.0000   135.0000   45.0313   46.1851
95.0000   104.0000   20.5209   11.1911
96.0000   82.0000   24.3471   26.0592
97.0000   59.0000   18.0464   16.0947
98.0000   86.0000   43.5730   15.8502
99.0000   139.0000   24.6683   42.3379
100.0000   92.0000   6.1812   10.2272
101.0000   50.0000   27.1636   39.5262
102.0000   139.0000   4.1080   3.3994
103.0000   91.0000   5.6604   17.3529
104.0000   112.0000   7.1351   27.7486
105.0000   112.0000   46.1878   36.8284
106.0000   116.0000   0.7079   18.4206
107.0000   54.0000   28.5022   27.5769
108.0000   58.0000   20.1521   13.6463
109.0000   76.0000   24.9049   42.6939
110.0000   91.0000   13.7301   31.6391
111.0000   101.0000   4.8519   3.8994
112.0000   92.0000   36.1258   38.2650
113.0000   91.0000   8.6963   31.8978
114.0000   91.0000   39.2706   37.5863
115.0000   103.0000   44.6495   28.8612
116.0000   117.0000   5.3679   24.9714
117.0000   76.0000   34.9356   32.4246
118.0000   85.0000   29.5922   10.5548
119.0000   118.0000   19.1483   21.3271
120.0000   92.0000   14.9609   41.5989
121.0000   92.0000   15.5118   39.6957
122.0000   82.0000   32.8319   1.0192
123.0000   122.0000   13.3857   36.2226
124.0000   103.0000   29.4665   18.1342
125.0000   77.0000   8.9535   2.7912
126.0000   122.0000   17.8589   19.8008
127.0000   106.0000   7.1290   3.3971
128.0000   128.0000   29.4188   35.5528
129.0000   120.0000   2.1715   48.2331
130.0000   140.0000   21.0715   32.6313
131.0000   138.0000   43.0496   17.3850
132.0000   119.0000   31.1466   19.5376
133.0000   140.0000   16.8967   27.8667
134.0000   136.0000   37.5723   32.1406
135.0000   137.0000   48.8234   0.1052
136.0000   107.0000   22.9991   23.3702
137.0000   128.0000   41.4489   49.2136
138.0000   133.0000   35.0450   0.2741
139.0000   109.0000   31.3993   23.5284
140.0000   74.0000   15.0594   37.6106
141.0000   130.0000   44.4167   41.1945
142.0000   115.0000   46.2626   28.4755
143.0000   127.0000   23.9622   12.8290
144.0000   89.0000   3.3377   36.8585
145.0000   84.0000   15.6790   20.7853
146.0000   59.0000   49.4136   6.6600
147.0000   104.0000   8.3293   36.2079
148.0000   110.0000   45.1758   45.0416
149.0000   113.0000   24.7087   4.0158
150.0000   125.0000   1.2475   7.6261
151.0000   80.0000   38.2497   20.8486
152.0000   69.0000   35.1867   16.0772
153.0000   125.0000   20.8465   35.7385
154.0000   91.0000   9.9698   39.5386
155.0000   90.0000   12.0456   3.5557
156.0000   57.0000   24.2377   12.2336
157.0000   72.0000   23.9530   17.7901
158.0000   52.0000   16.3979   42.8746
159.0000   108.0000   2.5125   45.0656
160.0000   113.0000   13.0124   0.1026
161.0000   66.0000   34.8152   41.6933
162.0000   114.0000   18.2885   35.0437
163.0000   111.0000   26.6251   23.6970
164.0000   132.0000   32.5279   38.3597
165.0000   64.0000   30.0148   16.6443
166.0000   139.0000   36.1992   7.6367
167.0000   107.0000   21.5452   1.5085
168.0000   126.0000   16.9231   45.8049
169.0000   63.0000   39.6286   36.5993
170.0000   57.0000   48.6955   12.3412
171.0000   130.0000   28.5272   15.3895
172.0000   52.0000   6.2332   40.4972
173.0000   126.0000   22.3443   26.3097
174.0000   76.0000   10.5552   23.5175
175.0000   60.0000   14.2475   3.7135
176.0000   86.0000   0.4070   35.6615
177.0000   84.0000   18.3835   36.7624
178.0000   82.0000   46.9077   6.9441
179.0000   78.0000   2.4148   33.7941
180.0000   84.0000   2.7314   14.5173
181.0000   120.0000   45.8754   19.8337
182.0000   113.0000   23.9540   20.3177
183.0000   139.0000   41.9162   15.3912
184.0000   120.0000   19.3997   33.8242
185.0000   114.0000   36.0845   31.8103
186.0000   67.0000   31.0696   10.9388
187.0000   131.0000   0.9358   10.0694
188.0000   58.0000   38.9181   10.5346
189.0000   115.0000   43.8108   49.8804
190.0000   58.0000   8.6718   3.1390
191.0000   110.0000   20.0446   36.7853
192.0000   130.0000   14.5280   25.5586
193.0000   114.0000   28.3744   35.2286
194.0000   107.0000   30.8267   17.7627
195.0000   68.0000   46.5244   2.5873
196.0000   62.0000   1.0378   23.9655
197.0000   56.0000   15.3786   36.5037
198.0000   123.0000   2.6783   5.0156
199.0000   114.0000   9.1054   28.8522
200.0000   71.0000   32.7285   39.1676
201.0000   84.0000   45.9025   49.6723
202.0000   95.0000   39.6343   18.3472
203.0000   119.0000   30.8204   5.5599
204.0000   52.0000   3.0275   49.2490
205.0000   139.0000   37.1012   24.2182
206.0000   113.0000   7.9514   47.0012
207.0000   68.0000   0.0647   8.3944
208.0000   50.0000   0.8338   38.6212
209.0000   120.0000   26.4650   19.9355
210.0000   113.0000   24.4714   40.8229
211.0000   75.0000   42.7389   24.9298
212.0000   117.0000   7.8913   11.9804
213.0000   64.0000   37.9481   43.0611
214.0000   114.0000   26.0650   11.0643
215.0000   68.0000   0.5155   0.0846
216.0000   109.0000   7.4246   27.7642
217.0000   133.0000   41.8668   24.5064
218.0000   87.0000   24.8687   10.2199
219.0000   61.0000   34.1410   24.3776
220.0000   116.0000   45.7415   46.3813
221.0000   77.0000   29.6258   4.7879
222.0000   108.0000   8.5293   19.5916
223.0000   102.0000   15.6894   5.7792
224.0000   112.0000   0.2282   30.3632
225.0000   108.0000   14.1791   13.7446
