0.0000   0.0000   0.0000   0.0000
1.0000   127.0000   7.1732   28.6444
2.0000   101.0000   42.1375   26.7416
3.0000   78.0000   23.9179   7.8054
4.0000   96.0000   9.3554   46.6761
5.0000   96.0000   1.3021   25.7555
6.0000   94.0000   32.4227   0.0071
7.0000   96.0000   49.3828   25.3648
8.0000   99.0000   16.0812   7.6540
9.0000   139.0000   20.9625   26.4346
10.0000   78.0000   20.7408   26.7068
11.0000   74.0000   48.9723   31.5777
12.0000   135.0000   46.7897   33.4932
13.0000   138.0000   31.0595   16.7746
14.0000   85.0000   39.4365   31.1294
15.0000   116.0000   37.3613   18.9640
16.0000   111.0000   42.0442   31.4857
17.0000   136.0000   25.3721   38.0106
18.0000   117.0000   48.7922   45.6719
19.0000   118.0000   47.5058   11.7278
20.0000   105.0000   49.7627   48.5819
21.0000   69.0000   6.9341   10.8540
22.0000   117.0000   25.6166   30.4173
23.0000   89.0000   11.8842   0.0882
24.0000   109.0000   33.9849   32.1950
25.0000   70.0000   44.2152   17.9485
26.0000   133.0000   26.6650   30.6626
27.0000   69.0000   19.7580   2.4319
28.0000   131.0000   38.6689   33.6917
29.0000   101.0000   39.6959   23.6447
30.0000   64.0000   36.4905   40.9812
31.0000   58.0000   25.4734   44.4970
32.0000   137.0000   2.8776   23.5821
33.0000   115.0000   26.3681   43.6223
34.0000   91.0000   49.1342   17.1026
35.0000   55.0000   31.2752   39.4895
36.0000   79.0000   25.0174   26.6519
37.0000   110.0000   12.3408   23.3326
38.0000   108.0000   5.3420   43.4536
39.0000   93.0000   1.3313   0.6295
40.0000   80.0000   15.6737   0.8262
41.0000   128.0000   25.8094   15.0211
42.0000   84.0000   26.5606   49.1040
43.0000   104.0000   16.0629   6.7995
44.0000   129.0000   17.7123   12.6721
45.0000   112.0000   4.7011   27.9575
46.0000   118.0000   45.1944   33.2597
47.0000   55.0000   17.2267   40.1601
48.0000   114.0000   45.7327   30.6163
49.0000   64.0000   18.8690   36.8603
50.0000   114.0000   0.2270   42.0628
51.0000   91.0000   13.8782   40.2957
52.0000   66.0000   48.7154   29.3088
53.0000   86.0000   39.2143   35.2126
54.0000   121.0000   25.6372   48.8565
55.0000   70.0000   10.9280   8.1787
56.0000   50.0000   45.4619   14.7860
57.0000   137.0000   18.5804   14.6272
58.0000   75.0000   32.8006   38.1046
59.0000   69.0000   23.1252   30.0451
60.0000   140.0000   29.6979   39.2599
61.0000   130.0000   39.6535   37.1557
62.0000   133.0000   0.8703   4.1215
63.0000   134.0000   20.3928   32.8366
64.0000   101.0000   21.5250   19.3137
65.0000   67.0000   41.2023   31.0382
66.0000   106.0000   40.2975   47.5327
67.0000   71.0000   32.6424   39.1995
68.0000   84.0000   12.5403   40.4998
69.0000   87.0000   17.1905   20.1248
70.0000   135.0000   49.7997   8.0691
71.0000   92.0000   11.8593   37.9702
72.0000   125.0000   46.1136   37.0031
73.0000   84.0000   22.4271   48.5953
74.0000   112.0000   37.8451   38.5849
75.0000   80.0000   23.8339   4.3966
76.0000   115.0000   45.2430   7.1315
77.0000   82.0000   14.9312   41.6583
78.0000   131.0000   22.4600   29.7403
79.0000   66.0000   31.5627   35.0934
80.0000   51.0000   45.8342   23.7968
81.0000   133.0000   6.1290   4.1072
82.0000   131.0000   3.4258   18.3878
83.0000   81.0000   47.6936   2.9707
84.0000   70.0000   41.4867   3.7617
85.0000   130.0000   8.7024   0.5485
86.0000   87.0000   10.0475   44.4812
87.0000   78.0000   31.7949   27.5345
88.0000   71.0000   5.5311   5.1608
89.0000   71.0000   15.9560   13.7296
90.0000   56.0000   44.2403   15.6430
91.0000   71.0000   23.7299   5.8298
92.0000   128.0000   15.2330   23.4389
93.0000   136.0000   7.4959   8.8447
94.0000   78.0000   36.5159   45.1825
95.0000   56.0000   44.3737   32.3400
96.0000   60.0000   35.5967   37.8856
97.0000   137.0000   9.8594   34.4816
98.0000   59.0000   22.7808   31.1184
99.0000   57.0000   0.6013   0.1905
100.0000   63.0000   3.8619   49.2001
101.0000   59.0000   4.8662   21.1578
102.0000   111.0000   39.6773   43.8052
103.0000   66.0000   35.0431   11.3133
104.0000   106.0000   15.1991   26.1109
105.0000   107.0000   4.3355   44.8040
106.0000   90.0000   3.9033   4.3393
107.0000   113.0000   46.4821   42.3455
108.0000   70.0000   28.8514   33.0567
109.0000   124.0000   0.1106   38.6713
110.0000   139.0000   0.8812   11.2352
111.0000   93.0000   31.6108   17.7555
112.0000   74.0000   39.8694   7.4717
113.0000   62.0000   0.9430   22.9070
114.0000   68.0000   48.9399   6.6304
115.0000   110.0000   1.2201   35.3124
116.0000   65.0000   8.4319   30.9309
117.0000   64.0000   37.2603   49.5773
118.0000   86.0000   47.8461   8.2978
119.0000   63.0000   44.6074   48.8949
120.0000   74.0000   37.8116   41.2934
121.0000   104.0000   42.0772   45.9234
122.0000   102.0000   10.4580   26.5928
123.0000   72.0000   16.8797   40.4260
124.0000   137.0000   40.3354   5.0054
125.0000   65.0000   11.5059   37.5701
126.0000   87.0000   12.6481   23.6181
127.0000   69.0000   8.6141   49.6947
128.0000   107.0000   40.8883   20.5736
129.0000   77.0000   7.0461   45.3169
130.0000   112.0000   27.9209   5.8968
131.0000   98.0000   28.5526   6.0090
132.0000   59.0000   40.5387   25.1128
133.0000   76.0000   48.0353   43.0380
134.0000   104.0000   46.1518   21.2002
135.0000   79.0000   20.5817   11.5198
136.0000   105.0000   7.9124   15.7486
137.0000   80.0000   15.9319   14.8464
138.0000   95.0000   49.5685   0.1471
139.0000   67.0000   36.8395   37.1717
140.0000   131.0000   40.0159   2.1274
141.0000   77.0000   41.3427   24.7808
142.0000   62.0000   40.1806   42.9968
143.0000   80.0000   8.1613   9.0703
144.0000   139.0000   15.4211   39.4634
145.0000   93.0000   5.9681   19.0634
146.0000   127.0000   19.3776   0.8418
147.0000   98.0000   44.3816   48.7177
148.0000   111.0000   11.5392   25.1371
149.0000   104.0000   33.2655   38.7292
150.0000   109.0000   42.1411   20.2170
151.0000   51.0000   17.7061   29.1611
152.0000   66.0000   20.6219   28.4380
153.0000   100.0000   23.0193   5.9477
154.0000   81.0000   6.6272   23.6983
155.0000   91.0000   14.2754   2.1840
156.0000   102.0000   13.9572   33.5596
157.0000   135.0000   19.4822   49.6005
158.0000   103.0000   34.8776   43.0124
159.0000   124.0000   20.5301   48.6039
160.0000   68.0000   6.1418   32.8849
161.0000   63.0000   42.7001   30.7737
162.0000   140.0000   15.7088   29.7427
163.0000   101.0000   19.8621   25.6677
164.0000   98.0000   26.9751   15.8951
165.0000   108.0000   18.9090   40.8514
166.0000   131.0000   22.5120   43.6884
167.0000   65.0000   39.3646   32.3693
168.0000   60.0000   4.4632   7.9471
169.0000   100.0000   6.1509   1.9777
170.0000   110.0000   13.3666   19.3042
171.0000   69.0000   22.0550   4.1202
172.0000   70.0000   20.1833   39.0573
173.0000   60.0000   19.7284   43.0872
174.0000   99.0000   26.5431   43.0623
175.0000   58.0000   39.4279   32.4273
176.0000   105.0000   25.0859   7.0806
177.0000   87.0000   3.5378   39.5354
178.0000   68.0000   42.1583   46.2375
179.0000   136.0000   1.4769   33.5913
180.0000   130.0000   1.5519   25.2399
181.0000   59.0000   5.2525   7.3502
182.0000   106.0000   38.4771   0.9417
183.0000   102.0000   3.4283   24.5234
184.0000   60.0000   0.5804   32.3458
185.0000   125.0000   13.9285   44.4348
186.0000   111.0000   13.9843   2.2956
187.0000   118.0000   38.2498   9.6229
188.0000   135.0000   36.7745   43.4614
189.0000   135.0000   45.3797   11.5249
190.0000   140.0000   45.9328   45.1593
191.0000   96.0000   36.5559   36.7598
192.0000   78.0000   28.3719   40.4544
193.0000   118.0000   23.2806   21.2335
194.0000   96.0000   37.3488   14.3382
195.0000   103.0000   35.9235   20.7941
196.0000   131.0000   42.7377   39.0446
197.0000   77.0000   5.3209   35.9785
198.0000   80.0000   11.0460   40.4956
199.0000   88.0000   0.8066   29.7707
200.0000   120.0000   24.6023   44.0395
201.0000   89.0000   39.3390   12.9387
202.0000   96.0000   36.7928   48.9054
203.0000   138.0000   28.3063   15.5967
204.0000   119.0000   40.9631   6.6622
205.0000   77.0000   46.8783   2.0922
206.0000   135.0000   37.2692   29.9070
207.0000   110.0000   19.0907   47.9086
208.0000   94.0000   38.5904   35.4260
209.0000   54.0000   5.7761   31.9534
210.0000   62.0000   48.5158   23.4692
211.0000   123.0000   45.2155   20.0997
212.0000   63.0000   35.1385   37.8436
213.0000   135.0000   34.3797   8.7689
214.0000   84.0000   20.0317   41.1068
215.0000   51.0000   16.4744   26.4465
216.0000   111.0000   44.4300   2.3739
217.0000   93.0000   47.7301   34.1003
218.0000   124.0000   29.3258   6.5048
219.0000   94.0000   43.1673   47.2919
220.0000   115.0000   30.3593   25.5882
221.0000   79.0000   32.0889   40.3226
222.0000   53.0000   23.7831   31.0102
223.0000   101.0000   26.9716   46.0118
224.0000   135.0000   23.6242   27.5815
225.0000   140.0000   34.1899   30.3974
226.0000   63.0000   1.5886   44.1721
227.0000   98.0000   41.3467   22.3630
228.0000   105.0000   11.0619   24.9960
229.0000   105.0000   39.9310   31.0245
230.0000   61.0000   45.0082   17.5007
231.0000   86.0000   23.2023   40.2118
232.0000   122.0000   42.7569   19.1885
233.0000   54.0000   23.4345   43.6720
234.0000   131.0000   2.9788   48.3074
235.0000   105.0000   1.0298   35.6733
236.0000   91.0000   48.9204   34.1553
237.0000   120.0000   33.2016   12.1847
238.0000   94.0000   16.5922   10.5467
239.0000   87.0000   32.4135   49.2983
240.0000   60.0000   16.5913   31.8038
241.0000   113.0000   45.0628   15.8129
242.0000   120.0000   38.7019   49.0930
243.0000   135.0000   9.5865   27.8015
244.0000   106.0000   30.3705   10.3879
245.0000   52.0000   18.6347   1.0783
246.0000   75.0000   48.8716   1.9746
247.0000   67.0000   14.5846   46.6527
248.0000   116.0000   39.0657   20.3948
249.0000   85.0000   5.8357   17.8407
250.0000   52.0000   22.7475   34.6017
251.0000   91.0000   8.5960   8.6197
252.0000   129.0000   25.3287   0.9626
253.0000   71.0000   8.6778   44.6790
254.0000   101.0000   6.1398   40.2317
255.0000   51.0000   0.0684   22.1941
256.0000   64.0000   4.3408   40.0202
257.0000   129.0000   31.2720   20.4521
258.0000   50.0000   8.7176   48.2394
259.0000   113.0000   47.5830   39.8842
260.0000   119.0000   39.9926   38.5285
261.0000   110.0000   3.3499   37.8384
262.0000   81.0000   5.5613   39.3351
263.0000   62.0000   19.7802   47.5072
264.0000   91.0000   48.3525   41.1374
265.0000   77.0000   27.5230   43.1535
266.0000   62.0000   39.6066   43.2388
267.0000   91.0000   7.8341   9.3675
268.0000   59.0000   8.2148   41.8753
269.0000   86.0000   39.8045   16.4998
270.0000   100.0000   9.5608   16.3794
271.0000   76.0000   14.5361   16.9439
272.0000   59.0000   21.0430   23.6081
273.0000   96.0000   24.0930   16.8160
274.0000   122.0000   27.6855   6.8738
275.0000   65.0000   21.2374   38.7333
