0.0000   0.0000   50.0000   50.0000
1.0000   42.0000   95.7829   94.1209
2.0000   72.0000   15.1868   47.3454
3.0000   14.0000   96.1206   98.3647
4.0000   94.0000   84.8326   24.6896
5.0000   78.0000   94.2442   73.8966
6.0000   69.0000   86.5181   4.0084
7.0000   45.0000   78.6109   34.4829
8.0000   12.0000   90.1715   18.2198
9.0000   28.0000   9.1464   11.0848
10.0000   86.0000   68.8579   16.0599
11.0000   111.0000   79.4835   85.9463
12.0000   33.0000   72.0973   85.5778
13.0000   49.0000   55.8176   61.3700
14.0000   78.0000   26.8863   44.5534
15.0000   29.0000   40.0627   22.8004
16.0000   22.0000   73.1411   25.3054
17.0000   79.0000   82.3974   87.3488
18.0000   117.0000   72.1765   3.0910
19.0000   40.0000   63.4308   65.9322
20.0000   27.0000   46.7121   99.0875
21.0000   10.0000   18.1212   97.5669
22.0000   33.0000   85.7776   3.4123
23.0000   46.0000   49.1304   91.3897
24.0000   96.0000   48.1706   99.1775
25.0000   70.0000   83.3454   58.8838
26.0000   111.0000   78.4562   91.8846
27.0000   70.0000   47.7628   61.2438
28.0000   114.0000   10.7989   22.1013
29.0000   78.0000   72.2793   49.3120
30.0000   75.0000   36.3588   4.8164
31.0000   27.0000   78.5633   69.2474
32.0000   102.0000   77.8305   81.1410
33.0000   109.0000   2.7702   19.3088
34.0000   51.0000   50.8581   20.9791
35.0000   19.0000   34.4714   99.2327
36.0000   80.0000   40.1536   66.5601
37.0000   81.0000   64.1612   40.0072
38.0000   118.0000   90.6499   48.4097
39.0000   94.0000   51.8776   94.7112
40.0000   99.0000   76.1068   75.9522
41.0000   75.0000   98.2850   36.9016
42.0000   66.0000   39.4424   72.5114
43.0000   10.0000   0.8830   76.9288
44.0000   116.0000   28.0257   26.6650
45.0000   25.0000   50.1683   29.3248
46.0000   18.0000   11.2406   69.3356
47.0000   94.0000   75.2719   68.9257
48.0000   102.0000   62.0348   39.4400
49.0000   30.0000   78.0334   91.0977
50.0000   106.0000   40.9150   94.8258
51.0000   41.0000   34.7218   25.6057
52.0000   25.0000   76.9631   48.5123
53.0000   52.0000   5.1108   64.3333
54.0000   109.0000   56.9859   6.0543
55.0000   46.0000   63.8369   27.0355
56.0000   112.0000   70.6542   52.9580
57.0000   59.0000   83.9145   57.7960
58.0000   90.0000   84.5815   8.4539
59.0000   29.0000   74.3903   23.0160
60.0000   22.0000   38.0513   51.8473
61.0000   33.0000   30.3124   33.3809
62.0000   61.0000   45.4377   51.4605
63.0000   12.0000   91.4081   0.5539
64.0000   57.0000   45.7928   56.4556
65.0000   13.0000   36.2536   52.2987
66.0000   95.0000   94.4276   81.8242
67.0000   41.0000   91.3321   20.4783
68.0000   33.0000   14.2374   34.0304
69.0000   21.0000   78.4639   19.5078
70.0000   78.0000   38.8867   11.7497
71.0000   109.0000   85.6991   1.1705
72.0000   92.0000   45.4437   32.3725
73.0000   38.0000   85.3221   65.5391
74.0000   93.0000   15.9775   83.1390
75.0000   83.0000   5.5106   51.7889
76.0000   98.0000   81.6040   93.7147
77.0000   72.0000   40.8784   1.4603
78.0000   47.0000   99.0879   24.9909
79.0000   54.0000   22.6241   42.8291
80.0000   116.0000   97.0895   62.9376
81.0000   21.0000   95.9870   58.5111
82.0000   48.0000   37.4820   21.7799
83.0000   78.0000   22.2966   98.3718
84.0000   91.0000   40.0534   63.1211
85.0000   60.0000   27.9831   18.2056
86.0000   113.0000   92.9304   25.1278
87.0000   53.0000   81.5850   65.9460
88.0000   25.0000   5.5693   89.6387
89.0000   26.0000   58.6700   83.9031
90.0000   53.0000   40.8320   44.8411
91.0000   42.0000   96.6262   65.8555
92.0000   43.0000   33.7803   84.0278
93.0000   40.0000   39.4234   29.2853
94.0000   20.0000   2.0919   58.8828
95.0000   116.0000   78.5838   73.6806
96.0000   117.0000   49.9064   65.1799
97.0000   96.0000   6.6274   77.9188
98.0000   84.0000   81.3552   47.2700
99.0000   99.0000   83.9092   25.5786
100.0000   99.0000   18.8521   70.3445
101.0000   21.0000   70.2629   11.1325
102.0000   116.0000   95.7122   1.6273
103.0000   78.0000   94.0905   90.5746
104.0000   101.0000   70.4790   63.5913
105.0000   19.0000   5.2410   52.1758
106.0000   64.0000   56.2681   35.9159
107.0000   41.0000   57.2389   65.4779
108.0000   97.0000   61.0636   82.5903
109.0000   103.0000   11.8649   95.7608
110.0000   72.0000   98.7059   11.3011
111.0000   70.0000   98.3065   25.6328
112.0000   34.0000   26.5570   89.9768
113.0000   16.0000   36.1352   86.4731
114.0000   119.0000   4.8079   95.2303
115.0000   35.0000   38.8120   73.4244
116.0000   94.0000   55.2023   43.3016
117.0000   71.0000   81.9392   16.2202
118.0000   100.0000   82.2419   10.4419
119.0000   17.0000   84.6536   0.7609
120.0000   78.0000   69.2225   89.8422
121.0000   74.0000   35.5128   34.5597
122.0000   79.0000   32.1940   98.3771
123.0000   86.0000   54.3184   74.9260
124.0000   62.0000   86.7652   10.5938
125.0000   52.0000   58.0598   20.2255
126.0000   95.0000   24.5810   93.9788
127.0000   75.0000   12.7456   10.0623
128.0000   67.0000   35.3850   65.5178
129.0000   81.0000   82.7579   96.5194
130.0000   71.0000   59.1624   96.7509
131.0000   78.0000   43.7564   12.8760
132.0000   91.0000   56.2232   11.7252
133.0000   24.0000   52.2006   52.1626
134.0000   19.0000   12.8619   89.1299
135.0000   36.0000   44.0775   33.7117
136.0000   61.0000   32.0097   61.2208
137.0000   113.0000   72.3678   35.2706
138.0000   51.0000   31.2216   21.6378
139.0000   32.0000   22.1081   85.0452
140.0000   40.0000   39.8604   29.9762
141.0000   112.0000   61.5418   17.1620
142.0000   100.0000   93.0288   0.5549
143.0000   92.0000   45.7162   35.1137
144.0000   26.0000   25.1407   9.1413
145.0000   76.0000   55.4245   40.2455
146.0000   64.0000   60.5041   59.1774
147.0000   49.0000   33.2995   4.5071
148.0000   48.0000   59.2878   84.7944
149.0000   68.0000   86.6089   67.2331
150.0000   67.0000   20.1286   37.2538
151.0000   47.0000   0.2648   69.4540
152.0000   97.0000   22.4104   14.6771
153.0000   87.0000   48.3487   46.7784
154.0000   57.0000   1.3818   11.0657
155.0000   43.0000   1.3461   96.2777
156.0000   66.0000   48.3012   49.1881
157.0000   12.0000   17.0278   66.7724
158.0000   109.0000   48.7044   23.2410
159.0000   11.0000   67.6025   26.1771
160.0000   50.0000   34.3169   65.6299
161.0000   82.0000   33.7243   13.6866
162.0000   92.0000   57.5136   61.5285
163.0000   93.0000   73.7359   79.6893
164.0000   91.0000   32.7529   61.4068
165.0000   19.0000   64.3915   48.8116
166.0000   27.0000   32.5809   53.5771
167.0000   40.0000   72.5322   52.9992
168.0000   66.0000   5.4694   72.1087
169.0000   98.0000   46.9711   41.5083
170.0000   16.0000   99.7080   98.9364
171.0000   45.0000   76.7290   85.8819
172.0000   80.0000   10.3738   27.0083
173.0000   108.0000   59.5829   72.7525
174.0000   21.0000   89.1115   23.0275
175.0000   45.0000   9.6691   25.2541
176.0000   36.0000   37.7697   10.4644
177.0000   50.0000   21.6401   96.5666
178.0000   118.0000   31.7111   75.2774
179.0000   16.0000   19.7221   12.5951
180.0000   89.0000   72.3629   75.0612
181.0000   90.0000   17.1289   47.1524
182.0000   21.0000   20.5324   6.2682
183.0000   110.0000   35.8351   39.1239
184.0000   76.0000   21.7765   4.1934
185.0000   86.0000   89.0367   8.3214
186.0000   94.0000   45.9039   13.9912
187.0000   31.0000   92.2358   11.7192
188.0000   109.0000   61.1107   10.4746
189.0000   104.0000   55.7984   72.7116
190.0000   93.0000   16.8836   45.7934
191.0000   86.0000   41.3493   81.6539
192.0000   37.0000   37.4221   0.7290
193.0000   115.0000   39.8063   67.1045
194.0000   89.0000   4.2065   13.2185
195.0000   51.0000   43.3431   73.1672
196.0000   107.0000   49.9062   33.4702
197.0000   111.0000   94.7544   40.4401
198.0000   67.0000   91.0293   68.5744
199.0000   58.0000   22.0296   66.7523
200.0000   15.0000   52.7429   63.1065
201.0000   57.0000   28.8772   49.6165
202.0000   30.0000   45.5735   62.9743
203.0000   99.0000   76.7141   43.5592
204.0000   93.0000   67.1267   12.1660
205.0000   64.0000   9.2655   44.3790
206.0000   75.0000   84.7985   64.3528
207.0000   114.0000   51.1207   99.8621
208.0000   113.0000   63.4906   45.6043
209.0000   93.0000   54.3935   1.1089
210.0000   50.0000   89.2153   89.4973
211.0000   112.0000   43.8076   61.4217
212.0000   83.0000   3.0776   2.2960
213.0000   107.0000   62.0900   50.8177
214.0000   107.0000   38.9212   61.8818
215.0000   108.0000   13.8308   24.8460
216.0000   103.0000   64.9519   34.0935
217.0000   87.0000   80.8519   1.8403
218.0000   68.0000   27.8115   71.8815
219.0000   28.0000   56.0380   40.7744
220.0000   61.0000   96.3009   0.8219
221.0000   42.0000   38.1730   14.2079
222.0000   27.0000   71.6639   92.1484
223.0000   38.0000   26.2569   97.7652
224.0000   49.0000   60.2884   64.2536
225.0000   43.0000   32.4733   94.2872
226.0000   98.0000   53.1717   4.6031
227.0000   55.0000   90.0440   37.9386
228.0000   19.0000   5.0616   33.9343
229.0000   114.0000   63.4461   77.5382
230.0000   80.0000   14.3309   9.3349
231.0000   112.0000   21.8685   90.6828
232.0000   106.0000   61.5820   60.3042
233.0000   58.0000   52.2889   24.5803
234.0000   95.0000   71.9080   30.1396
235.0000   77.0000   89.4084   10.8492
236.0000   65.0000   75.8889   88.7912
237.0000   38.0000   68.6570   9.8968
238.0000   47.0000   49.0873   47.0520
239.0000   75.0000   55.7226   44.0140
240.0000   42.0000   41.8016   46.3589
241.0000   96.0000   22.5170   24.1107
242.0000   16.0000   42.8081   40.4976
243.0000   50.0000   36.9002   69.3606
244.0000   17.0000   21.1675   23.1122
245.0000   16.0000   36.4581   44.9400
246.0000   77.0000   45.8309   41.8155
247.0000   79.0000   35.3475   52.6732
248.0000   113.0000   9.3878   39.8437
249.0000   103.0000   72.9656   55.8689
250.0000   30.0000   84.8795   6.7388
251.0000   108.0000   62.8408   9.4668
252.0000   92.0000   10.8414   71.2912
253.0000   42.0000   27.0124   91.7399
254.0000   52.0000   66.1999   67.6510
255.0000   38.0000   21.5094   61.6123
256.0000   35.0000   51.7058   31.1061
257.0000   98.0000   0.2739   7.1235
258.0000   114.0000   13.2535   32.1844
259.0000   13.0000   40.7171   8.0315
260.0000   13.0000   50.3297   50.8123
261.0000   117.0000   2.0882   88.9938
262.0000   20.0000   30.7811   8.3090
263.0000   63.0000   21.3588   97.0372
264.0000   37.0000   31.1886   75.2382
265.0000   99.0000   45.9137   25.6771
266.0000   10.0000   67.2354   11.5579
267.0000   69.0000   64.1209   49.6983
268.0000   17.0000   18.0641   76.5889
269.0000   37.0000   94.4479   72.7419
270.0000   32.0000   28.0633   73.7767
271.0000   44.0000   14.0889   30.3808
272.0000   108.0000   41.9770   85.0206
273.0000   43.0000   45.5281   93.5655
274.0000   83.0000   85.7095   44.8657
275.0000   50.0000   47.4048   26.7119
276.0000   103.0000   92.6824   38.8696
277.0000   111.0000   70.9986   61.5080
278.0000   47.0000   91.0910   48.3515
279.0000   89.0000   99.6360   59.3754
280.0000   38.0000   79.2755   28.0070
281.0000   14.0000   91.4197   94.2744
282.0000   17.0000   63.6036   21.7281
283.0000   77.0000   42.0159   10.4595
284.0000   22.0000   12.9330   34.6710
285.0000   10.0000   40.9219   49.0695
286.0000   102.0000   21.8669   35.4704
287.0000   105.0000   90.1791   47.8180
288.0000   64.0000   17.1104   60.5823
289.0000   14.0000   43.4005   2.8974
290.0000   72.0000   58.7430   60.5092
291.0000   65.0000   93.0898   6.9397
292.0000   119.0000   61.9588   62.0138
293.0000   64.0000   19.0942   82.4887
294.0000   112.0000   42.1430   63.4512
295.0000   70.0000   7.8705   94.4726
296.0000   35.0000   98.9548   90.9034
297.0000   12.0000   94.8217   39.5960
298.0000   29.0000   25.4120   60.6704
299.0000   72.0000   33.6531   80.5643
300.0000   75.0000   42.6457   28.9016
