0.0000   0.0000   50.0000   50.0000
1.0000   17.0000   15.3618   94.7372
2.0000   78.0000   60.2284   5.4117
3.0000   10.0000   55.9259   42.0739
4.0000   51.0000   28.8249   98.6028
5.0000   85.0000   21.9343   27.9017
6.0000   86.0000   52.0175   3.6850
7.0000   84.0000   97.7462   8.7813
8.0000   76.0000   4.8926   8.8467
9.0000   44.0000   93.4382   42.2413
10.0000   45.0000   88.5873   48.1563
11.0000   109.0000   72.3422   37.4272
12.0000   86.0000   32.0602   37.8202
13.0000   57.0000   89.5487   94.8107
14.0000   40.0000   91.2130   35.3805
15.0000   46.0000   81.8073   65.8362
16.0000   12.0000   10.3678   33.5335
17.0000   10.0000   19.9829   42.9042
18.0000   37.0000   52.5857   75.3325
19.0000   58.0000   39.0506   64.9159
20.0000   25.0000   72.3136   36.2645
21.0000   34.0000   72.9321   95.3488
22.0000   117.0000   44.3113   65.2723
23.0000   30.0000   44.7686   5.1354
24.0000   42.0000   36.1421   99.0196
25.0000   57.0000   60.0872   1.5484
26.0000   10.0000   94.0617   58.6719
27.0000   33.0000   62.1421   33.6133
28.0000   75.0000   15.6448   57.3753
29.0000   11.0000   89.6316   71.8793
30.0000   43.0000   5.8315   62.2128
31.0000   93.0000   36.6414   96.2214
32.0000   14.0000   76.7098   0.6702
33.0000   74.0000   96.2050   97.4818
34.0000   28.0000   67.4792   6.0036
35.0000   29.0000   81.1438   54.4144
36.0000   66.0000   47.5271   4.2076
37.0000   65.0000   5.2683   38.7098
38.0000   14.0000   65.8510   42.4133
39.0000   17.0000   17.7257   84.9807
40.0000   60.0000   11.0623   18.1857
41.0000   63.0000   37.0919   26.9945
42.0000   69.0000   51.4818   40.0399
43.0000   111.0000   20.4430   18.9744
44.0000   65.0000   32.2400   26.8354
45.0000   114.0000   50.0238   68.6220
46.0000   46.0000   72.3375   83.1988
47.0000   110.0000   40.6699   25.1954
48.0000   98.0000   97.5993   49.1882
49.0000   94.0000   7.4895   73.2451
50.0000   20.0000   50.5242   94.8352
51.0000   11.0000   65.4367   96.0806
52.0000   22.0000   36.5632   60.8491
53.0000   79.0000   1.7282   77.1590
54.0000   76.0000   44.8739   55.4345
55.0000   45.0000   5.6409   96.5312
56.0000   101.0000   9.6002   7.6188
57.0000   26.0000   72.2513   53.8611
58.0000   16.0000   24.9075   75.3300
59.0000   110.0000   43.3950   4.6261
60.0000   57.0000   52.0187   81.5872
61.0000   76.0000   13.4980   55.3011
62.0000   111.0000   38.2661   82.3877
63.0000   80.0000   51.3211   30.7061
64.0000   94.0000   6.2767   44.3620
65.0000   76.0000   37.1400   60.6170
66.0000   120.0000   64.6641   31.7664
67.0000   111.0000   76.2720   86.9357
68.0000   96.0000   33.5831   46.0008
69.0000   110.0000   17.8833   20.0177
70.0000   109.0000   77.4804   38.6599
71.0000   45.0000   44.9867   98.3194
72.0000   83.0000   7.6521   61.5252
73.0000   100.0000   12.3873   5.7326
74.0000   78.0000   81.0986   44.3831
75.0000   53.0000   31.8359   0.8071
76.0000   97.0000   82.1478   2.6064
77.0000   113.0000   36.1886   76.1339
78.0000   37.0000   34.1707   31.8227
79.0000   84.0000   53.0245   68.1305
80.0000   72.0000   49.6728   90.1396
81.0000   47.0000   85.5255   47.1431
82.0000   66.0000   2.8842   15.6048
83.0000   50.0000   65.5381   11.7331
84.0000   87.0000   89.1657   74.6706
85.0000   120.0000   38.9962   0.7863
86.0000   87.0000   56.2908   70.2026
87.0000   20.0000   92.0353   6.7667
88.0000   72.0000   35.5533   25.5796
89.0000   17.0000   14.5605   80.6930
90.0000   16.0000   21.9278   34.4005
91.0000   21.0000   77.5931   29.8449
92.0000   10.0000   42.7314   36.8927
93.0000   106.0000   37.9566   53.7888
94.0000   32.0000   25.7959   1.8231
95.0000   92.0000   33.1363   17.7908
96.0000   116.0000   88.8505   9.5940
97.0000   104.0000   82.0528   66.0074
98.0000   97.0000   54.2693   92.9193
99.0000   85.0000   2.5352   50.8863
100.0000   82.0000   35.6366   57.1216
101.0000   40.0000   24.4003   27.3307
102.0000   87.0000   16.4124   65.8693
103.0000   49.0000   24.6819   97.1065
104.0000   118.0000   26.5475   34.3257
105.0000   67.0000   6.5276   71.5632
106.0000   63.0000   76.9923   81.7770
107.0000   82.0000   14.9409   70.1228
108.0000   83.0000   24.0982   1.4486
109.0000   80.0000   7.8881   75.5946
110.0000   12.0000   8.7492   67.9146
111.0000   19.0000   49.1299   84.5015
112.0000   30.0000   87.7131   41.7575
113.0000   18.0000   60.0066   41.6512
114.0000   104.0000   54.1224   77.3655
115.0000   85.0000   30.1350   30.6346
116.0000   115.0000   83.3392   39.1708
117.0000   55.0000   38.1713   3.8916
118.0000   120.0000   76.9985   2.9288
119.0000   71.0000   8.4842   75.3215
120.0000   11.0000   51.6748   53.6367
121.0000   73.0000   12.7443   10.5630
122.0000   11.0000   64.0952   45.3792
123.0000   13.0000   31.1942   43.2129
124.0000   71.0000   93.3397   55.2964
125.0000   58.0000   77.7479   4.2211
126.0000   120.0000   20.3358   6.1581
127.0000   52.0000   47.9653   36.8465
128.0000   94.0000   85.5602   28.8484
129.0000   25.0000   4.3091   12.6098
130.0000   37.0000   54.4990   83.7430
131.0000   77.0000   98.2783   64.6282
132.0000   53.0000   58.9280   58.1766
133.0000   47.0000   8.1464   74.0518
134.0000   25.0000   25.0146   74.4319
135.0000   29.0000   79.5926   58.5267
136.0000   117.0000   20.6004   62.0390
137.0000   119.0000   60.1511   52.4167
138.0000   86.0000   18.3884   78.8426
139.0000   34.0000   16.4932   77.7292
140.0000   56.0000   7.3495   87.4761
141.0000   115.0000   19.4324   6.2257
142.0000   38.0000   41.8599   49.1553
143.0000   88.0000   19.9107   87.8290
144.0000   85.0000   68.9539   37.2549
145.0000   77.0000   37.7282   83.1178
146.0000   105.0000   33.8086   74.2944
147.0000   15.0000   83.4829   28.4041
148.0000   63.0000   44.8473   34.7208
149.0000   25.0000   59.0791   50.5585
150.0000   35.0000   27.0514   93.5413
151.0000   115.0000   74.9606   74.8848
152.0000   59.0000   3.1818   5.0170
153.0000   71.0000   73.3644   72.1582
154.0000   80.0000   71.7163   23.5266
155.0000   48.0000   95.6527   2.1096
156.0000   77.0000   29.3205   5.2389
157.0000   33.0000   23.4314   76.2206
158.0000   110.0000   48.9174   33.2113
159.0000   12.0000   52.7255   56.6727
160.0000   30.0000   40.2192   62.4078
161.0000   82.0000   21.4775   2.6324
162.0000   95.0000   9.9724   92.1640
163.0000   109.0000   99.8709   51.8223
164.0000   102.0000   70.5543   60.9396
165.0000   103.0000   90.0060   27.9087
166.0000   81.0000   29.6585   73.8838
167.0000   47.0000   84.1238   46.6538
168.0000   27.0000   96.7650   50.3098
169.0000   13.0000   37.8164   31.4092
170.0000   34.0000   40.9439   86.1387
171.0000   45.0000   23.4500   57.7495
172.0000   51.0000   40.7616   73.0467
173.0000   81.0000   20.4331   90.4525
174.0000   63.0000   27.4717   20.7405
175.0000   15.0000   86.6678   66.6121
176.0000   20.0000   7.2483   64.0062
177.0000   102.0000   76.8168   13.1900
178.0000   70.0000   47.1926   82.8850
179.0000   38.0000   68.3760   39.0737
180.0000   43.0000   92.8764   91.0353
181.0000   88.0000   97.9520   15.1815
182.0000   66.0000   34.2279   13.8906
183.0000   75.0000   37.6923   77.7160
184.0000   109.0000   12.2201   80.0680
185.0000   37.0000   9.1538   46.0709
186.0000   83.0000   15.5925   46.9105
187.0000   115.0000   38.8000   71.9808
188.0000   98.0000   57.0619   23.5506
189.0000   78.0000   4.8714   81.3292
190.0000   81.0000   42.5367   10.0143
191.0000   102.0000   93.1552   39.4519
192.0000   82.0000   72.7148   19.3317
193.0000   74.0000   69.8438   36.4646
194.0000   106.0000   38.9048   84.6039
195.0000   12.0000   74.7780   3.4855
196.0000   18.0000   47.5426   13.7099
197.0000   40.0000   4.7031   36.8535
198.0000   115.0000   29.2891   79.1005
199.0000   111.0000   35.5484   24.5217
200.0000   59.0000   44.1045   6.7315
201.0000   31.0000   16.5672   87.5454
202.0000   90.0000   88.6516   53.7874
203.0000   26.0000   28.5762   14.8067
204.0000   85.0000   25.9621   38.6937
205.0000   116.0000   45.2477   69.9265
206.0000   64.0000   23.4042   31.5882
207.0000   47.0000   84.2105   13.7443
208.0000   51.0000   69.3349   8.4901
209.0000   34.0000   16.2879   3.6004
210.0000   30.0000   93.8271   94.7978
211.0000   105.0000   75.7073   12.1585
212.0000   72.0000   6.1343   58.0886
213.0000   64.0000   13.7046   49.3612
214.0000   42.0000   86.5089   40.2219
215.0000   10.0000   33.4894   11.3393
216.0000   54.0000   56.4929   70.4908
217.0000   76.0000   6.6044   65.4267
218.0000   113.0000   26.2785   17.6778
219.0000   20.0000   3.1095   95.9213
220.0000   105.0000   52.0312   78.7162
221.0000   90.0000   93.1731   7.4959
222.0000   56.0000   77.9085   42.9343
223.0000   113.0000   30.8471   90.1275
224.0000   99.0000   79.2287   97.2601
225.0000   43.0000   7.8919   32.9258
226.0000   113.0000   11.4923   11.5721
227.0000   102.0000   29.6670   31.0447
228.0000   113.0000   64.8675   77.3929
229.0000   82.0000   36.1580   29.1696
230.0000   26.0000   56.4287   72.6905
231.0000   55.0000   55.6392   1.8655
232.0000   44.0000   26.1087   73.9978
233.0000   73.0000   19.2140   70.2231
234.0000   11.0000   43.2481   55.3874
235.0000   103.0000   13.2176   61.8243
236.0000   109.0000   50.8400   77.8073
237.0000   55.0000   90.4861   33.4296
238.0000   26.0000   1.1924   21.5503
239.0000   77.0000   23.6774   17.5282
240.0000   46.0000   88.3980   76.3431
241.0000   72.0000   35.4562   33.1511
242.0000   44.0000   16.3632   23.2900
243.0000   114.0000   23.6751   35.4329
244.0000   73.0000   88.0568   67.0955
245.0000   16.0000   16.2835   75.7879
246.0000   117.0000   89.8923   42.8015
247.0000   29.0000   83.9121   21.9622
248.0000   84.0000   21.6901   63.8314
249.0000   79.0000   8.6495   78.1127
250.0000   27.0000   75.8083   69.9288
251.0000   22.0000   12.7969   77.9557
252.0000   61.0000   5.9769   98.1569
253.0000   118.0000   55.1571   99.7095
254.0000   35.0000   54.3638   6.7579
255.0000   83.0000   7.7939   44.1208
256.0000   90.0000   56.1594   92.6556
257.0000   65.0000   12.1060   14.2902
258.0000   104.0000   81.4818   8.6659
259.0000   109.0000   89.1084   69.3705
260.0000   80.0000   34.6622   59.1368
261.0000   73.0000   48.0112   13.9152
262.0000   51.0000   29.3269   67.7291
263.0000   65.0000   91.9403   5.5907
264.0000   62.0000   19.1576   48.1687
265.0000   102.0000   50.9204   30.2860
266.0000   117.0000   67.4187   44.8698
267.0000   23.0000   8.2032   18.9813
268.0000   51.0000   78.4700   94.7429
269.0000   50.0000   21.5283   27.7272
270.0000   67.0000   18.1285   67.3619
271.0000   51.0000   12.7667   71.2344
272.0000   69.0000   79.2231   79.5412
273.0000   28.0000   56.0631   52.3633
274.0000   86.0000   22.8962   45.4138
275.0000   114.0000   8.9004   7.5444
276.0000   99.0000   73.8256   58.0128
277.0000   60.0000   12.8958   29.7782
278.0000   85.0000   92.2506   0.6616
279.0000   93.0000   50.5156   44.1143
280.0000   86.0000   21.3484   96.5243
281.0000   102.0000   24.7775   57.3388
282.0000   60.0000   64.0266   79.8010
283.0000   112.0000   63.8285   9.3651
284.0000   108.0000   25.2228   65.8473
285.0000   41.0000   49.8412   58.5236
286.0000   16.0000   16.1954   31.2608
287.0000   30.0000   3.3461   49.4145
288.0000   50.0000   65.0232   17.1080
289.0000   117.0000   38.2980   15.5930
290.0000   76.0000   0.1892   70.1366
291.0000   22.0000   2.0733   87.5538
292.0000   94.0000   24.8303   10.6689
293.0000   113.0000   48.6886   80.7464
294.0000   33.0000   32.1163   48.7495
295.0000   74.0000   72.1259   96.1546
296.0000   36.0000   33.2457   44.0880
297.0000   60.0000   96.1649   38.1105
298.0000   116.0000   21.4564   61.9531
299.0000   36.0000   86.5415   3.5670
300.0000   58.0000   14.6741   44.4099
301.0000   117.0000   96.5710   27.8636
302.0000   27.0000   82.1289   17.5240
303.0000   117.0000   77.9150   66.8297
304.0000   40.0000   13.6033   12.2476
305.0000   29.0000   67.1618   20.8611
306.0000   24.0000   53.6728   88.9737
307.0000   40.0000   5.9373   34.0777
308.0000   25.0000   61.3098   85.0719
309.0000   120.0000   16.2489   8.2695
310.0000   53.0000   32.9754   94.5176
311.0000   100.0000   84.6698   51.6268
312.0000   113.0000   90.8918   92.0149
313.0000   111.0000   58.9254   89.1086
314.0000   91.0000   86.1904   42.5103
315.0000   80.0000   47.5981   74.7481
316.0000   59.0000   68.2181   30.6525
317.0000   66.0000   7.4753   52.5555
318.0000   83.0000   65.6492   51.0979
319.0000   92.0000   5.2388   16.8771
320.0000   49.0000   88.0219   63.0931
321.0000   66.0000   66.1649   54.5211
322.0000   68.0000   49.8193   82.1184
323.0000   18.0000   77.9511   32.0909
324.0000   56.0000   66.6848   65.9685
325.0000   95.0000   40.3462   44.1850
326.0000   16.0000   55.3949   2.4005
327.0000   106.0000   10.8472   84.9225
328.0000   79.0000   68.0754   92.4529
329.0000   107.0000   75.5136   44.7315
330.0000   69.0000   14.3211   8.7343
331.0000   103.0000   89.9233   96.1726
332.0000   103.0000   88.4458   61.3847
333.0000   95.0000   29.8034   76.0485
334.0000   68.0000   73.4867   66.9980
335.0000   101.0000   86.2532   13.1671
336.0000   22.0000   58.4151   79.8150
337.0000   11.0000   46.4581   13.6405
338.0000   40.0000   66.1845   51.1912
339.0000   11.0000   8.1124   96.6854
340.0000   22.0000   81.3485   5.6849
341.0000   111.0000   87.3449   99.4033
342.0000   62.0000   82.3360   96.9730
343.0000   114.0000   41.6272   59.0589
344.0000   102.0000   31.5437   66.7059
345.0000   64.0000   57.9946   62.9647
346.0000   58.0000   50.6805   27.7983
347.0000   26.0000   62.1748   73.9760
348.0000   85.0000   52.1347   30.0164
349.0000   108.0000   8.7951   66.5260
350.0000   114.0000   13.9033   13.2221
351.0000   116.0000   72.3065   83.7698
352.0000   65.0000   33.9418   19.1805
353.0000   43.0000   48.0950   61.9085
354.0000   76.0000   39.3883   37.2443
355.0000   53.0000   31.7403   78.0965
356.0000   17.0000   33.4852   94.9920
357.0000   102.0000   97.1805   80.7982
358.0000   77.0000   60.2976   11.5070
359.0000   20.0000   96.5831   33.2199
360.0000   104.0000   62.8645   39.2828
361.0000   17.0000   44.8715   63.4854
362.0000   47.0000   89.5819   51.5476
363.0000   98.0000   53.9095   83.7213
364.0000   104.0000   2.3003   33.2843
365.0000   118.0000   89.2049   25.9694
366.0000   11.0000   70.2098   8.3241
367.0000   10.0000   84.6044   35.3532
368.0000   82.0000   14.4936   94.5367
369.0000   57.0000   47.2669   99.5076
370.0000   42.0000   15.6208   67.3241
371.0000   60.0000   45.7474   52.3054
372.0000   85.0000   64.1451   49.9914
373.0000   100.0000   86.3583   23.8361
374.0000   77.0000   84.3884   35.2882
375.0000   64.0000   54.5782   23.4784
376.0000   99.0000   30.1769   26.5051
377.0000   78.0000   41.6281   77.3704
378.0000   54.0000   78.1062   21.2127
379.0000   27.0000   1.0728   42.3020
380.0000   77.0000   89.0062   97.1813
381.0000   46.0000   77.8954   0.1070
382.0000   112.0000   39.2582   53.1875
383.0000   10.0000   92.7491   85.1864
384.0000   32.0000   91.7777   77.3431
385.0000   58.0000   35.5652   87.1667
386.0000   85.0000   33.0766   23.4373
387.0000   115.0000   66.6002   42.5209
388.0000   79.0000   33.1782   35.0153
389.0000   109.0000   93.3123   21.4076
390.0000   38.0000   53.4190   98.2494
391.0000   30.0000   85.4495   45.4174
392.0000   33.0000   7.4037   71.0034
393.0000   60.0000   4.4858   10.1439
394.0000   90.0000   16.4097   8.2843
395.0000   83.0000   80.5629   35.9999
396.0000   104.0000   51.8735   4.1946
397.0000   21.0000   73.3857   9.2756
398.0000   84.0000   64.4144   96.7563
399.0000   52.0000   69.4537   83.7579
400.0000   25.0000   92.7616   12.4165
