0.0000   0.0000   0.0000   0.0000
1.0000   26.0000   46.1624   35.8516
2.0000   91.0000   28.3271   7.1525
3.0000   53.0000   24.0717   22.4433
4.0000   118.0000   44.9673   19.7388
5.0000   85.0000   22.8207   3.4926
6.0000   25.0000   27.4894   27.0851
7.0000   22.0000   18.4359   48.3236
8.0000   68.0000   22.3242   44.3351
9.0000   99.0000   35.4569   9.3737
10.0000   47.0000   8.1233   47.2040
11.0000   96.0000   49.1836   49.0138
12.0000   54.0000   47.0641   26.9739
13.0000   27.0000   2.7796   30.6603
14.0000   41.0000   26.3217   23.5454
15.0000   117.0000   10.4092   49.8035
16.0000   20.0000   22.7122   7.9533
17.0000   21.0000   16.4133   3.5274
18.0000   98.0000   18.5857   10.1077
19.0000   66.0000   35.5535   23.5096
20.0000   46.0000   30.5669   13.8050
21.0000   43.0000   36.5959   40.5348
22.0000   24.0000   14.1423   46.4119
23.0000   23.0000   37.5732   45.5459
24.0000   100.0000   48.0823   15.1429
25.0000   66.0000   10.6509   45.2509
26.0000   41.0000   0.2247   6.4957
27.0000   76.0000   20.4384   16.4993
28.0000   57.0000   12.6124   13.4550
29.0000   36.0000   37.4968   12.7100
30.0000   66.0000   5.0814   48.0116
31.0000   73.0000   21.4377   35.1309
32.0000   87.0000   14.9622   34.5209
33.0000   105.0000   40.6137   28.8184
34.0000   97.0000   16.7668   23.5872
35.0000   54.0000   5.3740   27.5635
36.0000   113.0000   10.4353   45.2771
37.0000   80.0000   42.9033   21.3226
38.0000   24.0000   5.0987   9.7265
39.0000   32.0000   12.0619   35.5835
40.0000   79.0000   23.8291   35.0860
41.0000   117.0000   47.3180   8.0924
42.0000   60.0000   24.3210   41.0718
43.0000   61.0000   38.5386   8.2844
44.0000   116.0000   24.0669   13.1837
45.0000   35.0000   32.7941   39.1258
46.0000   90.0000   1.7986   40.2819
47.0000   34.0000   3.6912   36.3752
48.0000   73.0000   10.2207   21.2158
49.0000   74.0000   48.7975   23.0859
50.0000   105.0000   49.1531   31.5529
51.0000   102.0000   46.8515   27.7671
52.0000   119.0000   17.5873   13.6517
53.0000   49.0000   30.3129   23.9696
54.0000   84.0000   0.6489   4.1937
55.0000   69.0000   26.2399   41.1398
56.0000   32.0000   18.4014   18.6462
57.0000   27.0000   12.6185   22.3215
58.0000   69.0000   43.1365   28.8852
59.0000   95.0000   4.6547   12.9344
60.0000   111.0000   45.8174   33.4132
61.0000   44.0000   1.6929   25.8641
62.0000   76.0000   31.8562   10.9356
63.0000   22.0000   7.0296   21.4713
64.0000   111.0000   3.8656   40.2606
65.0000   81.0000   10.2456   42.5097
66.0000   55.0000   25.6765   34.7396
67.0000   28.0000   49.4483   17.9096
68.0000   68.0000   35.9807   39.4924
69.0000   23.0000   35.0506   24.8032
70.0000   112.0000   45.4754   37.9746
71.0000   20.0000   44.0882   7.3503
72.0000   86.0000   16.4819   13.7400
73.0000   54.0000   39.9314   4.3577
74.0000   59.0000   1.0833   26.7600
75.0000   96.0000   28.3817   38.1564
76.0000   74.0000   3.9352   3.2603
77.0000   68.0000   34.2359   41.3905
78.0000   41.0000   8.4274   35.4379
79.0000   55.0000   38.0583   24.4541
80.0000   116.0000   22.8014   40.7667
81.0000   61.0000   38.5400   38.6209
82.0000   111.0000   36.5702   16.6363
83.0000   45.0000   19.2353   33.7550
84.0000   76.0000   31.3590   16.7842
85.0000   82.0000   37.7247   33.7828
86.0000   103.0000   20.7125   16.1232
87.0000   39.0000   17.0853   2.1347
88.0000   98.0000   46.8241   15.7649
89.0000   114.0000   19.2060   11.6981
90.0000   109.0000   15.5484   13.3452
91.0000   36.0000   20.7720   36.9534
92.0000   107.0000   35.6829   32.5905
93.0000   99.0000   27.4667   48.7727
94.0000   80.0000   17.9563   23.0997
95.0000   87.0000   26.1942   23.8167
96.0000   30.0000   5.7047   12.1463
97.0000   74.0000   38.4698   2.5083
98.0000   115.0000   49.6502   25.6994
99.0000   120.0000   2.3235   47.1690
100.0000   38.0000   7.5486   29.3289
101.0000   61.0000   31.0111   46.2374
102.0000   65.0000   15.1221   24.7497
103.0000   119.0000   4.5302   14.5747
104.0000   54.0000   8.9518   27.1993
105.0000   38.0000   46.9857   24.2352
106.0000   103.0000   42.0642   16.4650
107.0000   66.0000   30.6282   47.3736
108.0000   60.0000   43.3764   39.8775
109.0000   71.0000   25.6939   28.2324
110.0000   79.0000   43.1735   22.0629
111.0000   22.0000   35.9547   29.3360
112.0000   41.0000   15.1042   44.6612
113.0000   85.0000   9.7453   44.5000
114.0000   29.0000   22.0837   25.1781
115.0000   109.0000   14.9570   19.8055
116.0000   55.0000   25.6493   8.6396
117.0000   55.0000   2.2483   22.5152
118.0000   74.0000   17.4345   43.5874
119.0000   90.0000   44.0006   4.5912
120.0000   118.0000   38.0264   36.5017
121.0000   39.0000   21.1464   9.3903
122.0000   87.0000   43.3357   5.4485
123.0000   50.0000   30.6817   20.2467
124.0000   21.0000   15.3735   22.6057
125.0000   41.0000   33.8597   47.6247
126.0000   89.0000   23.4562   12.1062
127.0000   31.0000   43.1668   38.0183
128.0000   46.0000   25.3478   8.0551
129.0000   105.0000   29.7180   32.9450
130.0000   97.0000   13.1818   34.0961
131.0000   85.0000   43.8242   14.8903
132.0000   104.0000   17.9722   43.2489
133.0000   111.0000   14.7066   41.7429
134.0000   39.0000   17.6294   24.6953
135.0000   57.0000   47.0489   18.9252
136.0000   59.0000   29.6964   10.8335
137.0000   26.0000   4.0440   23.9814
138.0000   55.0000   36.2545   44.5481
139.0000   39.0000   47.2628   1.2239
140.0000   53.0000   23.1563   42.4327
141.0000   118.0000   6.0309   14.4410
142.0000   108.0000   15.1848   20.8278
143.0000   24.0000   36.9307   1.1121
144.0000   116.0000   45.6514   24.8714
145.0000   86.0000   29.7670   35.1639
146.0000   46.0000   14.7280   45.6411
147.0000   78.0000   13.6571   34.1372
148.0000   105.0000   21.8334   26.3806
149.0000   57.0000   31.0853   45.5658
150.0000   60.0000   18.8776   10.5198
151.0000   56.0000   7.7733   21.3980
152.0000   31.0000   10.8111   20.5590
153.0000   20.0000   37.5930   16.2288
154.0000   68.0000   44.7379   46.5560
155.0000   94.0000   32.6323   3.6784
156.0000   63.0000   39.2811   42.6805
157.0000   90.0000   44.2401   18.2308
158.0000   54.0000   12.3828   32.8847
159.0000   25.0000   49.0887   39.3005
160.0000   100.0000   3.5642   11.0213
161.0000   67.0000   42.2647   35.6252
162.0000   29.0000   34.1713   27.4530
163.0000   72.0000   23.8748   1.8579
164.0000   34.0000   9.8928   39.4398
165.0000   25.0000   4.7189   3.8904
166.0000   114.0000   18.2867   6.2511
167.0000   101.0000   44.9240   6.4192
168.0000   66.0000   36.2016   8.7710
169.0000   24.0000   14.3072   3.4569
170.0000   72.0000   14.5518   12.3009
171.0000   113.0000   11.6192   11.3410
172.0000   100.0000   9.9639   27.6583
173.0000   94.0000   31.5344   49.4180
174.0000   111.0000   29.1292   18.2270
175.0000   48.0000   46.2296   5.7024
176.0000   30.0000   28.5846   0.2025
177.0000   70.0000   38.4666   33.3938
178.0000   97.0000   43.5213   7.5203
179.0000   45.0000   28.5047   23.4528
180.0000   31.0000   32.8005   7.4112
181.0000   47.0000   4.8669   8.7776
182.0000   77.0000   5.5768   26.0750
183.0000   92.0000   20.1596   12.9381
184.0000   84.0000   14.4351   8.0327
185.0000   32.0000   12.7049   40.8230
186.0000   115.0000   26.9922   10.2265
187.0000   54.0000   39.3602   46.2319
188.0000   22.0000   4.0705   46.0303
189.0000   54.0000   13.3001   6.1136
190.0000   101.0000   28.4496   6.2288
191.0000   31.0000   28.0200   28.0307
192.0000   27.0000   37.0127   37.7000
193.0000   119.0000   21.3297   27.9093
194.0000   88.0000   30.1654   27.6640
195.0000   82.0000   47.8544   46.6387
196.0000   108.0000   30.2461   7.1601
197.0000   100.0000   11.2444   41.1963
198.0000   59.0000   10.8939   13.4966
199.0000   56.0000   21.9341   1.5680
200.0000   116.0000   48.1087   8.2009
201.0000   45.0000   3.3465   24.1184
202.0000   56.0000   9.8525   16.5480
203.0000   107.0000   28.2327   3.4146
204.0000   42.0000   2.8809   13.0352
205.0000   26.0000   23.8599   45.8417
206.0000   36.0000   21.3360   3.6335
207.0000   46.0000   48.2024   28.3308
208.0000   39.0000   17.8189   11.2300
209.0000   94.0000   48.7470   19.0573
210.0000   52.0000   4.6465   41.1490
211.0000   35.0000   39.7551   45.8721
212.0000   101.0000   2.3660   45.7803
213.0000   83.0000   8.3427   44.1803
214.0000   77.0000   13.0448   5.4383
215.0000   28.0000   30.5359   34.0444
216.0000   21.0000   7.6473   43.5708
217.0000   26.0000   17.3925   44.7849
218.0000   119.0000   9.9439   16.0362
219.0000   107.0000   19.9179   10.9608
220.0000   115.0000   40.7636   8.9370
221.0000   73.0000   3.1299   6.0576
222.0000   64.0000   9.2674   14.4068
223.0000   97.0000   24.7791   45.1351
224.0000   98.0000   6.3746   32.4129
225.0000   57.0000   8.4816   10.3881
226.0000   74.0000   27.4335   42.7870
227.0000   52.0000   12.8809   14.4136
228.0000   67.0000   5.1582   15.8852
229.0000   34.0000   49.8562   22.0845
230.0000   21.0000   7.3923   14.0606
231.0000   32.0000   14.7565   36.1632
232.0000   55.0000   48.5178   6.6464
233.0000   97.0000   33.2876   35.9688
234.0000   93.0000   11.6685   1.4973
235.0000   101.0000   46.6633   16.4444
236.0000   42.0000   26.6389   47.5131
237.0000   69.0000   0.0976   8.0090
238.0000   23.0000   28.7797   42.1898
239.0000   37.0000   33.7008   29.8895
240.0000   74.0000   1.6316   11.5428
241.0000   71.0000   25.1509   35.1319
242.0000   89.0000   9.1552   10.5331
243.0000   116.0000   38.8061   1.7141
244.0000   36.0000   46.9437   34.7204
245.0000   93.0000   14.1440   20.1189
246.0000   76.0000   45.8712   4.9165
247.0000   53.0000   47.3264   21.9833
248.0000   110.0000   7.2065   35.2356
249.0000   111.0000   31.1306   22.8927
250.0000   83.0000   16.9443   1.7443
251.0000   84.0000   18.6508   29.9112
252.0000   44.0000   5.2454   36.3086
253.0000   70.0000   35.2331   24.2322
254.0000   88.0000   37.2943   15.3896
255.0000   99.0000   39.2973   46.8508
256.0000   25.0000   45.6791   24.5641
257.0000   22.0000   35.4856   45.6654
258.0000   73.0000   7.5032   20.6225
259.0000   79.0000   48.3993   34.5331
260.0000   47.0000   9.6727   25.9426
261.0000   103.0000   0.2547   26.8378
262.0000   29.0000   48.8443   41.8972
263.0000   74.0000   36.6939   4.8414
264.0000   94.0000   46.9568   3.0288
265.0000   57.0000   45.6058   22.4463
266.0000   105.0000   14.9802   40.5085
267.0000   68.0000   32.7637   31.4758
268.0000   37.0000   44.7622   39.9293
269.0000   45.0000   4.2331   43.1319
270.0000   52.0000   25.1260   45.5881
271.0000   70.0000   43.9220   32.5468
272.0000   106.0000   29.0954   25.5429
273.0000   44.0000   36.5993   36.0423
274.0000   105.0000   31.5998   10.6921
275.0000   104.0000   12.5761   25.7437
276.0000   118.0000   21.9689   9.8405
277.0000   66.0000   43.2441   16.5532
278.0000   108.0000   38.5663   27.4730
279.0000   25.0000   8.2553   27.8951
280.0000   108.0000   22.9009   38.0779
281.0000   106.0000   42.3729   33.8467
282.0000   105.0000   2.6710   41.8071
283.0000   82.0000   42.4750   39.3857
284.0000   86.0000   8.1712   24.7508
285.0000   43.0000   45.7779   47.8580
286.0000   96.0000   49.0281   8.0936
287.0000   117.0000   0.8567   42.8601
288.0000   69.0000   23.6065   43.6720
289.0000   115.0000   22.9129   3.0983
290.0000   88.0000   8.2020   41.6310
291.0000   30.0000   47.6502   36.2898
292.0000   20.0000   10.1077   13.1937
293.0000   34.0000   21.0682   1.7969
294.0000   71.0000   18.4638   6.6161
295.0000   50.0000   45.7523   35.1686
296.0000   35.0000   41.3802   15.5159
297.0000   75.0000   5.6781   48.5524
298.0000   40.0000   24.6719   33.4543
299.0000   78.0000   17.1341   1.4902
300.0000   77.0000   30.5714   43.2114
