0.0000   0.0000   0.0000   0.0000
1.0000   116.0000   32.1768   21.3221
2.0000   154.0000   26.8211   37.6232
3.0000   85.0000   5.1294   42.8543
4.0000   114.0000   29.8984   34.0148
5.0000   91.0000   24.4235   35.6107
6.0000   123.0000   39.1256   2.7896
7.0000   77.0000   33.3109   25.5809
8.0000   107.0000   38.0107   30.5796
9.0000   102.0000   15.6806   12.0973
10.0000   124.0000   39.4943   36.7032
11.0000   135.0000   16.3690   7.7733
12.0000   144.0000   41.9998   22.7042
13.0000   135.0000   49.2564   45.7264
14.0000   131.0000   27.9823   45.0759
15.0000   98.0000   9.6890   3.4691
16.0000   128.0000   8.2332   34.2290
17.0000   150.0000   15.0642   23.3937
18.0000   93.0000   36.1727   40.3550
19.0000   71.0000   25.9272   25.9124
20.0000   133.0000   12.6267   33.2944
21.0000   70.0000   25.8157   40.0298
22.0000   142.0000   12.3737   16.4424
23.0000   144.0000   27.6327   38.2241
24.0000   150.0000   3.7738   48.5062
25.0000   132.0000   13.6447   45.8458
26.0000   113.0000   33.1033   2.3941
27.0000   151.0000   41.0795   22.7919
28.0000   143.0000   5.1940   10.9371
29.0000   138.0000   13.8077   8.6759
30.0000   89.0000   30.6852   2.0489
31.0000   140.0000   20.5456   44.6942
32.0000   154.0000   7.5690   25.3993
33.0000   126.0000   29.3309   4.7814
34.0000   140.0000   0.3093   8.2215
35.0000   132.0000   3.8672   16.8473
36.0000   152.0000   39.6171   7.8630
37.0000   107.0000   7.4212   47.6221
38.0000   71.0000   40.4734   32.6910
39.0000   148.0000   46.3277   28.8627
40.0000   86.0000   39.0301   29.6050
41.0000   119.0000   12.5517   26.5971
42.0000   135.0000   20.2603   16.0240
43.0000   125.0000   22.9920   48.9947
44.0000   102.0000   12.6235   46.9211
45.0000   98.0000   27.9910   44.8507
46.0000   84.0000   17.6554   34.6423
47.0000   151.0000   7.8826   0.4224
48.0000   85.0000   40.3819   33.8133
49.0000   143.0000   10.0594   9.7759
50.0000   144.0000   44.4612   9.0437
51.0000   158.0000   32.6780   46.3659
52.0000   155.0000   44.6169   15.7692
53.0000   152.0000   33.1984   49.1513
54.0000   73.0000   15.6180   1.5547
55.0000   121.0000   16.0291   41.8056
56.0000   105.0000   28.0768   17.8461
57.0000   136.0000   12.7889   15.9121
58.0000   82.0000   9.0539   43.2104
59.0000   155.0000   15.1407   25.7108
60.0000   137.0000   48.0413   13.2070
61.0000   159.0000   11.6072   17.8528
62.0000   82.0000   31.3460   10.1010
63.0000   79.0000   44.3254   7.0712
64.0000   120.0000   45.8356   31.5749
65.0000   107.0000   31.9507   23.0679
66.0000   150.0000   11.3059   22.5423
67.0000   98.0000   27.9240   40.7443
68.0000   155.0000   13.8207   3.0755
69.0000   117.0000   13.2403   49.4175
70.0000   160.0000   12.0633   2.6702
71.0000   114.0000   24.8355   39.9314
72.0000   97.0000   40.8772   34.4570
73.0000   77.0000   26.9514   28.2385
74.0000   147.0000   33.8092   17.7046
75.0000   113.0000   2.1579   40.1436
76.0000   74.0000   28.6564   3.1377
77.0000   130.0000   32.9974   9.4551
78.0000   122.0000   2.1806   1.4721
79.0000   118.0000   0.3404   23.9958
80.0000   119.0000   32.4062   38.2909
81.0000   78.0000   34.0470   20.3277
82.0000   71.0000   3.0529   29.9267
83.0000   108.0000   41.9994   43.1069
84.0000   138.0000   38.6427   5.8297
85.0000   158.0000   9.9910   3.9301
86.0000   149.0000   43.0797   10.2448
87.0000   114.0000   33.4016   44.7676
88.0000   142.0000   31.8967   39.9205
89.0000   113.0000   1.4139   44.2604
90.0000   106.0000   36.2219   27.9540
91.0000   112.0000   9.6457   15.6164
92.0000   85.0000   12.4560   23.2347
93.0000   158.0000   27.7018   38.4329
94.0000   89.0000   40.6924   38.9942
95.0000   85.0000   41.4571   31.0348
96.0000   82.0000   14.0623   38.5729
97.0000   95.0000   39.2892   35.1944
98.0000   88.0000   40.3110   37.7271
99.0000   150.0000   38.8391   14.8863
100.0000   154.0000   33.0473   8.5729
