0.0000   0.0000   0.0000   0.0000
1.0000   101.0000   38.3332   44.2434
2.0000   91.0000   49.0767   47.0370
3.0000   114.0000   11.8012   16.9512
4.0000   121.0000   22.1802   1.3230
5.0000   145.0000   10.6906   35.9102
6.0000   129.0000   48.8342   6.4520
7.0000   139.0000   41.0345   0.9000
8.0000   78.0000   28.3137   11.0043
9.0000   135.0000   40.9972   9.9849
10.0000   74.0000   5.5417   49.7449
11.0000   62.0000   47.3890   3.7381
12.0000   68.0000   6.0660   2.7408
13.0000   97.0000   4.4651   48.4856
14.0000   92.0000   4.6793   32.1601
15.0000   93.0000   8.4231   9.7973
16.0000   68.0000   4.7552   47.9709
17.0000   140.0000   1.8180   4.6986
18.0000   108.0000   5.1176   15.8941
19.0000   72.0000   23.1408   24.1299
20.0000   118.0000   5.7099   22.4538
21.0000   129.0000   46.0940   19.8015
22.0000   137.0000   2.3780   29.4553
23.0000   139.0000   41.7284   38.7094
24.0000   82.0000   38.1503   34.2188
25.0000   87.0000   18.9783   4.6906
26.0000   148.0000   24.0714   28.2988
27.0000   121.0000   12.6655   38.9854
28.0000   105.0000   7.3260   22.6382
29.0000   143.0000   17.3094   0.3156
30.0000   98.0000   39.0096   16.6198
31.0000   143.0000   3.5857   16.9104
32.0000   144.0000   18.0767   37.1376
33.0000   82.0000   13.1910   29.5476
34.0000   83.0000   48.8874   15.3089
35.0000   128.0000   1.1591   46.0659
36.0000   82.0000   0.6077   25.0277
37.0000   109.0000   22.0421   30.3728
38.0000   128.0000   40.1597   18.5663
39.0000   147.0000   47.2889   28.0664
40.0000   115.0000   22.6742   37.5451
41.0000   128.0000   34.0161   14.7145
42.0000   142.0000   7.8743   10.5871
43.0000   66.0000   23.2616   20.8193
44.0000   106.0000   11.3195   27.8818
45.0000   73.0000   34.1684   6.0356
46.0000   142.0000   25.0532   24.3693
47.0000   92.0000   42.0416   21.0903
48.0000   78.0000   9.4049   42.8121
49.0000   141.0000   23.4906   6.3943
50.0000   72.0000   24.9997   35.4350
51.0000   63.0000   38.6964   47.1172
52.0000   77.0000   5.7214   40.2913
53.0000   79.0000   3.9637   29.8947
54.0000   77.0000   40.7592   31.1782
55.0000   107.0000   29.0552   0.2069
56.0000   129.0000   16.6178   4.0153
57.0000   136.0000   44.8508   41.3382
58.0000   129.0000   10.6397   10.5144
59.0000   94.0000   11.5404   42.0155
60.0000   126.0000   19.4673   6.0522
61.0000   116.0000   47.2385   30.3342
62.0000   144.0000   47.7239   30.1241
63.0000   137.0000   31.6701   22.5283
64.0000   63.0000   42.7053   21.9560
65.0000   137.0000   6.0341   8.3934
66.0000   116.0000   33.5303   18.8161
67.0000   142.0000   1.0837   47.6257
68.0000   101.0000   8.6210   10.3197
69.0000   126.0000   33.6250   5.8730
70.0000   73.0000   3.7287   9.6294
71.0000   143.0000   4.0740   30.6093
72.0000   60.0000   31.1089   27.2315
73.0000   91.0000   9.0763   18.1524
74.0000   120.0000   19.5322   27.3615
75.0000   80.0000   15.8318   14.1828
76.0000   133.0000   35.5970   14.0444
77.0000   70.0000   33.9276   9.6267
78.0000   150.0000   8.0944   49.9868
79.0000   116.0000   47.9695   34.8144
80.0000   91.0000   27.4075   40.6002
81.0000   142.0000   10.2791   35.3708
82.0000   143.0000   48.5581   22.3787
83.0000   88.0000   45.6021   6.7027
84.0000   122.0000   26.1062   39.2108
85.0000   135.0000   4.3378   48.5699
86.0000   102.0000   18.9783   10.2023
87.0000   69.0000   8.6661   28.6491
88.0000   110.0000   3.6369   19.4200
89.0000   112.0000   7.7420   14.5667
90.0000   61.0000   48.8181   4.2295
91.0000   150.0000   8.8520   12.8827
92.0000   99.0000   11.6748   23.6293
93.0000   109.0000   8.5180   10.1499
94.0000   149.0000   9.9485   38.7793
95.0000   133.0000   16.0118   0.0852
96.0000   78.0000   33.8634   36.2422
97.0000   146.0000   42.0171   10.0944
98.0000   102.0000   4.5471   34.4761
99.0000   124.0000   7.1173   15.7258
100.0000   123.0000   47.2370   26.6083
101.0000   85.0000   10.4178   1.4074
102.0000   63.0000   21.0277   41.4750
103.0000   95.0000   42.2394   39.0328
104.0000   77.0000   37.7722   47.0590
105.0000   68.0000   19.4533   12.7944
106.0000   106.0000   35.2849   28.7620
107.0000   109.0000   9.9040   29.2734
108.0000   116.0000   7.2905   21.5434
109.0000   144.0000   40.9705   18.8399
110.0000   135.0000   11.6023   0.4442
111.0000   99.0000   42.7017   0.4158
112.0000   60.0000   33.5791   2.9829
113.0000   125.0000   32.0982   28.3076
114.0000   62.0000   4.7951   1.5461
115.0000   78.0000   28.7137   6.7759
116.0000   77.0000   17.4215   6.5651
117.0000   62.0000   19.2823   16.0663
118.0000   143.0000   15.2479   23.9335
119.0000   128.0000   38.9572   13.2190
120.0000   135.0000   15.0435   45.6967
121.0000   113.0000   38.9606   16.4152
122.0000   104.0000   17.8599   20.8298
123.0000   64.0000   13.6432   6.2044
124.0000   128.0000   45.4316   45.7676
125.0000   149.0000   25.2834   4.1189
126.0000   90.0000   30.2594   7.2442
127.0000   96.0000   37.4703   44.2831
128.0000   137.0000   9.9806   37.1127
129.0000   119.0000   11.8861   3.6915
130.0000   127.0000   3.5283   45.3810
131.0000   78.0000   41.1167   5.3451
132.0000   74.0000   37.7650   24.1608
133.0000   60.0000   7.4998   23.0350
134.0000   66.0000   44.6193   28.3183
135.0000   61.0000   39.3015   25.4003
136.0000   126.0000   25.2062   21.2611
137.0000   61.0000   27.9064   24.4425
138.0000   136.0000   21.0076   6.9324
139.0000   60.0000   20.8296   36.8921
140.0000   141.0000   47.4418   41.9254
141.0000   91.0000   42.5044   7.3731
142.0000   107.0000   32.2512   47.9459
143.0000   119.0000   0.1748   5.7722
144.0000   100.0000   3.7922   2.0625
145.0000   92.0000   9.7817   0.5652
146.0000   62.0000   1.3579   43.4323
147.0000   67.0000   11.4309   25.3362
148.0000   64.0000   43.7212   33.0388
149.0000   137.0000   38.4025   29.8674
150.0000   148.0000   24.1808   40.6842
151.0000   135.0000   23.6268   18.2104
152.0000   65.0000   13.6382   27.2071
153.0000   125.0000   32.6781   30.8439
154.0000   126.0000   17.2425   41.6182
155.0000   86.0000   6.4562   11.4011
156.0000   62.0000   48.9321   25.0419
157.0000   143.0000   47.7581   43.1106
158.0000   131.0000   46.5622   12.2735
159.0000   138.0000   19.4973   46.4774
160.0000   85.0000   4.0104   26.7409
161.0000   97.0000   35.5886   20.0782
162.0000   60.0000   43.0408   41.5186
163.0000   120.0000   14.0261   8.0231
164.0000   123.0000   12.2313   4.8290
165.0000   125.0000   46.2607   43.2215
166.0000   130.0000   41.7811   3.2365
167.0000   130.0000   32.3505   30.2973
168.0000   115.0000   5.2237   43.4483
169.0000   148.0000   36.1655   2.7896
170.0000   105.0000   4.7684   37.3478
171.0000   150.0000   17.2739   19.7769
172.0000   79.0000   20.1533   37.4199
173.0000   77.0000   21.8261   18.2757
174.0000   129.0000   31.1981   40.5870
175.0000   129.0000   17.6055   7.9319
176.0000   101.0000   25.1465   16.5691
177.0000   115.0000   16.9975   39.3679
178.0000   135.0000   7.9191   26.8131
179.0000   139.0000   42.3783   36.4169
180.0000   146.0000   37.8258   48.1134
181.0000   136.0000   22.7746   47.7636
182.0000   121.0000   29.1205   22.0395
183.0000   84.0000   11.5689   44.3614
184.0000   126.0000   21.3063   46.2530
185.0000   67.0000   10.0758   3.2897
186.0000   71.0000   45.2605   18.7079
187.0000   116.0000   5.1207   0.0055
188.0000   142.0000   30.5857   39.2598
189.0000   97.0000   38.1445   19.7926
190.0000   148.0000   2.2059   9.0949
191.0000   137.0000   16.2240   37.6008
192.0000   127.0000   32.5943   39.8077
193.0000   108.0000   6.4702   30.8621
194.0000   116.0000   40.6380   13.1633
195.0000   77.0000   14.6593   31.2728
196.0000   68.0000   27.5120   13.3766
197.0000   71.0000   9.3770   29.2753
198.0000   79.0000   41.0513   5.6668
199.0000   87.0000   49.4495   30.3648
200.0000   68.0000   30.2021   20.7181
201.0000   145.0000   28.1365   25.5311
202.0000   143.0000   41.2213   32.9698
203.0000   106.0000   27.1998   11.2639
204.0000   136.0000   22.0218   34.3915
205.0000   93.0000   25.1817   30.9138
206.0000   94.0000   35.1139   29.1524
207.0000   67.0000   16.9490   10.6498
208.0000   62.0000   12.8884   44.3770
209.0000   78.0000   32.0520   10.0628
210.0000   82.0000   26.2356   47.4317
211.0000   133.0000   49.4805   4.7619
212.0000   130.0000   13.2155   49.7239
213.0000   88.0000   40.0999   38.8265
214.0000   85.0000   19.3450   48.6014
215.0000   131.0000   17.8215   48.4095
216.0000   150.0000   7.7090   32.4065
217.0000   94.0000   7.0778   1.0757
218.0000   120.0000   27.7668   7.1846
219.0000   71.0000   31.2560   32.4576
220.0000   94.0000   21.1961   49.5354
221.0000   92.0000   16.6570   40.8355
222.0000   87.0000   25.3682   34.2898
223.0000   116.0000   20.3468   30.3175
224.0000   147.0000   39.1848   20.4522
225.0000   65.0000   33.7158   7.0792
226.0000   91.0000   6.3544   49.5225
227.0000   105.0000   7.6893   8.1171
228.0000   128.0000   20.7037   5.3110
229.0000   104.0000   28.9435   24.7387
230.0000   72.0000   33.4532   40.5171
231.0000   61.0000   11.7174   31.3403
232.0000   117.0000   10.1898   5.8878
233.0000   86.0000   20.5747   32.1362
234.0000   118.0000   5.6781   33.7053
235.0000   71.0000   13.5509   41.9971
236.0000   139.0000   1.2933   27.2212
237.0000   145.0000   41.0726   47.5817
238.0000   60.0000   2.8467   25.8000
239.0000   118.0000   11.7941   42.1508
240.0000   104.0000   33.9203   14.1120
241.0000   116.0000   38.5644   43.5889
242.0000   98.0000   47.4801   42.7517
243.0000   89.0000   11.2408   32.1414
244.0000   141.0000   19.3659   18.0025
245.0000   135.0000   42.9189   5.3024
246.0000   88.0000   42.5142   5.4588
247.0000   139.0000   37.2414   16.0891
248.0000   121.0000   28.6281   14.7654
249.0000   144.0000   5.8622   23.9495
250.0000   132.0000   1.5108   31.9803
251.0000   120.0000   39.7083   14.5648
252.0000   67.0000   26.4180   47.5990
253.0000   89.0000   9.9239   32.9764
254.0000   130.0000   19.1977   35.4060
255.0000   142.0000   15.9441   20.1343
256.0000   96.0000   41.4252   13.4308
257.0000   63.0000   49.8962   36.0818
258.0000   60.0000   43.7942   22.1034
259.0000   112.0000   44.0507   48.2702
260.0000   108.0000   43.0040   25.4388
261.0000   88.0000   47.6910   17.1383
262.0000   94.0000   12.1345   3.3046
263.0000   63.0000   7.3027   16.8454
264.0000   132.0000   46.5298   42.0074
265.0000   92.0000   41.6798   47.4945
266.0000   146.0000   21.0045   39.3822
267.0000   91.0000   35.6864   46.6645
268.0000   77.0000   24.6246   1.3738
269.0000   85.0000   48.8172   9.4218
270.0000   115.0000   45.0817   39.6767
271.0000   105.0000   20.3616   17.3319
272.0000   113.0000   25.4955   10.9692
273.0000   141.0000   47.1585   15.8983
274.0000   68.0000   16.8612   31.8797
275.0000   122.0000   14.5817   3.3621
276.0000   76.0000   48.6886   9.8497
277.0000   60.0000   31.5483   3.6910
278.0000   73.0000   12.4944   8.6160
279.0000   147.0000   15.9922   17.6202
280.0000   63.0000   30.3520   1.1104
281.0000   94.0000   9.5937   45.3943
282.0000   118.0000   23.5051   26.3527
283.0000   84.0000   29.7577   15.6936
284.0000   83.0000   10.3057   43.8906
285.0000   82.0000   0.5300   38.0563
286.0000   63.0000   32.0846   36.5918
287.0000   116.0000   41.5532   32.3449
288.0000   135.0000   13.9825   6.4056
289.0000   77.0000   34.3293   30.5961
290.0000   122.0000   37.5068   2.9279
291.0000   77.0000   5.0446   44.0357
292.0000   150.0000   17.4462   17.6708
293.0000   129.0000   23.3314   4.4233
294.0000   115.0000   5.0036   38.2958
295.0000   91.0000   4.2774   0.0929
296.0000   149.0000   16.2831   27.0524
297.0000   94.0000   5.8731   4.0213
298.0000   87.0000   6.1926   27.0771
299.0000   80.0000   14.7522   36.8558
300.0000   140.0000   15.3880   36.6344
301.0000   121.0000   9.9877   15.1279
302.0000   125.0000   33.0906   2.7405
303.0000   105.0000   19.2697   41.8879
304.0000   84.0000   17.2425   34.7073
305.0000   138.0000   34.4094   6.8462
306.0000   132.0000   22.5266   32.7281
307.0000   84.0000   10.6949   35.4375
308.0000   110.0000   26.0419   42.4862
309.0000   123.0000   29.2883   13.2151
310.0000   92.0000   13.2556   48.3484
311.0000   77.0000   2.2183   49.4411
312.0000   150.0000   42.8551   17.1121
313.0000   107.0000   33.5163   19.6015
314.0000   118.0000   35.7383   16.2477
315.0000   140.0000   30.9929   4.4474
316.0000   120.0000   36.9312   12.8506
317.0000   108.0000   49.2240   9.2459
318.0000   132.0000   49.6165   23.2619
319.0000   148.0000   28.9123   18.9033
320.0000   148.0000   29.5105   6.8258
321.0000   124.0000   29.6336   9.5610
322.0000   146.0000   37.0151   21.5078
323.0000   87.0000   44.4830   15.3868
324.0000   99.0000   7.1106   0.2598
325.0000   131.0000   33.0822   7.8029
326.0000   84.0000   49.0153   36.0459
327.0000   135.0000   3.1783   41.3940
328.0000   129.0000   37.6033   32.0282
329.0000   86.0000   17.1648   11.9217
330.0000   141.0000   3.4231   35.5002
331.0000   111.0000   49.5175   34.1715
332.0000   61.0000   2.9467   16.4101
333.0000   94.0000   7.5757   10.9576
334.0000   103.0000   13.1739   49.3335
335.0000   70.0000   35.0565   40.9698
336.0000   136.0000   10.3833   17.0213
337.0000   66.0000   12.7959   21.6561
338.0000   74.0000   24.5989   24.4780
339.0000   60.0000   11.8500   24.2151
340.0000   62.0000   20.8462   17.4972
341.0000   95.0000   48.9967   41.7824
342.0000   113.0000   33.9471   28.8835
343.0000   132.0000   0.3528   1.2663
344.0000   88.0000   39.2156   13.7433
345.0000   110.0000   23.8033   10.1496
346.0000   88.0000   1.5601   34.8713
347.0000   142.0000   7.2559   14.7741
348.0000   90.0000   4.5225   47.2089
349.0000   109.0000   49.9209   20.4634
350.0000   117.0000   41.4844   25.2460
351.0000   76.0000   42.3558   25.7342
352.0000   78.0000   9.3031   4.2745
353.0000   67.0000   23.3489   41.7558
354.0000   68.0000   37.0385   35.0167
355.0000   108.0000   14.1939   13.6563
356.0000   108.0000   1.2214   9.3892
357.0000   96.0000   4.6358   0.1077
358.0000   121.0000   11.0773   4.2653
359.0000   125.0000   14.7704   32.2849
360.0000   150.0000   23.5988   5.8709
361.0000   75.0000   34.0335   11.0768
362.0000   69.0000   13.0867   42.6778
363.0000   127.0000   21.5822   5.3861
364.0000   81.0000   7.6659   48.1939
365.0000   112.0000   45.3667   34.9096
366.0000   66.0000   38.9422   45.6540
367.0000   83.0000   17.7952   2.1462
368.0000   150.0000   20.2302   38.9518
369.0000   80.0000   3.9110   9.4794
370.0000   82.0000   7.9453   13.4633
371.0000   66.0000   20.7097   39.8295
372.0000   64.0000   11.1072   25.9594
373.0000   138.0000   21.4690   20.0466
374.0000   99.0000   21.1701   45.3461
375.0000   110.0000   23.7602   32.7505
376.0000   60.0000   42.4062   38.9567
377.0000   144.0000   42.9084   31.6676
378.0000   99.0000   12.8796   11.4839
379.0000   92.0000   6.9997   5.5185
380.0000   128.0000   2.0788   8.0458
381.0000   141.0000   19.6990   10.9523
382.0000   138.0000   20.1603   31.5111
383.0000   122.0000   37.0389   25.6836
384.0000   80.0000   12.7587   26.7456
385.0000   107.0000   43.6363   41.7488
386.0000   118.0000   41.9123   39.9369
387.0000   145.0000   29.2039   23.4363
388.0000   90.0000   28.0896   39.3050
389.0000   74.0000   8.8659   14.9897
390.0000   104.0000   47.6640   10.5938
391.0000   69.0000   38.7878   15.4430
392.0000   140.0000   3.7404   24.2748
393.0000   70.0000   32.4629   1.3183
394.0000   141.0000   24.4059   48.9080
395.0000   78.0000   33.5691   20.9384
396.0000   145.0000   47.1131   8.1474
397.0000   130.0000   48.3570   26.8927
398.0000   107.0000   0.6058   44.1441
399.0000   100.0000   44.1057   11.8842
400.0000   109.0000   22.5705   10.2639
401.0000   132.0000   3.9070   23.2256
402.0000   148.0000   8.9598   24.2385
403.0000   142.0000   8.2835   37.7982
404.0000   148.0000   34.2329   41.9434
405.0000   63.0000   17.9817   6.8514
406.0000   106.0000   43.0070   3.0275
407.0000   109.0000   2.9978   47.9962
408.0000   76.0000   37.6984   45.2057
409.0000   100.0000   2.0343   38.8374
410.0000   119.0000   36.5340   1.3488
411.0000   139.0000   17.1782   12.7119
412.0000   130.0000   23.7229   36.2102
413.0000   136.0000   33.6653   15.2566
414.0000   78.0000   17.4405   47.9000
415.0000   139.0000   28.0581   45.8318
416.0000   126.0000   17.3074   8.9843
417.0000   115.0000   23.5380   12.6856
418.0000   125.0000   36.9859   18.5284
419.0000   131.0000   47.2173   35.9606
420.0000   104.0000   30.7729   16.1679
421.0000   131.0000   34.2070   27.6050
422.0000   137.0000   39.6740   44.9535
423.0000   111.0000   0.8116   45.0731
424.0000   76.0000   41.3904   37.3629
425.0000   132.0000   16.8924   24.2594
