0.0000   0.0000   0.0000   0.0000
1.0000   114.0000   36.5900   21.5786
2.0000   96.0000   6.1394   47.7776
3.0000   83.0000   31.7090   17.3270
4.0000   116.0000   12.5789   47.4725
5.0000   45.0000   23.2521   47.0002
6.0000   69.0000   25.5259   9.1372
7.0000   102.0000   1.7450   1.0673
8.0000   60.0000   9.7070   13.9102
9.0000   100.0000   27.6251   19.9928
10.0000   48.0000   31.0572   45.7935
11.0000   89.0000   3.5478   34.6924
12.0000   94.0000   21.9761   33.2680
13.0000   36.0000   23.6607   43.3800
14.0000   87.0000   33.0731   18.2852
15.0000   78.0000   3.5652   20.8805
16.0000   76.0000   17.2492   22.1198
17.0000   120.0000   40.9163   26.1569
18.0000   71.0000   38.7511   24.6598
19.0000   65.0000   36.0778   6.2784
20.0000   74.0000   37.1934   34.6123
21.0000   78.0000   30.5296   37.9452
22.0000   88.0000   25.2579   3.8805
23.0000   93.0000   13.1152   9.9560
24.0000   43.0000   43.8474   28.0994
25.0000   96.0000   42.9188   47.6496
26.0000   41.0000   40.8001   6.0618
27.0000   116.0000   6.7828   34.4728
28.0000   110.0000   36.2536   18.9443
29.0000   32.0000   27.4612   44.7729
30.0000   36.0000   23.9377   32.6679
31.0000   47.0000   9.4246   42.8230
32.0000   88.0000   7.3227   26.9350
33.0000   32.0000   4.8417   15.4839
34.0000   31.0000   20.7821   40.1058
35.0000   113.0000   20.6894   10.1944
36.0000   120.0000   25.7078   23.6671
37.0000   66.0000   4.4337   36.9881
38.0000   64.0000   20.0242   44.7269
39.0000   43.0000   22.1513   25.4311
40.0000   66.0000   31.8862   12.3420
41.0000   96.0000   35.4994   43.8258
42.0000   67.0000   1.6260   4.3435
43.0000   100.0000   41.1063   21.7132
44.0000   88.0000   23.9843   35.3052
45.0000   120.0000   27.6312   6.2053
46.0000   38.0000   0.4672   8.1530
47.0000   52.0000   46.1468   39.9392
48.0000   70.0000   17.4631   38.2816
49.0000   39.0000   23.3028   32.7635
50.0000   51.0000   18.6742   4.0004
51.0000   86.0000   11.7216   45.1318
52.0000   71.0000   46.9369   43.8191
53.0000   105.0000   49.8367   19.9612
54.0000   97.0000   30.6773   33.9196
55.0000   69.0000   2.1652   13.0030
56.0000   44.0000   49.3500   37.3778
57.0000   76.0000   28.6966   38.3896
58.0000   51.0000   44.8545   38.4744
59.0000   58.0000   30.1346   21.9424
60.0000   36.0000   28.8868   3.3489
61.0000   76.0000   14.9612   39.7330
62.0000   71.0000   46.6980   8.9564
63.0000   36.0000   42.1765   44.0742
64.0000   85.0000   18.4688   0.6446
65.0000   34.0000   32.1476   30.8439
66.0000   50.0000   37.2313   9.8564
67.0000   69.0000   0.8876   43.5463
68.0000   50.0000   31.3456   29.6545
69.0000   64.0000   10.9561   21.0639
70.0000   60.0000   3.6165   30.2062
71.0000   76.0000   35.1377   15.0605
72.0000   119.0000   11.9003   49.8733
73.0000   67.0000   7.9885   1.2451
74.0000   47.0000   7.7359   10.1064
75.0000   46.0000   38.5242   3.8269
76.0000   120.0000   3.8999   31.1387
77.0000   44.0000   37.1577   4.1428
78.0000   94.0000   5.9851   8.9059
79.0000   96.0000   5.7757   4.5540
80.0000   91.0000   25.2445   38.8355
81.0000   99.0000   30.6856   36.7705
82.0000   72.0000   8.5575   5.7815
83.0000   40.0000   28.5351   24.4740
84.0000   53.0000   47.1541   20.4324
85.0000   40.0000   6.5406   18.0999
86.0000   76.0000   39.6038   25.0809
87.0000   63.0000   23.6809   12.3441
88.0000   112.0000   22.7280   0.5245
89.0000   42.0000   26.0218   11.6729
90.0000   34.0000   20.9528   29.3593
91.0000   37.0000   11.0184   2.9663
92.0000   72.0000   3.8891   3.8495
93.0000   104.0000   33.7097   46.9145
94.0000   75.0000   33.7154   20.2191
95.0000   104.0000   41.6129   8.6458
96.0000   120.0000   27.7710   24.0259
97.0000   112.0000   28.4766   6.5046
98.0000   64.0000   9.4833   33.6136
99.0000   52.0000   44.1654   42.2761
100.0000   49.0000   39.2882   2.0529
101.0000   69.0000   14.4494   44.9976
102.0000   81.0000   15.3034   40.2855
103.0000   81.0000   12.4120   36.1795
104.0000   60.0000   30.5503   4.2473
105.0000   68.0000   24.4607   23.1973
106.0000   80.0000   44.7013   13.7667
107.0000   55.0000   39.3060   29.6822
108.0000   97.0000   41.0729   49.6585
109.0000   107.0000   48.0326   29.0234
110.0000   97.0000   43.5024   31.0357
111.0000   71.0000   35.8807   14.6646
112.0000   61.0000   47.4729   19.0188
113.0000   45.0000   34.1699   26.6420
114.0000   92.0000   0.2336   46.4810
115.0000   73.0000   17.1645   11.1714
116.0000   87.0000   35.3131   36.8315
117.0000   90.0000   20.8930   16.4093
118.0000   76.0000   33.6594   13.1278
119.0000   59.0000   10.7795   5.4809
120.0000   95.0000   6.3346   45.3202
121.0000   110.0000   47.5942   33.8495
122.0000   120.0000   30.1754   21.4968
123.0000   100.0000   40.2517   25.6818
124.0000   50.0000   39.5873   18.2814
125.0000   91.0000   41.5177   14.3898
126.0000   94.0000   35.8488   47.1730
127.0000   104.0000   31.0396   27.4178
128.0000   113.0000   12.4546   31.6070
129.0000   40.0000   13.8391   48.6770
130.0000   43.0000   23.0819   14.5178
131.0000   54.0000   33.4580   25.2090
132.0000   52.0000   17.7167   26.5523
133.0000   36.0000   26.4398   5.7423
134.0000   99.0000   32.7487   44.7417
135.0000   120.0000   42.9197   47.6513
136.0000   38.0000   8.0646   9.9430
137.0000   43.0000   13.6813   22.9438
138.0000   32.0000   24.1603   27.4538
139.0000   112.0000   38.4931   46.5477
140.0000   82.0000   8.4946   30.3122
141.0000   91.0000   29.5670   31.1113
142.0000   106.0000   47.6969   12.5409
143.0000   101.0000   43.4454   22.8491
144.0000   70.0000   46.7482   20.8570
145.0000   66.0000   19.2219   40.1531
146.0000   87.0000   12.5771   43.5886
147.0000   67.0000   35.9942   49.6653
148.0000   59.0000   34.5594   2.7060
149.0000   111.0000   27.5633   16.1418
150.0000   54.0000   48.1318   4.9262
151.0000   43.0000   19.2331   41.5824
152.0000   88.0000   37.3760   6.4503
153.0000   75.0000   2.7378   23.3574
154.0000   106.0000   25.3194   8.7530
155.0000   78.0000   29.3201   20.0527
156.0000   98.0000   21.9525   27.6631
157.0000   101.0000   44.8946   48.5837
158.0000   57.0000   23.8778   3.9762
159.0000   120.0000   19.0020   0.7775
160.0000   63.0000   9.0226   42.6146
161.0000   33.0000   2.3054   31.4170
162.0000   40.0000   26.1955   42.6782
163.0000   73.0000   21.8597   26.8847
164.0000   36.0000   37.8920   7.2763
165.0000   61.0000   25.2171   41.2486
166.0000   47.0000   9.6352   21.6435
167.0000   61.0000   21.0165   38.4580
168.0000   118.0000   48.3729   4.2234
169.0000   118.0000   2.3563   44.5756
170.0000   82.0000   17.0691   18.1347
171.0000   85.0000   41.7895   26.7306
172.0000   53.0000   36.4476   11.4677
173.0000   87.0000   9.2260   4.9168
174.0000   120.0000   2.7328   19.5025
175.0000   59.0000   11.9300   34.9145
176.0000   71.0000   15.2549   33.9129
177.0000   120.0000   34.8474   4.6351
178.0000   49.0000   37.5962   6.4956
179.0000   93.0000   25.7938   6.7921
180.0000   72.0000   16.5971   26.5451
181.0000   63.0000   23.8494   2.5008
182.0000   101.0000   29.0735   33.1218
183.0000   108.0000   9.8314   22.6468
184.0000   98.0000   17.3630   17.5772
185.0000   112.0000   34.9820   5.9641
186.0000   90.0000   39.5220   46.8479
187.0000   101.0000   30.3077   40.3623
188.0000   37.0000   11.8660   6.2085
189.0000   109.0000   1.6278   40.4942
190.0000   34.0000   5.5239   5.6797
191.0000   102.0000   8.0850   32.1694
192.0000   67.0000   1.9290   42.5672
193.0000   30.0000   39.3458   12.1587
194.0000   89.0000   2.5302   20.7013
195.0000   48.0000   2.9544   4.7447
196.0000   62.0000   14.8566   45.1375
197.0000   64.0000   41.9760   19.0736
198.0000   107.0000   35.4844   26.6951
199.0000   36.0000   42.7903   43.2733
200.0000   37.0000   27.5794   22.8131
201.0000   109.0000   22.4328   15.7929
202.0000   101.0000   35.6856   24.6689
203.0000   90.0000   29.3458   44.5682
204.0000   100.0000   33.0605   37.4666
205.0000   94.0000   2.7976   10.3040
206.0000   92.0000   27.5663   36.8428
207.0000   98.0000   26.4154   31.2245
208.0000   51.0000   21.8419   39.4343
209.0000   76.0000   12.3983   44.7852
210.0000   48.0000   32.1345   31.3711
211.0000   102.0000   8.1773   17.2947
212.0000   108.0000   43.4806   20.3636
213.0000   102.0000   49.4044   31.8667
214.0000   55.0000   42.9942   6.1024
215.0000   65.0000   16.2995   16.5690
216.0000   97.0000   17.7598   7.6809
217.0000   64.0000   41.6717   7.4146
218.0000   46.0000   27.9143   41.1317
219.0000   70.0000   39.3756   45.6462
220.0000   73.0000   0.8713   17.4129
221.0000   93.0000   25.1656   14.6945
222.0000   87.0000   49.4658   6.9147
223.0000   99.0000   18.0824   11.0332
224.0000   112.0000   3.5741   13.9864
225.0000   63.0000   31.5929   7.1152
226.0000   115.0000   36.3227   43.7364
227.0000   55.0000   26.2899   40.6351
228.0000   60.0000   2.7692   28.2213
229.0000   50.0000   1.1123   16.0244
230.0000   109.0000   27.7651   32.8778
231.0000   36.0000   27.1461   26.7312
232.0000   66.0000   17.5187   42.7227
233.0000   37.0000   31.0626   46.1461
234.0000   92.0000   23.4950   36.8870
235.0000   61.0000   40.3518   4.3389
236.0000   69.0000   43.8765   42.9569
237.0000   107.0000   38.6909   48.1760
238.0000   92.0000   6.3571   29.2594
239.0000   101.0000   2.0571   7.6511
240.0000   59.0000   22.7201   24.2447
241.0000   83.0000   37.9413   24.0568
242.0000   41.0000   35.7136   37.5971
243.0000   45.0000   36.0016   31.2906
244.0000   48.0000   9.0007   13.5711
245.0000   65.0000   46.7221   5.6595
246.0000   31.0000   19.0023   43.6317
247.0000   89.0000   20.5611   29.1082
248.0000   103.0000   0.7666   15.0704
249.0000   64.0000   14.7505   38.3897
250.0000   61.0000   48.3421   10.4077
251.0000   90.0000   6.4845   27.4323
252.0000   108.0000   35.4814   11.3612
253.0000   33.0000   19.6641   6.2915
254.0000   85.0000   31.8631   33.3984
255.0000   85.0000   25.5199   2.4300
256.0000   55.0000   43.9065   15.3988
257.0000   109.0000   24.0843   18.6018
258.0000   92.0000   10.6379   1.7936
259.0000   100.0000   23.0479   12.2686
260.0000   43.0000   13.0719   8.2049
261.0000   84.0000   21.6655   2.7320
262.0000   37.0000   38.8884   9.6864
263.0000   88.0000   1.2265   7.7144
264.0000   82.0000   4.5196   47.0350
265.0000   116.0000   19.6476   41.8585
266.0000   116.0000   29.3355   10.8179
267.0000   86.0000   40.9291   31.6321
268.0000   68.0000   14.3596   0.2763
269.0000   70.0000   49.7848   28.2463
270.0000   41.0000   48.4652   7.4135
271.0000   34.0000   36.3552   20.4610
272.0000   96.0000   15.4045   19.2848
273.0000   31.0000   6.2380   46.7006
274.0000   77.0000   13.5723   2.4534
275.0000   91.0000   33.8078   47.1578
