0.0000   0.0000   50.0000   50.0000
1.0000   49.0000   72.1497   96.5601
2.0000   77.0000   12.1597   90.1487
3.0000   92.0000   55.9646   15.7542
4.0000   6.0000   49.2476   88.1616
5.0000   25.0000   5.4627   40.9921
6.0000   31.0000   71.3595   21.5959
7.0000   70.0000   94.9486   48.3765
8.0000   6.0000   25.3952   36.0293
9.0000   33.0000   76.5240   19.6373
10.0000   83.0000   10.8143   4.5531
11.0000   65.0000   89.8688   83.9464
12.0000   39.0000   92.2450   68.3705
13.0000   66.0000   96.9988   41.1046
14.0000   69.0000   59.7800   73.2993
15.0000   96.0000   99.6491   59.0292
16.0000   67.0000   60.7943   22.4649
17.0000   35.0000   10.4257   76.5441
18.0000   32.0000   2.0012   60.6781
19.0000   25.0000   90.4344   50.7290
20.0000   83.0000   29.2704   76.1398
21.0000   60.0000   88.9727   54.8365
22.0000   38.0000   69.4883   8.6772
23.0000   16.0000   51.1165   86.2720
24.0000   29.0000   23.1978   12.1907
25.0000   61.0000   47.1402   39.6656
26.0000   3.0000   51.2259   37.6720
27.0000   80.0000   95.5246   72.5287
28.0000   51.0000   32.6573   19.8183
29.0000   61.0000   90.7211   34.2126
30.0000   77.0000   99.7229   45.1251
31.0000   24.0000   12.8555   70.2031
32.0000   58.0000   86.3611   95.5937
33.0000   75.0000   41.8803   59.2476
34.0000   80.0000   34.9145   54.7197
35.0000   76.0000   88.4024   56.2499
36.0000   89.0000   32.4354   77.6164
37.0000   79.0000   82.2619   98.5827
38.0000   75.0000   61.3690   12.6249
39.0000   42.0000   16.4875   51.2806
40.0000   72.0000   52.1908   57.6645
41.0000   69.0000   83.3257   51.3965
42.0000   6.0000   50.2763   17.5548
43.0000   63.0000   59.5844   25.8346
44.0000   100.0000   85.9206   31.8623
45.0000   61.0000   24.5031   99.9600
46.0000   53.0000   11.3333   54.4647
47.0000   99.0000   41.2231   54.2648
48.0000   43.0000   85.7969   79.8972
49.0000   67.0000   5.3165   52.7562
50.0000   63.0000   8.5229   38.7335
51.0000   6.0000   0.1827   91.3910
52.0000   1.0000   93.4731   6.9282
53.0000   95.0000   58.8090   88.5012
54.0000   78.0000   50.1970   11.5110
55.0000   100.0000   83.9101   60.0441
56.0000   1.0000   30.7690   95.7457
57.0000   24.0000   5.1203   29.2548
58.0000   79.0000   23.9936   55.1877
59.0000   81.0000   14.0655   65.1833
60.0000   34.0000   24.7095   8.3244
61.0000   88.0000   26.8709   48.0164
62.0000   32.0000   0.7364   17.5593
63.0000   6.0000   58.2530   2.4012
64.0000   21.0000   86.2639   19.1726
65.0000   16.0000   43.6617   60.4924
66.0000   32.0000   1.0083   81.3785
67.0000   21.0000   61.9987   42.6997
68.0000   51.0000   3.3445   30.4168
69.0000   43.0000   29.7183   19.1867
70.0000   83.0000   49.0168   37.1377
71.0000   70.0000   21.2376   62.3000
72.0000   96.0000   88.7878   46.0686
73.0000   98.0000   56.6935   1.5957
74.0000   4.0000   77.8824   73.2274
75.0000   94.0000   58.5277   22.2218
76.0000   45.0000   75.7509   57.1020
77.0000   54.0000   12.6780   98.2967
78.0000   98.0000   62.4514   23.8730
79.0000   28.0000   29.5119   35.6145
80.0000   9.0000   64.6748   63.1766
81.0000   48.0000   46.4204   47.9974
82.0000   46.0000   67.7672   78.9692
83.0000   10.0000   36.5036   51.0175
84.0000   14.0000   32.1527   5.7261
85.0000   99.0000   57.5720   31.9772
86.0000   52.0000   46.8931   18.7761
87.0000   22.0000   26.5638   41.0445
88.0000   66.0000   29.2823   1.3782
89.0000   20.0000   34.1726   24.6348
90.0000   35.0000   36.4743   65.3665
91.0000   1.0000   80.7579   23.6452
92.0000   31.0000   33.7840   10.8186
93.0000   4.0000   68.1488   77.5057
94.0000   15.0000   7.2749   1.1250
95.0000   23.0000   76.0087   96.6802
96.0000   94.0000   38.3925   40.0661
97.0000   31.0000   6.4106   57.1554
98.0000   82.0000   21.2182   76.8163
99.0000   8.0000   91.3174   39.3238
100.0000   90.0000   54.5339   42.0829
101.0000   76.0000   20.8675   89.9662
102.0000   92.0000   19.0964   49.3339
103.0000   26.0000   71.8815   39.7161
104.0000   70.0000   78.2210   42.4889
105.0000   56.0000   34.0065   71.0338
106.0000   62.0000   72.6714   75.7767
107.0000   67.0000   48.8154   9.6864
108.0000   78.0000   65.3610   50.3246
109.0000   52.0000   34.4642   73.8009
110.0000   75.0000   51.3405   46.2638
111.0000   87.0000   34.8006   75.3953
112.0000   26.0000   12.7514   65.6681
113.0000   11.0000   72.4814   68.2087
114.0000   77.0000   82.3000   51.3456
115.0000   86.0000   41.3689   71.2608
116.0000   58.0000   4.9208   81.1901
117.0000   57.0000   73.0107   18.5679
118.0000   88.0000   80.1865   19.5101
119.0000   33.0000   91.4795   49.9351
120.0000   45.0000   64.9931   29.2033
121.0000   63.0000   1.1817   24.9605
122.0000   60.0000   7.0969   51.4991
123.0000   4.0000   75.8592   72.5290
124.0000   75.0000   84.8619   49.5478
125.0000   12.0000   90.5403   83.9454
126.0000   34.0000   21.3060   74.3323
127.0000   65.0000   62.4796   39.1739
128.0000   44.0000   82.6887   1.7370
129.0000   81.0000   44.1812   43.2720
130.0000   12.0000   82.0338   55.8711
131.0000   52.0000   87.6531   3.2019
132.0000   57.0000   11.8110   45.3031
133.0000   12.0000   36.2334   57.5121
134.0000   20.0000   24.8306   52.4581
135.0000   50.0000   53.5098   55.0678
136.0000   19.0000   84.7988   48.6137
137.0000   8.0000   19.2353   36.2363
138.0000   18.0000   89.7439   76.1621
139.0000   94.0000   21.6773   11.5723
140.0000   9.0000   60.0334   98.9029
141.0000   46.0000   44.7144   21.8834
142.0000   18.0000   1.1153   16.8055
143.0000   80.0000   82.8412   75.3714
144.0000   36.0000   9.5553   94.9932
145.0000   40.0000   4.6612   62.5163
146.0000   38.0000   97.8084   0.5706
147.0000   34.0000   19.6991   68.8454
148.0000   73.0000   28.4211   23.6249
149.0000   42.0000   45.3630   47.7875
150.0000   65.0000   25.2724   12.8423
