0.0000   0.0000   0.0000   0.0000
1.0000   31.0000   36.3382   15.9065
2.0000   43.0000   49.1426   6.7441
3.0000   43.0000   3.1954   1.0646
4.0000   31.0000   36.6498   13.1985
5.0000   101.0000   14.2159   35.1824
6.0000   52.0000   31.5533   24.8612
7.0000   37.0000   2.3504   29.9846
8.0000   106.0000   22.6817   41.1864
9.0000   101.0000   0.8687   33.7561
10.0000   67.0000   40.4542   49.0613
11.0000   60.0000   5.1474   15.1676
12.0000   112.0000   31.6055   23.6823
13.0000   82.0000   47.0597   1.5645
14.0000   37.0000   17.3519   45.4818
15.0000   97.0000   43.8536   31.7096
16.0000   116.0000   13.7141   43.5163
17.0000   37.0000   37.5110   10.5804
18.0000   81.0000   32.4948   14.8176
19.0000   58.0000   3.6033   19.7608
20.0000   91.0000   4.4666   25.1923
21.0000   54.0000   24.7481   10.0011
22.0000   49.0000   29.5470   31.9477
23.0000   25.0000   23.7733   4.5850
24.0000   38.0000   20.6789   4.5783
25.0000   98.0000   39.2810   18.4430
26.0000   25.0000   9.9800   19.4123
27.0000   86.0000   20.9184   22.1254
28.0000   77.0000   5.5093   24.3124
29.0000   111.0000   36.1048   28.9443
30.0000   85.0000   14.6656   28.0482
31.0000   80.0000   48.7679   21.3554
32.0000   43.0000   26.2323   12.9730
33.0000   42.0000   23.6235   19.5507
34.0000   78.0000   36.6051   11.3352
35.0000   33.0000   18.4032   35.9437
36.0000   54.0000   32.2918   9.9611
37.0000   81.0000   27.4218   5.6496
38.0000   23.0000   46.1084   6.9309
39.0000   40.0000   28.2744   46.2533
40.0000   34.0000   27.7032   5.3692
41.0000   117.0000   1.0245   23.7719
42.0000   94.0000   20.3175   9.3835
43.0000   71.0000   24.1856   23.9338
44.0000   60.0000   33.0857   22.3381
45.0000   98.0000   6.4217   36.6455
46.0000   119.0000   1.3001   42.2231
47.0000   45.0000   35.8286   34.4765
48.0000   113.0000   36.8985   39.0683
49.0000   35.0000   1.0329   28.1947
50.0000   87.0000   11.0785   10.9059
51.0000   118.0000   47.3169   0.7111
52.0000   95.0000   46.8488   25.2236
53.0000   111.0000   48.4379   15.9975
54.0000   28.0000   25.4351   2.1291
55.0000   91.0000   25.9077   34.0211
56.0000   48.0000   23.6119   16.4030
57.0000   22.0000   23.7308   29.3209
58.0000   47.0000   36.2628   38.0295
59.0000   61.0000   45.3901   49.4286
60.0000   33.0000   35.7567   49.3190
61.0000   42.0000   13.7684   37.2715
62.0000   27.0000   46.8908   23.1994
63.0000   57.0000   15.4209   22.7751
64.0000   70.0000   9.0244   17.6932
65.0000   31.0000   38.3403   40.3998
66.0000   69.0000   7.5220   20.2186
67.0000   72.0000   49.5727   47.6974
68.0000   83.0000   4.7563   17.1383
69.0000   26.0000   11.8182   45.1085
70.0000   89.0000   30.3759   28.8742
71.0000   107.0000   4.1266   41.7088
72.0000   102.0000   47.7441   14.2311
73.0000   47.0000   14.5763   23.6738
74.0000   92.0000   20.0763   25.1261
75.0000   117.0000   33.2140   22.9466
76.0000   93.0000   5.4983   8.0916
77.0000   57.0000   31.5443   22.6150
78.0000   69.0000   0.3432   36.4347
79.0000   66.0000   43.2942   12.5684
80.0000   53.0000   37.3933   32.4283
81.0000   26.0000   46.0656   21.6325
82.0000   35.0000   41.3417   17.9701
83.0000   106.0000   32.9389   21.8441
84.0000   90.0000   21.8336   24.0824
85.0000   53.0000   6.5314   18.2023
86.0000   93.0000   4.2344   17.7837
87.0000   101.0000   6.5142   33.7308
88.0000   117.0000   39.9782   18.3092
89.0000   117.0000   20.3983   3.6778
90.0000   56.0000   8.3614   21.1880
91.0000   89.0000   2.2071   38.4428
92.0000   77.0000   28.3903   23.3833
93.0000   93.0000   4.7376   43.5901
94.0000   97.0000   44.1691   22.9006
95.0000   84.0000   49.0993   27.1102
96.0000   50.0000   13.5562   25.2732
97.0000   96.0000   24.2179   31.8653
98.0000   83.0000   3.7319   0.7332
99.0000   78.0000   42.7377   33.1690
100.0000   117.0000   3.7082   9.1329
101.0000   109.0000   38.8004   20.2699
102.0000   120.0000   14.1472   34.9300
103.0000   28.0000   47.6777   1.2156
104.0000   37.0000   23.1249   23.7089
105.0000   84.0000   23.0188   22.7524
106.0000   47.0000   8.6398   41.0637
107.0000   37.0000   45.5340   1.9967
108.0000   106.0000   4.4060   12.2414
109.0000   61.0000   33.6595   23.2614
110.0000   56.0000   35.4157   49.3200
111.0000   57.0000   0.3416   23.4217
112.0000   113.0000   32.1412   29.0491
113.0000   41.0000   42.3461   9.3518
114.0000   43.0000   34.3080   19.1234
115.0000   48.0000   30.7699   16.3174
116.0000   20.0000   49.9914   35.0148
117.0000   107.0000   45.7221   24.3441
118.0000   92.0000   3.7327   43.8337
119.0000   24.0000   20.0416   3.2663
120.0000   34.0000   37.7254   42.9947
121.0000   21.0000   47.8263   27.3872
122.0000   26.0000   14.6690   32.1441
123.0000   30.0000   39.4505   10.5853
124.0000   98.0000   35.3860   38.6077
125.0000   106.0000   20.8521   14.8004
126.0000   33.0000   6.0500   21.3515
127.0000   120.0000   7.9320   8.0981
128.0000   47.0000   44.0111   33.0537
129.0000   89.0000   2.5973   10.2902
130.0000   45.0000   46.6028   16.9768
131.0000   87.0000   39.3981   4.5217
132.0000   33.0000   45.8423   32.9087
133.0000   35.0000   23.2124   45.0730
134.0000   72.0000   15.6592   45.6018
135.0000   32.0000   2.3558   19.3793
136.0000   26.0000   33.3009   29.5235
137.0000   108.0000   22.3205   34.0807
138.0000   71.0000   38.6504   46.7646
139.0000   41.0000   10.4251   36.4535
140.0000   62.0000   48.0393   28.3009
141.0000   40.0000   15.0669   49.0834
142.0000   24.0000   11.0378   16.0761
143.0000   33.0000   32.6999   48.6970
144.0000   49.0000   24.0770   43.3853
145.0000   87.0000   24.6415   29.4726
146.0000   95.0000   5.5616   32.0704
147.0000   113.0000   22.2319   26.7616
148.0000   107.0000   46.6891   31.3451
149.0000   68.0000   6.3882   18.0521
150.0000   112.0000   43.5835   45.8506
151.0000   102.0000   6.0493   19.0786
152.0000   54.0000   9.8552   45.8453
153.0000   24.0000   26.5095   28.6591
154.0000   24.0000   23.7252   14.8787
155.0000   33.0000   0.3483   7.4896
156.0000   28.0000   41.9264   1.1628
157.0000   30.0000   42.7996   31.2316
158.0000   97.0000   39.4686   38.9334
159.0000   24.0000   49.9390   21.2864
160.0000   56.0000   8.4664   49.2655
161.0000   92.0000   17.8641   46.8016
162.0000   97.0000   16.8282   10.2245
163.0000   110.0000   43.1164   43.5911
164.0000   37.0000   9.6737   28.5309
165.0000   45.0000   34.5966   30.9844
166.0000   82.0000   15.5482   18.1796
167.0000   50.0000   22.6939   39.1495
168.0000   97.0000   30.5288   40.7623
169.0000   44.0000   34.8259   14.3519
170.0000   23.0000   15.0516   3.3141
171.0000   49.0000   32.8542   49.6190
172.0000   89.0000   0.9846   32.7825
173.0000   77.0000   44.3583   22.2339
174.0000   48.0000   26.6766   1.2072
175.0000   117.0000   15.4004   24.5297
176.0000   32.0000   16.8358   22.5920
177.0000   54.0000   35.4925   36.9358
178.0000   60.0000   40.5650   7.9086
179.0000   26.0000   13.2872   7.4290
180.0000   46.0000   29.7007   22.0558
181.0000   31.0000   10.6524   34.0893
182.0000   82.0000   31.9853   38.6571
183.0000   63.0000   33.3762   48.4363
184.0000   21.0000   19.1693   23.1860
185.0000   61.0000   33.6151   36.0791
186.0000   52.0000   1.6033   11.8236
187.0000   75.0000   18.2055   4.9533
188.0000   102.0000   0.4008   24.2915
189.0000   46.0000   10.1755   21.2599
190.0000   54.0000   46.8362   11.7546
191.0000   113.0000   37.7213   34.9656
192.0000   49.0000   9.9397   14.1832
193.0000   112.0000   14.5130   35.3536
194.0000   36.0000   36.1337   28.6126
195.0000   54.0000   46.3721   15.7394
196.0000   27.0000   30.2848   15.3916
197.0000   44.0000   6.3545   46.4429
198.0000   76.0000   48.9621   9.1697
199.0000   50.0000   22.6136   48.2477
200.0000   111.0000   48.4575   22.9363
201.0000   41.0000   47.9186   36.9866
202.0000   81.0000   10.2643   27.5864
203.0000   115.0000   49.8490   21.8868
204.0000   53.0000   16.5756   44.5444
205.0000   118.0000   49.6464   37.3143
206.0000   53.0000   31.8481   25.3900
207.0000   118.0000   6.8774   37.6061
208.0000   77.0000   48.5838   5.3119
209.0000   31.0000   29.5647   41.9131
210.0000   100.0000   32.6974   21.3331
211.0000   35.0000   7.3998   46.7386
212.0000   51.0000   44.5983   14.1811
213.0000   48.0000   30.4672   2.6247
214.0000   94.0000   33.5271   8.1248
215.0000   70.0000   41.2344   12.8488
216.0000   116.0000   20.2423   35.7468
217.0000   65.0000   13.8983   36.1181
218.0000   71.0000   33.7593   27.1344
219.0000   38.0000   46.6914   35.4209
220.0000   22.0000   16.4627   11.6509
221.0000   99.0000   44.4186   44.9120
222.0000   48.0000   17.1516   23.4562
223.0000   93.0000   47.5993   0.5831
224.0000   95.0000   18.3996   15.6749
225.0000   79.0000   47.7368   41.2768
226.0000   95.0000   19.9866   12.4198
227.0000   109.0000   3.3182   9.6144
228.0000   77.0000   38.7490   2.6025
229.0000   115.0000   25.0685   27.2421
230.0000   53.0000   9.6176   44.2749
231.0000   51.0000   45.9036   41.1424
232.0000   99.0000   24.9164   17.8776
233.0000   77.0000   17.7902   6.0317
234.0000   33.0000   0.3761   41.4602
235.0000   92.0000   39.0972   4.3914
236.0000   27.0000   23.3323   36.5315
237.0000   55.0000   11.2167   14.9475
238.0000   94.0000   12.3293   39.0593
239.0000   60.0000   48.0905   5.6939
240.0000   21.0000   28.3702   19.9422
241.0000   99.0000   41.4987   44.4502
242.0000   70.0000   36.6444   2.6789
243.0000   118.0000   28.8868   23.4921
244.0000   88.0000   28.1583   13.1015
245.0000   116.0000   36.5673   0.3741
246.0000   103.0000   37.2336   45.8427
247.0000   44.0000   28.7588   14.7295
248.0000   27.0000   25.1680   27.2826
249.0000   102.0000   41.8279   4.6028
250.0000   51.0000   18.2079   10.7771
251.0000   35.0000   1.6856   3.2762
252.0000   111.0000   24.2971   35.8174
253.0000   77.0000   38.1788   47.0943
254.0000   71.0000   33.1156   47.8978
255.0000   40.0000   5.6486   19.2179
256.0000   53.0000   36.7690   23.2251
257.0000   30.0000   37.2780   44.3333
258.0000   34.0000   30.8106   24.7720
259.0000   34.0000   31.7499   23.0466
260.0000   65.0000   48.1840   29.8159
261.0000   37.0000   48.3488   21.7671
262.0000   72.0000   16.6275   11.5246
263.0000   54.0000   37.9983   41.4452
264.0000   53.0000   28.1111   13.4549
265.0000   64.0000   44.4257   18.0289
266.0000   72.0000   49.0591   15.5342
267.0000   111.0000   4.1593   38.0406
268.0000   97.0000   9.3173   29.0728
269.0000   86.0000   29.6237   28.5472
270.0000   60.0000   34.1154   10.8791
271.0000   66.0000   0.8559   9.4316
272.0000   58.0000   12.9884   18.8464
273.0000   42.0000   49.4619   11.4283
274.0000   47.0000   46.2509   41.1268
275.0000   104.0000   15.5604   27.4643
276.0000   32.0000   22.6001   35.3464
277.0000   20.0000   14.6602   25.1975
278.0000   51.0000   7.3205   29.6458
279.0000   119.0000   8.9360   30.3036
280.0000   26.0000   26.3365   2.7886
281.0000   50.0000   18.2131   34.2374
282.0000   81.0000   19.5683   0.6632
283.0000   59.0000   3.5544   16.9012
284.0000   78.0000   24.3524   11.1308
285.0000   98.0000   21.9995   12.8154
286.0000   94.0000   8.0054   40.7401
287.0000   28.0000   38.9592   44.9786
288.0000   46.0000   28.6054   31.4960
289.0000   92.0000   20.8500   39.3883
290.0000   86.0000   32.4980   23.1316
291.0000   72.0000   18.8402   28.1419
292.0000   49.0000   20.9655   41.6215
293.0000   107.0000   40.5961   6.0504
294.0000   56.0000   47.0946   26.2280
295.0000   105.0000   34.9534   8.9750
296.0000   23.0000   44.1422   41.1481
297.0000   77.0000   34.1496   33.6434
298.0000   104.0000   8.8804   14.7343
299.0000   111.0000   35.8927   3.8476
300.0000   84.0000   23.5265   34.4309
301.0000   38.0000   21.8810   43.0770
302.0000   61.0000   38.8939   9.3549
303.0000   108.0000   43.1221   37.5422
304.0000   69.0000   14.0334   16.0218
305.0000   93.0000   43.0110   25.8514
306.0000   89.0000   49.3344   16.2196
307.0000   93.0000   5.9618   47.1403
308.0000   33.0000   11.1892   38.7634
309.0000   83.0000   46.5641   3.0335
310.0000   100.0000   14.4990   46.4054
311.0000   25.0000   27.3516   33.3691
312.0000   87.0000   14.9457   13.2938
313.0000   114.0000   40.1839   16.2527
314.0000   115.0000   33.5601   20.8043
315.0000   22.0000   34.1719   31.8214
316.0000   102.0000   0.2085   11.9564
317.0000   37.0000   41.7108   48.9972
318.0000   100.0000   0.1395   34.2184
319.0000   105.0000   6.6285   1.1125
320.0000   111.0000   29.1820   10.3281
321.0000   101.0000   6.3665   42.9928
322.0000   117.0000   40.5861   20.3928
323.0000   80.0000   11.1000   10.6741
324.0000   75.0000   45.9238   16.9882
325.0000   89.0000   34.0597   4.5444
326.0000   120.0000   45.2726   44.2721
327.0000   66.0000   0.2475   9.6821
328.0000   104.0000   41.8701   20.8596
329.0000   26.0000   37.4384   8.2705
330.0000   92.0000   12.9037   17.8848
331.0000   99.0000   18.8562   18.1819
332.0000   89.0000   16.9448   14.6684
333.0000   92.0000   11.7835   40.7165
334.0000   74.0000   43.8335   37.1713
335.0000   38.0000   18.5412   9.9278
336.0000   26.0000   3.5106   2.8202
337.0000   21.0000   40.6329   2.9709
338.0000   55.0000   39.0725   45.3365
339.0000   104.0000   49.7907   30.4820
340.0000   57.0000   1.8790   1.5583
341.0000   105.0000   0.3467   40.4392
342.0000   49.0000   31.3728   32.0725
343.0000   109.0000   44.8370   35.0141
344.0000   90.0000   35.4242   36.1528
345.0000   103.0000   10.8850   42.2692
346.0000   34.0000   20.6834   18.6664
347.0000   57.0000   46.3936   23.4751
348.0000   84.0000   24.0011   23.1897
349.0000   42.0000   45.9883   18.7215
350.0000   113.0000   24.9834   9.3837
351.0000   83.0000   22.1096   27.5061
352.0000   39.0000   26.2286   30.8837
353.0000   82.0000   3.5317   1.1369
354.0000   95.0000   26.7628   28.1026
355.0000   69.0000   33.4069   9.5135
356.0000   120.0000   20.1589   49.4283
357.0000   20.0000   41.8318   38.1585
358.0000   68.0000   22.8654   0.3134
359.0000   32.0000   36.1790   31.9470
360.0000   111.0000   26.8782   20.4251
361.0000   51.0000   13.0749   2.1995
362.0000   95.0000   33.8657   18.9399
363.0000   21.0000   10.8393   40.1436
364.0000   42.0000   22.5237   2.7521
365.0000   43.0000   38.4983   33.9046
366.0000   66.0000   34.1147   40.1511
367.0000   80.0000   46.5999   40.7246
368.0000   91.0000   21.7894   7.1121
369.0000   116.0000   43.7362   29.2040
370.0000   77.0000   25.6683   6.7334
371.0000   51.0000   20.1037   16.3997
372.0000   87.0000   10.2007   20.4703
373.0000   57.0000   0.1444   15.6277
374.0000   83.0000   14.2841   35.6368
375.0000   83.0000   10.8224   41.7392
376.0000   71.0000   11.9441   40.7112
377.0000   88.0000   12.8860   3.8821
378.0000   99.0000   29.7707   33.4069
379.0000   70.0000   19.0207   20.4847
380.0000   53.0000   22.2203   33.0839
381.0000   87.0000   47.5548   31.1037
382.0000   75.0000   23.6250   47.3293
383.0000   45.0000   13.5854   17.5464
384.0000   43.0000   41.5528   8.4952
385.0000   49.0000   25.1511   39.6231
386.0000   112.0000   29.0109   27.9861
387.0000   25.0000   45.8457   26.2571
388.0000   105.0000   29.2117   21.2853
389.0000   21.0000   37.9663   36.0779
390.0000   46.0000   9.4039   5.0807
391.0000   45.0000   21.2525   24.2497
392.0000   46.0000   48.3586   16.6565
393.0000   83.0000   3.5776   29.3936
394.0000   62.0000   10.4923   1.9182
395.0000   51.0000   10.6663   8.3522
396.0000   118.0000   22.8437   14.1798
397.0000   115.0000   23.8259   10.7129
398.0000   113.0000   9.4335   1.4811
399.0000   40.0000   19.5970   6.8616
400.0000   57.0000   36.7725   49.7604
401.0000   32.0000   47.1988   31.8043
402.0000   68.0000   40.2807   48.3502
403.0000   39.0000   23.9022   40.8680
404.0000   23.0000   1.2214   26.2120
405.0000   94.0000   8.1809   39.1484
406.0000   119.0000   43.9438   13.7671
407.0000   111.0000   47.8902   14.0272
408.0000   41.0000   40.0644   0.7648
409.0000   47.0000   10.0038   17.1212
410.0000   27.0000   2.0918   12.3551
411.0000   25.0000   48.2424   49.8134
412.0000   111.0000   4.6023   16.8929
413.0000   68.0000   5.6429   45.4318
414.0000   29.0000   34.3403   2.5307
415.0000   34.0000   46.9338   48.1918
416.0000   93.0000   32.1087   37.6006
417.0000   38.0000   18.4993   11.4404
418.0000   33.0000   11.6845   31.3728
419.0000   85.0000   26.0078   37.6494
420.0000   65.0000   44.2398   15.1868
421.0000   25.0000   0.7700   30.5613
422.0000   20.0000   28.8203   25.7740
423.0000   26.0000   25.0889   6.7418
424.0000   56.0000   20.8967   32.0292
425.0000   67.0000   21.6349   2.7915
426.0000   57.0000   43.1316   14.9227
427.0000   86.0000   32.2431   31.5684
428.0000   44.0000   30.7990   21.1133
429.0000   82.0000   36.6008   29.9572
430.0000   83.0000   42.8388   13.6964
431.0000   89.0000   12.3235   44.9304
432.0000   40.0000   3.4789   35.1878
433.0000   28.0000   21.5640   23.3215
434.0000   100.0000   23.8828   46.9752
435.0000   58.0000   3.2135   5.6145
436.0000   61.0000   30.5141   33.4417
437.0000   108.0000   23.3644   39.7770
438.0000   94.0000   45.1848   34.8448
439.0000   117.0000   35.0355   7.1522
440.0000   28.0000   23.1569   17.1746
441.0000   34.0000   22.2900   46.1508
442.0000   43.0000   44.3875   33.1580
443.0000   30.0000   46.4335   38.2946
444.0000   111.0000   23.7681   22.2916
445.0000   88.0000   19.4766   5.4429
446.0000   111.0000   16.2928   19.5083
447.0000   111.0000   8.6496   17.5260
448.0000   103.0000   29.3349   2.0421
449.0000   87.0000   39.3900   17.4011
450.0000   48.0000   9.9138   48.2819
451.0000   88.0000   24.5310   32.2847
452.0000   31.0000   41.9345   27.6928
453.0000   25.0000   32.5468   49.5916
454.0000   100.0000   40.2341   13.3467
455.0000   103.0000   0.7846   28.3100
456.0000   93.0000   37.9846   42.3445
457.0000   41.0000   33.3939   16.7086
458.0000   77.0000   48.5029   47.0543
459.0000   118.0000   6.4211   17.9509
460.0000   42.0000   17.5770   30.5243
461.0000   100.0000   7.5287   13.0091
462.0000   45.0000   16.8608   32.4720
463.0000   117.0000   9.6180   28.5813
464.0000   63.0000   40.3557   8.3374
465.0000   48.0000   27.8809   11.2882
466.0000   111.0000   6.7832   34.3737
467.0000   63.0000   43.8623   19.6714
468.0000   87.0000   2.3368   29.6498
469.0000   26.0000   17.1801   11.5877
470.0000   99.0000   13.6753   49.5778
471.0000   87.0000   36.0870   34.4075
472.0000   80.0000   16.7940   6.9955
473.0000   61.0000   16.6438   39.0283
474.0000   74.0000   40.0180   19.8197
475.0000   40.0000   14.9350   39.0516
