0.0000   0.0000   50.0000   50.0000
1.0000   103.0000   72.5123   13.7667
2.0000   85.0000   35.5088   95.0344
3.0000   38.0000   97.2159   71.9549
4.0000   65.0000   99.9973   21.4991
5.0000   30.0000   72.3917   13.2048
6.0000   32.0000   78.3654   15.9724
7.0000   44.0000   93.5029   78.2049
8.0000   90.0000   88.4699   34.1790
9.0000   116.0000   5.7986   69.6319
10.0000   61.0000   4.0019   66.4658
11.0000   95.0000   9.9328   56.0278
12.0000   108.0000   19.9851   51.4636
13.0000   68.0000   88.8205   94.7457
14.0000   30.0000   19.5748   12.9443
15.0000   98.0000   86.7428   97.1393
16.0000   92.0000   60.2013   2.8073
17.0000   49.0000   53.0085   92.1444
18.0000   105.0000   94.8164   78.8770
19.0000   104.0000   34.7115   20.4848
20.0000   51.0000   24.8324   31.7257
21.0000   30.0000   18.6568   44.2956
22.0000   96.0000   27.1390   1.3447
23.0000   44.0000   29.7553   16.5940
24.0000   60.0000   24.5684   76.3603
25.0000   64.0000   33.0518   38.1847
26.0000   97.0000   84.5711   23.3275
27.0000   53.0000   68.9824   53.1901
28.0000   111.0000   13.2881   39.6014
29.0000   97.0000   63.7039   95.7878
30.0000   106.0000   36.9868   83.3590
31.0000   59.0000   51.8109   29.8378
32.0000   78.0000   93.6133   23.7725
33.0000   100.0000   72.4610   38.1707
34.0000   79.0000   89.1803   95.1968
35.0000   102.0000   3.1271   49.1753
36.0000   95.0000   24.2484   13.2300
37.0000   86.0000   80.9025   51.6804
38.0000   45.0000   54.5214   20.0973
39.0000   50.0000   29.8863   43.3775
40.0000   42.0000   53.9873   3.1808
41.0000   87.0000   26.6981   68.1167
42.0000   101.0000   98.8862   41.8635
43.0000   38.0000   12.4571   35.3918
44.0000   110.0000   67.8860   88.9157
45.0000   30.0000   90.7607   60.6232
46.0000   94.0000   20.4487   75.4213
47.0000   98.0000   96.7332   91.5105
48.0000   96.0000   80.6924   62.3631
49.0000   104.0000   69.4285   87.5819
50.0000   100.0000   26.1021   31.0814
51.0000   49.0000   27.9206   32.0426
52.0000   38.0000   40.7634   63.7283
53.0000   95.0000   25.8970   61.8473
54.0000   30.0000   75.2108   10.7198
55.0000   61.0000   93.5638   44.9562
56.0000   47.0000   43.6445   61.6810
57.0000   63.0000   95.9137   67.8853
58.0000   86.0000   58.4502   42.1911
59.0000   58.0000   88.7978   82.2673
60.0000   101.0000   5.8517   50.4625
61.0000   88.0000   94.9523   32.0049
62.0000   98.0000   28.6760   75.4662
63.0000   101.0000   70.5710   75.9536
64.0000   65.0000   80.7459   83.5001
65.0000   87.0000   2.9434   96.1389
66.0000   53.0000   65.7226   96.9009
67.0000   98.0000   83.5943   63.8181
68.0000   54.0000   50.7682   99.9020
69.0000   112.0000   57.0966   56.1153
70.0000   55.0000   35.4095   82.2760
71.0000   92.0000   27.3471   24.3523
72.0000   86.0000   69.5204   58.3890
73.0000   70.0000   17.8623   63.3319
74.0000   86.0000   59.0077   36.4222
75.0000   95.0000   86.9342   52.1967
76.0000   98.0000   14.9874   59.6348
77.0000   33.0000   24.5647   54.2352
78.0000   76.0000   78.0940   24.7635
79.0000   71.0000   62.7931   38.7674
80.0000   43.0000   44.6740   94.8451
81.0000   37.0000   57.7177   10.7475
82.0000   32.0000   58.5269   81.6207
83.0000   30.0000   83.8034   37.5696
84.0000   114.0000   75.9329   83.4627
85.0000   98.0000   2.1416   36.7064
86.0000   54.0000   18.6753   60.8159
87.0000   61.0000   75.1088   61.5374
88.0000   48.0000   58.8720   60.4268
89.0000   93.0000   38.0559   84.6553
90.0000   50.0000   96.3198   35.9481
91.0000   31.0000   23.0370   75.3562
92.0000   72.0000   9.6890   37.1703
93.0000   76.0000   57.7221   24.7576
94.0000   54.0000   20.9116   5.2996
95.0000   58.0000   33.8077   4.3158
96.0000   90.0000   16.4146   69.5836
97.0000   107.0000   91.2361   20.8464
98.0000   113.0000   56.5977   88.3180
99.0000   105.0000   85.6857   75.9012
100.0000   111.0000   6.2232   46.6986
101.0000   93.0000   93.8462   93.4878
102.0000   65.0000   92.8161   54.8821
103.0000   54.0000   41.8108   2.8139
104.0000   98.0000   20.4005   0.2599
105.0000   106.0000   53.8095   13.0220
106.0000   93.0000   54.1526   86.8204
107.0000   68.0000   26.7925   23.8412
108.0000   87.0000   56.6756   6.3171
109.0000   100.0000   92.2110   95.0026
110.0000   76.0000   60.3566   6.1005
111.0000   73.0000   96.2813   17.2196
112.0000   111.0000   25.1534   45.7435
113.0000   42.0000   53.7285   88.6989
114.0000   65.0000   60.9324   21.1914
115.0000   115.0000   53.1661   61.7466
116.0000   82.0000   59.0514   46.6604
117.0000   66.0000   29.5562   37.6138
118.0000   53.0000   37.4410   33.2845
119.0000   55.0000   47.3424   67.1705
120.0000   44.0000   72.9677   13.1732
121.0000   88.0000   86.0150   60.0528
122.0000   40.0000   65.5187   11.4355
123.0000   104.0000   39.8389   6.8314
124.0000   55.0000   38.2905   48.0404
125.0000   50.0000   70.1250   59.1448
126.0000   95.0000   25.3473   39.2590
127.0000   73.0000   93.7067   78.5902
128.0000   86.0000   80.5763   3.6790
129.0000   89.0000   16.0624   50.0173
130.0000   98.0000   11.3302   12.0392
131.0000   49.0000   73.7820   87.4535
132.0000   72.0000   49.5668   28.8167
133.0000   115.0000   32.2396   51.8055
134.0000   112.0000   45.6194   75.7784
135.0000   80.0000   65.5820   79.9919
136.0000   35.0000   55.8703   59.9967
137.0000   119.0000   13.0814   53.1374
138.0000   47.0000   8.4226   32.2687
139.0000   60.0000   62.7422   96.1750
140.0000   67.0000   52.1643   40.8897
141.0000   45.0000   83.9013   73.6336
142.0000   103.0000   61.9136   83.4535
143.0000   57.0000   65.1576   2.2938
144.0000   75.0000   29.2812   18.9309
145.0000   71.0000   76.1255   32.3723
146.0000   55.0000   30.5638   84.3303
147.0000   108.0000   59.7287   10.6838
148.0000   55.0000   9.6676   55.1778
149.0000   94.0000   15.0840   16.0104
150.0000   82.0000   44.6584   53.2122
151.0000   80.0000   77.2171   73.1964
152.0000   38.0000   20.9115   99.4132
153.0000   69.0000   28.5736   5.0762
154.0000   118.0000   20.9018   74.6335
155.0000   30.0000   80.1496   99.9162
156.0000   34.0000   39.8024   26.7017
157.0000   40.0000   39.3772   56.6430
158.0000   112.0000   74.2480   8.5483
159.0000   60.0000   39.2153   30.0942
160.0000   106.0000   42.1291   21.5625
161.0000   110.0000   80.7637   74.7147
162.0000   64.0000   51.6165   81.9062
163.0000   40.0000   90.8022   19.1856
164.0000   83.0000   6.1098   72.6025
165.0000   57.0000   98.7002   66.7076
166.0000   55.0000   42.0685   94.0161
167.0000   52.0000   39.0640   66.9322
168.0000   49.0000   38.2154   1.0592
169.0000   71.0000   20.9839   63.4919
170.0000   84.0000   14.8309   69.4490
171.0000   92.0000   43.7862   30.9002
172.0000   78.0000   30.6620   95.3799
173.0000   75.0000   13.7384   89.0269
174.0000   85.0000   76.2275   93.7578
175.0000   100.0000   65.3659   71.7042
176.0000   117.0000   44.9921   29.0771
177.0000   66.0000   57.9474   21.5892
178.0000   97.0000   42.0728   92.6902
179.0000   89.0000   97.9121   24.7722
180.0000   120.0000   69.0687   95.0729
181.0000   99.0000   14.3182   33.6368
182.0000   108.0000   13.8930   79.0696
183.0000   119.0000   33.5086   48.7712
184.0000   30.0000   84.0758   99.9464
185.0000   56.0000   93.3438   2.9024
186.0000   52.0000   64.3948   0.8191
187.0000   86.0000   64.3556   5.3106
188.0000   44.0000   22.1336   44.9200
189.0000   78.0000   74.1652   73.8864
190.0000   58.0000   79.2797   46.1772
191.0000   92.0000   64.8328   58.7029
192.0000   71.0000   21.9690   53.3186
193.0000   44.0000   46.8204   4.0939
194.0000   110.0000   56.5243   42.3317
195.0000   97.0000   56.5431   50.2176
196.0000   62.0000   79.4501   74.6796
197.0000   76.0000   4.8492   25.6365
198.0000   83.0000   23.9988   26.3549
199.0000   78.0000   69.1886   15.2569
200.0000   84.0000   27.5811   88.5054
201.0000   71.0000   0.8124   87.2023
202.0000   56.0000   46.3981   42.1761
203.0000   80.0000   43.9485   92.9406
204.0000   61.0000   98.2811   63.2253
205.0000   77.0000   71.1474   27.6276
206.0000   49.0000   88.8034   29.9833
207.0000   46.0000   9.9627   32.6998
208.0000   57.0000   14.3891   89.2018
209.0000   93.0000   23.4889   29.2015
210.0000   117.0000   48.0324   27.7680
211.0000   76.0000   70.8795   60.2644
212.0000   37.0000   51.2734   4.6945
213.0000   64.0000   24.1483   69.0702
214.0000   93.0000   39.6698   72.4433
215.0000   87.0000   5.6523   90.3029
216.0000   115.0000   35.8833   82.7613
217.0000   108.0000   82.7183   75.3219
218.0000   73.0000   55.3634   34.8356
219.0000   32.0000   25.3983   56.3444
220.0000   67.0000   84.2973   5.9658
221.0000   38.0000   61.9379   62.4331
222.0000   87.0000   56.6327   56.6031
223.0000   112.0000   59.9084   28.5577
224.0000   90.0000   92.9956   18.3665
225.0000   33.0000   25.2165   51.9171
226.0000   106.0000   89.6570   52.8382
227.0000   91.0000   64.3065   43.9490
228.0000   70.0000   31.7320   85.7676
229.0000   109.0000   93.5816   7.6486
230.0000   74.0000   48.9691   59.3305
231.0000   48.0000   1.1403   45.6845
232.0000   75.0000   32.7648   45.0780
233.0000   87.0000   80.2105   93.4908
234.0000   30.0000   88.5648   28.0997
235.0000   42.0000   1.1115   72.3063
236.0000   65.0000   91.2477   75.1978
237.0000   83.0000   20.6196   2.9114
238.0000   66.0000   32.4718   87.8536
239.0000   63.0000   98.0245   90.2686
240.0000   76.0000   3.6028   63.4976
241.0000   80.0000   44.3156   72.6908
242.0000   69.0000   21.7970   46.2294
243.0000   104.0000   42.8446   77.0225
244.0000   81.0000   91.6604   98.0807
245.0000   115.0000   68.0959   37.3965
246.0000   65.0000   39.0410   23.1963
247.0000   31.0000   78.5317   19.1657
248.0000   63.0000   12.6975   9.3179
249.0000   84.0000   96.7429   70.7592
250.0000   70.0000   77.1175   20.1666
251.0000   53.0000   97.5809   69.1117
252.0000   113.0000   18.5897   87.7238
253.0000   115.0000   2.7248   88.0420
254.0000   31.0000   20.3473   81.7768
255.0000   43.0000   69.2812   64.2243
256.0000   75.0000   84.1935   11.6345
257.0000   44.0000   12.1891   50.7829
258.0000   31.0000   84.9877   89.1273
259.0000   77.0000   58.3018   40.0105
260.0000   52.0000   75.9005   26.4096
261.0000   59.0000   14.2478   90.2843
262.0000   75.0000   34.5411   98.9024
263.0000   115.0000   66.9799   29.9664
264.0000   64.0000   83.7120   92.9149
265.0000   81.0000   4.1835   24.1269
266.0000   33.0000   5.3163   64.9143
267.0000   118.0000   52.4397   81.6180
268.0000   36.0000   3.8870   46.4406
269.0000   95.0000   41.2307   1.1889
270.0000   84.0000   8.9780   95.6591
271.0000   53.0000   49.0731   48.7840
272.0000   82.0000   15.3313   39.7155
273.0000   99.0000   88.6352   74.2437
274.0000   42.0000   69.9688   40.6629
275.0000   46.0000   35.1581   90.8563
276.0000   112.0000   23.6455   95.8203
277.0000   66.0000   42.7916   76.9670
278.0000   76.0000   66.1368   93.7458
279.0000   40.0000   99.2005   59.5647
280.0000   61.0000   75.6926   9.5996
281.0000   59.0000   76.2966   21.7092
282.0000   73.0000   45.2471   93.4661
283.0000   79.0000   57.8088   66.7407
284.0000   78.0000   73.9305   44.0892
285.0000   61.0000   60.1074   65.1223
286.0000   110.0000   32.4554   5.8600
287.0000   72.0000   8.8637   36.5998
288.0000   34.0000   8.7092   14.1680
289.0000   55.0000   28.8629   52.0275
290.0000   50.0000   37.3111   76.6055
291.0000   85.0000   53.9574   96.2352
292.0000   55.0000   50.9390   27.2509
293.0000   65.0000   3.8909   87.9620
294.0000   95.0000   25.7553   71.5489
295.0000   96.0000   70.3237   34.1727
296.0000   87.0000   43.2682   35.5890
297.0000   67.0000   27.6348   50.5232
298.0000   33.0000   68.3010   10.1921
299.0000   69.0000   58.9962   99.7425
300.0000   30.0000   83.6710   77.9399
301.0000   93.0000   83.1728   61.0393
302.0000   51.0000   21.0167   12.3615
303.0000   58.0000   36.3753   10.4253
304.0000   77.0000   80.5540   52.1466
305.0000   84.0000   54.8314   92.5412
306.0000   64.0000   32.6512   84.4071
307.0000   87.0000   93.0406   79.7517
308.0000   53.0000   0.2607   41.2215
309.0000   46.0000   25.0159   50.5477
310.0000   117.0000   14.2202   25.2033
311.0000   66.0000   90.9836   35.8125
312.0000   97.0000   18.0178   20.2343
313.0000   93.0000   77.8579   98.0315
314.0000   42.0000   39.3048   78.2785
315.0000   40.0000   6.9832   80.9283
316.0000   44.0000   49.1823   92.6267
317.0000   89.0000   40.7816   88.8117
318.0000   94.0000   77.8344   57.9745
319.0000   71.0000   22.9275   42.4523
320.0000   116.0000   54.7934   79.5165
321.0000   107.0000   18.7533   91.9445
322.0000   119.0000   11.3094   94.1411
323.0000   58.0000   11.9591   53.6028
324.0000   96.0000   78.2628   62.2467
325.0000   31.0000   62.6530   67.3842
326.0000   40.0000   29.1227   82.5143
327.0000   90.0000   88.1544   71.7894
328.0000   31.0000   86.9336   1.8061
329.0000   75.0000   63.7253   2.5813
330.0000   96.0000   7.6834   66.6339
331.0000   119.0000   24.2486   95.8354
332.0000   95.0000   20.5220   8.7467
333.0000   100.0000   32.7529   30.1470
334.0000   98.0000   97.7006   9.8756
335.0000   36.0000   57.5609   34.5238
336.0000   87.0000   12.8779   42.6366
337.0000   77.0000   22.3854   46.5603
338.0000   51.0000   80.2461   48.4556
339.0000   108.0000   6.8022   52.0023
340.0000   54.0000   13.0758   24.5474
341.0000   50.0000   54.3342   30.2153
342.0000   37.0000   5.3315   74.9064
343.0000   96.0000   35.2566   36.5073
344.0000   104.0000   56.1937   86.3153
345.0000   78.0000   69.7116   92.5720
346.0000   42.0000   13.0065   88.9833
347.0000   97.0000   94.1898   16.1467
348.0000   39.0000   48.0497   20.4381
349.0000   42.0000   89.6618   31.0278
350.0000   94.0000   20.5385   49.8851
351.0000   66.0000   85.6718   17.8306
352.0000   86.0000   56.3305   20.2136
353.0000   95.0000   76.9350   94.2632
354.0000   55.0000   16.4095   79.8024
355.0000   62.0000   4.7077   35.0778
356.0000   55.0000   5.4775   83.0282
357.0000   89.0000   51.9312   74.4254
358.0000   44.0000   61.3554   70.8251
359.0000   64.0000   97.2460   84.2921
360.0000   36.0000   21.4634   72.0512
361.0000   54.0000   73.8479   53.7415
362.0000   58.0000   60.9959   41.8986
363.0000   44.0000   74.4286   40.1290
364.0000   88.0000   61.2595   87.0575
365.0000   66.0000   60.7050   40.1012
366.0000   113.0000   25.9632   32.9936
367.0000   110.0000   18.8204   81.9229
368.0000   94.0000   7.4074   75.1917
369.0000   68.0000   73.2444   74.4926
370.0000   50.0000   67.4899   46.5563
371.0000   45.0000   56.6552   35.7816
372.0000   67.0000   80.5047   80.7321
373.0000   102.0000   60.8396   99.2950
374.0000   96.0000   54.1330   26.9447
375.0000   76.0000   84.5818   64.1278
376.0000   104.0000   27.6730   45.7396
377.0000   102.0000   54.6254   88.1263
378.0000   107.0000   71.6868   54.8756
379.0000   96.0000   53.6229   76.6288
380.0000   42.0000   23.4750   79.6995
381.0000   90.0000   79.6309   14.8625
382.0000   40.0000   61.3514   99.8992
383.0000   40.0000   29.6519   38.3955
384.0000   90.0000   78.3559   8.3504
385.0000   98.0000   19.2896   76.8039
386.0000   47.0000   40.0544   37.3423
387.0000   48.0000   90.8889   81.0219
388.0000   87.0000   36.3140   73.1640
389.0000   56.0000   80.8392   81.3604
390.0000   55.0000   98.8177   73.6507
391.0000   37.0000   13.7845   63.9161
392.0000   83.0000   53.0538   89.9387
393.0000   73.0000   16.2267   11.4178
394.0000   59.0000   85.3430   75.3923
395.0000   55.0000   42.8653   48.9298
396.0000   114.0000   50.1028   47.6625
397.0000   79.0000   56.2879   12.8113
398.0000   34.0000   17.0749   51.8983
399.0000   35.0000   15.6672   91.3209
400.0000   41.0000   28.6986   90.1867
401.0000   48.0000   21.7095   18.1211
402.0000   87.0000   79.4522   28.5529
403.0000   43.0000   89.1297   64.2399
404.0000   105.0000   47.6222   21.4448
405.0000   109.0000   12.6788   2.0270
406.0000   75.0000   28.9743   6.7957
407.0000   32.0000   79.5191   19.2608
408.0000   102.0000   87.1168   62.0854
409.0000   38.0000   37.4067   84.0943
410.0000   57.0000   78.7895   43.0562
411.0000   97.0000   86.5689   95.4472
412.0000   114.0000   52.4701   53.2981
413.0000   79.0000   52.8687   1.7754
414.0000   40.0000   64.7680   95.5956
415.0000   30.0000   17.1685   81.4512
416.0000   111.0000   72.2833   36.1800
417.0000   40.0000   91.2719   66.7242
418.0000   114.0000   36.8036   82.3562
419.0000   31.0000   72.2513   2.9992
420.0000   55.0000   12.3931   39.5384
421.0000   37.0000   5.6028   53.6135
422.0000   89.0000   98.8425   74.0051
423.0000   80.0000   87.4053   19.6820
424.0000   31.0000   29.9718   35.2162
425.0000   68.0000   9.8673   57.5565
426.0000   36.0000   56.1858   56.9237
427.0000   48.0000   27.8180   18.3369
428.0000   58.0000   36.4043   8.9981
429.0000   94.0000   75.0062   90.9943
430.0000   120.0000   23.3755   95.0572
431.0000   56.0000   75.7765   93.5095
432.0000   42.0000   38.9346   38.5208
433.0000   104.0000   83.6273   39.9033
434.0000   61.0000   95.2960   20.2083
435.0000   66.0000   56.0623   21.9685
436.0000   84.0000   65.3792   66.7220
437.0000   68.0000   50.1423   44.8172
438.0000   86.0000   50.8262   6.9276
439.0000   75.0000   7.3336   85.6649
440.0000   68.0000   84.1820   39.1383
441.0000   46.0000   35.6860   70.7914
442.0000   51.0000   46.3514   34.2788
443.0000   101.0000   96.1916   2.8507
444.0000   92.0000   51.7937   50.8927
445.0000   77.0000   70.4389   43.7556
446.0000   75.0000   38.1565   98.7136
447.0000   100.0000   35.7262   99.2874
448.0000   90.0000   36.3575   90.6752
449.0000   101.0000   89.8529   68.8829
450.0000   43.0000   30.4960   11.0551
