0.0000   0.0000   50.0000   50.0000
1.0000   84.0000   22.5718   35.1857
2.0000   13.0000   64.4241   94.6455
3.0000   65.0000   93.7321   24.2524
4.0000   117.0000   13.3970   21.3935
5.0000   66.0000   91.2399   14.9649
6.0000   96.0000   11.8770   20.6429
7.0000   92.0000   12.2497   61.7185
8.0000   114.0000   38.4068   15.1636
9.0000   116.0000   54.9788   55.0196
10.0000   80.0000   94.0503   32.6655
11.0000   100.0000   30.8006   6.7441
12.0000   10.0000   55.8275   44.1669
13.0000   51.0000   26.1185   58.1456
14.0000   20.0000   62.3879   97.3180
15.0000   108.0000   55.4473   49.1533
16.0000   18.0000   6.1700   2.5892
17.0000   27.0000   75.5659   23.8868
18.0000   81.0000   95.4107   25.3991
19.0000   76.0000   2.6337   37.9948
20.0000   94.0000   30.1233   60.2566
21.0000   71.0000   58.0753   67.0555
22.0000   74.0000   13.0090   42.3922
23.0000   82.0000   16.8752   44.4680
24.0000   39.0000   9.1320   9.1678
25.0000   27.0000   2.5860   10.3417
26.0000   74.0000   93.5813   88.5512
27.0000   98.0000   71.8678   4.5789
28.0000   32.0000   24.8915   85.3049
29.0000   34.0000   41.8576   60.7799
30.0000   67.0000   28.8072   55.2842
31.0000   107.0000   50.9356   98.9918
32.0000   31.0000   33.5156   30.6464
33.0000   118.0000   69.2573   74.9740
34.0000   29.0000   79.0423   84.4889
35.0000   100.0000   11.7053   92.9951
36.0000   58.0000   34.3887   8.5077
37.0000   76.0000   88.3530   96.7801
38.0000   46.0000   70.1365   24.5794
39.0000   83.0000   8.9051   46.0692
40.0000   95.0000   33.7166   39.9263
41.0000   118.0000   78.4978   64.9323
42.0000   120.0000   69.4082   63.0179
43.0000   20.0000   29.6859   41.6263
44.0000   119.0000   33.2709   86.0342
45.0000   36.0000   23.3695   87.5262
46.0000   22.0000   57.3775   57.1013
47.0000   116.0000   65.6051   47.7849
48.0000   40.0000   53.2855   28.8659
49.0000   58.0000   73.6374   44.2467
50.0000   64.0000   69.1794   92.8860
51.0000   48.0000   1.1219   6.3885
52.0000   46.0000   89.0854   67.2204
53.0000   36.0000   21.2631   73.6505
54.0000   43.0000   91.0043   68.7221
55.0000   64.0000   2.0104   24.6902
56.0000   28.0000   79.2041   78.8511
57.0000   15.0000   51.5282   36.8753
58.0000   44.0000   88.1104   51.6811
59.0000   106.0000   18.1863   63.2594
60.0000   45.0000   78.8580   2.5386
61.0000   71.0000   76.6929   45.3243
62.0000   67.0000   17.1125   60.9052
63.0000   80.0000   15.5551   1.1004
64.0000   110.0000   27.2631   14.9069
65.0000   82.0000   80.6343   85.3895
66.0000   98.0000   26.0543   74.4064
67.0000   18.0000   8.2217   30.2915
68.0000   76.0000   91.2922   73.0160
69.0000   104.0000   91.8183   84.0677
70.0000   26.0000   87.5662   40.0467
71.0000   64.0000   75.3828   39.5332
72.0000   66.0000   67.8312   96.2565
73.0000   35.0000   49.1444   67.5276
74.0000   93.0000   72.7347   85.7154
75.0000   110.0000   84.9924   87.4536
76.0000   13.0000   30.1553   59.6316
77.0000   51.0000   42.7525   75.9233
78.0000   38.0000   88.5782   91.2550
79.0000   18.0000   39.9694   98.3959
80.0000   69.0000   88.3225   97.4885
81.0000   83.0000   31.5786   21.9051
82.0000   98.0000   94.4585   89.8575
83.0000   113.0000   87.8146   57.7046
84.0000   118.0000   12.6419   27.6193
85.0000   90.0000   57.2941   86.1452
86.0000   40.0000   24.8461   84.9948
87.0000   88.0000   78.8900   40.4963
88.0000   65.0000   69.1185   9.8655
89.0000   32.0000   25.2343   74.9213
90.0000   87.0000   81.7823   12.9700
91.0000   18.0000   1.9116   52.3609
92.0000   79.0000   92.5868   82.9443
93.0000   116.0000   32.1469   76.7001
94.0000   62.0000   48.0492   20.6182
95.0000   53.0000   91.9081   82.7691
96.0000   114.0000   11.4633   10.5297
97.0000   117.0000   8.6888   73.8410
98.0000   75.0000   73.2708   61.0980
99.0000   13.0000   76.8222   66.6225
100.0000   41.0000   23.9847   4.0232
101.0000   81.0000   11.3858   14.2909
102.0000   91.0000   44.7975   50.1070
103.0000   119.0000   64.1040   69.2863
104.0000   112.0000   32.6656   16.7586
105.0000   13.0000   11.5510   32.0471
106.0000   70.0000   66.9961   43.3174
107.0000   118.0000   88.0080   0.2488
108.0000   109.0000   55.6558   54.1763
109.0000   81.0000   32.6016   78.5348
110.0000   29.0000   24.6773   21.4592
111.0000   71.0000   91.4658   8.3182
112.0000   12.0000   60.3316   91.3332
113.0000   53.0000   92.2864   22.4169
114.0000   40.0000   58.0180   20.7400
115.0000   41.0000   9.8788   34.2657
116.0000   35.0000   9.3448   99.4434
117.0000   88.0000   53.6195   84.4276
118.0000   59.0000   95.1108   39.4126
119.0000   90.0000   10.3929   4.2862
120.0000   89.0000   1.9336   52.5328
121.0000   108.0000   3.2877   91.3655
122.0000   24.0000   70.9664   38.6895
123.0000   42.0000   46.1395   5.3317
124.0000   82.0000   18.6826   89.1869
125.0000   88.0000   3.1051   72.8638
126.0000   110.0000   46.4416   4.8833
127.0000   14.0000   86.9707   73.5482
128.0000   97.0000   99.3328   24.6752
129.0000   117.0000   94.9283   53.7082
130.0000   33.0000   94.1684   46.3951
131.0000   14.0000   78.5652   48.8917
132.0000   98.0000   82.8080   85.3539
133.0000   36.0000   32.9862   93.4600
134.0000   33.0000   14.7822   32.4715
135.0000   120.0000   47.2388   52.3916
136.0000   101.0000   50.4591   28.3946
137.0000   104.0000   93.4004   92.3396
138.0000   113.0000   91.5337   77.1241
139.0000   93.0000   78.4072   28.1608
140.0000   68.0000   11.8370   32.4383
141.0000   98.0000   43.4452   43.9361
142.0000   23.0000   53.7273   47.0948
143.0000   40.0000   25.0258   89.8296
144.0000   59.0000   19.3120   1.8403
145.0000   78.0000   64.4441   69.9619
146.0000   21.0000   19.6900   55.9271
147.0000   48.0000   1.0645   33.1610
148.0000   49.0000   44.9985   62.5593
149.0000   71.0000   11.9359   25.0000
150.0000   90.0000   75.8714   55.6210
151.0000   20.0000   19.0863   23.8503
152.0000   50.0000   93.4979   31.8312
153.0000   88.0000   50.0500   27.5332
154.0000   20.0000   67.1823   78.8610
155.0000   24.0000   48.8003   54.4769
156.0000   54.0000   65.4502   86.1978
157.0000   25.0000   70.1028   37.1693
158.0000   49.0000   67.8248   5.1163
159.0000   68.0000   13.6393   0.5818
160.0000   110.0000   99.6520   5.0204
161.0000   54.0000   41.5652   81.4521
162.0000   12.0000   88.4341   41.9187
163.0000   14.0000   63.9567   48.8776
164.0000   108.0000   42.6203   33.0585
165.0000   30.0000   83.3415   24.3987
166.0000   56.0000   14.5809   24.7323
167.0000   10.0000   12.2189   88.9995
168.0000   58.0000   8.3086   97.4276
169.0000   120.0000   7.5494   40.9929
170.0000   118.0000   25.0544   1.0148
171.0000   35.0000   30.3602   96.6115
172.0000   88.0000   13.7926   74.6358
173.0000   96.0000   23.4086   66.6383
174.0000   82.0000   52.7537   32.3426
175.0000   99.0000   46.6804   83.9327
