0.0000   0.0000   0.0000   0.0000
1.0000   105.0000   10.7318   39.7397
2.0000   137.0000   3.7331   30.7623
3.0000   115.0000   33.7066   38.2525
4.0000   102.0000   4.6183   34.8955
5.0000   109.0000   0.4610   2.0741
6.0000   60.0000   15.6271   27.7296
7.0000   75.0000   3.3545   8.3454
8.0000   81.0000   21.9634   28.0289
9.0000   124.0000   25.2459   25.5141
10.0000   130.0000   2.6063   49.2674
11.0000   116.0000   43.3232   14.4072
12.0000   131.0000   48.3998   34.9007
13.0000   50.0000   24.7742   12.8894
14.0000   57.0000   5.3115   18.8540
15.0000   64.0000   24.1323   42.0705
16.0000   138.0000   49.6452   21.6489
17.0000   89.0000   6.5693   41.0810
18.0000   77.0000   5.0336   0.1171
19.0000   82.0000   19.8646   31.7255
20.0000   82.0000   14.0270   33.9983
21.0000   92.0000   46.5564   27.3188
22.0000   100.0000   10.3035   7.3042
23.0000   130.0000   44.8823   26.2179
24.0000   89.0000   6.9319   47.2646
25.0000   98.0000   6.9243   4.9407
26.0000   89.0000   32.1614   21.8676
27.0000   92.0000   19.8123   32.6517
28.0000   121.0000   26.7517   19.2684
29.0000   80.0000   36.8380   23.0332
30.0000   62.0000   2.4974   28.3013
31.0000   79.0000   11.0011   18.2816
32.0000   119.0000   15.4743   49.4768
33.0000   115.0000   31.9878   29.4896
34.0000   126.0000   16.4885   4.7247
35.0000   137.0000   34.3218   20.6133
36.0000   121.0000   16.6292   23.7608
37.0000   90.0000   18.1164   18.5459
38.0000   60.0000   33.4186   25.6321
39.0000   134.0000   48.3675   29.6459
40.0000   86.0000   43.2728   38.0840
41.0000   55.0000   6.1387   31.9966
42.0000   83.0000   23.1520   47.3846
43.0000   85.0000   31.0526   7.7872
44.0000   131.0000   31.5689   40.5584
45.0000   78.0000   3.0032   31.9065
46.0000   99.0000   15.1368   45.5482
47.0000   119.0000   38.3111   26.4568
48.0000   97.0000   7.4673   27.2644
49.0000   74.0000   39.4099   49.2040
50.0000   66.0000   9.3637   24.4942
51.0000   76.0000   37.0059   25.9931
52.0000   127.0000   31.0143   39.1438
53.0000   127.0000   28.6365   20.1101
54.0000   84.0000   19.5498   0.7211
55.0000   89.0000   19.4020   7.2434
56.0000   103.0000   20.4527   8.7547
57.0000   140.0000   3.3890   39.4152
58.0000   61.0000   7.9220   35.9165
59.0000   116.0000   13.1183   36.3990
60.0000   111.0000   21.1511   3.0472
61.0000   136.0000   18.1910   40.7874
62.0000   70.0000   0.2160   10.6463
63.0000   139.0000   29.5593   0.8353
64.0000   136.0000   36.5512   17.7817
65.0000   103.0000   21.6544   13.4177
66.0000   127.0000   29.9061   40.2808
67.0000   57.0000   30.8506   18.7651
68.0000   89.0000   40.7204   20.6624
69.0000   105.0000   36.0679   42.7220
70.0000   135.0000   5.5038   16.9957
71.0000   102.0000   25.2920   49.9785
72.0000   87.0000   37.7835   11.5609
73.0000   114.0000   43.8061   31.4042
74.0000   127.0000   34.5178   9.8497
75.0000   67.0000   19.2138   3.0487
76.0000   109.0000   3.5519   6.1385
77.0000   115.0000   5.1856   26.3406
78.0000   114.0000   38.6616   7.8913
79.0000   126.0000   30.5532   4.5064
80.0000   94.0000   49.0609   46.6422
81.0000   132.0000   30.5446   27.3728
82.0000   59.0000   17.1861   36.5562
83.0000   127.0000   29.8953   43.0724
84.0000   133.0000   44.6305   12.8492
85.0000   108.0000   0.5997   31.3244
86.0000   128.0000   49.6006   23.2394
87.0000   132.0000   44.1164   7.5456
88.0000   124.0000   26.2020   21.8235
89.0000   60.0000   18.3279   26.5531
90.0000   110.0000   8.7655   0.6541
91.0000   63.0000   36.1641   49.7326
92.0000   61.0000   4.2197   31.7862
93.0000   140.0000   16.7411   33.5005
94.0000   75.0000   32.1046   1.1908
95.0000   131.0000   3.7828   41.1630
96.0000   78.0000   14.1304   37.1125
97.0000   127.0000   35.4450   30.6339
98.0000   70.0000   5.1107   18.6459
99.0000   52.0000   10.5245   6.1109
100.0000   57.0000   33.4916   14.1263
101.0000   68.0000   48.1145   37.1889
102.0000   56.0000   22.1351   16.1841
103.0000   52.0000   35.2744   26.7166
104.0000   55.0000   10.9679   10.1458
105.0000   115.0000   22.6490   8.6237
106.0000   113.0000   2.0689   49.0222
107.0000   125.0000   30.9166   32.6789
108.0000   140.0000   43.7304   40.3202
109.0000   104.0000   38.9817   20.9066
110.0000   62.0000   41.9313   12.0984
111.0000   127.0000   26.7044   9.9342
112.0000   97.0000   40.4168   38.4547
113.0000   70.0000   0.8794   12.6603
114.0000   93.0000   34.9330   11.6400
115.0000   78.0000   30.4807   8.4154
116.0000   126.0000   4.0208   19.8278
117.0000   105.0000   26.6654   9.8823
118.0000   61.0000   7.7385   39.9679
119.0000   111.0000   16.8894   19.3843
120.0000   121.0000   23.3284   46.3914
121.0000   53.0000   47.7150   22.8194
122.0000   59.0000   6.8109   47.5726
123.0000   68.0000   7.3230   28.1688
124.0000   139.0000   16.2982   13.6519
125.0000   73.0000   3.1304   5.0539
126.0000   69.0000   20.0961   38.7543
127.0000   132.0000   19.8092   4.0380
128.0000   95.0000   0.1292   37.7890
129.0000   79.0000   2.6383   37.4375
130.0000   128.0000   15.9053   20.4409
131.0000   135.0000   5.0247   22.5378
132.0000   103.0000   12.3753   41.5425
133.0000   102.0000   8.0534   39.0757
134.0000   84.0000   17.9763   8.8712
135.0000   82.0000   7.1507   2.2458
136.0000   59.0000   31.3623   18.8598
137.0000   139.0000   33.3609   26.7483
138.0000   84.0000   19.8195   36.2503
139.0000   130.0000   41.3495   42.9884
140.0000   76.0000   11.5048   34.0979
141.0000   120.0000   2.2869   1.0977
142.0000   123.0000   46.7441   40.1514
143.0000   84.0000   44.1393   18.9314
144.0000   116.0000   24.1563   20.6902
145.0000   65.0000   27.8099   16.8702
146.0000   100.0000   23.3994   35.4956
147.0000   126.0000   40.8527   29.0576
148.0000   100.0000   0.9931   1.3498
149.0000   134.0000   45.1638   13.3731
150.0000   126.0000   49.2991   10.2873
151.0000   130.0000   8.5230   41.4559
152.0000   89.0000   8.3864   24.3754
153.0000   66.0000   49.0017   12.7899
154.0000   107.0000   45.2264   5.3011
155.0000   80.0000   43.3059   5.0158
156.0000   134.0000   18.7534   33.0371
157.0000   76.0000   48.4423   34.3470
158.0000   56.0000   44.7446   9.1185
159.0000   102.0000   34.1047   31.7143
160.0000   62.0000   44.6624   8.7251
161.0000   67.0000   21.5620   4.8148
162.0000   109.0000   43.2233   18.0796
163.0000   74.0000   31.9402   7.5043
164.0000   50.0000   18.4073   43.9523
165.0000   131.0000   42.2542   43.0044
166.0000   50.0000   29.6810   33.2520
167.0000   56.0000   18.0274   18.0620
168.0000   80.0000   9.0272   44.4594
169.0000   50.0000   34.2763   11.0258
170.0000   133.0000   22.3164   5.8542
171.0000   114.0000   22.3279   0.9289
172.0000   130.0000   13.0775   36.8396
173.0000   115.0000   6.1463   23.7454
174.0000   62.0000   8.9669   34.7606
175.0000   122.0000   46.0446   5.9552
176.0000   116.0000   19.2176   15.4675
177.0000   125.0000   12.8195   16.9368
178.0000   76.0000   3.5062   28.4972
179.0000   129.0000   43.9398   23.3634
180.0000   114.0000   2.8752   24.7304
181.0000   119.0000   47.4857   0.3013
182.0000   126.0000   11.2572   14.2419
183.0000   120.0000   11.5414   20.3479
184.0000   132.0000   41.6421   4.3468
185.0000   108.0000   44.4814   10.5510
186.0000   54.0000   29.6905   18.5929
187.0000   128.0000   40.2731   30.7086
188.0000   91.0000   17.6661   7.4624
189.0000   81.0000   22.7444   20.4934
190.0000   68.0000   15.9282   30.6216
191.0000   128.0000   16.8517   3.8332
192.0000   91.0000   25.1880   8.8214
193.0000   120.0000   17.7027   44.4614
194.0000   121.0000   7.2888   22.4802
195.0000   134.0000   19.0517   43.5752
196.0000   77.0000   34.4583   10.6693
197.0000   68.0000   25.8064   47.8912
198.0000   66.0000   15.6025   1.6524
199.0000   87.0000   5.4515   45.7931
200.0000   127.0000   31.9536   12.8424
201.0000   124.0000   32.5586   11.0133
202.0000   107.0000   23.1400   41.7540
203.0000   137.0000   31.2793   9.6327
204.0000   113.0000   43.0277   7.2200
205.0000   129.0000   43.7559   13.4357
206.0000   106.0000   4.1942   10.7282
207.0000   99.0000   21.4023   34.9738
208.0000   50.0000   30.9490   5.0864
209.0000   110.0000   41.1980   26.3992
210.0000   52.0000   22.6426   16.6325
211.0000   80.0000   6.1816   46.8516
212.0000   105.0000   21.9981   35.0008
213.0000   134.0000   46.5233   3.5352
214.0000   128.0000   20.6920   42.2863
215.0000   130.0000   11.2822   1.4347
216.0000   85.0000   35.8049   44.5072
217.0000   94.0000   15.0318   19.2886
218.0000   112.0000   28.4538   2.7774
219.0000   92.0000   3.9879   5.1140
220.0000   66.0000   48.5518   29.1909
221.0000   128.0000   48.0169   18.3280
222.0000   103.0000   34.5058   41.6672
223.0000   95.0000   11.6874   21.2023
224.0000   91.0000   48.2150   40.9326
225.0000   74.0000   40.5861   9.5341
226.0000   99.0000   39.2121   1.8465
227.0000   81.0000   37.8624   19.7038
228.0000   133.0000   34.5849   35.8665
229.0000   90.0000   20.3687   20.7540
230.0000   74.0000   25.7551   38.9102
231.0000   115.0000   26.0075   4.5351
232.0000   86.0000   7.0504   24.7768
233.0000   126.0000   15.3049   26.4312
234.0000   124.0000   19.8123   23.1179
235.0000   122.0000   4.7223   30.6691
236.0000   105.0000   12.7056   25.1225
237.0000   81.0000   35.3388   48.5428
238.0000   85.0000   34.2713   37.1252
239.0000   137.0000   43.4207   46.2718
240.0000   65.0000   44.8752   10.8306
241.0000   83.0000   26.1346   39.1619
242.0000   113.0000   13.1399   35.3321
243.0000   74.0000   5.5584   32.4236
244.0000   112.0000   38.4865   12.5788
245.0000   73.0000   20.1195   13.0785
246.0000   81.0000   26.8136   15.1640
247.0000   118.0000   39.5679   41.2595
248.0000   71.0000   17.4657   26.6663
249.0000   87.0000   21.9998   42.7831
250.0000   125.0000   11.3643   46.2850
251.0000   56.0000   7.1778   25.8886
252.0000   118.0000   24.3468   6.6989
253.0000   127.0000   28.7635   32.2604
254.0000   73.0000   18.2186   34.5480
255.0000   81.0000   31.3537   42.1237
256.0000   120.0000   9.0239   18.9316
257.0000   79.0000   34.1069   22.0525
258.0000   138.0000   27.8623   38.5773
259.0000   136.0000   29.8057   28.8435
260.0000   94.0000   41.4907   10.0303
261.0000   81.0000   12.9649   39.7803
262.0000   123.0000   16.1191   27.5482
263.0000   91.0000   21.9100   0.7991
264.0000   123.0000   26.2663   27.7338
265.0000   100.0000   33.9887   12.5523
266.0000   113.0000   26.2593   49.0141
267.0000   113.0000   26.0983   38.1926
268.0000   72.0000   14.2507   42.0745
269.0000   83.0000   17.7486   2.1715
270.0000   50.0000   46.6419   0.8608
271.0000   121.0000   6.3158   7.5127
272.0000   136.0000   3.7668   11.5829
273.0000   61.0000   34.7055   18.4609
274.0000   97.0000   8.4863   11.2047
275.0000   73.0000   0.9892   6.9354
276.0000   100.0000   35.2739   26.7450
277.0000   93.0000   35.6061   35.6424
278.0000   106.0000   32.9022   36.3348
279.0000   119.0000   47.8190   25.5207
280.0000   125.0000   29.9662   0.2290
281.0000   62.0000   43.6255   41.8648
282.0000   72.0000   2.6622   22.2734
283.0000   134.0000   0.0495   31.9540
284.0000   68.0000   35.3738   47.7302
285.0000   95.0000   8.6003   28.1897
286.0000   95.0000   47.1561   49.2385
287.0000   66.0000   9.3430   21.9392
288.0000   50.0000   34.6685   48.5163
289.0000   98.0000   5.6163   8.3121
290.0000   118.0000   40.3958   44.1291
291.0000   56.0000   21.2345   4.7590
292.0000   91.0000   28.1549   40.2871
293.0000   136.0000   17.8757   8.2141
294.0000   139.0000   9.5359   33.6010
295.0000   64.0000   48.9510   1.7649
296.0000   118.0000   28.5342   5.1834
297.0000   83.0000   1.2099   31.0064
298.0000   137.0000   43.1346   25.9354
299.0000   87.0000   22.2829   47.5007
300.0000   50.0000   27.4158   7.1689
301.0000   100.0000   39.0015   4.7671
302.0000   57.0000   1.2858   27.9750
303.0000   114.0000   36.2002   18.6185
304.0000   51.0000   30.3848   42.9646
305.0000   54.0000   27.0744   39.9587
306.0000   104.0000   14.7283   32.8986
307.0000   94.0000   20.5347   15.0383
308.0000   129.0000   6.3577   11.4896
309.0000   99.0000   43.7724   19.9111
310.0000   124.0000   28.6516   11.8116
311.0000   52.0000   23.4280   1.0033
312.0000   55.0000   28.0494   4.9741
313.0000   109.0000   29.8830   20.0674
314.0000   90.0000   30.8593   23.7967
315.0000   70.0000   31.1773   46.3980
316.0000   80.0000   12.1622   42.3297
317.0000   105.0000   10.1141   16.4325
318.0000   105.0000   31.0387   9.7902
319.0000   90.0000   33.6940   29.9676
320.0000   93.0000   29.0477   42.9975
321.0000   138.0000   14.5871   33.6147
322.0000   98.0000   31.5570   8.6979
323.0000   71.0000   2.2069   41.2689
324.0000   106.0000   33.7585   8.3222
325.0000   114.0000   0.2982   19.5379
326.0000   84.0000   29.2336   38.9762
327.0000   113.0000   36.7284   27.4108
328.0000   139.0000   33.6701   1.2305
329.0000   69.0000   31.6099   13.2840
330.0000   98.0000   9.0186   0.3665
331.0000   133.0000   20.6377   21.3742
332.0000   115.0000   30.8290   35.5030
333.0000   127.0000   35.8255   40.8475
334.0000   120.0000   12.7219   38.2957
335.0000   55.0000   41.2472   46.6197
336.0000   60.0000   22.1091   7.8323
337.0000   103.0000   37.5436   39.8870
338.0000   89.0000   15.9924   15.3383
339.0000   93.0000   10.2675   9.5556
340.0000   65.0000   10.1109   36.2159
341.0000   58.0000   1.1809   18.7128
342.0000   95.0000   6.7692   38.0808
343.0000   132.0000   20.1986   21.8330
344.0000   93.0000   11.6929   48.9341
345.0000   89.0000   43.1957   34.6391
346.0000   93.0000   37.1771   36.2340
347.0000   64.0000   42.0653   27.3636
348.0000   130.0000   49.5929   46.0384
349.0000   123.0000   47.8868   30.0733
350.0000   78.0000   26.0196   3.2050
351.0000   60.0000   22.5517   37.1470
352.0000   61.0000   45.1429   31.1702
353.0000   68.0000   13.3559   29.7499
354.0000   68.0000   30.7142   38.2216
355.0000   104.0000   0.6880   31.4444
356.0000   74.0000   30.5735   21.9862
357.0000   114.0000   31.6776   4.8525
358.0000   116.0000   39.8809   46.7173
359.0000   89.0000   33.4987   4.3284
360.0000   95.0000   17.0652   29.5579
361.0000   106.0000   9.8709   26.8257
362.0000   85.0000   8.2884   4.0242
363.0000   129.0000   31.1192   33.6239
364.0000   85.0000   34.8990   23.9003
365.0000   113.0000   30.0777   9.7903
366.0000   50.0000   45.9720   46.2885
367.0000   109.0000   20.1328   40.1221
368.0000   76.0000   14.5741   1.6813
369.0000   115.0000   29.9098   16.5701
370.0000   109.0000   39.9041   23.5419
371.0000   73.0000   7.0858   30.5787
372.0000   67.0000   17.3587   25.7631
373.0000   56.0000   46.4168   22.1603
374.0000   139.0000   8.9885   39.7389
375.0000   87.0000   46.7542   23.7915
376.0000   79.0000   7.8732   12.5110
377.0000   126.0000   42.8871   17.2595
378.0000   140.0000   40.5947   20.2945
379.0000   104.0000   4.9392   34.6542
380.0000   113.0000   49.5630   22.2087
381.0000   123.0000   14.6611   23.5039
382.0000   100.0000   49.1965   7.7302
383.0000   111.0000   10.4199   30.0814
384.0000   73.0000   22.9776   39.7052
385.0000   97.0000   16.6428   4.8791
386.0000   78.0000   18.4919   37.0495
387.0000   51.0000   40.9893   6.9144
388.0000   94.0000   41.3429   4.9321
389.0000   73.0000   30.4617   38.4886
390.0000   134.0000   27.2866   6.6499
391.0000   108.0000   1.0833   12.7242
392.0000   68.0000   33.9463   27.1864
393.0000   113.0000   35.7911   19.3503
394.0000   135.0000   3.9969   23.4138
395.0000   123.0000   18.1999   33.9772
396.0000   68.0000   21.7646   38.9076
397.0000   87.0000   46.3917   15.9841
398.0000   140.0000   48.2305   36.0440
399.0000   81.0000   41.0120   11.6464
400.0000   108.0000   7.2307   33.1763
401.0000   99.0000   25.9891   49.6357
402.0000   135.0000   4.9587   17.5630
403.0000   89.0000   24.1975   41.1995
404.0000   50.0000   14.1006   37.0486
405.0000   58.0000   47.6494   41.6582
406.0000   83.0000   38.6768   20.4393
407.0000   61.0000   24.3423   40.7533
408.0000   93.0000   7.2201   40.2718
409.0000   113.0000   17.4764   5.0569
410.0000   108.0000   9.3264   38.5351
411.0000   66.0000   36.2097   20.4995
412.0000   114.0000   20.4348   49.5469
413.0000   96.0000   17.1069   8.1470
414.0000   54.0000   32.4873   23.2936
415.0000   128.0000   29.9450   29.0197
416.0000   81.0000   6.5785   46.4427
417.0000   107.0000   8.0902   23.8902
418.0000   135.0000   7.3692   12.1622
419.0000   121.0000   26.8116   4.7149
420.0000   125.0000   43.6399   41.3538
421.0000   139.0000   47.0633   48.3940
422.0000   65.0000   33.1090   49.9924
423.0000   77.0000   9.9650   16.9088
424.0000   124.0000   43.3749   33.2453
425.0000   74.0000   14.8947   20.5856
426.0000   78.0000   3.5336   43.1733
427.0000   68.0000   2.9125   21.8674
428.0000   71.0000   17.5107   33.0134
429.0000   71.0000   32.8414   6.0720
430.0000   74.0000   7.0609   8.6728
431.0000   132.0000   32.7752   10.9252
432.0000   74.0000   49.3268   20.5172
433.0000   75.0000   15.5942   28.7332
434.0000   59.0000   31.9801   3.7461
435.0000   118.0000   4.8869   16.7027
436.0000   59.0000   21.3810   25.0759
437.0000   67.0000   47.3811   45.7164
438.0000   72.0000   27.9044   18.0904
439.0000   113.0000   11.7961   33.5965
440.0000   60.0000   46.9128   13.2534
441.0000   94.0000   35.6658   41.2663
442.0000   96.0000   0.8622   34.5798
443.0000   126.0000   43.0458   6.6767
444.0000   96.0000   45.4690   12.0741
445.0000   64.0000   39.1013   13.6076
446.0000   80.0000   19.5084   26.5821
447.0000   77.0000   44.2268   18.3689
448.0000   127.0000   8.1454   39.7941
449.0000   106.0000   46.7687   14.4613
450.0000   125.0000   37.0258   13.6828
451.0000   90.0000   25.4111   27.6625
452.0000   55.0000   37.6323   7.3451
453.0000   94.0000   44.1112   27.3091
454.0000   72.0000   34.1609   18.7292
455.0000   86.0000   18.6449   7.2195
456.0000   107.0000   36.3247   34.6295
457.0000   92.0000   34.6864   16.6936
458.0000   130.0000   31.5477   39.4747
459.0000   100.0000   42.6495   27.8318
460.0000   131.0000   28.4024   35.3503
461.0000   69.0000   45.1696   32.9935
462.0000   102.0000   20.5130   25.0856
463.0000   65.0000   40.3129   8.8666
464.0000   87.0000   16.3994   17.3033
465.0000   110.0000   36.0856   43.8489
466.0000   119.0000   22.3193   39.9329
467.0000   79.0000   45.8870   15.7680
468.0000   83.0000   40.0237   34.5189
469.0000   76.0000   11.9627   24.3737
470.0000   109.0000   10.0787   28.4545
471.0000   119.0000   28.2327   15.6869
472.0000   76.0000   18.7311   0.6718
473.0000   114.0000   19.7736   16.6745
474.0000   139.0000   47.4791   12.1978
475.0000   138.0000   22.1510   4.4487
