0.0000   0.0000   0.0000   0.0000
1.0000   55.0000   24.2648   5.3955
2.0000   89.0000   39.3579   36.8688
3.0000   50.0000   44.5646   9.8134
4.0000   42.0000   0.8932   12.5861
5.0000   39.0000   49.3964   10.8014
6.0000   52.0000   27.8967   36.0067
7.0000   52.0000   17.8875   26.6785
8.0000   97.0000   13.8522   23.6644
9.0000   40.0000   41.9876   15.5068
10.0000   107.0000   18.7000   2.7291
11.0000   36.0000   26.0886   2.4295
12.0000   69.0000   18.0546   30.3246
13.0000   91.0000   15.3291   36.6267
14.0000   66.0000   24.0349   20.5966
15.0000   112.0000   37.6573   43.3685
16.0000   71.0000   30.9511   41.4806
17.0000   41.0000   10.9122   8.1072
18.0000   120.0000   9.8865   18.6153
19.0000   31.0000   34.9331   20.4980
20.0000   39.0000   11.5408   34.0810
21.0000   115.0000   40.6249   23.3840
22.0000   40.0000   27.7626   7.7966
23.0000   51.0000   20.4256   11.4660
24.0000   59.0000   47.6518   4.1377
25.0000   103.0000   5.0850   0.4301
26.0000   84.0000   1.1160   18.1797
27.0000   107.0000   44.4244   36.9640
28.0000   80.0000   7.8267   23.3465
29.0000   71.0000   21.6514   3.6852
30.0000   47.0000   5.2143   20.1542
31.0000   85.0000   39.6926   33.3581
32.0000   92.0000   4.2588   42.2687
33.0000   60.0000   28.7093   36.2035
34.0000   82.0000   29.9709   28.1528
35.0000   47.0000   26.1924   21.5975
36.0000   114.0000   38.2067   32.6520
37.0000   89.0000   0.6888   21.5229
38.0000   115.0000   8.8968   29.9118
39.0000   91.0000   17.9521   16.1278
40.0000   103.0000   31.7662   37.4985
41.0000   63.0000   48.7359   36.8233
42.0000   98.0000   3.4644   24.5848
43.0000   42.0000   44.4044   27.2032
44.0000   60.0000   30.7132   14.8414
45.0000   60.0000   47.5667   34.2419
46.0000   30.0000   8.4789   46.8962
47.0000   85.0000   46.2531   43.1428
48.0000   106.0000   12.2424   1.8794
49.0000   99.0000   36.0861   41.8293
50.0000   52.0000   13.2719   24.7477
51.0000   87.0000   15.5049   2.3281
52.0000   90.0000   43.0219   26.3767
53.0000   71.0000   19.1908   26.4066
54.0000   48.0000   24.1725   10.1284
55.0000   35.0000   7.6740   2.0608
56.0000   63.0000   2.3566   33.1823
57.0000   44.0000   2.7373   32.6083
58.0000   38.0000   14.3086   47.9213
59.0000   90.0000   10.0047   23.4054
60.0000   116.0000   27.3803   9.4462
61.0000   105.0000   13.3081   8.9985
62.0000   49.0000   39.7981   27.8735
63.0000   57.0000   36.5601   45.1130
64.0000   41.0000   15.8009   37.8381
65.0000   57.0000   16.6632   20.9286
66.0000   99.0000   21.3599   24.5267
67.0000   89.0000   13.8382   24.6158
68.0000   42.0000   41.3416   46.6510
69.0000   43.0000   23.2700   30.4897
70.0000   45.0000   7.2734   40.9003
71.0000   58.0000   13.3186   35.8712
72.0000   107.0000   46.1153   40.4828
73.0000   81.0000   42.1449   8.0459
74.0000   104.0000   10.6705   27.6718
75.0000   75.0000   30.3016   37.4943
76.0000   102.0000   15.0058   20.7867
77.0000   84.0000   32.4381   39.0895
78.0000   94.0000   30.2804   10.5173
79.0000   80.0000   1.7768   42.0427
80.0000   107.0000   27.9835   46.6209
81.0000   84.0000   36.1571   48.7945
82.0000   117.0000   36.6430   44.5006
83.0000   40.0000   44.1602   23.3969
84.0000   96.0000   47.3141   47.0223
85.0000   97.0000   30.5410   36.0338
86.0000   63.0000   32.5845   23.4518
87.0000   84.0000   47.4275   41.2768
88.0000   93.0000   17.5540   24.3557
89.0000   110.0000   38.4596   21.9880
90.0000   37.0000   38.1820   28.4250
91.0000   115.0000   23.7008   32.7483
92.0000   105.0000   0.3794   36.9054
93.0000   113.0000   34.5474   5.6270
94.0000   58.0000   22.8828   29.6688
95.0000   37.0000   46.2223   42.5809
96.0000   40.0000   8.0962   32.9813
97.0000   73.0000   6.3064   16.0320
98.0000   85.0000   33.8509   29.1067
99.0000   53.0000   26.8607   5.2042
100.0000   74.0000   17.7598   2.9479
101.0000   97.0000   6.4210   47.6614
102.0000   62.0000   9.7343   3.5773
103.0000   56.0000   4.8670   18.9440
104.0000   64.0000   26.1356   35.4279
105.0000   64.0000   24.5114   6.2728
106.0000   39.0000   17.6690   44.4908
107.0000   71.0000   37.7301   7.9982
108.0000   33.0000   15.8347   1.7587
109.0000   59.0000   1.6947   49.4252
110.0000   34.0000   4.7859   25.7125
111.0000   84.0000   35.7216   6.1084
112.0000   101.0000   7.5948   43.2002
113.0000   33.0000   49.5101   32.1262
114.0000   46.0000   4.2945   8.4261
115.0000   51.0000   31.2468   9.8730
116.0000   39.0000   18.4990   11.9215
117.0000   86.0000   41.6966   5.9365
118.0000   110.0000   14.4319   27.6339
119.0000   99.0000   9.0305   16.8239
120.0000   55.0000   2.1585   47.4557
121.0000   93.0000   43.4892   18.2643
122.0000   95.0000   48.0223   1.6652
123.0000   109.0000   26.4259   8.8854
124.0000   43.0000   18.4687   30.2974
125.0000   93.0000   13.0083   0.5232
126.0000   64.0000   34.5269   0.2591
127.0000   73.0000   41.6638   32.2809
128.0000   53.0000   48.2171   31.8282
129.0000   120.0000   5.5810   26.5878
130.0000   41.0000   31.3809   13.9019
131.0000   65.0000   46.4445   4.0872
132.0000   85.0000   44.6426   36.9208
133.0000   49.0000   27.7719   25.0375
134.0000   110.0000   8.0997   40.6228
135.0000   35.0000   31.1738   18.7268
136.0000   82.0000   40.8525   33.7568
137.0000   43.0000   47.6623   12.5781
138.0000   65.0000   16.7564   8.2658
139.0000   48.0000   5.3848   28.5738
140.0000   48.0000   26.7320   43.4683
141.0000   55.0000   36.4068   22.7147
142.0000   53.0000   20.1822   13.7067
143.0000   48.0000   34.2569   13.9302
144.0000   99.0000   40.2344   6.1414
145.0000   114.0000   39.4923   5.3962
146.0000   118.0000   8.4634   44.7567
147.0000   63.0000   23.4713   13.4831
148.0000   61.0000   32.4500   0.0719
149.0000   53.0000   20.6114   10.9861
150.0000   114.0000   47.4429   4.9561
151.0000   103.0000   25.6249   44.3836
152.0000   39.0000   42.0840   21.9387
153.0000   52.0000   49.5032   9.9540
154.0000   64.0000   21.4876   22.7540
155.0000   54.0000   49.8813   26.6813
156.0000   48.0000   19.5765   3.9707
157.0000   64.0000   23.0122   5.1745
158.0000   74.0000   46.0529   23.0316
159.0000   79.0000   48.5298   1.9136
160.0000   60.0000   15.0944   1.6790
161.0000   69.0000   22.4080   38.1771
162.0000   35.0000   13.9286   37.9967
163.0000   30.0000   18.0365   25.4250
164.0000   56.0000   18.8363   12.0804
165.0000   52.0000   35.6109   14.3939
166.0000   84.0000   16.4888   18.6445
167.0000   86.0000   22.3835   30.7780
168.0000   85.0000   1.0932   3.6387
169.0000   69.0000   11.1665   6.2432
170.0000   56.0000   30.4852   2.2453
171.0000   92.0000   3.6587   2.4712
172.0000   114.0000   34.8238   2.9419
173.0000   106.0000   25.5780   28.5576
174.0000   99.0000   34.8713   34.6799
175.0000   33.0000   35.1724   25.1654
176.0000   36.0000   4.7231   37.0170
177.0000   76.0000   43.0661   24.4115
178.0000   54.0000   26.8639   38.8274
179.0000   42.0000   18.2402   26.4804
180.0000   101.0000   32.0294   23.9925
181.0000   38.0000   39.0383   38.4782
182.0000   103.0000   40.7160   23.5514
183.0000   58.0000   38.0072   19.9480
184.0000   43.0000   42.7318   33.6811
185.0000   40.0000   18.7485   14.6831
186.0000   88.0000   13.4227   13.6107
187.0000   56.0000   34.9972   1.0923
188.0000   114.0000   28.5222   19.7500
189.0000   81.0000   42.7305   47.0110
190.0000   99.0000   14.8472   22.3959
191.0000   96.0000   0.6934   7.7286
192.0000   117.0000   49.2529   1.9467
193.0000   59.0000   14.9762   8.3465
194.0000   46.0000   10.5322   35.8504
195.0000   112.0000   43.9320   21.8461
196.0000   80.0000   25.0315   35.0121
197.0000   117.0000   24.4211   36.3343
198.0000   83.0000   11.4337   42.4898
199.0000   90.0000   16.0526   7.5144
200.0000   91.0000   39.5388   19.6188
201.0000   49.0000   32.2912   46.4214
202.0000   84.0000   49.7105   22.3880
203.0000   95.0000   44.2702   0.9767
204.0000   116.0000   26.5211   46.7518
205.0000   67.0000   30.1522   25.8904
206.0000   98.0000   26.5724   25.1671
207.0000   93.0000   7.0311   27.9129
208.0000   113.0000   23.4606   43.6893
209.0000   76.0000   43.3422   20.7983
210.0000   117.0000   2.2744   33.4916
211.0000   44.0000   47.2963   49.1800
212.0000   65.0000   13.0301   49.0908
213.0000   120.0000   28.1779   49.6042
214.0000   78.0000   26.2091   11.3455
215.0000   36.0000   42.5193   40.9658
216.0000   32.0000   27.7397   47.9809
217.0000   96.0000   2.6777   41.6418
218.0000   37.0000   22.0074   30.9817
219.0000   50.0000   36.2679   31.2523
220.0000   110.0000   46.4706   34.5511
221.0000   115.0000   0.2289   26.9450
222.0000   40.0000   41.9802   12.8731
223.0000   113.0000   20.0225   6.4482
224.0000   33.0000   11.9453   43.5492
225.0000   34.0000   0.5691   20.5473
226.0000   71.0000   44.5480   22.2516
227.0000   112.0000   27.5138   45.3576
228.0000   47.0000   25.4937   22.8847
229.0000   110.0000   6.6058   4.3508
230.0000   89.0000   31.6524   7.5788
231.0000   49.0000   7.8420   30.3200
232.0000   108.0000   0.1548   16.2895
233.0000   44.0000   3.7466   5.4807
234.0000   106.0000   30.3323   34.7050
235.0000   117.0000   33.4920   0.0867
236.0000   32.0000   28.0202   20.0877
237.0000   76.0000   28.6193   6.3005
238.0000   78.0000   0.3411   31.6366
239.0000   86.0000   3.2202   23.0224
240.0000   95.0000   4.3543   21.0368
241.0000   89.0000   40.7481   41.9893
242.0000   76.0000   15.0087   1.4482
243.0000   100.0000   18.5055   18.9092
244.0000   48.0000   15.5988   43.4534
245.0000   30.0000   44.9852   3.5964
246.0000   76.0000   18.9701   40.9261
247.0000   103.0000   7.9423   4.1378
248.0000   43.0000   12.3452   29.1042
249.0000   120.0000   25.2578   28.2662
250.0000   50.0000   10.1286   46.4004
251.0000   49.0000   26.3561   19.8542
252.0000   102.0000   38.4922   16.5077
253.0000   97.0000   22.5612   2.6514
254.0000   62.0000   42.7980   33.6275
255.0000   40.0000   47.6168   40.2533
256.0000   76.0000   49.1799   23.5607
257.0000   120.0000   11.9289   28.9687
258.0000   119.0000   17.4305   1.1578
259.0000   80.0000   11.9234   21.5530
260.0000   35.0000   25.6792   9.7612
261.0000   53.0000   1.1915   26.3499
262.0000   84.0000   3.5303   29.3060
263.0000   83.0000   9.5264   5.1728
264.0000   50.0000   14.5781   34.4502
265.0000   70.0000   0.7581   19.1355
266.0000   120.0000   8.2707   33.5387
267.0000   88.0000   27.3452   18.4789
268.0000   68.0000   40.1013   15.2165
269.0000   54.0000   10.1042   19.8388
270.0000   73.0000   49.9482   23.9038
271.0000   109.0000   47.9501   2.3660
272.0000   99.0000   18.5912   47.6336
273.0000   105.0000   8.1136   15.8513
274.0000   59.0000   37.7228   36.5329
275.0000   102.0000   40.9062   26.2178
276.0000   49.0000   16.8121   12.1775
277.0000   49.0000   17.1637   9.9553
278.0000   110.0000   48.3013   39.1994
279.0000   61.0000   11.7738   43.7913
280.0000   56.0000   47.9143   45.7881
281.0000   62.0000   12.7886   10.0418
282.0000   76.0000   46.4576   16.8880
283.0000   90.0000   25.3643   3.9038
284.0000   117.0000   32.9944   27.9500
285.0000   90.0000   40.1383   0.4800
286.0000   118.0000   4.0177   19.3494
287.0000   76.0000   19.0350   2.9373
288.0000   114.0000   11.3573   46.7567
289.0000   37.0000   2.6076   36.6481
290.0000   80.0000   17.1947   3.9816
291.0000   69.0000   47.1643   27.8180
292.0000   58.0000   34.7416   24.4410
293.0000   62.0000   43.3515   32.5808
294.0000   106.0000   12.3139   19.7821
295.0000   55.0000   23.0540   13.0741
296.0000   67.0000   20.6182   34.6145
297.0000   35.0000   32.4687   33.2366
298.0000   72.0000   3.0838   15.0377
299.0000   35.0000   48.0540   43.0423
300.0000   86.0000   44.1771   40.0893
301.0000   74.0000   24.3765   10.7731
302.0000   56.0000   17.8818   5.0620
303.0000   112.0000   43.5675   48.3688
304.0000   53.0000   20.3485   19.6534
305.0000   88.0000   21.3538   48.0027
306.0000   74.0000   47.5316   21.7086
307.0000   81.0000   21.6606   31.5057
308.0000   106.0000   33.3108   21.7603
309.0000   90.0000   3.1060   44.5479
310.0000   60.0000   43.4167   47.4242
311.0000   98.0000   32.6507   2.3235
312.0000   107.0000   35.8294   32.1506
313.0000   64.0000   7.1589   12.2294
314.0000   110.0000   34.7011   7.6479
315.0000   82.0000   34.8413   44.2883
316.0000   81.0000   16.5123   19.2685
317.0000   45.0000   8.9491   41.7563
318.0000   111.0000   11.4714   2.8952
319.0000   81.0000   14.1278   33.4581
320.0000   44.0000   47.5059   26.3868
321.0000   32.0000   37.6325   28.8021
322.0000   83.0000   17.7864   27.0632
323.0000   99.0000   10.4007   48.1263
324.0000   41.0000   11.2009   8.7672
325.0000   72.0000   28.8335   45.7748
326.0000   68.0000   28.4974   24.8096
327.0000   40.0000   12.7076   36.1915
328.0000   103.0000   10.8694   28.5427
329.0000   72.0000   49.9030   2.0629
330.0000   43.0000   5.5946   14.6303
331.0000   39.0000   40.7436   31.9138
332.0000   36.0000   36.5878   37.1681
333.0000   32.0000   19.7018   41.9220
334.0000   105.0000   16.2337   14.1211
335.0000   111.0000   12.6231   48.9834
336.0000   92.0000   47.0609   36.9477
337.0000   114.0000   13.5456   46.6205
338.0000   93.0000   33.7057   18.1492
339.0000   40.0000   46.4526   41.4411
340.0000   76.0000   47.4851   46.5419
341.0000   78.0000   1.9694   7.5763
342.0000   94.0000   23.2428   15.6427
343.0000   97.0000   47.2635   9.7622
344.0000   96.0000   25.2521   2.9940
345.0000   38.0000   0.5577   25.7752
346.0000   79.0000   44.3964   25.0980
347.0000   110.0000   5.6023   6.0560
348.0000   80.0000   6.1671   39.7910
349.0000   105.0000   48.2914   0.6155
350.0000   46.0000   19.5498   8.9225
351.0000   107.0000   16.7557   27.4615
352.0000   42.0000   22.7208   43.9974
353.0000   72.0000   41.5170   0.1705
354.0000   95.0000   0.7361   18.1453
355.0000   67.0000   45.6689   34.8188
356.0000   100.0000   38.6481   23.8787
357.0000   70.0000   42.0021   22.4880
358.0000   73.0000   0.1054   2.3778
359.0000   99.0000   31.8173   36.0891
360.0000   60.0000   18.1992   36.4372
361.0000   109.0000   12.9195   24.1934
362.0000   62.0000   32.2270   36.0121
363.0000   43.0000   31.7404   36.0050
364.0000   41.0000   24.9160   17.2521
365.0000   38.0000   32.5969   35.0534
366.0000   84.0000   37.3173   37.7907
367.0000   72.0000   12.1183   5.4851
368.0000   113.0000   1.1017   43.1368
369.0000   44.0000   0.8752   42.3823
370.0000   76.0000   38.3900   16.0947
371.0000   53.0000   0.5202   22.5063
372.0000   70.0000   17.6576   23.4369
373.0000   103.0000   8.9830   40.6472
374.0000   77.0000   15.4120   9.3412
375.0000   92.0000   16.4378   8.3556
376.0000   108.0000   10.6280   2.5724
377.0000   44.0000   19.2834   32.4268
378.0000   105.0000   10.7573   47.2495
379.0000   58.0000   1.3350   39.9204
380.0000   108.0000   47.0946   6.1058
381.0000   115.0000   42.9753   39.5742
382.0000   67.0000   0.8148   12.0218
383.0000   76.0000   4.4558   33.4558
384.0000   113.0000   12.1056   32.4256
385.0000   78.0000   25.2693   23.4613
386.0000   89.0000   21.1593   36.8409
387.0000   58.0000   41.8399   6.5526
388.0000   44.0000   48.5031   17.2377
389.0000   94.0000   31.1896   12.6788
390.0000   44.0000   13.4670   24.9653
391.0000   71.0000   35.3345   20.5233
392.0000   115.0000   22.8031   30.9632
393.0000   78.0000   24.3216   2.4738
394.0000   116.0000   0.6685   46.2264
395.0000   114.0000   27.2385   49.9334
396.0000   80.0000   43.9197   7.2548
397.0000   84.0000   11.9587   27.3965
398.0000   94.0000   48.3931   12.8127
399.0000   78.0000   31.2156   24.1693
400.0000   30.0000   22.7733   12.8002
401.0000   55.0000   12.5744   48.1492
402.0000   103.0000   45.1570   20.2508
403.0000   35.0000   37.8449   29.0613
404.0000   98.0000   1.7743   34.6806
405.0000   67.0000   38.4890   3.4787
406.0000   78.0000   35.7714   15.5911
407.0000   93.0000   49.2364   40.0044
408.0000   113.0000   1.2141   29.6683
409.0000   93.0000   16.8563   20.9960
410.0000   46.0000   23.3708   45.9571
411.0000   120.0000   6.5195   26.6793
412.0000   40.0000   41.6312   23.7166
413.0000   88.0000   31.4864   36.7762
414.0000   49.0000   19.4750   23.9993
415.0000   116.0000   21.7349   16.8456
416.0000   87.0000   48.3875   29.7997
417.0000   109.0000   7.1800   31.7343
418.0000   41.0000   28.4768   27.5092
419.0000   55.0000   46.3887   18.3479
420.0000   71.0000   16.2205   12.6459
421.0000   45.0000   21.3560   44.2245
422.0000   117.0000   0.0718   21.8244
423.0000   62.0000   31.8583   10.9986
424.0000   75.0000   19.1433   14.6073
425.0000   62.0000   3.7195   41.6583
426.0000   117.0000   17.3520   45.8977
427.0000   91.0000   18.0562   41.1951
428.0000   61.0000   39.0970   44.0170
429.0000   66.0000   45.6236   6.1364
430.0000   108.0000   29.7516   1.8726
431.0000   97.0000   40.8294   4.1429
432.0000   34.0000   4.8016   14.9398
433.0000   56.0000   46.9104   15.1614
434.0000   101.0000   31.0687   0.2552
435.0000   120.0000   37.6280   34.7057
436.0000   37.0000   49.2588   33.9082
437.0000   68.0000   11.4906   33.8862
438.0000   50.0000   40.3903   2.0926
439.0000   120.0000   49.9528   14.0990
440.0000   93.0000   4.7663   14.1748
441.0000   53.0000   2.9090   23.4982
442.0000   82.0000   39.2210   8.7861
443.0000   109.0000   8.0134   27.4183
444.0000   94.0000   15.1903   25.6442
445.0000   96.0000   22.1104   20.3010
446.0000   115.0000   38.9555   7.6809
447.0000   80.0000   30.7186   46.3682
448.0000   110.0000   6.6150   15.5108
449.0000   120.0000   15.2234   16.1485
450.0000   119.0000   7.1126   15.5916
451.0000   31.0000   4.5891   5.5259
452.0000   88.0000   14.6902   18.8699
453.0000   51.0000   24.9924   45.7144
454.0000   33.0000   23.9151   16.4966
455.0000   34.0000   26.0100   31.9728
456.0000   114.0000   39.5027   3.9427
457.0000   84.0000   36.9573   30.7015
458.0000   106.0000   9.9167   4.6134
459.0000   98.0000   33.4986   28.2176
460.0000   110.0000   6.1773   21.8739
461.0000   76.0000   23.0764   49.2653
462.0000   37.0000   26.9369   27.0979
463.0000   95.0000   30.6588   25.1343
464.0000   32.0000   48.9092   1.8611
465.0000   89.0000   3.5775   34.6244
466.0000   76.0000   37.5749   34.8575
467.0000   42.0000   43.8224   21.3474
468.0000   62.0000   43.4166   20.2806
469.0000   45.0000   25.7832   33.8028
470.0000   115.0000   23.7802   23.0096
471.0000   117.0000   30.1224   39.3154
472.0000   75.0000   22.5596   5.3438
473.0000   103.0000   20.9474   10.1128
474.0000   112.0000   28.0989   20.1685
475.0000   31.0000   2.5572   49.1511
