0.0000   0.0000   50.0000   50.0000
1.0000   97.0000   32.4992   75.9511
2.0000   85.0000   53.7363   79.5314
3.0000   13.0000   92.0485   72.1286
4.0000   56.0000   90.1570   19.8188
5.0000   96.0000   59.9422   29.6222
6.0000   40.0000   14.4575   17.9580
7.0000   94.0000   82.2510   27.2874
8.0000   21.0000   87.2665   99.4999
9.0000   55.0000   86.8510   29.4208
10.0000   100.0000   92.9997   68.6239
11.0000   33.0000   11.6616   1.2516
12.0000   32.0000   43.4479   17.0033
13.0000   80.0000   12.3768   46.6800
14.0000   83.0000   2.7216   94.6301
15.0000   28.0000   6.9582   46.6769
16.0000   56.0000   18.7885   11.9765
17.0000   70.0000   28.0540   48.1827
18.0000   98.0000   89.7983   70.1396
19.0000   30.0000   15.3937   6.1692
20.0000   35.0000   62.2167   42.2938
21.0000   42.0000   7.7688   12.1405
22.0000   43.0000   0.7640   86.8783
23.0000   37.0000   45.4956   50.4829
24.0000   99.0000   98.8205   9.9125
25.0000   70.0000   81.6823   5.7579
26.0000   51.0000   19.4532   63.9186
27.0000   83.0000   69.0641   64.0347
28.0000   58.0000   92.1030   4.2863
29.0000   80.0000   29.4945   28.3902
30.0000   52.0000   89.3742   0.8599
31.0000   99.0000   75.9057   34.9202
32.0000   100.0000   22.1695   9.1033
33.0000   50.0000   36.9794   40.9817
34.0000   76.0000   97.6641   12.1065
35.0000   77.0000   0.9901   6.4598
36.0000   28.0000   79.1371   57.4364
37.0000   56.0000   25.1229   58.8515
38.0000   18.0000   28.2095   53.1090
39.0000   32.0000   33.9351   39.8365
40.0000   84.0000   57.7224   25.8412
41.0000   53.0000   1.5328   51.2622
42.0000   61.0000   8.3354   37.5530
43.0000   18.0000   36.7052   48.8000
44.0000   16.0000   24.2360   37.2812
45.0000   35.0000   3.4472   3.3728
46.0000   14.0000   65.1707   4.7552
47.0000   37.0000   85.3792   61.1238
48.0000   86.0000   43.8005   56.4638
49.0000   46.0000   57.4328   3.1650
50.0000   64.0000   29.6951   98.7529
51.0000   39.0000   14.5699   74.0881
52.0000   89.0000   75.1303   42.3571
53.0000   36.0000   85.7141   63.9362
54.0000   16.0000   30.9838   39.7361
55.0000   50.0000   19.3847   83.1115
56.0000   56.0000   45.0977   83.6476
57.0000   21.0000   54.4728   55.7639
58.0000   11.0000   85.0568   81.2294
59.0000   59.0000   69.0122   0.6941
60.0000   55.0000   49.8751   90.5424
61.0000   72.0000   52.4445   15.2572
62.0000   51.0000   79.2380   77.8031
63.0000   30.0000   1.8884   90.2112
64.0000   65.0000   9.5987   56.0017
65.0000   51.0000   31.5306   32.5994
66.0000   89.0000   32.6072   68.7805
67.0000   40.0000   7.8384   0.3297
68.0000   88.0000   8.5939   45.9973
69.0000   10.0000   63.0831   26.8443
70.0000   96.0000   57.0255   26.5144
71.0000   74.0000   56.1520   50.5347
72.0000   11.0000   32.4619   8.7913
73.0000   11.0000   7.6968   25.2186
74.0000   46.0000   64.1729   39.4721
75.0000   79.0000   10.7831   91.5448
76.0000   58.0000   42.9013   95.2987
77.0000   55.0000   83.3705   83.9518
78.0000   34.0000   83.2008   74.3174
79.0000   55.0000   43.9427   7.7265
80.0000   18.0000   14.2889   28.1047
81.0000   34.0000   64.5316   57.5605
82.0000   72.0000   66.1765   22.1846
83.0000   37.0000   47.1408   1.4412
84.0000   39.0000   89.9464   91.9788
85.0000   45.0000   59.4986   74.4487
86.0000   59.0000   97.4146   53.6436
87.0000   75.0000   57.5519   31.6190
88.0000   50.0000   48.3390   60.7883
89.0000   75.0000   50.8292   78.1466
90.0000   56.0000   79.5116   49.7577
91.0000   28.0000   18.9679   51.5980
92.0000   29.0000   34.8486   33.3380
93.0000   94.0000   98.1876   13.0975
94.0000   76.0000   65.4466   16.5825
95.0000   40.0000   10.7819   28.4316
96.0000   94.0000   4.1435   39.7277
97.0000   30.0000   82.2534   7.5911
98.0000   68.0000   3.6684   40.0790
99.0000   49.0000   48.2672   92.9794
100.0000   46.0000   44.1744   19.3834
101.0000   43.0000   14.5628   69.5953
102.0000   28.0000   20.6392   12.0123
103.0000   54.0000   54.1670   48.4331
104.0000   62.0000   25.8194   13.1387
105.0000   84.0000   83.9867   76.6306
106.0000   71.0000   78.5770   31.4763
107.0000   29.0000   92.3675   2.4066
108.0000   72.0000   35.2258   95.4654
109.0000   80.0000   63.6610   55.1209
110.0000   10.0000   36.2108   16.5577
111.0000   96.0000   53.7053   67.1461
112.0000   29.0000   86.8240   65.7901
113.0000   20.0000   45.2489   90.9686
114.0000   76.0000   79.4358   51.1194
115.0000   29.0000   38.9150   62.5619
116.0000   75.0000   12.1652   21.5306
117.0000   81.0000   74.5587   23.2054
118.0000   52.0000   98.8800   80.1073
119.0000   23.0000   3.3294   35.4251
120.0000   71.0000   67.1421   51.2632
121.0000   89.0000   32.9467   71.3081
122.0000   75.0000   28.1146   65.1722
123.0000   64.0000   6.2446   15.4562
124.0000   37.0000   25.0162   85.8125
125.0000   65.0000   8.3723   97.4964
126.0000   13.0000   95.9535   84.2028
127.0000   75.0000   61.0800   54.8156
128.0000   23.0000   1.5488   74.6958
129.0000   87.0000   89.3646   5.4032
130.0000   90.0000   9.9509   21.7953
131.0000   84.0000   53.9639   66.7544
132.0000   72.0000   83.6877   79.3765
133.0000   25.0000   69.3930   73.9754
134.0000   13.0000   23.9713   28.7031
135.0000   12.0000   29.4512   81.6279
136.0000   65.0000   43.2289   23.1311
137.0000   50.0000   66.2402   83.9860
138.0000   45.0000   75.5994   38.8065
139.0000   100.0000   7.3206   99.5090
140.0000   12.0000   40.0300   33.8514
141.0000   96.0000   97.1311   40.6592
142.0000   40.0000   99.9350   70.1203
143.0000   45.0000   33.2514   22.4481
144.0000   90.0000   6.3250   62.3708
145.0000   95.0000   48.4584   62.5790
146.0000   19.0000   18.3821   39.6457
147.0000   64.0000   64.4583   22.7142
148.0000   86.0000   89.2945   79.3875
149.0000   64.0000   12.7331   74.2364
150.0000   84.0000   68.2765   5.0641
151.0000   30.0000   71.4787   65.5630
152.0000   67.0000   75.4176   27.4576
153.0000   85.0000   44.8105   59.8943
154.0000   90.0000   10.9520   23.2697
155.0000   30.0000   66.3052   15.1240
156.0000   68.0000   95.1150   3.9784
157.0000   75.0000   27.3927   98.1604
158.0000   59.0000   3.2763   27.6603
159.0000   65.0000   17.5638   19.5486
160.0000   25.0000   26.7418   60.5259
161.0000   33.0000   8.6602   55.4930
162.0000   64.0000   50.4694   75.5837
163.0000   50.0000   30.1234   73.5811
164.0000   63.0000   81.5831   54.1756
165.0000   63.0000   82.7304   68.8383
166.0000   50.0000   75.5142   83.6056
167.0000   83.0000   59.2426   28.5929
168.0000   29.0000   77.5195   53.6614
169.0000   95.0000   25.2514   77.5332
170.0000   59.0000   40.7646   2.6365
171.0000   10.0000   47.4621   2.8988
172.0000   49.0000   81.3039   47.7105
173.0000   62.0000   45.5180   90.6981
174.0000   29.0000   39.6087   2.4798
175.0000   26.0000   6.6498   9.5108
