0.0000   0.0000   50.0000   50.0000
1.0000   36.0000   42.3676   64.1508
2.0000   51.0000   97.7416   4.0079
3.0000   7.0000   85.4081   32.6345
4.0000   18.0000   89.7953   66.0295
5.0000   65.0000   98.9719   8.6442
6.0000   46.0000   85.1626   82.6142
7.0000   57.0000   67.9619   20.3666
8.0000   35.0000   98.7750   70.0609
9.0000   43.0000   24.4840   47.3009
10.0000   50.0000   67.1524   50.1514
11.0000   90.0000   22.0123   50.8106
12.0000   92.0000   15.0398   94.7219
13.0000   49.0000   55.5364   85.6932
14.0000   56.0000   17.8434   8.3341
15.0000   75.0000   83.9083   22.5035
16.0000   23.0000   32.5348   87.7214
17.0000   26.0000   14.1632   34.9553
18.0000   26.0000   22.9818   14.6562
19.0000   49.0000   37.4678   29.2677
20.0000   60.0000   95.6576   19.9864
21.0000   49.0000   7.2047   30.8636
22.0000   80.0000   81.8578   67.6693
23.0000   52.0000   64.3411   54.3691
24.0000   47.0000   94.7557   60.2684
25.0000   23.0000   88.1765   18.3355
26.0000   38.0000   29.5422   97.6242
27.0000   98.0000   27.4974   77.6929
28.0000   84.0000   84.6190   4.5742
29.0000   58.0000   41.1136   30.3556
30.0000   37.0000   19.4768   17.4250
31.0000   32.0000   79.1354   34.2266
32.0000   66.0000   89.7625   81.2105
33.0000   75.0000   94.1455   55.9605
34.0000   10.0000   75.1641   18.7864
35.0000   18.0000   39.9531   35.8356
36.0000   52.0000   31.6298   18.2884
37.0000   29.0000   80.7622   60.4645
38.0000   32.0000   32.2754   84.1209
39.0000   26.0000   23.4189   99.1375
40.0000   39.0000   24.9449   95.0505
41.0000   20.0000   32.1776   1.8612
42.0000   73.0000   38.8144   8.4573
43.0000   71.0000   74.6804   58.8422
44.0000   66.0000   54.5174   35.4613
45.0000   25.0000   70.6553   25.7461
46.0000   85.0000   21.0149   34.3391
47.0000   74.0000   8.8450   69.6129
48.0000   76.0000   25.5844   80.4372
49.0000   45.0000   57.1532   7.4231
50.0000   10.0000   85.7345   48.0924
51.0000   23.0000   37.9445   80.2979
52.0000   9.0000   59.0749   37.2102
53.0000   66.0000   72.2086   23.4175
54.0000   33.0000   72.5698   84.1193
55.0000   65.0000   22.5237   89.3016
56.0000   16.0000   98.0793   73.9001
57.0000   3.0000   11.4622   10.6365
58.0000   65.0000   77.9847   4.1006
59.0000   33.0000   94.9447   8.7036
60.0000   63.0000   57.6497   57.1293
61.0000   94.0000   6.5012   53.3818
62.0000   18.0000   50.5350   68.5780
63.0000   47.0000   29.2662   2.7670
64.0000   98.0000   98.5062   34.1973
65.0000   59.0000   23.5333   64.9398
66.0000   31.0000   48.7326   70.5632
67.0000   71.0000   45.3648   51.7504
68.0000   41.0000   58.7838   55.5222
69.0000   86.0000   14.1684   50.9445
70.0000   94.0000   17.7017   3.3459
71.0000   37.0000   96.2366   23.1245
72.0000   5.0000   46.9946   70.6435
73.0000   3.0000   14.1805   12.5856
74.0000   25.0000   1.5579   82.0282
75.0000   28.0000   85.9336   30.5796
76.0000   70.0000   20.1689   14.5209
77.0000   69.0000   9.2888   9.3587
78.0000   75.0000   26.8301   78.7048
79.0000   14.0000   40.6349   14.8323
80.0000   2.0000   54.1499   37.1250
81.0000   83.0000   71.9133   46.5766
82.0000   31.0000   62.4837   1.4760
83.0000   53.0000   97.0081   5.4986
84.0000   52.0000   74.8654   55.6112
85.0000   80.0000   45.9248   22.5526
86.0000   58.0000   0.1017   12.7789
87.0000   60.0000   85.3492   44.4314
88.0000   53.0000   75.4065   19.9718
89.0000   80.0000   98.2518   33.2880
90.0000   42.0000   18.9726   43.4549
91.0000   43.0000   42.5163   37.4331
92.0000   94.0000   22.8787   61.3835
93.0000   50.0000   25.1047   0.2660
94.0000   33.0000   9.3320   59.9778
95.0000   8.0000   44.3199   4.8341
96.0000   41.0000   24.6023   99.5737
97.0000   62.0000   12.2848   81.0612
98.0000   33.0000   29.9037   82.7284
99.0000   9.0000   30.2428   27.1655
100.0000   54.0000   86.9013   16.8329
101.0000   13.0000   72.1829   39.5650
102.0000   2.0000   24.8203   10.5213
103.0000   20.0000   61.1875   88.2242
104.0000   48.0000   99.6224   84.2266
105.0000   61.0000   76.8352   81.0139
106.0000   31.0000   93.5258   29.3660
107.0000   70.0000   46.8646   98.4882
108.0000   70.0000   29.7250   68.6740
109.0000   56.0000   83.7915   89.9517
110.0000   24.0000   0.9099   76.2132
111.0000   27.0000   26.6388   76.1739
112.0000   89.0000   69.7746   66.5714
113.0000   10.0000   12.0952   32.5612
114.0000   16.0000   62.5194   91.0859
115.0000   88.0000   2.5764   81.9361
116.0000   51.0000   97.1039   82.3810
117.0000   89.0000   80.8492   75.1655
118.0000   52.0000   34.0572   50.5627
119.0000   50.0000   21.3982   32.5829
120.0000   57.0000   31.4394   53.9299
121.0000   43.0000   78.6886   18.6897
122.0000   68.0000   33.1439   18.6664
123.0000   57.0000   14.4872   4.7154
124.0000   71.0000   50.3828   31.3003
125.0000   72.0000   7.3413   77.5363
126.0000   70.0000   31.0878   92.6472
127.0000   34.0000   10.9240   18.4010
128.0000   26.0000   7.2543   49.4791
129.0000   76.0000   65.7707   69.8926
130.0000   47.0000   34.2869   14.4210
131.0000   52.0000   48.1007   17.9189
132.0000   85.0000   31.9638   55.5825
133.0000   52.0000   13.9897   98.7877
134.0000   48.0000   23.8768   0.2209
135.0000   10.0000   65.7874   32.7678
136.0000   62.0000   14.4413   98.1675
137.0000   17.0000   41.6198   7.1280
138.0000   12.0000   98.1745   32.5564
139.0000   86.0000   53.4005   31.3564
140.0000   82.0000   0.7165   59.0897
141.0000   77.0000   49.6771   41.6525
142.0000   95.0000   60.8902   97.5952
143.0000   85.0000   61.8394   20.2754
144.0000   98.0000   23.6948   1.1889
145.0000   40.0000   74.1598   55.4486
146.0000   57.0000   48.0685   85.6504
147.0000   44.0000   52.8543   49.7715
148.0000   54.0000   56.1918   82.6262
149.0000   81.0000   55.6723   2.3793
150.0000   24.0000   9.9501   88.9936
151.0000   29.0000   37.2904   97.1498
152.0000   2.0000   52.3714   53.3949
153.0000   27.0000   25.5726   44.7272
154.0000   61.0000   26.2594   29.0874
155.0000   21.0000   82.9395   10.6141
156.0000   80.0000   90.1494   12.4788
157.0000   66.0000   3.1552   46.6579
158.0000   66.0000   33.5978   77.0465
159.0000   11.0000   59.7067   71.0211
160.0000   11.0000   97.0012   91.3560
