0.0000   0.0000   0.0000   0.0000
1.0000   180.0000   40.8434   13.8719
2.0000   144.0000   6.9853   37.4880
3.0000   110.0000   24.5833   40.8219
4.0000   91.0000   45.7182   6.5806
5.0000   114.0000   47.7674   33.1774
6.0000   140.0000   33.9948   38.9050
7.0000   166.0000   7.8904   19.3603
8.0000   176.0000   21.7759   45.8460
9.0000   115.0000   24.5936   11.8116
10.0000   135.0000   39.6403   42.0431
11.0000   157.0000   45.3359   0.5830
12.0000   119.0000   18.6995   3.7114
13.0000   124.0000   28.5993   44.0330
14.0000   122.0000   5.8554   24.1780
15.0000   150.0000   1.4175   21.3831
16.0000   162.0000   49.9619   24.2169
17.0000   180.0000   42.7855   1.8876
18.0000   110.0000   36.3797   29.3337
19.0000   116.0000   10.0453   37.5832
20.0000   150.0000   14.4004   2.8402
21.0000   115.0000   48.0796   16.6476
22.0000   164.0000   30.2751   24.4149
23.0000   174.0000   34.0034   23.0944
24.0000   123.0000   16.5722   35.0552
25.0000   157.0000   27.3023   27.9124
26.0000   160.0000   39.1465   14.8340
27.0000   138.0000   30.3007   19.1753
28.0000   175.0000   25.0282   29.1634
29.0000   92.0000   35.1603   24.3875
30.0000   155.0000   7.7148   39.8928
31.0000   154.0000   37.9243   14.1332
32.0000   106.0000   34.5438   34.0096
33.0000   159.0000   34.8740   39.2712
34.0000   95.0000   42.1052   48.0051
35.0000   147.0000   28.1963   38.4065
36.0000   169.0000   31.9850   33.7383
37.0000   154.0000   49.3089   33.7971
38.0000   137.0000   36.9616   47.5982
39.0000   95.0000   11.5788   15.0873
40.0000   106.0000   38.3450   43.9151
41.0000   95.0000   13.4628   20.7875
42.0000   151.0000   39.5717   23.6445
43.0000   140.0000   30.3465   25.1643
44.0000   91.0000   31.6634   23.8119
45.0000   115.0000   24.5009   28.9484
46.0000   157.0000   16.8601   46.4837
47.0000   144.0000   31.0794   1.6790
48.0000   100.0000   2.2703   6.8793
49.0000   177.0000   34.1212   25.5734
50.0000   141.0000   38.0462   39.9447
51.0000   105.0000   18.6212   46.5011
52.0000   134.0000   47.3763   26.9725
53.0000   133.0000   30.6768   10.5930
54.0000   144.0000   3.2196   18.8886
55.0000   161.0000   7.4072   23.0921
56.0000   173.0000   0.4444   45.5854
57.0000   179.0000   14.7208   20.8500
58.0000   171.0000   35.8812   38.0671
59.0000   95.0000   47.6691   9.2887
60.0000   106.0000   47.0944   35.2974
61.0000   100.0000   16.0068   42.8086
62.0000   130.0000   12.5081   41.8177
63.0000   103.0000   21.3990   46.5061
64.0000   126.0000   32.9230   32.1067
65.0000   151.0000   14.2604   39.9609
66.0000   180.0000   35.8876   19.1974
67.0000   163.0000   11.6406   33.3078
68.0000   118.0000   27.8346   14.6284
69.0000   168.0000   16.7605   12.9451
70.0000   172.0000   38.8413   24.8748
71.0000   168.0000   39.6454   33.0342
72.0000   95.0000   13.1267   13.4794
73.0000   123.0000   46.2824   4.9901
74.0000   152.0000   43.4745   49.2235
75.0000   167.0000   24.4376   18.8093
76.0000   172.0000   35.0906   23.3220
77.0000   177.0000   32.6329   17.0698
78.0000   171.0000   36.9605   1.6048
79.0000   156.0000   20.6732   49.7819
80.0000   145.0000   48.5877   17.7519
81.0000   146.0000   9.6835   21.0652
82.0000   152.0000   49.9181   5.9859
83.0000   176.0000   32.5471   33.6807
84.0000   125.0000   28.5632   37.6560
85.0000   99.0000   42.9260   2.9826
86.0000   106.0000   0.7330   25.4409
87.0000   117.0000   8.1221   49.3707
88.0000   99.0000   17.8801   20.4004
89.0000   142.0000   16.5738   16.5947
90.0000   96.0000   38.6269   45.1002
91.0000   118.0000   31.8434   15.1682
92.0000   99.0000   2.4630   14.1103
93.0000   172.0000   39.4243   5.2056
94.0000   140.0000   7.8736   32.0052
95.0000   150.0000   21.5333   4.3078
96.0000   169.0000   3.5028   6.5569
97.0000   92.0000   41.1391   1.4678
98.0000   137.0000   9.3777   13.7141
99.0000   108.0000   39.6849   44.8544
100.0000   106.0000   4.1623   35.4083
101.0000   178.0000   35.0960   17.7501
102.0000   99.0000   44.1178   36.3268
103.0000   94.0000   32.2986   48.1560
104.0000   146.0000   47.5406   9.2292
105.0000   138.0000   28.8288   26.6360
106.0000   164.0000   41.4311   46.7985
107.0000   168.0000   45.3919   21.6273
108.0000   97.0000   11.4264   3.0864
109.0000   109.0000   21.1590   13.9435
110.0000   91.0000   28.8881   7.3631
111.0000   106.0000   11.4509   19.3978
112.0000   105.0000   24.2062   26.4162
113.0000   96.0000   7.2447   4.7959
114.0000   105.0000   24.6753   25.2586
115.0000   178.0000   48.2577   33.9253
116.0000   106.0000   40.1155   0.4431
117.0000   117.0000   41.8389   42.7364
118.0000   111.0000   32.2460   34.2269
119.0000   120.0000   35.7072   1.7552
120.0000   163.0000   19.0827   46.6970
121.0000   144.0000   22.1690   8.1100
122.0000   131.0000   15.6464   38.7429
123.0000   102.0000   5.4367   2.1192
124.0000   130.0000   29.0456   0.8571
125.0000   124.0000   38.8434   26.6189
126.0000   151.0000   7.7876   8.0867
127.0000   179.0000   44.8574   10.9999
128.0000   95.0000   38.0216   16.5873
129.0000   161.0000   45.8662   47.3378
130.0000   108.0000   14.4696   8.1723
131.0000   157.0000   19.8516   33.0074
132.0000   125.0000   25.3856   6.6739
133.0000   144.0000   24.4222   0.8574
134.0000   180.0000   19.4663   27.3799
135.0000   150.0000   11.6603   36.7779
136.0000   171.0000   30.0518   32.6425
137.0000   123.0000   48.5617   35.3001
138.0000   100.0000   21.9929   36.1218
139.0000   157.0000   0.8978   3.5165
140.0000   108.0000   35.0811   22.9241
141.0000   177.0000   42.7175   22.0014
142.0000   105.0000   42.6306   13.2770
143.0000   174.0000   22.2055   7.3085
144.0000   178.0000   16.5695   44.5119
145.0000   107.0000   41.7541   6.2337
146.0000   118.0000   27.1134   31.2223
147.0000   171.0000   39.5708   34.6763
148.0000   159.0000   24.6718   11.1693
149.0000   151.0000   24.6414   18.9626
150.0000   139.0000   43.1304   32.2128
151.0000   169.0000   26.6922   0.6978
152.0000   97.0000   34.4511   30.0066
153.0000   119.0000   31.7437   39.7818
154.0000   103.0000   22.7083   14.5622
155.0000   148.0000   5.0841   7.3605
156.0000   150.0000   14.5267   46.3151
157.0000   122.0000   15.8687   48.8291
158.0000   126.0000   37.2898   48.2866
159.0000   171.0000   46.9254   22.7974
160.0000   157.0000   24.2010   34.5443
161.0000   139.0000   6.1777   8.2770
162.0000   135.0000   0.5088   29.4146
163.0000   172.0000   28.2827   36.9887
164.0000   163.0000   42.0329   43.4501
165.0000   106.0000   4.6602   10.1402
166.0000   92.0000   5.9406   25.3545
167.0000   157.0000   6.5021   3.4316
168.0000   138.0000   17.3284   34.3529
169.0000   104.0000   45.6986   0.1695
170.0000   171.0000   36.0121   28.8448
171.0000   122.0000   46.7028   18.1750
172.0000   96.0000   36.2235   5.9081
173.0000   111.0000   10.7679   23.1923
174.0000   162.0000   46.9749   2.7440
175.0000   96.0000   23.8083   47.7456
176.0000   126.0000   15.2506   5.2180
177.0000   94.0000   29.6624   44.6201
178.0000   96.0000   18.4608   41.4994
179.0000   168.0000   1.7490   0.8540
180.0000   164.0000   5.1752   6.6720
181.0000   125.0000   16.2829   48.9883
182.0000   148.0000   5.3723   22.0298
183.0000   119.0000   20.7817   14.9565
184.0000   115.0000   7.9010   10.0714
185.0000   121.0000   35.0266   25.4860
186.0000   156.0000   20.2395   17.4585
187.0000   113.0000   15.7170   37.0182
188.0000   125.0000   30.6802   10.3192
189.0000   127.0000   14.7113   0.3877
190.0000   170.0000   26.0734   27.4524
191.0000   112.0000   21.6852   40.3007
192.0000   123.0000   12.3100   46.1794
193.0000   168.0000   17.8820   15.7605
194.0000   175.0000   23.8565   34.5578
195.0000   172.0000   38.0903   33.2828
196.0000   100.0000   40.2680   16.9305
197.0000   180.0000   5.8979   30.5970
198.0000   167.0000   47.5938   47.4421
199.0000   173.0000   7.9197   4.3521
200.0000   172.0000   3.7323   11.4397
201.0000   109.0000   29.2588   34.0203
202.0000   148.0000   14.4280   14.2505
203.0000   112.0000   35.7182   35.6173
204.0000   133.0000   1.3567   15.2648
205.0000   143.0000   32.4067   45.6706
206.0000   120.0000   1.2467   16.9430
207.0000   134.0000   41.6385   6.2702
208.0000   98.0000   11.8232   34.0906
209.0000   97.0000   28.7693   38.5710
210.0000   126.0000   43.8456   49.1022
211.0000   172.0000   27.6955   23.3848
212.0000   114.0000   28.7979   42.9002
213.0000   157.0000   47.6174   15.0938
214.0000   115.0000   19.4356   26.7500
215.0000   114.0000   31.6872   42.2472
216.0000   110.0000   46.5277   49.1701
217.0000   166.0000   2.4446   3.9292
218.0000   124.0000   14.9227   46.2110
219.0000   100.0000   26.9608   4.5274
220.0000   148.0000   41.9119   15.5781
221.0000   169.0000   2.2305   47.9733
222.0000   142.0000   30.2259   11.9022
223.0000   179.0000   21.6159   42.5845
224.0000   92.0000   12.7745   32.7815
225.0000   167.0000   47.7919   36.8692
226.0000   107.0000   17.2901   43.1363
227.0000   158.0000   38.0046   16.5328
228.0000   134.0000   49.3272   5.5218
229.0000   156.0000   44.5851   45.5575
230.0000   129.0000   30.6206   25.9698
231.0000   107.0000   23.9138   5.6553
232.0000   109.0000   34.9173   14.9838
233.0000   129.0000   1.4977   28.1542
234.0000   119.0000   12.5008   20.0108
235.0000   120.0000   25.5684   9.9673
236.0000   118.0000   2.6782   9.7743
237.0000   168.0000   8.5866   43.0126
238.0000   157.0000   28.5334   23.8893
239.0000   110.0000   17.1742   37.3448
240.0000   117.0000   3.5498   36.4658
241.0000   121.0000   38.7390   32.9509
242.0000   111.0000   27.7207   38.8230
243.0000   108.0000   18.7310   18.3702
244.0000   129.0000   28.5865   4.0469
245.0000   122.0000   23.1507   9.9202
246.0000   153.0000   46.7602   31.1449
247.0000   116.0000   26.9553   27.8841
248.0000   177.0000   16.5845   11.6987
249.0000   170.0000   21.6487   22.0165
250.0000   90.0000   35.9804   46.9221
251.0000   148.0000   38.4059   48.8482
252.0000   93.0000   48.5186   14.8623
253.0000   159.0000   40.7659   41.4180
254.0000   127.0000   38.9557   26.7875
255.0000   119.0000   15.0224   32.5486
256.0000   145.0000   3.0138   6.8189
257.0000   111.0000   20.8117   23.0659
258.0000   101.0000   15.4029   1.0720
259.0000   164.0000   45.9800   32.1864
260.0000   171.0000   4.8310   2.5925
261.0000   162.0000   19.0757   41.6004
262.0000   118.0000   23.9610   28.3066
263.0000   175.0000   31.2514   10.2572
264.0000   166.0000   39.2927   21.3187
265.0000   171.0000   10.5856   39.2418
266.0000   148.0000   30.0357   17.6088
267.0000   94.0000   25.6803   25.8330
268.0000   162.0000   28.2494   41.9393
269.0000   113.0000   38.6004   31.1390
270.0000   102.0000   1.4946   39.0336
271.0000   176.0000   39.6699   35.0390
272.0000   156.0000   8.6538   23.4347
273.0000   105.0000   36.9002   16.0969
274.0000   124.0000   15.9415   24.9303
275.0000   129.0000   3.5799   46.4906
276.0000   169.0000   19.8170   43.9314
277.0000   134.0000   5.0184   0.1719
278.0000   171.0000   42.4778   3.9315
279.0000   127.0000   8.7757   28.2728
280.0000   129.0000   5.5448   2.2444
281.0000   132.0000   43.1806   16.1003
282.0000   134.0000   11.4961   27.3136
283.0000   150.0000   23.2473   36.7044
284.0000   124.0000   18.7499   35.2433
285.0000   122.0000   39.2477   14.9777
286.0000   178.0000   47.4932   46.1168
287.0000   151.0000   12.7954   18.0288
288.0000   154.0000   15.8301   40.4243
289.0000   153.0000   43.9532   9.3646
290.0000   175.0000   13.7382   2.9938
291.0000   150.0000   16.2634   32.1838
292.0000   135.0000   24.2465   32.3305
293.0000   135.0000   36.0896   33.6805
294.0000   149.0000   15.1329   14.4379
295.0000   153.0000   18.4567   2.4155
296.0000   127.0000   45.4452   43.3553
297.0000   118.0000   48.2264   23.4065
298.0000   156.0000   27.7504   44.3935
299.0000   126.0000   18.6426   15.9122
300.0000   121.0000   3.5611   31.3830
301.0000   160.0000   13.7050   6.0006
302.0000   159.0000   32.8546   33.7173
303.0000   128.0000   34.0712   5.3481
304.0000   157.0000   28.9598   36.2352
305.0000   154.0000   42.6100   34.0449
306.0000   113.0000   22.9331   48.4657
307.0000   149.0000   44.1508   39.3138
308.0000   115.0000   40.6862   38.5618
309.0000   136.0000   44.2926   1.4426
310.0000   98.0000   1.0618   21.5476
311.0000   98.0000   20.0914   0.1536
312.0000   151.0000   14.4345   39.2851
313.0000   91.0000   9.3539   39.0910
314.0000   142.0000   38.8935   7.3399
315.0000   158.0000   0.0374   23.2926
316.0000   122.0000   36.6238   47.3662
317.0000   165.0000   35.2189   32.0267
318.0000   140.0000   6.6459   29.6136
319.0000   144.0000   44.1714   16.0006
320.0000   123.0000   28.7187   4.2074
321.0000   149.0000   26.3834   6.8268
322.0000   150.0000   13.0383   29.2991
323.0000   159.0000   30.4991   41.0481
324.0000   164.0000   0.0040   12.2103
325.0000   148.0000   19.7387   10.0356
326.0000   155.0000   20.1109   33.4028
327.0000   176.0000   24.1003   28.8624
328.0000   122.0000   11.7261   16.4493
329.0000   155.0000   49.6729   29.8855
330.0000   130.0000   21.8264   35.3643
331.0000   118.0000   17.7371   12.4920
332.0000   140.0000   42.8831   36.7539
333.0000   131.0000   29.0235   46.1189
334.0000   175.0000   35.7910   49.6132
335.0000   110.0000   31.1001   44.1732
336.0000   172.0000   28.6341   5.3959
337.0000   162.0000   24.2590   13.4304
338.0000   169.0000   19.3367   46.6629
339.0000   92.0000   19.6914   43.3718
340.0000   162.0000   21.2688   13.5327
341.0000   120.0000   10.3333   9.3802
342.0000   127.0000   43.9545   22.1399
343.0000   130.0000   35.9520   24.4970
344.0000   154.0000   21.4292   18.9847
345.0000   164.0000   17.9198   17.9366
346.0000   148.0000   46.2258   25.1035
347.0000   106.0000   15.7007   37.9664
348.0000   168.0000   42.3523   41.2670
349.0000   176.0000   21.3415   3.5517
350.0000   143.0000   26.8904   36.5158
351.0000   166.0000   40.4902   16.2040
352.0000   116.0000   0.3483   22.1162
353.0000   160.0000   35.0608   12.7798
354.0000   118.0000   14.5482   4.5277
355.0000   124.0000   17.8056   44.3052
356.0000   143.0000   23.6813   43.1523
357.0000   92.0000   5.8731   12.1387
358.0000   146.0000   30.7185   21.0448
359.0000   128.0000   37.7779   18.2709
360.0000   92.0000   40.2558   5.0365
361.0000   100.0000   28.2844   24.1803
362.0000   118.0000   23.4038   16.2914
363.0000   147.0000   31.1647   27.2942
364.0000   90.0000   26.9189   3.4870
365.0000   167.0000   11.9247   10.1985
366.0000   106.0000   9.6072   19.0791
367.0000   147.0000   7.8936   12.8375
368.0000   111.0000   47.6667   37.4701
369.0000   94.0000   9.2243   2.5007
370.0000   123.0000   9.5402   23.6426
371.0000   166.0000   34.6778   40.8202
372.0000   108.0000   22.7577   29.7241
373.0000   104.0000   28.1904   0.0100
374.0000   103.0000   19.2072   10.8314
375.0000   163.0000   13.6556   49.5298
376.0000   162.0000   47.6392   46.8436
377.0000   164.0000   16.2551   13.3630
378.0000   95.0000   45.2497   40.2178
379.0000   136.0000   48.0108   28.0318
380.0000   143.0000   20.0144   49.2369
381.0000   172.0000   45.8077   21.8632
382.0000   162.0000   20.0170   46.4209
383.0000   157.0000   4.6267   41.5269
384.0000   168.0000   6.6027   26.1226
385.0000   158.0000   5.4365   48.9350
386.0000   145.0000   40.8021   6.7347
387.0000   170.0000   37.3677   33.2153
388.0000   113.0000   3.4899   41.5952
389.0000   162.0000   26.2316   8.6131
390.0000   132.0000   19.4106   45.3908
391.0000   159.0000   41.5098   46.8904
392.0000   112.0000   41.2857   18.8611
393.0000   165.0000   0.9279   43.1112
394.0000   171.0000   20.5475   47.0517
395.0000   167.0000   7.3638   18.0580
396.0000   155.0000   7.0987   46.9499
397.0000   128.0000   41.9428   47.1635
398.0000   91.0000   39.0426   2.5991
399.0000   151.0000   43.6909   24.5009
400.0000   171.0000   3.8025   35.5210
