0.0000   0.0000   50.0000   50.0000
1.0000   98.0000   72.2965   69.3141
2.0000   64.0000   57.2601   82.6375
3.0000   37.0000   2.4555   3.2985
4.0000   50.0000   87.8641   22.1744
5.0000   78.0000   35.3552   36.8949
6.0000   46.0000   99.6133   37.4424
7.0000   25.0000   69.5379   15.2990
8.0000   94.0000   26.6874   58.8408
9.0000   11.0000   12.5636   16.0721
10.0000   31.0000   52.3995   37.4515
11.0000   58.0000   29.9490   39.9643
12.0000   30.0000   78.6711   57.5115
13.0000   66.0000   42.8268   46.9143
14.0000   58.0000   33.3206   4.2899
15.0000   94.0000   90.3942   96.4115
16.0000   89.0000   99.8309   74.2241
17.0000   25.0000   43.9870   88.5783
18.0000   17.0000   77.1855   16.4442
19.0000   99.0000   85.6379   52.1535
20.0000   15.0000   49.1943   78.6146
21.0000   67.0000   63.9983   59.7412
22.0000   52.0000   17.5606   85.7613
23.0000   45.0000   2.0300   76.5360
24.0000   83.0000   8.1177   57.2182
25.0000   92.0000   50.2937   29.6031
26.0000   93.0000   58.5195   50.4344
27.0000   11.0000   66.9783   96.9725
28.0000   22.0000   72.1300   74.8584
29.0000   65.0000   57.6216   93.0715
30.0000   45.0000   79.6659   61.9009
31.0000   20.0000   44.8294   35.7526
32.0000   24.0000   99.4506   55.3302
33.0000   76.0000   68.4067   46.8942
34.0000   77.0000   65.3290   59.7448
35.0000   11.0000   85.0789   63.1123
36.0000   72.0000   25.9380   49.2229
37.0000   75.0000   38.1909   0.7505
38.0000   76.0000   98.7489   80.8628
39.0000   91.0000   60.9043   78.5235
40.0000   68.0000   21.7856   1.7594
41.0000   39.0000   1.6604   41.2569
42.0000   76.0000   4.4870   94.3576
43.0000   64.0000   14.0534   76.6653
44.0000   24.0000   51.2480   25.1140
45.0000   73.0000   31.3592   11.0744
46.0000   37.0000   70.8791   40.7522
47.0000   45.0000   83.2667   75.1569
48.0000   18.0000   1.3733   34.1012
49.0000   41.0000   95.1053   16.0730
50.0000   56.0000   77.8876   81.2231
51.0000   37.0000   7.3271   56.3869
52.0000   46.0000   83.0714   32.9782
53.0000   19.0000   54.0034   49.8170
54.0000   10.0000   53.0059   67.6906
55.0000   47.0000   48.3824   83.4128
56.0000   60.0000   37.2894   26.7729
57.0000   17.0000   20.1713   95.6334
58.0000   55.0000   0.7178   66.0785
59.0000   57.0000   27.6312   44.0440
60.0000   34.0000   54.1809   21.3340
61.0000   68.0000   84.9578   88.0496
62.0000   80.0000   74.9618   13.1032
63.0000   34.0000   95.5452   45.9184
64.0000   28.0000   91.7548   67.6113
65.0000   27.0000   37.7524   68.2072
66.0000   25.0000   3.2517   59.5192
67.0000   73.0000   29.9024   3.3195
68.0000   72.0000   16.0636   60.3588
69.0000   58.0000   61.7689   92.2392
70.0000   30.0000   19.7426   19.5390
71.0000   89.0000   74.1488   77.6925
72.0000   89.0000   53.0159   98.2068
73.0000   91.0000   91.4484   66.2314
74.0000   95.0000   56.4311   52.0830
75.0000   69.0000   1.5864   25.1614
