0.0000   0.0000   50.0000   50.0000
1.0000   17.0000   95.2913   88.5386
2.0000   39.0000   72.4297   19.1146
3.0000   71.0000   87.0849   73.9237
4.0000   27.0000   98.5844   4.4141
5.0000   65.0000   23.9733   47.4239
6.0000   48.0000   56.7945   78.1138
7.0000   37.0000   50.7576   84.1685
8.0000   35.0000   31.0530   12.7107
9.0000   58.0000   88.4512   54.3505
10.0000   55.0000   66.3278   1.9453
11.0000   37.0000   0.4061   83.2227
12.0000   68.0000   88.0104   87.2915
13.0000   73.0000   7.2250   59.4906
14.0000   16.0000   60.8284   55.1315
15.0000   63.0000   92.7452   46.1370
16.0000   65.0000   37.3675   24.9647
17.0000   38.0000   79.7272   49.5416
18.0000   78.0000   77.0067   0.6816
19.0000   12.0000   13.2863   56.6306
20.0000   98.0000   44.2673   48.4105
21.0000   74.0000   65.6854   28.0890
22.0000   93.0000   83.7579   15.3643
23.0000   55.0000   2.8063   69.4512
24.0000   31.0000   52.3725   45.6746
25.0000   63.0000   7.9442   68.1662
26.0000   45.0000   63.2242   56.9722
27.0000   77.0000   78.5024   10.9247
28.0000   52.0000   26.4873   39.1777
29.0000   39.0000   49.4316   37.2760
30.0000   79.0000   21.0210   90.3584
31.0000   82.0000   91.9429   36.7167
32.0000   25.0000   66.5610   48.1860
33.0000   76.0000   34.1324   52.9423
34.0000   41.0000   24.3677   41.7423
35.0000   92.0000   0.2707   58.6339
36.0000   54.0000   11.0490   29.0107
37.0000   86.0000   64.9075   46.1630
38.0000   28.0000   88.6837   29.1288
39.0000   50.0000   29.7897   51.9773
40.0000   77.0000   54.5422   6.2679
41.0000   34.0000   75.6198   38.2538
42.0000   27.0000   54.7892   18.4643
43.0000   69.0000   41.1420   28.2300
44.0000   33.0000   5.0138   98.3589
45.0000   72.0000   47.5251   43.6942
46.0000   22.0000   6.7956   53.4446
47.0000   29.0000   88.5841   49.6774
48.0000   61.0000   22.0515   65.9516
49.0000   53.0000   75.5839   73.1757
50.0000   97.0000   4.9992   4.0223
51.0000   87.0000   79.5295   3.5860
52.0000   17.0000   2.7855   52.1215
53.0000   21.0000   64.4131   60.0984
54.0000   29.0000   23.4461   10.9847
55.0000   73.0000   11.2687   99.8437
56.0000   62.0000   54.0170   36.2541
57.0000   33.0000   3.2076   64.0688
58.0000   35.0000   16.5174   94.1815
59.0000   46.0000   28.3773   10.6682
60.0000   54.0000   20.5168   88.7804
61.0000   40.0000   10.6361   86.3347
62.0000   18.0000   57.9902   61.4031
63.0000   22.0000   76.7726   24.9187
64.0000   86.0000   4.4161   23.7240
65.0000   38.0000   40.8225   96.3171
66.0000   76.0000   65.0092   81.9505
67.0000   43.0000   60.9178   31.7000
68.0000   67.0000   34.0659   31.0883
69.0000   11.0000   42.4851   17.3232
70.0000   26.0000   50.9613   6.2009
71.0000   51.0000   43.5452   42.9602
72.0000   42.0000   40.1039   48.3092
73.0000   69.0000   34.6475   7.1592
74.0000   21.0000   78.3776   91.5738
75.0000   60.0000   98.7462   10.4437
76.0000   91.0000   78.9151   64.4082
77.0000   72.0000   0.8144   75.6672
78.0000   35.0000   29.5112   92.1752
79.0000   57.0000   63.8750   94.4119
80.0000   30.0000   81.3833   45.5815
81.0000   99.0000   91.1709   68.9714
82.0000   41.0000   84.8089   86.7466
83.0000   27.0000   52.4335   9.4606
84.0000   15.0000   9.1528   54.4993
85.0000   62.0000   8.4960   98.1907
86.0000   58.0000   18.9077   16.7328
87.0000   24.0000   89.7809   52.7881
88.0000   40.0000   31.9081   42.8733
89.0000   42.0000   18.7046   77.7967
90.0000   19.0000   17.7069   98.2988
91.0000   32.0000   67.4356   20.2453
92.0000   15.0000   2.3355   16.3010
93.0000   67.0000   43.7148   5.9452
94.0000   31.0000   15.6184   12.7296
95.0000   54.0000   43.2895   56.5710
96.0000   67.0000   10.5282   60.2481
97.0000   90.0000   83.9282   34.1289
98.0000   19.0000   24.2385   10.4414
99.0000   57.0000   67.2748   23.4600
100.0000   44.0000   21.6751   70.9597
101.0000   88.0000   66.4477   45.6848
102.0000   77.0000   17.1343   69.6645
103.0000   52.0000   90.0488   66.5635
104.0000   49.0000   19.6383   5.2423
105.0000   41.0000   44.8104   23.0125
106.0000   89.0000   2.4576   5.2138
107.0000   99.0000   46.2061   33.6336
108.0000   73.0000   98.4310   18.8908
109.0000   10.0000   74.3173   0.8784
110.0000   11.0000   2.7568   60.2242
111.0000   74.0000   72.9959   1.2958
112.0000   78.0000   61.1326   64.1398
113.0000   97.0000   73.7174   65.1211
114.0000   78.0000   47.3788   21.8557
115.0000   23.0000   59.0698   69.4841
116.0000   96.0000   12.0974   23.0552
117.0000   20.0000   16.0720   42.2210
118.0000   30.0000   50.0420   54.1688
119.0000   66.0000   20.5987   69.7325
120.0000   81.0000   71.8458   19.5539
121.0000   30.0000   3.5553   65.7182
122.0000   80.0000   68.0282   22.0907
123.0000   63.0000   8.6814   14.8194
124.0000   94.0000   38.2435   68.5779
125.0000   64.0000   53.2517   16.4514
126.0000   97.0000   58.0381   22.8737
127.0000   35.0000   73.2174   48.0885
128.0000   34.0000   84.4252   49.2340
129.0000   28.0000   54.2731   26.8058
130.0000   83.0000   70.9385   80.0779
131.0000   68.0000   10.4557   92.0035
132.0000   60.0000   68.5629   28.7091
133.0000   11.0000   80.0103   30.0234
134.0000   38.0000   90.2794   5.1715
135.0000   83.0000   4.0774   74.9854
136.0000   37.0000   45.6939   86.4125
137.0000   22.0000   5.4561   56.3508
138.0000   82.0000   39.9573   52.8954
139.0000   42.0000   65.3520   43.9177
140.0000   62.0000   0.7457   48.7307
141.0000   94.0000   82.0202   21.9578
142.0000   35.0000   60.3167   9.5995
143.0000   58.0000   88.2699   72.3668
144.0000   66.0000   69.3686   33.6521
145.0000   50.0000   39.3588   19.7844
146.0000   67.0000   77.5323   2.3934
147.0000   21.0000   22.9852   2.9417
148.0000   73.0000   74.0223   91.6159
149.0000   79.0000   89.8346   18.5626
150.0000   83.0000   31.5750   94.4934
151.0000   10.0000   54.0044   15.3941
152.0000   88.0000   6.0461   51.1729
153.0000   59.0000   15.3048   31.2462
154.0000   63.0000   36.1990   73.3215
155.0000   83.0000   1.7518   23.9457
156.0000   37.0000   91.7797   76.7165
157.0000   14.0000   88.3306   75.3733
158.0000   50.0000   26.9959   31.8826
159.0000   78.0000   95.4543   95.4728
160.0000   20.0000   41.5540   13.6668
161.0000   20.0000   34.2983   35.7881
162.0000   52.0000   6.1488   32.4223
163.0000   26.0000   49.1896   89.1022
164.0000   28.0000   13.7485   40.2003
165.0000   49.0000   30.8149   22.5694
166.0000   67.0000   57.4809   77.9985
167.0000   52.0000   88.3681   58.3463
168.0000   12.0000   59.7592   79.7757
169.0000   44.0000   24.3906   20.0079
170.0000   91.0000   8.7231   56.3123
171.0000   77.0000   4.4729   97.9860
172.0000   98.0000   13.0873   60.8400
173.0000   40.0000   76.2666   22.9463
174.0000   86.0000   36.7692   70.6672
175.0000   36.0000   52.8307   30.9687
176.0000   91.0000   73.0503   57.4751
177.0000   64.0000   35.3567   97.7942
178.0000   10.0000   38.2913   23.0660
179.0000   35.0000   52.9461   16.4887
180.0000   84.0000   17.1161   51.5285
181.0000   42.0000   84.6861   25.6186
182.0000   47.0000   21.2563   4.3369
183.0000   89.0000   42.8577   42.8598
184.0000   73.0000   47.9556   45.7153
185.0000   71.0000   33.7817   8.1511
186.0000   16.0000   57.2407   83.8932
187.0000   89.0000   67.6063   76.8063
188.0000   87.0000   15.3383   26.0469
189.0000   25.0000   64.5612   16.0348
190.0000   91.0000   86.7853   28.2344
191.0000   19.0000   65.4478   11.9858
192.0000   67.0000   18.3798   36.6788
193.0000   44.0000   65.4437   47.0293
194.0000   79.0000   47.5697   89.1285
195.0000   13.0000   75.6895   22.8196
196.0000   72.0000   84.0261   32.6386
197.0000   82.0000   85.6953   24.3589
198.0000   35.0000   35.1002   55.9706
199.0000   78.0000   70.4540   25.9079
200.0000   73.0000   66.4240   84.1392
