0.0000   0.0000   50.0000   50.0000
1.0000   46.0000   68.4363   63.6709
2.0000   78.0000   8.2033   50.5037
3.0000   105.0000   36.8827   50.9282
4.0000   39.0000   67.8797   97.9874
5.0000   25.0000   85.6653   2.0931
6.0000   98.0000   65.6346   36.3765
7.0000   57.0000   12.0207   55.0519
8.0000   106.0000   86.5417   62.2184
9.0000   84.0000   33.2949   68.1678
10.0000   116.0000   73.3298   3.7892
11.0000   81.0000   88.9660   26.7770
12.0000   95.0000   14.9216   69.2479
13.0000   42.0000   82.7727   81.5671
14.0000   79.0000   2.7126   97.8696
15.0000   96.0000   28.6812   62.4896
16.0000   14.0000   12.3361   68.8158
17.0000   94.0000   56.0764   48.5257
18.0000   53.0000   95.5164   17.9458
19.0000   29.0000   54.8976   84.7503
20.0000   40.0000   46.6817   38.3656
21.0000   33.0000   59.4515   55.4256
22.0000   68.0000   72.0344   58.9180
23.0000   28.0000   8.7126   67.7449
24.0000   93.0000   35.4037   12.2808
25.0000   105.0000   59.1758   2.1558
26.0000   66.0000   79.7879   6.3408
27.0000   41.0000   24.9782   19.3946
28.0000   23.0000   41.9011   30.9936
29.0000   96.0000   18.6832   10.3312
30.0000   76.0000   2.6722   5.9594
31.0000   76.0000   54.5902   86.9522
32.0000   17.0000   24.5334   26.5553
33.0000   111.0000   71.1512   95.4953
34.0000   55.0000   58.6449   93.9347
35.0000   20.0000   47.6494   43.4991
36.0000   108.0000   91.0529   11.6684
37.0000   119.0000   99.7353   83.5793
38.0000   27.0000   14.5411   12.1194
39.0000   34.0000   58.0077   17.1480
40.0000   58.0000   59.6442   68.5040
41.0000   68.0000   67.1944   60.0263
42.0000   57.0000   24.0118   35.0716
43.0000   55.0000   69.9622   78.6080
44.0000   89.0000   31.7958   5.6349
45.0000   82.0000   74.4300   61.7008
46.0000   64.0000   47.3713   36.3215
47.0000   92.0000   48.8846   69.9636
48.0000   23.0000   65.3409   19.1230
49.0000   34.0000   49.7433   19.2492
50.0000   91.0000   19.3824   98.1645
51.0000   37.0000   45.2708   79.5019
52.0000   76.0000   28.8096   95.4710
53.0000   69.0000   51.1146   42.6898
54.0000   80.0000   5.4446   14.1618
55.0000   18.0000   72.8562   25.0249
56.0000   19.0000   36.7622   76.1021
57.0000   70.0000   6.7923   66.8291
58.0000   97.0000   7.5952   60.2989
59.0000   84.0000   27.8501   21.4872
60.0000   23.0000   48.0179   73.5569
61.0000   111.0000   71.6175   21.4449
62.0000   18.0000   15.3188   79.2153
63.0000   37.0000   9.2505   48.0712
64.0000   44.0000   20.0181   3.8351
65.0000   58.0000   93.8969   7.2462
66.0000   88.0000   4.7515   1.4485
67.0000   30.0000   80.9006   32.4988
68.0000   55.0000   48.1018   81.1309
69.0000   110.0000   90.3772   21.9308
70.0000   90.0000   95.2398   4.5845
71.0000   61.0000   54.1465   65.1708
72.0000   71.0000   58.7528   58.5549
73.0000   104.0000   44.3713   25.7839
74.0000   17.0000   70.6851   10.8496
75.0000   12.0000   77.6900   48.6275
76.0000   67.0000   6.8361   88.8485
77.0000   34.0000   54.7488   4.7910
78.0000   107.0000   1.8763   99.3464
79.0000   97.0000   63.2404   41.0296
80.0000   41.0000   72.2898   87.8803
81.0000   60.0000   6.0425   65.7767
82.0000   120.0000   3.1461   64.2314
83.0000   17.0000   45.4632   39.2741
84.0000   27.0000   98.9525   42.4031
85.0000   47.0000   22.1736   91.6830
86.0000   60.0000   95.2482   14.0740
87.0000   44.0000   5.3236   74.0476
88.0000   34.0000   15.2628   42.4980
89.0000   28.0000   57.5104   35.6508
90.0000   72.0000   85.3254   93.2426
91.0000   71.0000   82.9600   60.8147
92.0000   32.0000   33.5040   41.6202
93.0000   100.0000   32.8864   32.8806
94.0000   88.0000   8.9466   81.3297
95.0000   97.0000   88.0379   51.3627
96.0000   77.0000   94.0615   23.3136
97.0000   100.0000   71.3868   26.4680
98.0000   91.0000   94.8518   63.9051
99.0000   10.0000   8.5424   38.5195
100.0000   20.0000   51.2974   59.4615
101.0000   100.0000   83.7196   77.5802
102.0000   25.0000   43.6372   9.9977
103.0000   103.0000   82.7715   85.4496
104.0000   120.0000   79.4086   64.1589
105.0000   23.0000   26.5253   46.9930
106.0000   64.0000   22.0961   27.9411
107.0000   17.0000   31.1738   74.7923
108.0000   59.0000   24.1102   49.7156
109.0000   15.0000   36.5161   57.0469
110.0000   60.0000   50.0356   92.5247
111.0000   16.0000   94.5715   35.8906
112.0000   83.0000   28.6434   25.5129
113.0000   113.0000   93.1728   52.4570
114.0000   93.0000   19.1236   73.4064
115.0000   54.0000   79.7958   66.6680
116.0000   22.0000   60.9995   81.6914
117.0000   44.0000   90.7117   12.4223
118.0000   35.0000   42.5718   57.0200
119.0000   58.0000   41.8333   4.4692
120.0000   19.0000   82.8135   2.0109
121.0000   70.0000   17.9728   91.4983
122.0000   67.0000   17.4578   94.6803
123.0000   101.0000   34.4033   50.2171
124.0000   51.0000   74.9170   11.3334
125.0000   70.0000   64.7957   62.3741
126.0000   42.0000   76.8674   16.4864
127.0000   116.0000   66.4486   86.9455
128.0000   85.0000   87.6074   69.8328
129.0000   37.0000   3.1818   90.3156
130.0000   20.0000   37.7413   50.7340
131.0000   71.0000   78.7834   85.8837
132.0000   102.0000   69.3145   21.5720
133.0000   56.0000   41.5672   15.6662
134.0000   59.0000   85.3530   68.7614
135.0000   90.0000   61.2763   16.7739
136.0000   103.0000   24.6429   60.6432
137.0000   51.0000   98.4802   8.9903
138.0000   87.0000   26.7098   22.7447
139.0000   36.0000   78.4824   17.1435
140.0000   112.0000   29.3295   88.6235
141.0000   36.0000   40.8048   3.2110
142.0000   19.0000   45.5488   77.5892
143.0000   104.0000   32.0339   64.4561
144.0000   99.0000   77.1139   93.1410
145.0000   22.0000   72.2666   49.2368
146.0000   40.0000   64.5495   23.9631
147.0000   46.0000   77.6443   53.1534
148.0000   72.0000   10.2325   40.4796
149.0000   88.0000   24.4687   31.5587
150.0000   19.0000   12.6187   33.8749
