0.0000   0.0000   50.0000   50.0000
1.0000   95.0000   19.1565   10.5513
2.0000   97.0000   33.7574   29.7760
3.0000   45.0000   94.6078   81.6542
4.0000   98.0000   36.1816   3.8494
5.0000   42.0000   39.6199   52.6572
6.0000   41.0000   13.7962   35.7228
7.0000   62.0000   23.9511   96.5131
8.0000   5.0000   41.7004   0.3110
9.0000   83.0000   39.1779   8.7910
10.0000   40.0000   86.9147   47.1385
11.0000   91.0000   22.1191   46.8980
12.0000   86.0000   96.1961   95.2541
13.0000   34.0000   31.3900   98.5246
14.0000   87.0000   16.0312   61.6211
15.0000   89.0000   20.3092   80.4359
16.0000   63.0000   93.4839   76.9520
17.0000   14.0000   39.0457   81.8232
18.0000   20.0000   88.5497   79.3949
19.0000   8.0000   32.0959   34.7091
20.0000   17.0000   0.8466   93.8361
21.0000   4.0000   50.7685   6.8922
22.0000   63.0000   40.7604   91.7302
23.0000   99.0000   32.8168   86.1270
24.0000   93.0000   87.8522   27.4396
25.0000   28.0000   54.3633   66.1933
26.0000   81.0000   34.5863   85.0939
27.0000   79.0000   29.1464   22.4567
28.0000   15.0000   60.5256   5.6853
29.0000   7.0000   83.1198   7.5207
30.0000   85.0000   76.0759   86.3725
31.0000   70.0000   78.6264   97.2281
32.0000   93.0000   10.1956   98.7171
33.0000   6.0000   79.4522   9.3371
34.0000   80.0000   65.1666   78.9761
35.0000   100.0000   46.9309   62.4166
36.0000   48.0000   52.1078   69.2571
37.0000   58.0000   13.9305   24.4547
38.0000   99.0000   93.5181   20.4608
39.0000   47.0000   74.8408   44.1942
40.0000   57.0000   76.2519   81.1595
41.0000   11.0000   58.9782   28.5502
42.0000   55.0000   5.8671   90.4041
43.0000   49.0000   26.1160   34.3590
44.0000   99.0000   79.8015   27.4256
45.0000   16.0000   14.0816   72.1342
46.0000   69.0000   72.9039   97.5049
47.0000   23.0000   89.6376   80.7945
48.0000   41.0000   19.8552   53.1822
49.0000   52.0000   18.8763   98.1203
50.0000   28.0000   74.6368   89.0301
51.0000   99.0000   14.6892   29.5627
52.0000   73.0000   64.2751   51.6635
53.0000   39.0000   60.3869   95.8060
54.0000   42.0000   18.0959   95.2018
55.0000   52.0000   48.1772   44.0108
56.0000   59.0000   52.4680   10.7474
57.0000   69.0000   7.1140   75.4357
58.0000   65.0000   67.9243   3.5378
59.0000   6.0000   79.2646   44.3795
60.0000   82.0000   20.0741   85.8156
61.0000   11.0000   10.4220   90.5170
62.0000   95.0000   74.9830   14.5015
63.0000   68.0000   62.5532   16.7051
64.0000   72.0000   5.4340   45.3667
65.0000   31.0000   3.7288   49.0587
66.0000   33.0000   64.4586   19.8496
67.0000   96.0000   7.4642   79.8897
68.0000   16.0000   93.9086   58.0274
69.0000   29.0000   19.8971   74.0943
70.0000   30.0000   24.6935   74.9854
71.0000   41.0000   24.6333   63.8203
72.0000   33.0000   63.1018   57.0827
73.0000   79.0000   92.3964   25.4606
74.0000   14.0000   70.3566   17.9702
75.0000   87.0000   5.1252   9.4498
76.0000   81.0000   3.9113   87.7078
77.0000   40.0000   89.1835   28.1664
78.0000   66.0000   92.3251   2.8554
79.0000   13.0000   74.7585   32.3156
80.0000   64.0000   45.1920   25.1650
81.0000   100.0000   7.1547   31.7250
82.0000   37.0000   53.5972   10.8932
83.0000   57.0000   10.7176   61.0547
84.0000   55.0000   14.4613   45.0087
85.0000   84.0000   87.3065   95.9139
86.0000   39.0000   98.8842   81.7067
87.0000   27.0000   64.1252   98.9993
88.0000   68.0000   22.2998   35.8978
89.0000   10.0000   86.5841   99.8333
90.0000   50.0000   37.7270   34.4487
91.0000   14.0000   70.8628   41.2126
92.0000   63.0000   9.4703   85.4203
93.0000   65.0000   74.6398   38.9478
94.0000   36.0000   84.2368   93.9804
95.0000   18.0000   97.8353   36.8015
96.0000   17.0000   71.9447   59.3836
97.0000   65.0000   10.0154   59.4978
98.0000   10.0000   63.2680   92.5835
99.0000   71.0000   84.1309   12.9806
100.0000   85.0000   2.2128   97.1435
101.0000   26.0000   50.9464   81.2461
102.0000   74.0000   99.3669   24.9065
103.0000   36.0000   26.4300   91.6456
104.0000   44.0000   59.8734   56.5381
105.0000   43.0000   35.4754   68.7823
106.0000   67.0000   4.6593   72.9067
107.0000   57.0000   25.3087   92.0902
108.0000   14.0000   96.3952   76.5769
109.0000   37.0000   45.8804   89.5496
110.0000   80.0000   36.4162   56.0748
111.0000   8.0000   60.5594   36.5225
112.0000   80.0000   94.7182   41.0186
113.0000   68.0000   10.3359   5.5045
114.0000   99.0000   77.8455   15.8218
115.0000   52.0000   89.5989   59.7647
116.0000   71.0000   34.5451   19.5452
117.0000   65.0000   38.5799   74.2875
118.0000   94.0000   53.4785   87.7612
119.0000   13.0000   24.7605   53.3332
120.0000   50.0000   4.0671   30.8815
121.0000   55.0000   95.7506   32.6725
122.0000   87.0000   44.6097   43.6260
123.0000   18.0000   25.2538   93.3771
124.0000   67.0000   40.8272   2.9589
125.0000   34.0000   14.7104   1.8764
126.0000   2.0000   63.3852   91.0258
127.0000   30.0000   83.1616   42.2479
128.0000   84.0000   41.7021   43.3933
129.0000   73.0000   34.5914   70.5703
130.0000   10.0000   93.0495   43.7567
131.0000   24.0000   78.8122   96.8656
132.0000   25.0000   97.8281   78.0275
133.0000   68.0000   53.3168   26.1259
134.0000   20.0000   17.4306   21.5646
135.0000   23.0000   54.9147   5.0701
136.0000   79.0000   42.8231   19.8745
137.0000   12.0000   0.3500   54.0300
138.0000   96.0000   28.8584   62.2664
139.0000   65.0000   90.0838   72.8759
140.0000   95.0000   72.8511   48.8357
141.0000   8.0000   85.8818   18.2005
142.0000   79.0000   87.2793   5.9052
143.0000   55.0000   8.4426   5.2243
144.0000   21.0000   7.7028   97.2682
145.0000   56.0000   40.9837   75.3980
146.0000   2.0000   7.0861   69.1415
147.0000   44.0000   90.7265   36.4763
148.0000   94.0000   16.9254   11.1303
149.0000   33.0000   24.0235   33.7294
150.0000   8.0000   34.3248   10.2021
151.0000   69.0000   41.9281   50.8412
152.0000   92.0000   44.6013   70.6656
153.0000   60.0000   78.3440   3.6601
154.0000   9.0000   47.5920   76.4321
155.0000   17.0000   75.8468   99.4609
156.0000   80.0000   35.0217   24.6749
157.0000   3.0000   1.1221   97.8556
158.0000   51.0000   59.1872   34.1046
159.0000   3.0000   63.4407   98.8301
160.0000   69.0000   19.2629   88.0662
161.0000   87.0000   79.1637   94.8954
162.0000   37.0000   79.6464   68.7755
163.0000   4.0000   36.0897   62.9486
164.0000   52.0000   17.5348   55.0972
165.0000   49.0000   63.9790   84.5617
166.0000   66.0000   31.6053   1.3908
167.0000   85.0000   83.6822   7.7817
168.0000   3.0000   99.3010   42.9893
169.0000   73.0000   28.3062   60.9119
170.0000   9.0000   35.2389   52.1643
171.0000   52.0000   94.7441   6.8308
172.0000   75.0000   13.0728   57.8929
173.0000   36.0000   94.3230   39.8977
174.0000   48.0000   33.9821   48.8309
175.0000   1.0000   71.9797   47.6764
176.0000   72.0000   40.1827   68.6420
177.0000   2.0000   93.4396   95.8523
178.0000   62.0000   69.8924   91.4778
179.0000   44.0000   36.2894   18.9307
180.0000   82.0000   49.9348   45.6833
181.0000   12.0000   20.9263   22.8767
182.0000   20.0000   5.2404   94.0607
183.0000   56.0000   68.3289   40.7914
184.0000   25.0000   75.1495   84.9992
185.0000   74.0000   38.0395   42.7386
186.0000   97.0000   89.4285   14.4240
187.0000   41.0000   97.8278   57.0100
188.0000   97.0000   70.8904   17.5225
189.0000   31.0000   13.3684   69.2069
190.0000   20.0000   81.8839   18.5642
191.0000   98.0000   24.8763   57.8347
192.0000   66.0000   27.6669   77.3857
193.0000   29.0000   12.2706   99.5475
194.0000   62.0000   17.0235   52.8913
195.0000   58.0000   39.7637   74.3591
196.0000   2.0000   43.1379   65.4345
197.0000   54.0000   0.7188   64.8179
198.0000   38.0000   39.9928   7.4102
199.0000   16.0000   24.5712   39.6911
200.0000   6.0000   12.8011   43.8551
201.0000   15.0000   17.4142   90.5286
202.0000   19.0000   74.8345   25.4231
203.0000   82.0000   65.3432   75.7497
204.0000   62.0000   14.8629   47.0460
205.0000   78.0000   65.3917   47.7840
206.0000   8.0000   82.5635   71.8325
207.0000   34.0000   31.6313   36.7893
208.0000   76.0000   92.3242   54.2030
209.0000   3.0000   62.5903   13.2433
210.0000   36.0000   56.1683   36.0016
211.0000   79.0000   87.0763   16.8742
212.0000   31.0000   79.7997   7.2548
213.0000   100.0000   10.3465   57.4705
214.0000   98.0000   97.0319   21.6930
215.0000   76.0000   3.0775   63.8186
216.0000   79.0000   69.1124   81.1050
217.0000   97.0000   20.9656   2.4787
218.0000   45.0000   9.0063   9.3565
219.0000   97.0000   2.1984   77.3686
220.0000   28.0000   56.5724   7.4371
221.0000   35.0000   62.0943   80.6601
222.0000   82.0000   72.9576   54.3030
223.0000   9.0000   17.5139   59.3392
224.0000   57.0000   30.7704   16.7505
225.0000   66.0000   72.6194   86.5614
226.0000   22.0000   60.9455   69.1853
227.0000   89.0000   12.6104   67.9457
228.0000   28.0000   20.3263   65.6262
229.0000   77.0000   63.8938   80.8933
230.0000   49.0000   94.8221   78.1259
231.0000   27.0000   47.1030   92.6192
232.0000   6.0000   7.9457   6.6257
233.0000   57.0000   17.6212   26.9631
234.0000   49.0000   57.1757   1.8182
235.0000   55.0000   24.9128   75.7811
236.0000   22.0000   94.8265   12.3491
237.0000   88.0000   13.0930   47.1353
238.0000   98.0000   87.0420   13.7874
239.0000   77.0000   78.2490   98.8916
240.0000   50.0000   97.6387   29.8547
241.0000   83.0000   27.4075   58.5912
242.0000   50.0000   51.5508   19.4047
243.0000   94.0000   42.3721   6.2421
244.0000   77.0000   6.1812   49.1627
245.0000   95.0000   58.5157   47.2510
246.0000   89.0000   78.7690   37.5939
247.0000   61.0000   51.7416   16.7972
248.0000   59.0000   81.2041   44.4468
249.0000   11.0000   69.8653   27.5244
250.0000   96.0000   80.7636   30.6164
251.0000   6.0000   66.5682   61.5202
252.0000   2.0000   84.7149   46.2320
253.0000   51.0000   92.4445   92.2156
254.0000   99.0000   75.9363   56.8957
255.0000   64.0000   50.9778   62.2257
256.0000   35.0000   67.5227   1.6886
257.0000   87.0000   67.7016   66.0402
258.0000   37.0000   80.0989   63.1051
259.0000   11.0000   24.5096   46.0307
260.0000   52.0000   3.4961   74.9673
261.0000   97.0000   78.6093   75.7198
262.0000   81.0000   37.3462   31.0021
263.0000   38.0000   49.3223   84.3204
264.0000   98.0000   91.6475   33.8950
265.0000   16.0000   82.6713   52.5257
266.0000   70.0000   76.5920   28.1525
267.0000   44.0000   48.9437   71.7490
268.0000   41.0000   74.8566   99.0333
269.0000   37.0000   70.8239   49.5096
270.0000   79.0000   49.3863   68.2029
271.0000   40.0000   7.4475   31.5367
272.0000   28.0000   15.0430   77.4378
273.0000   57.0000   42.6181   55.4962
274.0000   40.0000   98.3640   7.6159
275.0000   45.0000   10.2990   25.9762
276.0000   41.0000   55.8221   47.0553
277.0000   93.0000   27.4727   71.0134
278.0000   86.0000   93.2845   40.3172
279.0000   65.0000   69.1079   33.2089
280.0000   62.0000   24.1155   28.9080
281.0000   97.0000   47.2191   60.6209
282.0000   7.0000   9.4816   19.6339
283.0000   93.0000   69.6479   10.7959
284.0000   54.0000   64.2622   81.5127
285.0000   45.0000   14.5490   67.2406
286.0000   42.0000   60.9145   55.9110
287.0000   20.0000   55.0644   87.7344
288.0000   100.0000   72.6614   98.2048
289.0000   23.0000   64.7455   7.2789
290.0000   50.0000   80.1964   73.6378
291.0000   46.0000   71.0092   34.7185
292.0000   70.0000   6.8330   89.6152
293.0000   16.0000   25.5073   28.1645
294.0000   16.0000   32.3210   51.9067
295.0000   46.0000   88.3212   13.3879
296.0000   33.0000   64.6967   89.5527
297.0000   99.0000   10.1989   44.4629
298.0000   94.0000   43.5153   7.5533
299.0000   8.0000   91.9224   49.8316
300.0000   81.0000   58.4609   41.1827
301.0000   72.0000   26.0168   93.0210
302.0000   59.0000   19.9084   99.4854
303.0000   57.0000   58.6780   97.3994
304.0000   74.0000   0.6433   12.2701
305.0000   43.0000   42.1867   97.3889
306.0000   95.0000   35.9707   42.0381
307.0000   39.0000   96.6601   93.8677
308.0000   17.0000   9.3336   11.6695
309.0000   72.0000   32.6063   66.4155
310.0000   66.0000   46.0983   21.6202
311.0000   53.0000   88.5224   99.8830
312.0000   93.0000   4.5782   51.5022
313.0000   72.0000   84.4136   37.6592
314.0000   8.0000   52.5701   86.8152
315.0000   49.0000   5.7364   6.3756
316.0000   33.0000   48.3982   95.9535
317.0000   87.0000   82.0294   92.6977
318.0000   2.0000   37.8586   32.1074
319.0000   31.0000   66.0773   88.7311
320.0000   45.0000   3.7881   16.1378
321.0000   3.0000   77.4803   40.6558
322.0000   4.0000   72.8486   82.5387
323.0000   94.0000   10.1146   81.8376
324.0000   65.0000   91.7372   45.1422
325.0000   30.0000   76.2264   97.6149
326.0000   55.0000   1.9364   73.6686
327.0000   51.0000   33.6333   10.2762
328.0000   66.0000   46.6923   24.6913
329.0000   30.0000   6.0847   91.9434
330.0000   84.0000   96.0343   53.4659
331.0000   33.0000   92.5281   6.4483
332.0000   72.0000   67.5513   17.2673
333.0000   48.0000   55.8843   56.2888
334.0000   48.0000   26.0761   93.3666
335.0000   29.0000   54.7305   84.6570
336.0000   1.0000   66.4289   64.5647
337.0000   73.0000   26.6800   27.1130
338.0000   77.0000   27.1096   90.4866
339.0000   75.0000   25.6805   11.4774
340.0000   69.0000   61.3855   79.4612
341.0000   59.0000   10.7565   68.7195
342.0000   13.0000   48.8999   11.1720
343.0000   20.0000   1.4753   34.5293
344.0000   64.0000   89.5844   36.0724
345.0000   7.0000   84.0369   47.7602
346.0000   28.0000   26.3419   33.5364
347.0000   85.0000   18.3281   65.8490
348.0000   19.0000   87.3605   12.2685
349.0000   82.0000   38.8221   46.5028
350.0000   64.0000   83.1393   0.7048
351.0000   76.0000   64.0618   28.6294
352.0000   55.0000   98.1132   98.8335
353.0000   95.0000   77.3158   84.6018
354.0000   14.0000   18.6158   60.9420
355.0000   82.0000   59.3676   50.5812
356.0000   34.0000   97.0949   98.3778
357.0000   38.0000   55.7404   70.1498
358.0000   12.0000   20.4860   59.4147
359.0000   20.0000   86.8013   2.6721
360.0000   87.0000   18.2154   34.4764
361.0000   97.0000   59.7903   96.7849
362.0000   94.0000   81.5399   6.2304
363.0000   63.0000   37.0688   92.1504
364.0000   87.0000   95.9316   17.4249
365.0000   42.0000   9.5835   27.6641
366.0000   63.0000   86.5855   41.2853
367.0000   49.0000   93.3970   14.6595
368.0000   89.0000   23.1563   18.1646
369.0000   87.0000   15.1870   30.3200
370.0000   75.0000   77.4821   31.2018
371.0000   45.0000   35.6582   18.0492
372.0000   13.0000   7.9479   66.5693
373.0000   37.0000   67.8818   76.5560
374.0000   69.0000   65.5498   66.8317
375.0000   65.0000   60.5198   4.7972
376.0000   1.0000   1.3211   26.7198
377.0000   22.0000   77.2743   62.0715
378.0000   89.0000   65.1212   94.9863
379.0000   54.0000   66.8868   46.8295
380.0000   5.0000   68.7113   60.5712
381.0000   96.0000   34.3824   65.9730
382.0000   1.0000   72.0611   41.4467
383.0000   39.0000   85.7642   91.4171
384.0000   28.0000   96.8489   9.3211
385.0000   13.0000   59.6470   64.8535
386.0000   51.0000   20.8911   62.7166
387.0000   42.0000   6.3786   31.4221
388.0000   84.0000   79.3260   66.3651
389.0000   73.0000   25.8126   40.5418
390.0000   55.0000   82.9815   23.0823
391.0000   63.0000   77.2823   4.2192
392.0000   72.0000   13.4994   95.2317
393.0000   89.0000   1.5088   35.3961
394.0000   9.0000   0.0346   48.4533
395.0000   24.0000   71.0346   73.3835
396.0000   94.0000   35.5757   23.9980
397.0000   60.0000   36.1052   81.3837
398.0000   36.0000   75.7606   68.0288
399.0000   76.0000   36.2078   4.9646
400.0000   28.0000   57.1820   0.7205
401.0000   93.0000   34.2548   98.1344
402.0000   84.0000   50.3460   41.6955
403.0000   38.0000   85.1925   6.5815
404.0000   59.0000   94.5061   1.6605
405.0000   20.0000   36.1372   10.7186
406.0000   23.0000   88.7227   81.3766
407.0000   92.0000   37.1985   71.7528
408.0000   74.0000   14.5374   99.7083
409.0000   57.0000   53.4393   65.7401
410.0000   20.0000   26.8057   19.4273
411.0000   72.0000   15.0605   40.9943
412.0000   41.0000   62.2261   8.3124
413.0000   20.0000   97.6116   11.2587
414.0000   51.0000   79.5722   51.5455
415.0000   81.0000   83.8455   57.4132
416.0000   34.0000   34.5237   20.8225
417.0000   75.0000   84.5501   18.7027
418.0000   16.0000   59.7685   85.4280
419.0000   27.0000   58.4115   91.7011
420.0000   45.0000   29.6122   66.2450
421.0000   84.0000   9.4629   39.4513
422.0000   5.0000   11.7819   23.9019
423.0000   68.0000   51.6442   52.1918
424.0000   70.0000   17.3215   5.1099
425.0000   60.0000   23.0716   80.8425
426.0000   79.0000   35.7663   21.3165
427.0000   66.0000   42.6584   44.3516
428.0000   1.0000   95.4106   32.3141
429.0000   19.0000   76.1367   30.1235
430.0000   81.0000   9.4806   96.3972
431.0000   92.0000   93.2109   7.1700
432.0000   67.0000   25.8073   66.5372
433.0000   59.0000   69.1778   24.6567
434.0000   79.0000   89.6975   94.4231
435.0000   49.0000   80.4782   38.2987
436.0000   4.0000   60.8484   97.0354
437.0000   12.0000   2.6264   26.5115
438.0000   78.0000   61.7120   45.6592
439.0000   3.0000   53.9909   5.4036
440.0000   53.0000   31.0743   70.2334
441.0000   61.0000   17.0269   33.5396
442.0000   4.0000   34.7467   31.5708
443.0000   29.0000   28.7896   90.0688
444.0000   59.0000   91.0746   53.8063
445.0000   95.0000   80.0901   91.5850
446.0000   53.0000   24.5870   18.2043
447.0000   8.0000   3.1152   81.7081
448.0000   17.0000   27.9410   33.0779
449.0000   55.0000   9.7551   94.6719
450.0000   9.0000   97.6022   80.4789
