0.0000   0.0000   0.0000   0.0000
1.0000   59.0000   32.8968   15.5806
2.0000   52.0000   19.6839   11.3352
3.0000   109.0000   30.4946   11.6942
4.0000   94.0000   16.2428   30.8322
5.0000   92.0000   37.4249   49.7143
6.0000   59.0000   9.5936   30.7320
7.0000   101.0000   45.9486   39.0410
8.0000   55.0000   30.5624   41.7081
9.0000   121.0000   19.0991   48.6182
10.0000   79.0000   18.9218   1.4909
11.0000   71.0000   9.3619   27.1677
12.0000   133.0000   49.7275   36.1571
13.0000   60.0000   1.9073   23.8650
14.0000   103.0000   49.3400   44.4248
15.0000   133.0000   5.0420   28.3945
16.0000   51.0000   25.9397   27.2351
17.0000   110.0000   33.6865   10.6931
18.0000   117.0000   20.0051   39.0256
19.0000   117.0000   35.2181   35.5862
20.0000   53.0000   36.1076   44.7257
21.0000   122.0000   37.1556   25.2333
22.0000   135.0000   4.7965   7.4787
23.0000   74.0000   32.8673   44.7279
24.0000   104.0000   16.0628   27.0795
25.0000   103.0000   16.1951   30.1595
26.0000   68.0000   39.9562   15.0433
27.0000   60.0000   27.5425   22.5746
28.0000   109.0000   17.5214   40.5238
29.0000   121.0000   30.4683   42.0436
30.0000   112.0000   6.0558   12.5013
31.0000   91.0000   46.8782   11.5114
32.0000   93.0000   46.8713   42.6577
33.0000   127.0000   30.4418   33.8687
34.0000   69.0000   18.2455   24.7260
35.0000   77.0000   11.5011   0.6958
36.0000   119.0000   37.4744   29.8897
37.0000   78.0000   30.4323   10.8132
38.0000   82.0000   18.3642   32.9992
39.0000   140.0000   47.0596   48.0697
40.0000   90.0000   22.5678   28.0565
41.0000   53.0000   7.8506   16.2859
42.0000   127.0000   47.3919   26.1410
43.0000   110.0000   25.4996   47.7923
44.0000   63.0000   48.3908   36.7441
45.0000   134.0000   7.6408   41.2153
46.0000   55.0000   28.8878   23.6918
47.0000   140.0000   13.3232   12.2072
48.0000   127.0000   5.1141   5.5273
49.0000   90.0000   20.1023   0.2427
50.0000   103.0000   13.8782   43.1461
51.0000   82.0000   14.0666   43.9832
52.0000   101.0000   40.8564   11.7189
53.0000   107.0000   19.7826   37.6592
54.0000   115.0000   47.3896   45.5553
55.0000   65.0000   36.3847   1.2281
56.0000   140.0000   25.7972   40.9029
57.0000   73.0000   42.3212   47.6268
58.0000   129.0000   33.2699   40.9859
59.0000   111.0000   11.4243   10.5870
60.0000   110.0000   16.4872   1.6080
61.0000   139.0000   29.3113   3.9533
62.0000   109.0000   34.4489   10.8521
63.0000   59.0000   32.8939   5.9062
64.0000   140.0000   42.7543   30.8897
65.0000   56.0000   45.3237   37.6016
66.0000   81.0000   26.9627   18.4868
67.0000   126.0000   30.3267   39.9274
68.0000   56.0000   28.9395   6.9249
69.0000   117.0000   45.9733   43.0350
70.0000   82.0000   27.7773   45.8503
71.0000   112.0000   30.6422   27.5606
72.0000   67.0000   5.0011   19.3970
73.0000   81.0000   11.5293   16.5365
74.0000   114.0000   19.9291   3.0448
75.0000   95.0000   4.7435   2.2413
76.0000   70.0000   30.8099   7.1223
77.0000   114.0000   23.4843   43.6108
78.0000   119.0000   49.0857   49.3116
79.0000   132.0000   24.7020   26.7397
80.0000   66.0000   11.8762   40.4538
81.0000   61.0000   20.9510   7.8230
82.0000   60.0000   27.8903   21.5667
83.0000   79.0000   24.9062   25.5780
84.0000   101.0000   43.1010   27.4782
85.0000   129.0000   31.0984   19.4689
86.0000   64.0000   23.0037   40.8604
87.0000   98.0000   11.8610   47.3437
88.0000   83.0000   15.1061   2.5456
89.0000   87.0000   16.8272   36.8958
90.0000   110.0000   30.4740   15.1266
91.0000   120.0000   17.2525   42.9293
92.0000   113.0000   36.4764   7.3828
93.0000   60.0000   22.5903   13.7776
94.0000   111.0000   44.3803   37.6313
95.0000   125.0000   39.1444   3.8253
96.0000   77.0000   6.3179   2.1569
97.0000   119.0000   8.1014   20.0015
98.0000   51.0000   1.0298   18.1143
99.0000   91.0000   10.7679   17.2095
100.0000   127.0000   29.1827   13.5079
101.0000   106.0000   20.1619   2.8882
102.0000   109.0000   19.5572   13.7940
103.0000   56.0000   12.5723   10.4237
104.0000   119.0000   32.0774   28.8820
105.0000   103.0000   8.2903   21.1787
106.0000   59.0000   44.7283   16.6015
107.0000   50.0000   8.6923   18.6258
108.0000   59.0000   20.1807   40.3266
109.0000   103.0000   4.4092   7.0504
110.0000   121.0000   14.7740   37.9001
111.0000   138.0000   36.8794   28.3522
112.0000   96.0000   18.5371   5.2339
113.0000   126.0000   0.5401   0.4999
114.0000   83.0000   21.9081   22.6386
115.0000   137.0000   23.9721   2.3761
116.0000   81.0000   33.9592   9.4849
117.0000   50.0000   43.9319   20.6493
118.0000   90.0000   23.6662   25.9007
119.0000   69.0000   19.3019   42.1626
120.0000   101.0000   0.7417   20.0696
121.0000   62.0000   39.4866   38.0164
122.0000   140.0000   38.1595   17.0751
123.0000   83.0000   9.4713   25.7726
124.0000   106.0000   27.3956   1.6562
125.0000   81.0000   32.0076   21.2568
