0.0000   0.0000   0.0000   0.0000
1.0000   50.0000   12.8142   47.8838
2.0000   93.0000   39.7387   44.9859
3.0000   30.0000   37.1330   44.4450
4.0000   32.0000   44.5421   35.5783
5.0000   35.0000   19.7071   26.6326
6.0000   54.0000   8.5320   44.4257
7.0000   94.0000   6.9084   28.8536
8.0000   116.0000   7.8144   23.7999
9.0000   54.0000   5.5408   3.5455
10.0000   31.0000   10.5604   34.2995
11.0000   59.0000   45.8959   45.9985
12.0000   98.0000   14.9437   25.6340
13.0000   69.0000   43.2444   32.9107
14.0000   108.0000   19.6218   21.8139
15.0000   55.0000   49.5108   25.0016
16.0000   90.0000   44.8491   6.6357
17.0000   108.0000   1.0293   29.5625
18.0000   53.0000   36.9191   9.4357
19.0000   60.0000   42.3965   42.9317
20.0000   118.0000   7.4128   1.1611
21.0000   72.0000   24.2701   5.2244
22.0000   107.0000   49.1333   43.5135
23.0000   39.0000   20.6339   14.9062
24.0000   76.0000   37.1722   35.3743
25.0000   37.0000   46.4233   32.1528
26.0000   86.0000   0.3163   40.2424
27.0000   66.0000   17.9593   22.4537
28.0000   120.0000   42.7415   29.4072
29.0000   57.0000   34.8517   9.2931
30.0000   91.0000   47.0185   17.4069
31.0000   73.0000   21.7427   40.0489
32.0000   76.0000   3.1573   24.2925
33.0000   113.0000   48.1520   41.3963
34.0000   59.0000   23.4048   38.8746
35.0000   104.0000   6.0567   37.7744
36.0000   98.0000   34.7674   25.7030
37.0000   84.0000   6.0094   36.1896
38.0000   86.0000   40.9405   3.0013
39.0000   43.0000   34.4737   0.5861
40.0000   74.0000   10.5323   7.3147
41.0000   90.0000   21.0955   42.8115
42.0000   66.0000   2.5484   12.8548
43.0000   111.0000   32.5948   11.2405
44.0000   54.0000   9.7581   21.7407
45.0000   75.0000   24.0076   19.3598
46.0000   105.0000   5.9608   27.9145
47.0000   93.0000   25.1833   29.2845
48.0000   73.0000   25.4291   48.6297
49.0000   82.0000   36.2421   42.7027
50.0000   63.0000   15.2418   2.3682
51.0000   60.0000   43.8187   32.2517
52.0000   44.0000   22.0402   39.5885
53.0000   99.0000   21.0089   0.1766
54.0000   68.0000   40.0919   34.9778
55.0000   67.0000   31.0691   22.9962
56.0000   105.0000   46.3008   46.8754
57.0000   70.0000   12.9984   5.0719
58.0000   84.0000   40.9679   24.0537
59.0000   81.0000   38.8601   46.1845
60.0000   72.0000   41.3861   0.9048
61.0000   109.0000   7.1725   30.3538
62.0000   109.0000   44.9835   16.8658
63.0000   72.0000   1.6397   20.4908
64.0000   42.0000   48.4025   47.4665
65.0000   79.0000   19.6014   18.4006
66.0000   79.0000   8.6223   18.2802
67.0000   46.0000   46.6984   29.1384
68.0000   65.0000   14.6435   12.3971
69.0000   104.0000   12.7489   21.5230
70.0000   72.0000   15.4857   38.7885
71.0000   89.0000   47.1990   17.2252
72.0000   51.0000   38.8206   25.6411
73.0000   103.0000   4.8549   29.2608
74.0000   113.0000   6.9700   32.9566
75.0000   93.0000   36.8248   9.2845
