0.0000   0.0000   50.0000   50.0000
1.0000   43.0000   54.0565   12.8902
2.0000   32.0000   7.5224   89.7463
3.0000   27.0000   34.3742   7.4162
4.0000   34.0000   96.2752   8.9294
5.0000   67.0000   54.0108   68.3147
6.0000   62.0000   80.8040   45.5411
7.0000   79.0000   24.4553   93.8594
8.0000   34.0000   56.4563   94.1021
9.0000   53.0000   70.1439   94.9476
10.0000   56.0000   45.7711   19.6209
11.0000   54.0000   16.4527   75.3494
12.0000   91.0000   33.4962   80.3195
13.0000   23.0000   62.3381   55.2179
14.0000   7.0000   22.8573   14.2732
15.0000   74.0000   32.9458   0.5188
16.0000   77.0000   7.9315   81.8753
17.0000   8.0000   47.4907   72.6077
18.0000   76.0000   37.4201   89.5920
19.0000   5.0000   61.4578   40.5526
20.0000   43.0000   76.5679   79.5404
21.0000   78.0000   64.9659   83.0579
22.0000   77.0000   20.8190   28.1982
23.0000   74.0000   14.5951   92.0392
24.0000   28.0000   39.5891   91.4285
25.0000   64.0000   27.6052   65.1812
26.0000   69.0000   83.4992   99.0883
27.0000   11.0000   77.6180   71.3362
28.0000   98.0000   41.0173   60.3551
29.0000   4.0000   46.7819   37.5920
30.0000   44.0000   23.8854   29.8269
31.0000   60.0000   46.9101   70.6547
32.0000   18.0000   3.1655   88.1861
33.0000   95.0000   35.2222   44.6941
34.0000   25.0000   78.0995   59.5879
35.0000   43.0000   73.4745   80.3171
36.0000   7.0000   25.0101   84.9506
37.0000   37.0000   41.1828   18.4340
38.0000   48.0000   24.9611   14.5015
39.0000   62.0000   45.9395   94.9760
40.0000   44.0000   93.0045   47.3333
41.0000   7.0000   19.8263   2.0380
42.0000   29.0000   58.6949   45.2939
43.0000   60.0000   2.1231   51.8843
44.0000   42.0000   83.1464   25.6243
45.0000   29.0000   14.3483   44.8045
46.0000   43.0000   58.8376   24.6893
47.0000   66.0000   27.7381   91.8137
48.0000   85.0000   37.4332   47.8560
49.0000   41.0000   60.9938   67.7600
50.0000   33.0000   5.4009   89.0735
51.0000   36.0000   41.0683   83.3350
52.0000   79.0000   60.3513   71.3317
53.0000   75.0000   32.6157   60.5268
54.0000   80.0000   29.4537   78.6630
55.0000   23.0000   98.0633   61.4502
56.0000   32.0000   58.6265   47.1099
57.0000   8.0000   28.9643   1.6875
58.0000   8.0000   17.1364   83.7760
59.0000   15.0000   26.6718   73.6445
60.0000   93.0000   48.6438   85.3151
61.0000   39.0000   20.1794   44.2222
62.0000   100.0000   17.1855   11.4419
63.0000   68.0000   2.7156   19.4945
64.0000   54.0000   38.0886   2.4644
65.0000   73.0000   48.9257   66.6176
66.0000   56.0000   28.8638   6.7065
67.0000   82.0000   88.1096   51.2417
68.0000   66.0000   64.7413   48.9982
69.0000   23.0000   64.8938   18.3276
70.0000   36.0000   88.1753   7.1110
71.0000   74.0000   7.0534   84.8562
72.0000   97.0000   86.2750   57.6147
73.0000   11.0000   21.1119   96.4496
74.0000   73.0000   76.4013   27.6236
75.0000   41.0000   18.8196   55.4872
76.0000   7.0000   32.5798   65.5307
77.0000   20.0000   68.7985   37.0469
78.0000   83.0000   2.6191   69.8049
79.0000   38.0000   38.3757   54.7278
80.0000   47.0000   67.3997   17.6769
81.0000   30.0000   27.6104   21.6539
82.0000   90.0000   69.1046   86.0643
83.0000   27.0000   49.9878   78.5779
84.0000   48.0000   63.7318   0.6282
85.0000   86.0000   28.5041   43.3312
86.0000   44.0000   39.2678   89.4377
87.0000   5.0000   2.6103   40.9988
88.0000   73.0000   16.7360   1.2848
89.0000   60.0000   24.2136   33.8372
90.0000   67.0000   76.6735   93.6900
91.0000   21.0000   68.4037   73.5207
92.0000   22.0000   4.3042   30.3857
93.0000   59.0000   4.0802   47.9833
94.0000   10.0000   37.8889   55.0822
95.0000   61.0000   48.2768   91.3396
96.0000   54.0000   39.8660   96.3406
97.0000   14.0000   91.3150   85.1607
98.0000   9.0000   11.9533   21.3235
99.0000   82.0000   16.8144   69.0378
100.0000   67.0000   56.3289   79.4286
101.0000   37.0000   93.7178   84.7257
102.0000   9.0000   57.7982   36.1389
103.0000   43.0000   99.1468   58.4327
104.0000   18.0000   89.9999   22.1014
105.0000   22.0000   53.9231   70.0798
106.0000   60.0000   99.3426   99.9120
107.0000   15.0000   11.5110   62.8525
108.0000   4.0000   54.0304   17.0523
109.0000   90.0000   42.3704   90.5692
110.0000   56.0000   42.0754   84.8566
111.0000   74.0000   89.2722   10.6807
112.0000   60.0000   12.4748   65.6788
113.0000   100.0000   24.7410   71.7037
114.0000   98.0000   27.5448   50.9145
115.0000   47.0000   66.7672   76.4142
116.0000   36.0000   83.5353   52.2490
117.0000   50.0000   23.0968   38.6459
118.0000   52.0000   22.7376   62.0041
119.0000   95.0000   87.1391   41.9706
120.0000   46.0000   32.6852   60.5242
121.0000   57.0000   10.7461   29.9576
122.0000   38.0000   48.0802   32.5090
123.0000   52.0000   10.2008   81.3297
124.0000   95.0000   77.2494   19.5092
125.0000   77.0000   82.7281   58.0165
126.0000   25.0000   7.0711   43.9426
127.0000   68.0000   64.9737   48.1818
128.0000   70.0000   86.3980   64.7506
129.0000   87.0000   69.5488   20.2505
130.0000   38.0000   94.8572   32.6727
131.0000   22.0000   3.5763   22.8575
132.0000   54.0000   88.6605   46.4181
133.0000   43.0000   17.7064   79.6262
134.0000   70.0000   30.1741   8.8147
135.0000   37.0000   89.0141   94.5270
136.0000   47.0000   87.6845   58.0062
137.0000   89.0000   53.5126   41.6698
138.0000   98.0000   63.6023   24.7441
139.0000   77.0000   94.5535   63.5533
140.0000   98.0000   16.6191   99.7698
141.0000   73.0000   51.8128   83.2896
142.0000   96.0000   23.6207   64.8228
143.0000   29.0000   8.6059   76.1479
144.0000   91.0000   80.4777   60.2495
145.0000   19.0000   41.6584   29.0808
146.0000   62.0000   58.1813   63.5795
147.0000   9.0000   99.2255   63.0876
148.0000   17.0000   49.7960   82.6334
149.0000   5.0000   93.0537   80.5957
150.0000   100.0000   40.4200   73.0158
151.0000   6.0000   61.0731   79.8636
152.0000   73.0000   22.8198   23.8191
153.0000   29.0000   46.4096   38.6906
154.0000   94.0000   1.2286   79.8540
155.0000   66.0000   1.2407   61.8357
156.0000   58.0000   36.7343   16.2038
157.0000   64.0000   22.1558   45.3876
158.0000   43.0000   54.8202   33.2291
159.0000   52.0000   3.5675   1.1470
160.0000   63.0000   7.5313   77.5464
161.0000   85.0000   3.2182   74.9495
162.0000   20.0000   19.9570   66.1759
163.0000   97.0000   91.0008   53.2186
164.0000   93.0000   1.6823   34.4718
165.0000   90.0000   3.4339   45.2417
166.0000   95.0000   63.0268   1.7928
167.0000   32.0000   46.3181   96.6138
168.0000   95.0000   85.2050   35.3552
169.0000   65.0000   10.6056   11.2857
170.0000   14.0000   28.6616   69.9091
171.0000   68.0000   90.8445   52.3322
172.0000   28.0000   43.2437   61.1497
173.0000   59.0000   54.5231   35.2161
174.0000   85.0000   71.3982   71.3215
175.0000   52.0000   18.5718   32.4955
176.0000   24.0000   94.7084   49.7540
177.0000   62.0000   0.7725   29.5147
178.0000   55.0000   3.3730   28.3691
179.0000   55.0000   92.4553   19.8214
180.0000   79.0000   89.9941   26.5559
181.0000   26.0000   60.2687   59.6646
182.0000   53.0000   70.8257   90.6131
183.0000   1.0000   3.4941   87.1793
184.0000   10.0000   13.9301   37.6949
185.0000   74.0000   75.4641   89.1454
186.0000   78.0000   73.0814   51.7102
187.0000   87.0000   48.3768   5.7798
188.0000   77.0000   16.0262   42.7456
189.0000   10.0000   16.9122   68.7233
190.0000   10.0000   35.4755   75.5855
191.0000   26.0000   51.6578   88.3732
192.0000   90.0000   95.8694   6.1668
193.0000   9.0000   12.3528   76.0534
194.0000   9.0000   71.9648   14.2776
195.0000   89.0000   16.9605   45.3520
196.0000   40.0000   83.2127   0.9558
197.0000   58.0000   60.5727   6.4406
198.0000   97.0000   61.3784   64.1194
199.0000   10.0000   12.0641   12.9892
200.0000   4.0000   75.0408   64.1656
201.0000   76.0000   57.3498   43.7195
202.0000   61.0000   76.5645   18.2238
203.0000   62.0000   84.4956   36.8917
204.0000   17.0000   42.3297   23.8602
205.0000   96.0000   63.5551   16.1793
206.0000   63.0000   5.3556   54.1217
207.0000   28.0000   69.5819   67.8141
208.0000   15.0000   29.2231   67.4365
209.0000   97.0000   10.8277   48.6110
210.0000   98.0000   74.8389   34.1569
211.0000   75.0000   28.1368   76.8602
212.0000   22.0000   58.1248   94.0159
213.0000   35.0000   75.5431   8.2664
214.0000   69.0000   95.9674   61.0091
215.0000   55.0000   49.5671   36.1809
216.0000   78.0000   96.7968   96.2989
217.0000   54.0000   24.9360   42.4738
218.0000   38.0000   99.4837   82.7372
219.0000   48.0000   78.2657   15.1280
220.0000   30.0000   3.6965   5.0152
221.0000   25.0000   15.6394   62.1377
222.0000   97.0000   72.7090   6.8394
223.0000   93.0000   38.3548   18.8873
224.0000   59.0000   41.5977   56.7033
225.0000   49.0000   58.0737   46.9137
226.0000   13.0000   12.0339   66.1005
227.0000   24.0000   7.3975   86.2763
228.0000   25.0000   81.1904   51.3694
229.0000   52.0000   78.6311   92.3723
230.0000   82.0000   91.3022   94.2339
231.0000   1.0000   49.9355   14.2509
232.0000   58.0000   78.9290   48.4592
233.0000   34.0000   59.3144   85.5345
234.0000   60.0000   97.2004   10.4896
235.0000   11.0000   87.7657   55.8658
236.0000   53.0000   35.0589   72.1768
237.0000   12.0000   24.0351   15.1044
238.0000   40.0000   18.6718   77.1985
239.0000   87.0000   87.1161   33.4599
240.0000   90.0000   36.4019   76.8147
241.0000   17.0000   42.1573   40.5900
242.0000   90.0000   31.4771   99.9813
243.0000   34.0000   70.3179   2.0321
244.0000   13.0000   35.4668   99.3546
245.0000   7.0000   69.3455   13.5026
246.0000   38.0000   70.2527   1.1813
247.0000   14.0000   62.9866   70.1795
248.0000   67.0000   77.4528   99.3371
249.0000   81.0000   83.0517   48.3104
250.0000   51.0000   57.9418   26.6067
251.0000   38.0000   2.4462   39.3968
252.0000   82.0000   13.2933   99.9256
253.0000   43.0000   69.3938   97.2797
254.0000   46.0000   76.6301   35.5429
255.0000   56.0000   53.3157   57.9069
256.0000   42.0000   55.6810   26.3210
257.0000   19.0000   45.5296   99.8673
258.0000   59.0000   98.9076   92.8198
259.0000   18.0000   82.3499   3.0332
260.0000   85.0000   36.2037   92.9805
261.0000   95.0000   66.4084   85.8627
262.0000   21.0000   87.7302   18.2449
263.0000   43.0000   32.4308   77.5805
264.0000   46.0000   29.0926   38.7848
265.0000   18.0000   17.6969   73.1187
266.0000   12.0000   69.9453   91.1827
267.0000   20.0000   64.5833   88.6448
268.0000   79.0000   51.5753   89.5050
269.0000   96.0000   70.7258   32.7127
270.0000   45.0000   98.4558   78.2670
271.0000   46.0000   90.0390   62.1381
272.0000   30.0000   41.5073   59.7937
273.0000   98.0000   43.3140   33.9369
274.0000   64.0000   41.2274   36.3894
275.0000   99.0000   8.5279   23.0054
276.0000   49.0000   45.6373   95.1698
277.0000   78.0000   90.7843   58.8644
278.0000   95.0000   81.7539   68.2501
279.0000   10.0000   71.0182   16.1501
280.0000   73.0000   1.0523   32.9389
281.0000   90.0000   13.2574   55.4514
282.0000   51.0000   96.0403   1.0273
283.0000   32.0000   50.9557   1.7031
284.0000   6.0000   61.9782   96.9777
285.0000   92.0000   47.9978   92.7285
286.0000   95.0000   97.6397   87.6003
287.0000   58.0000   34.8067   86.4671
288.0000   58.0000   22.8242   26.1929
289.0000   8.0000   27.9527   11.7158
290.0000   56.0000   23.0392   71.9797
291.0000   28.0000   96.2903   93.0548
292.0000   70.0000   18.0873   34.4431
293.0000   65.0000   97.1654   99.7282
294.0000   6.0000   26.1982   95.7185
295.0000   20.0000   46.1130   57.6120
296.0000   73.0000   7.9066   74.9924
297.0000   51.0000   31.3151   31.9428
298.0000   14.0000   70.0297   93.7418
299.0000   55.0000   97.6108   10.6551
300.0000   97.0000   61.7676   71.9715
301.0000   44.0000   38.0169   24.1045
302.0000   66.0000   75.7673   69.2682
303.0000   20.0000   86.6088   37.1409
304.0000   16.0000   81.4890   95.8459
305.0000   81.0000   33.8365   29.5047
306.0000   54.0000   99.7137   94.4822
307.0000   100.0000   64.9310   77.7499
308.0000   83.0000   68.9376   92.9347
309.0000   93.0000   81.8569   93.6788
310.0000   18.0000   96.9140   0.7581
311.0000   70.0000   7.1125   28.9380
312.0000   31.0000   63.7786   50.2875
313.0000   64.0000   60.3086   89.2405
314.0000   70.0000   33.8019   92.9904
315.0000   76.0000   84.8279   43.5340
316.0000   96.0000   2.5978   76.6583
317.0000   27.0000   74.3064   63.3012
318.0000   14.0000   20.8897   24.9682
319.0000   7.0000   42.0302   15.5864
320.0000   42.0000   88.9953   83.3435
321.0000   2.0000   22.9842   23.8584
322.0000   55.0000   91.5204   40.7675
323.0000   53.0000   53.0078   44.1482
324.0000   79.0000   40.6382   24.2877
325.0000   38.0000   50.1544   82.3765
