0.0000   0.0000   0.0000   0.0000
1.0000   125.0000   8.3743   17.4584
2.0000   123.0000   37.0851   23.3611
3.0000   138.0000   34.9151   34.6819
4.0000   87.0000   12.0142   43.5950
5.0000   131.0000   21.6193   28.0807
6.0000   98.0000   4.6955   38.8654
7.0000   96.0000   10.7747   24.7328
8.0000   133.0000   19.0629   41.5798
9.0000   136.0000   35.8679   14.7018
10.0000   80.0000   15.2880   39.2950
11.0000   130.0000   46.3864   1.0264
12.0000   148.0000   39.5201   40.1261
13.0000   89.0000   44.0845   29.7513
14.0000   115.0000   21.8959   36.7855
15.0000   119.0000   20.8430   2.0696
16.0000   100.0000   11.2887   32.5208
17.0000   102.0000   26.6654   34.9378
18.0000   146.0000   32.7102   40.6183
19.0000   96.0000   2.3423   48.1291
20.0000   112.0000   35.4907   30.2033
21.0000   78.0000   34.8047   0.7812
22.0000   91.0000   47.7540   48.6644
23.0000   105.0000   49.3385   13.4441
24.0000   98.0000   22.1003   34.9332
25.0000   133.0000   16.1721   17.5499
26.0000   146.0000   11.4862   27.5335
27.0000   100.0000   28.1917   1.9256
28.0000   73.0000   26.6351   28.7472
29.0000   107.0000   9.8890   35.9095
30.0000   115.0000   36.2318   41.0195
31.0000   82.0000   2.7780   41.3294
32.0000   101.0000   28.7574   22.1401
33.0000   138.0000   1.5122   8.6536
34.0000   62.0000   22.3064   35.5477
35.0000   83.0000   1.0281   5.1980
36.0000   116.0000   27.4895   35.3501
37.0000   132.0000   3.0219   25.6937
38.0000   77.0000   16.1022   26.9509
39.0000   78.0000   25.1620   19.8014
40.0000   86.0000   8.0343   37.7712
41.0000   103.0000   31.5703   47.5914
42.0000   105.0000   44.5082   13.1235
43.0000   64.0000   30.0522   2.8718
44.0000   78.0000   46.1159   6.7327
45.0000   85.0000   16.3275   24.4555
46.0000   85.0000   5.4048   36.9584
47.0000   125.0000   48.5208   44.2663
48.0000   119.0000   12.9905   34.1583
49.0000   82.0000   39.0087   16.2488
50.0000   103.0000   36.8914   44.9830
51.0000   117.0000   7.3633   26.0214
52.0000   125.0000   14.2092   10.5002
53.0000   88.0000   7.2142   34.0878
54.0000   101.0000   46.5300   31.2993
55.0000   109.0000   11.1901   18.1340
56.0000   68.0000   5.9290   47.9169
57.0000   98.0000   32.7134   1.6736
58.0000   97.0000   10.6721   20.4754
59.0000   99.0000   27.9777   10.8875
60.0000   64.0000   49.5071   32.5939
61.0000   82.0000   44.8825   2.0920
62.0000   95.0000   21.5421   35.0417
63.0000   132.0000   40.8497   15.0541
64.0000   130.0000   23.1124   25.0859
65.0000   92.0000   39.4453   49.7224
66.0000   146.0000   47.7309   41.1021
67.0000   72.0000   37.7439   2.2002
68.0000   144.0000   33.2243   8.6144
69.0000   75.0000   14.5729   42.1500
70.0000   117.0000   49.7134   34.7374
71.0000   142.0000   36.6996   5.9082
72.0000   114.0000   33.1028   38.6585
73.0000   123.0000   7.2142   18.6894
74.0000   111.0000   5.4044   19.8528
75.0000   87.0000   10.1792   31.5767
76.0000   141.0000   2.3166   12.3413
77.0000   73.0000   43.7362   46.9846
78.0000   93.0000   15.3208   6.4294
79.0000   61.0000   12.9448   28.3553
80.0000   72.0000   9.6486   39.9799
81.0000   128.0000   11.7947   34.9787
82.0000   134.0000   44.7072   16.8650
83.0000   126.0000   23.2954   34.1718
84.0000   78.0000   26.3057   10.0501
85.0000   98.0000   32.5025   28.7953
86.0000   85.0000   37.4895   30.2991
87.0000   80.0000   25.2432   13.1156
88.0000   98.0000   10.6826   37.6113
89.0000   95.0000   27.3435   45.0196
90.0000   79.0000   42.0386   33.8149
91.0000   99.0000   8.3796   1.6790
92.0000   92.0000   15.0865   5.5452
93.0000   148.0000   28.0226   7.7450
94.0000   126.0000   43.1324   18.5876
95.0000   99.0000   8.7497   8.1440
96.0000   144.0000   17.9873   27.0939
97.0000   100.0000   19.9232   10.5387
98.0000   121.0000   36.3462   39.5622
99.0000   83.0000   31.4060   11.7007
100.0000   64.0000   10.0478   43.6419
101.0000   63.0000   12.5108   18.6496
102.0000   65.0000   5.7975   49.0912
103.0000   150.0000   42.4696   11.0603
104.0000   122.0000   8.0691   25.9485
105.0000   107.0000   27.5037   10.9726
106.0000   94.0000   46.8209   42.3597
107.0000   105.0000   11.4774   5.2902
108.0000   63.0000   34.5171   19.5233
109.0000   65.0000   20.6124   21.9797
110.0000   78.0000   47.2302   19.9839
111.0000   70.0000   23.3285   40.2583
112.0000   144.0000   4.5398   26.1765
113.0000   109.0000   33.0691   26.3397
114.0000   72.0000   0.7198   2.6853
115.0000   74.0000   48.9669   5.3839
116.0000   87.0000   32.5195   3.4277
117.0000   136.0000   34.6269   47.3400
118.0000   101.0000   34.9414   22.6591
119.0000   99.0000   12.4484   39.1920
120.0000   110.0000   34.9424   30.3281
121.0000   76.0000   41.7493   25.9502
122.0000   140.0000   19.7269   34.8914
123.0000   150.0000   34.8296   46.5896
124.0000   105.0000   12.1277   17.6374
125.0000   76.0000   19.0821   38.6270
