0.0000   0.0000   0.0000   0.0000
1.0000   116.0000   42.7110   26.1666
2.0000   42.0000   32.5166   25.7847
3.0000   34.0000   30.3828   14.8481
4.0000   99.0000   32.5540   37.7938
5.0000   116.0000   18.9504   46.6530
6.0000   51.0000   5.3230   31.5478
7.0000   31.0000   6.7717   49.7566
8.0000   71.0000   40.9261   30.8574
9.0000   25.0000   5.2922   11.5701
10.0000   56.0000   25.6582   12.9246
11.0000   85.0000   24.8691   7.7783
12.0000   52.0000   40.2764   23.6442
13.0000   80.0000   30.8988   31.9989
14.0000   21.0000   32.1009   34.0483
15.0000   118.0000   5.7155   21.1682
16.0000   50.0000   31.2134   2.0470
17.0000   21.0000   39.2772   8.2919
18.0000   33.0000   42.2244   33.1685
19.0000   85.0000   6.9498   23.8851
20.0000   55.0000   9.2083   9.2548
21.0000   26.0000   12.9241   37.3490
22.0000   109.0000   10.4848   46.1085
23.0000   91.0000   41.9511   49.1232
24.0000   36.0000   5.7044   33.9500
25.0000   62.0000   36.7843   13.9055
26.0000   57.0000   25.2138   23.0372
27.0000   84.0000   16.4435   0.5181
28.0000   73.0000   2.9156   31.5134
29.0000   114.0000   0.7409   20.9060
30.0000   28.0000   40.2655   3.5387
31.0000   23.0000   27.5629   34.1800
32.0000   102.0000   42.9989   22.2766
33.0000   31.0000   30.4437   39.6278
34.0000   87.0000   44.4475   22.9394
35.0000   72.0000   31.2368   17.1856
36.0000   115.0000   38.7996   31.4079
37.0000   91.0000   20.6325   11.2567
38.0000   52.0000   41.3063   13.6403
39.0000   29.0000   30.5764   28.8847
40.0000   68.0000   47.9029   48.7001
41.0000   35.0000   46.1514   24.9627
42.0000   24.0000   29.5668   40.2349
43.0000   34.0000   7.3855   10.6883
44.0000   47.0000   48.5278   40.6928
45.0000   61.0000   10.3595   48.8466
46.0000   42.0000   34.0398   34.0166
47.0000   79.0000   45.4550   11.4974
48.0000   111.0000   7.2972   34.9307
49.0000   89.0000   23.8781   14.6654
50.0000   65.0000   19.0514   46.6532
51.0000   74.0000   12.9513   21.2956
52.0000   115.0000   36.3249   4.8656
53.0000   29.0000   5.1623   33.7980
54.0000   115.0000   2.2360   44.5098
55.0000   74.0000   0.3500   23.3289
56.0000   92.0000   14.5206   34.1450
57.0000   38.0000   10.2814   10.1906
58.0000   106.0000   22.2388   24.2222
59.0000   46.0000   1.1710   18.9960
60.0000   78.0000   0.4195   37.6877
61.0000   27.0000   37.3699   34.5364
62.0000   105.0000   14.7545   33.8941
63.0000   100.0000   38.2705   1.6678
64.0000   31.0000   36.0027   25.6710
65.0000   46.0000   4.6114   20.3957
66.0000   83.0000   45.7105   39.0622
67.0000   118.0000   9.6576   8.2926
68.0000   57.0000   38.5181   26.2117
69.0000   102.0000   32.0161   35.0428
70.0000   117.0000   23.2005   31.2998
71.0000   119.0000   4.9414   47.2879
72.0000   30.0000   35.6168   1.3095
73.0000   54.0000   14.1169   19.9662
74.0000   42.0000   41.8847   45.9619
75.0000   25.0000   21.8872   34.9885
76.0000   67.0000   41.3893   2.4269
77.0000   86.0000   7.2766   15.3690
78.0000   58.0000   45.8112   49.6226
79.0000   91.0000   3.0726   25.6381
80.0000   33.0000   47.2655   25.4446
81.0000   107.0000   22.4371   25.7065
82.0000   42.0000   37.1570   0.6455
83.0000   88.0000   7.7280   28.6030
84.0000   116.0000   5.2446   5.5292
85.0000   68.0000   27.6205   15.4894
86.0000   80.0000   25.3407   21.6527
87.0000   74.0000   4.5179   25.1767
88.0000   83.0000   16.2814   32.2881
89.0000   73.0000   48.5759   25.8711
90.0000   40.0000   5.9971   13.5070
91.0000   102.0000   23.0357   6.6920
92.0000   35.0000   37.4721   36.0278
93.0000   94.0000   20.0724   30.8608
94.0000   56.0000   20.5126   5.8208
95.0000   108.0000   23.1946   23.7949
96.0000   67.0000   10.3712   24.2361
97.0000   32.0000   33.9664   33.2746
98.0000   86.0000   44.5107   44.9562
99.0000   36.0000   35.9680   2.2946
100.0000   104.0000   9.0736   2.1223
