0.0000   0.0000   50.0000   50.0000
1.0000   16.0000   76.8555   77.5175
2.0000   11.0000   7.7002   69.5460
3.0000   39.0000   28.9264   47.3089
4.0000   12.0000   81.3986   27.7007
5.0000   43.0000   75.0173   84.9816
6.0000   35.0000   99.7108   76.4481
7.0000   71.0000   20.0316   48.2625
8.0000   62.0000   36.0030   92.4133
9.0000   38.0000   28.7179   5.7524
10.0000   58.0000   52.0508   91.2796
11.0000   78.0000   81.7778   67.6749
12.0000   22.0000   92.0331   34.7232
13.0000   53.0000   89.4502   66.9951
14.0000   56.0000   5.9664   57.4030
15.0000   24.0000   74.7250   19.4783
16.0000   31.0000   16.3247   16.6966
17.0000   33.0000   40.9483   29.0466
18.0000   69.0000   26.6666   38.6360
19.0000   28.0000   68.2488   92.4544
20.0000   66.0000   1.6493   76.3548
21.0000   70.0000   16.0542   70.3355
22.0000   74.0000   87.2364   88.2493
23.0000   32.0000   23.9423   6.1323
24.0000   36.0000   73.1672   17.8890
25.0000   79.0000   48.5637   30.0668
26.0000   60.0000   60.7337   76.1279
27.0000   67.0000   26.5130   68.5736
28.0000   44.0000   46.7012   73.4410
29.0000   58.0000   40.2607   0.2815
30.0000   86.0000   48.6937   58.2607
31.0000   85.0000   73.5540   85.2350
32.0000   89.0000   97.6467   5.1556
33.0000   31.0000   90.3261   92.0829
34.0000   13.0000   67.5714   13.1036
35.0000   81.0000   65.9958   72.7340
36.0000   17.0000   39.3727   12.9757
37.0000   81.0000   98.0603   79.5886
38.0000   87.0000   73.5318   86.4450
39.0000   29.0000   22.6255   58.2871
40.0000   65.0000   99.3630   27.3573
41.0000   18.0000   73.3924   15.1087
42.0000   85.0000   73.2618   2.9726
43.0000   76.0000   6.0662   45.2145
44.0000   61.0000   22.3533   84.9371
45.0000   12.0000   11.6570   67.6344
46.0000   56.0000   24.8233   88.8946
47.0000   11.0000   90.8030   83.4759
48.0000   89.0000   55.5075   17.6018
49.0000   27.0000   5.6060   38.8677
50.0000   47.0000   69.6896   88.9132
51.0000   76.0000   91.0191   57.2848
52.0000   21.0000   29.5103   66.3268
53.0000   95.0000   81.1935   57.7997
54.0000   81.0000   61.9529   70.6317
55.0000   76.0000   99.8578   69.2267
56.0000   82.0000   49.6152   65.1902
57.0000   26.0000   30.6033   51.2279
58.0000   91.0000   49.4939   46.1391
59.0000   15.0000   86.7371   66.7767
60.0000   68.0000   15.9080   32.6325
61.0000   52.0000   98.2911   76.1309
62.0000   29.0000   29.2225   18.8880
63.0000   87.0000   49.4656   2.3844
64.0000   27.0000   88.6197   23.6931
65.0000   99.0000   36.1876   33.0834
66.0000   44.0000   82.4685   67.4137
67.0000   87.0000   44.7303   77.8968
68.0000   85.0000   35.4203   4.6136
69.0000   88.0000   86.1018   92.7554
70.0000   36.0000   95.0851   67.0518
71.0000   68.0000   0.7629   44.3182
72.0000   69.0000   60.4262   51.5856
73.0000   54.0000   72.5632   86.5392
74.0000   19.0000   94.2968   81.9010
75.0000   10.0000   65.8965   59.9569
76.0000   70.0000   8.1349   17.3134
77.0000   61.0000   71.1562   43.6140
78.0000   22.0000   86.6443   37.6862
79.0000   74.0000   80.5567   49.8953
80.0000   78.0000   52.4595   85.5724
81.0000   66.0000   91.1115   55.5498
82.0000   75.0000   95.6437   79.4787
83.0000   40.0000   59.8304   83.2297
84.0000   17.0000   77.9330   18.3118
85.0000   71.0000   75.0083   68.0249
86.0000   33.0000   28.8983   28.7654
87.0000   65.0000   5.0045   33.2444
88.0000   30.0000   15.4358   49.3089
89.0000   59.0000   64.2838   15.3958
90.0000   93.0000   27.9966   31.4764
91.0000   32.0000   84.7676   21.7960
92.0000   35.0000   5.7445   86.3551
93.0000   32.0000   72.2401   4.3602
94.0000   30.0000   70.7927   62.7984
95.0000   13.0000   55.9323   2.0320
96.0000   78.0000   60.8086   19.5451
97.0000   98.0000   31.2118   98.8657
98.0000   48.0000   67.9341   42.3472
99.0000   14.0000   54.4169   40.4377
100.0000   30.0000   19.4368   59.8195
101.0000   97.0000   31.1348   33.8367
102.0000   42.0000   71.7307   58.6792
103.0000   71.0000   52.9159   16.9192
104.0000   13.0000   72.6467   32.2703
105.0000   75.0000   12.9010   83.5879
106.0000   54.0000   97.3746   15.1363
107.0000   20.0000   21.5967   89.6046
108.0000   71.0000   55.1807   64.7088
109.0000   27.0000   41.3745   0.1666
110.0000   50.0000   31.2897   77.5179
111.0000   81.0000   65.1284   24.1490
112.0000   41.0000   90.8385   31.5544
113.0000   61.0000   91.5767   34.2154
114.0000   37.0000   66.5562   17.5989
115.0000   95.0000   19.9715   7.4259
116.0000   30.0000   55.6843   95.5143
117.0000   35.0000   78.5930   4.8836
118.0000   85.0000   3.3042   68.2376
119.0000   48.0000   92.3340   90.8538
120.0000   66.0000   6.4387   51.2469
121.0000   78.0000   96.1379   69.2920
122.0000   12.0000   56.5904   23.3977
123.0000   54.0000   25.3067   82.0340
124.0000   37.0000   77.6960   83.9363
125.0000   29.0000   3.7671   19.3731
126.0000   83.0000   45.4119   58.3461
127.0000   26.0000   57.1017   36.5618
128.0000   97.0000   37.0611   41.4627
129.0000   83.0000   95.1099   31.7247
130.0000   38.0000   60.6292   83.2058
131.0000   40.0000   71.8000   51.3480
132.0000   42.0000   55.2734   51.5210
133.0000   84.0000   78.5084   2.4611
134.0000   36.0000   17.6667   38.9077
135.0000   37.0000   94.4108   86.6907
136.0000   60.0000   59.6328   8.3012
137.0000   91.0000   44.4950   90.5581
138.0000   45.0000   94.1395   15.6818
139.0000   84.0000   52.7172   31.7897
140.0000   40.0000   82.0665   66.0430
141.0000   21.0000   23.1959   64.3913
142.0000   79.0000   32.3223   32.8239
143.0000   69.0000   45.6181   23.2928
144.0000   25.0000   76.0355   56.0283
145.0000   41.0000   96.8427   19.6782
146.0000   57.0000   64.4193   14.9144
147.0000   98.0000   76.8546   99.4413
148.0000   49.0000   22.8345   82.8605
149.0000   29.0000   96.2749   52.4809
150.0000   59.0000   57.4537   21.2301
151.0000   64.0000   81.0040   97.5078
152.0000   39.0000   44.0469   62.1456
153.0000   33.0000   32.7540   25.2182
154.0000   55.0000   20.9471   38.9816
155.0000   18.0000   27.7210   36.6722
156.0000   69.0000   57.8180   30.1263
157.0000   79.0000   81.7670   18.2003
158.0000   90.0000   40.0684   50.2151
159.0000   76.0000   22.3416   96.6803
160.0000   79.0000   26.7383   24.2923
161.0000   68.0000   57.1496   49.0600
162.0000   38.0000   18.3544   33.4728
163.0000   50.0000   15.2160   73.1591
164.0000   12.0000   73.6559   37.6995
165.0000   18.0000   26.8580   95.7062
166.0000   39.0000   98.0796   47.4407
167.0000   46.0000   12.4110   28.0873
168.0000   61.0000   49.7327   8.8251
169.0000   13.0000   52.3707   46.8183
170.0000   68.0000   47.4647   80.6384
171.0000   35.0000   96.9477   22.6630
172.0000   94.0000   89.1381   68.4611
173.0000   51.0000   92.8241   44.2945
174.0000   81.0000   66.6709   36.3532
175.0000   20.0000   48.1045   60.4871
176.0000   29.0000   43.6997   54.5979
177.0000   99.0000   39.9724   41.3907
178.0000   73.0000   64.7065   82.1869
179.0000   91.0000   32.7848   27.9941
180.0000   41.0000   26.9137   86.4847
181.0000   94.0000   42.3737   32.6944
182.0000   33.0000   34.6381   85.5946
183.0000   24.0000   97.6782   95.1387
184.0000   33.0000   93.8462   47.1644
185.0000   19.0000   41.5583   29.3046
186.0000   30.0000   10.7787   4.0596
187.0000   55.0000   50.0129   35.9737
188.0000   31.0000   38.7031   9.8074
189.0000   37.0000   53.3621   7.7843
190.0000   59.0000   51.2490   89.6279
191.0000   35.0000   17.2926   39.3773
192.0000   84.0000   44.4046   12.4555
193.0000   16.0000   28.1154   15.6848
194.0000   11.0000   8.9671   71.1300
195.0000   44.0000   24.2225   96.4562
196.0000   95.0000   68.8066   88.2567
197.0000   66.0000   37.7187   64.5002
198.0000   61.0000   44.9336   8.0553
199.0000   35.0000   0.5921   19.8826
200.0000   12.0000   54.0859   63.2655
201.0000   44.0000   24.1694   8.3767
202.0000   84.0000   47.9118   62.6634
203.0000   93.0000   39.1062   94.4448
204.0000   85.0000   20.8154   42.7342
205.0000   62.0000   68.5037   37.1049
206.0000   64.0000   72.9843   16.6347
207.0000   59.0000   68.7424   66.2262
208.0000   32.0000   14.0436   22.4320
209.0000   13.0000   76.9502   55.4669
210.0000   51.0000   2.0682   27.1991
211.0000   42.0000   78.6858   29.2369
212.0000   14.0000   8.6891   49.1714
213.0000   84.0000   49.4351   79.8645
214.0000   80.0000   41.6684   72.5006
215.0000   81.0000   38.6107   15.3800
216.0000   30.0000   42.9423   24.2581
217.0000   74.0000   1.8325   81.3585
218.0000   51.0000   14.8300   65.9947
219.0000   48.0000   68.9725   76.3665
220.0000   57.0000   67.1119   97.1304
221.0000   69.0000   8.2954   9.9615
222.0000   84.0000   66.6238   36.8492
223.0000   44.0000   55.2726   11.0987
224.0000   77.0000   64.1404   31.6871
225.0000   21.0000   62.3675   47.0266
226.0000   38.0000   40.4624   60.5143
227.0000   82.0000   81.6598   83.2835
228.0000   50.0000   16.7778   54.2618
229.0000   47.0000   83.4243   94.1068
230.0000   43.0000   6.1379   71.5376
231.0000   92.0000   9.9150   65.4046
232.0000   66.0000   83.9025   76.8812
233.0000   37.0000   70.4754   34.0368
234.0000   82.0000   97.1259   60.8207
235.0000   16.0000   91.2581   16.9365
236.0000   53.0000   88.1957   10.4742
237.0000   80.0000   66.8655   28.0227
238.0000   97.0000   17.7138   31.8023
239.0000   53.0000   13.9785   40.0603
240.0000   49.0000   70.9233   51.6360
241.0000   62.0000   90.6906   83.0226
242.0000   98.0000   3.0296   37.9100
243.0000   86.0000   62.4716   27.7363
244.0000   74.0000   61.4783   75.5452
245.0000   77.0000   16.8947   83.4847
246.0000   99.0000   10.7554   5.2513
247.0000   34.0000   92.8467   14.8057
248.0000   67.0000   99.0684   93.3321
249.0000   79.0000   28.1521   32.7696
250.0000   77.0000   97.3971   89.1033
251.0000   33.0000   14.7527   72.7430
252.0000   46.0000   24.0865   88.2783
253.0000   34.0000   56.3590   57.3583
254.0000   94.0000   28.8743   15.1042
255.0000   98.0000   9.7193   95.9432
256.0000   25.0000   18.0657   4.6420
257.0000   58.0000   15.4126   44.3935
258.0000   65.0000   35.0273   63.2259
259.0000   85.0000   98.5195   74.8492
260.0000   20.0000   79.7552   52.4786
261.0000   31.0000   20.8449   42.0105
262.0000   22.0000   4.4391   5.0121
263.0000   82.0000   52.2486   10.7745
264.0000   63.0000   42.2938   96.3116
265.0000   29.0000   28.3621   69.7639
266.0000   19.0000   3.8753   80.3583
267.0000   81.0000   20.9055   37.4877
268.0000   11.0000   77.4306   44.5425
269.0000   72.0000   57.1827   26.8014
270.0000   74.0000   97.3849   77.1746
271.0000   45.0000   83.2589   18.7900
272.0000   78.0000   96.0411   32.5045
273.0000   98.0000   14.9223   64.8094
274.0000   28.0000   77.8247   72.9835
275.0000   13.0000   72.4126   3.4612
276.0000   12.0000   30.8574   81.9030
277.0000   70.0000   91.1394   44.3999
278.0000   51.0000   36.6577   47.2204
279.0000   32.0000   9.1723   55.6670
280.0000   92.0000   84.4095   4.6458
281.0000   31.0000   25.8886   81.0065
282.0000   63.0000   38.6741   57.3509
283.0000   81.0000   10.0901   44.9616
284.0000   97.0000   36.2912   60.6314
285.0000   16.0000   32.1902   48.2305
286.0000   28.0000   23.8817   90.8552
287.0000   88.0000   11.4526   93.1658
288.0000   50.0000   12.0752   29.9679
289.0000   10.0000   46.8054   57.1423
290.0000   14.0000   94.9915   46.9158
291.0000   87.0000   4.5103   40.7089
292.0000   52.0000   74.2967   24.5983
293.0000   32.0000   60.6670   8.9329
294.0000   38.0000   10.7647   28.1222
295.0000   32.0000   50.2200   6.5062
296.0000   15.0000   32.4986   97.3146
297.0000   77.0000   34.8989   2.9734
298.0000   74.0000   44.5174   87.3093
299.0000   96.0000   13.9498   88.3727
300.0000   86.0000   42.6763   28.6916
