0.0000   0.0000   0.0000   0.0000
1.0000   83.0000   26.4964   6.7034
2.0000   101.0000   48.1908   23.2794
3.0000   83.0000   32.7042   5.0618
4.0000   132.0000   29.0576   16.6821
5.0000   89.0000   48.4873   49.4385
6.0000   74.0000   19.6622   13.3187
7.0000   137.0000   9.6337   33.1592
8.0000   96.0000   1.7934   5.9651
9.0000   121.0000   16.6436   41.7536
10.0000   110.0000   27.4170   23.8732
11.0000   71.0000   6.0292   38.8637
12.0000   121.0000   39.8480   25.5570
13.0000   59.0000   11.3897   41.0916
14.0000   68.0000   25.1849   7.0854
15.0000   110.0000   23.0201   10.1185
16.0000   73.0000   11.8572   43.2914
17.0000   64.0000   0.2689   3.8081
18.0000   53.0000   32.0644   31.3874
19.0000   111.0000   20.9474   2.9544
20.0000   53.0000   7.3872   20.2822
21.0000   56.0000   8.5880   20.1709
22.0000   102.0000   19.5436   5.9617
23.0000   140.0000   18.1984   20.9026
24.0000   64.0000   22.7328   25.7072
25.0000   126.0000   2.7667   19.6742
26.0000   105.0000   43.0642   34.2570
27.0000   118.0000   2.2894   37.8037
28.0000   87.0000   13.2658   46.2724
29.0000   139.0000   16.4321   6.6322
30.0000   56.0000   12.2052   18.4070
31.0000   100.0000   10.3111   14.7776
32.0000   73.0000   20.7350   9.7804
33.0000   71.0000   28.6299   13.2797
34.0000   138.0000   27.0297   26.0149
35.0000   123.0000   27.2072   41.6866
36.0000   134.0000   15.0938   8.8178
37.0000   102.0000   35.2385   10.5995
38.0000   138.0000   34.7984   10.1582
39.0000   72.0000   17.1990   3.1046
40.0000   91.0000   4.1366   29.9984
41.0000   62.0000   17.8530   6.9882
42.0000   131.0000   20.2978   5.6441
43.0000   116.0000   12.8092   11.3154
44.0000   102.0000   4.8750   27.3055
45.0000   50.0000   29.4509   2.1510
46.0000   126.0000   31.9881   0.3334
47.0000   72.0000   3.6252   34.1443
48.0000   68.0000   46.4576   45.9484
49.0000   58.0000   20.2316   11.7213
50.0000   85.0000   40.5258   16.3323
51.0000   80.0000   20.7934   43.3589
52.0000   88.0000   11.1811   30.2547
53.0000   136.0000   21.9740   39.0363
54.0000   110.0000   10.6903   23.2440
55.0000   89.0000   15.7474   30.5482
56.0000   76.0000   14.8144   18.4028
57.0000   117.0000   31.1162   44.5351
58.0000   68.0000   23.8776   29.2574
59.0000   103.0000   40.0823   38.7546
60.0000   135.0000   21.3194   3.2259
61.0000   126.0000   24.2213   11.6629
62.0000   117.0000   47.4035   31.4829
63.0000   139.0000   25.8197   21.8416
64.0000   103.0000   1.1932   35.1981
65.0000   77.0000   14.1265   19.7440
66.0000   114.0000   37.8351   25.5654
67.0000   137.0000   27.5371   6.1964
68.0000   133.0000   39.8486   24.5709
69.0000   87.0000   37.4689   46.5916
70.0000   55.0000   22.5755   37.6774
71.0000   134.0000   16.9490   24.8271
72.0000   94.0000   1.9747   34.9877
73.0000   86.0000   23.6394   41.1029
74.0000   94.0000   2.9883   48.3948
75.0000   72.0000   0.5738   11.1359
76.0000   60.0000   27.0863   49.5429
77.0000   83.0000   25.9571   33.3802
78.0000   103.0000   34.6767   38.5430
79.0000   125.0000   27.2123   34.6825
80.0000   87.0000   40.3229   4.0193
81.0000   125.0000   49.8583   19.9271
82.0000   68.0000   13.3969   23.2276
83.0000   98.0000   0.3001   41.0843
84.0000   118.0000   15.3500   19.4191
85.0000   121.0000   35.9479   36.0020
86.0000   124.0000   34.7975   39.8505
87.0000   70.0000   15.1020   34.9024
88.0000   64.0000   26.6986   7.7519
89.0000   108.0000   6.5645   34.7588
90.0000   113.0000   34.9917   38.4733
91.0000   59.0000   43.9450   21.8952
92.0000   82.0000   45.9330   39.0835
93.0000   102.0000   33.3714   40.7322
94.0000   73.0000   26.1982   34.6413
95.0000   57.0000   47.5712   29.2569
96.0000   75.0000   27.2476   20.9948
97.0000   140.0000   23.7028   45.4067
98.0000   121.0000   6.9891   28.5126
99.0000   67.0000   5.5634   43.7189
100.0000   97.0000   6.7911   35.2555
101.0000   71.0000   25.5128   21.5644
102.0000   102.0000   4.3398   41.7496
103.0000   54.0000   33.8687   43.5366
104.0000   97.0000   0.6859   11.4025
105.0000   61.0000   37.2945   19.3951
106.0000   63.0000   34.6829   33.6994
107.0000   134.0000   7.8639   15.6070
108.0000   139.0000   14.3198   41.5548
109.0000   130.0000   47.2617   43.8285
110.0000   97.0000   40.8353   28.6009
111.0000   104.0000   0.0800   44.2986
112.0000   73.0000   26.2624   8.9429
113.0000   121.0000   27.6033   26.9005
114.0000   133.0000   41.5161   4.1646
115.0000   120.0000   35.4599   29.6815
116.0000   135.0000   5.4034   42.9056
117.0000   105.0000   9.1136   16.0799
118.0000   60.0000   17.7047   2.9861
119.0000   61.0000   13.5278   20.6990
120.0000   65.0000   7.6038   31.5372
121.0000   73.0000   2.9654   34.8207
122.0000   100.0000   4.0891   22.6934
123.0000   61.0000   42.8491   16.9767
124.0000   122.0000   21.9415   32.4068
125.0000   111.0000   33.4096   12.9400
126.0000   126.0000   1.3170   26.4121
127.0000   71.0000   7.6407   16.8520
128.0000   131.0000   18.1487   7.8775
129.0000   95.0000   27.3907   18.2004
130.0000   63.0000   45.0326   0.1883
131.0000   104.0000   27.4645   15.0260
132.0000   95.0000   25.8213   38.1947
133.0000   63.0000   33.7244   34.9379
134.0000   127.0000   23.3008   47.6965
135.0000   70.0000   38.3282   31.3110
136.0000   83.0000   42.5821   8.1383
137.0000   140.0000   19.8109   34.7968
138.0000   122.0000   34.2421   46.3173
139.0000   100.0000   46.7946   25.8372
140.0000   57.0000   17.1881   34.9745
141.0000   140.0000   4.0429   36.4723
142.0000   93.0000   30.6615   19.0511
143.0000   89.0000   42.8663   49.3880
144.0000   92.0000   44.2119   42.1436
145.0000   67.0000   21.4985   10.4534
146.0000   54.0000   48.0792   0.3622
147.0000   129.0000   49.9413   40.3795
148.0000   56.0000   13.2343   0.9795
149.0000   56.0000   7.4717   44.9635
150.0000   52.0000   12.4969   7.2282
