0.0000   0.0000   0.0000   0.0000
1.0000   60.0000   33.4152   0.2154
2.0000   103.0000   27.8258   14.5699
3.0000   37.0000   21.3105   36.8961
4.0000   92.0000   30.9090   12.7878
5.0000   96.0000   1.3186   26.6547
6.0000   44.0000   30.1912   19.8384
7.0000   118.0000   10.7704   45.7672
8.0000   85.0000   16.0511   4.8175
9.0000   47.0000   10.5376   44.3581
10.0000   51.0000   13.5972   37.6908
11.0000   41.0000   25.2784   3.3263
12.0000   100.0000   7.7630   20.4100
13.0000   60.0000   29.9473   14.3003
14.0000   99.0000   40.1442   36.3356
15.0000   32.0000   23.2706   14.0577
16.0000   79.0000   39.9023   16.0043
17.0000   78.0000   31.3533   22.3663
18.0000   113.0000   45.4602   21.8412
19.0000   41.0000   19.8037   2.3794
20.0000   102.0000   28.5912   5.3908
21.0000   39.0000   24.0171   6.4617
22.0000   78.0000   42.3526   18.1019
23.0000   112.0000   44.3913   29.0295
24.0000   77.0000   14.3422   48.2768
25.0000   54.0000   33.7602   35.5306
26.0000   117.0000   19.9457   47.7483
27.0000   79.0000   37.2128   24.9282
28.0000   68.0000   19.3415   42.9735
29.0000   90.0000   2.6018   16.1370
30.0000   111.0000   27.5937   18.8462
31.0000   99.0000   1.9021   34.9369
32.0000   118.0000   16.5597   8.1421
33.0000   42.0000   36.3080   25.6576
34.0000   55.0000   10.9437   13.4116
35.0000   52.0000   14.1069   25.9491
36.0000   119.0000   48.9785   39.0402
37.0000   67.0000   7.5151   7.9218
38.0000   46.0000   16.6662   38.2611
39.0000   53.0000   18.9190   1.0404
40.0000   48.0000   20.2329   24.5889
41.0000   57.0000   8.5940   22.2040
42.0000   70.0000   3.6973   15.2061
43.0000   45.0000   20.5219   3.1458
44.0000   68.0000   5.3786   45.6920
45.0000   85.0000   11.7670   47.9187
46.0000   101.0000   15.7187   48.5979
47.0000   43.0000   23.2237   37.2049
48.0000   81.0000   17.9380   34.1190
49.0000   118.0000   31.9096   22.0782
50.0000   102.0000   48.0223   40.4094
