0.0000   0.0000   50.0000   50.0000
1.0000   21.0000   24.2825   53.6700
2.0000   31.0000   27.3098   15.8656
3.0000   30.0000   51.2529   34.4717
4.0000   48.0000   6.7753   47.4321
5.0000   82.0000   55.7211   18.3877
6.0000   10.0000   61.6163   61.2067
7.0000   67.0000   34.9364   58.0586
8.0000   76.0000   98.6975   82.7173
9.0000   54.0000   11.5271   37.9184
10.0000   91.0000   13.1366   14.0724
11.0000   6.0000   64.8115   91.1225
12.0000   20.0000   81.7794   26.4251
13.0000   50.0000   80.8165   50.8598
14.0000   69.0000   4.8479   53.4838
15.0000   80.0000   25.2414   71.5139
16.0000   92.0000   46.8556   1.2093
17.0000   3.0000   87.9540   26.1820
18.0000   10.0000   44.4897   0.7643
19.0000   28.0000   74.7335   67.6616
20.0000   80.0000   69.0224   64.0843
21.0000   11.0000   52.6956   12.8765
22.0000   58.0000   9.2442   58.2846
23.0000   44.0000   86.0244   39.7317
24.0000   47.0000   3.3514   34.2935
25.0000   33.0000   49.7764   21.4894
26.0000   59.0000   47.9642   76.5342
27.0000   26.0000   20.3461   44.8211
28.0000   87.0000   70.0377   12.7012
29.0000   21.0000   7.3626   70.3033
30.0000   44.0000   37.1502   44.5221
31.0000   62.0000   30.0227   82.9141
32.0000   47.0000   31.7540   43.1959
33.0000   98.0000   21.1365   50.6586
34.0000   73.0000   24.7410   42.1478
35.0000   96.0000   33.5578   93.7450
36.0000   7.0000   50.2121   73.2884
37.0000   4.0000   15.7091   41.8600
38.0000   100.0000   65.6563   85.5400
39.0000   55.0000   32.5057   85.6789
40.0000   68.0000   63.9163   89.7479
41.0000   82.0000   35.6090   34.9887
42.0000   24.0000   98.0360   35.9808
43.0000   41.0000   90.8975   70.0852
44.0000   52.0000   87.2750   13.1790
45.0000   39.0000   20.2187   47.7694
46.0000   37.0000   58.9971   65.8069
47.0000   56.0000   67.7587   13.2122
48.0000   34.0000   24.8552   21.0489
49.0000   71.0000   27.3183   8.4952
50.0000   99.0000   32.9563   98.2419
51.0000   58.0000   51.5747   80.6215
52.0000   64.0000   81.8971   50.3199
53.0000   14.0000   38.6401   56.2616
54.0000   46.0000   1.1844   64.9224
55.0000   63.0000   11.8438   80.3694
56.0000   95.0000   69.1488   29.3403
57.0000   51.0000   64.9854   18.5196
58.0000   79.0000   94.3976   53.1297
59.0000   17.0000   61.0582   30.9144
60.0000   22.0000   74.1264   87.2033
61.0000   37.0000   82.3033   82.1952
62.0000   49.0000   49.7669   38.4914
63.0000   23.0000   96.8763   80.0848
64.0000   4.0000   39.8044   81.7585
65.0000   38.0000   55.0691   54.7519
66.0000   69.0000   28.0559   69.2605
67.0000   92.0000   95.9233   14.0013
68.0000   25.0000   95.7423   93.1080
69.0000   51.0000   44.8294   74.5345
70.0000   57.0000   29.5117   24.4028
71.0000   71.0000   42.3274   80.0183
72.0000   57.0000   99.7398   98.7503
73.0000   28.0000   16.6067   97.9364
74.0000   21.0000   64.3440   67.6968
75.0000   30.0000   81.1153   72.5013
76.0000   22.0000   8.7680   18.0310
77.0000   79.0000   90.2456   17.2690
78.0000   4.0000   53.5681   88.4983
79.0000   3.0000   90.3749   91.9578
80.0000   47.0000   66.5980   51.3436
81.0000   59.0000   51.0060   23.8432
82.0000   16.0000   76.0990   66.7329
83.0000   87.0000   49.2607   43.9492
84.0000   50.0000   62.8280   57.7326
85.0000   20.0000   17.5629   76.7506
86.0000   75.0000   6.3066   44.0467
87.0000   60.0000   38.3474   60.1903
88.0000   80.0000   90.9139   30.7361
89.0000   57.0000   45.5079   11.4850
90.0000   25.0000   27.2956   9.8382
91.0000   49.0000   10.1007   97.5568
92.0000   39.0000   30.5498   87.2445
93.0000   36.0000   4.8255   4.2596
94.0000   77.0000   76.2046   91.2617
95.0000   97.0000   53.8170   62.3607
96.0000   45.0000   68.1726   16.9231
97.0000   100.0000   67.7709   70.1080
98.0000   99.0000   95.6819   43.1726
99.0000   19.0000   76.5914   61.7903
100.0000   33.0000   99.9227   37.6541
101.0000   64.0000   97.7819   23.1732
102.0000   90.0000   50.2350   42.2428
103.0000   25.0000   55.0895   90.0726
104.0000   6.0000   52.6955   5.9635
105.0000   80.0000   46.6883   91.0794
106.0000   68.0000   17.2211   32.3281
107.0000   40.0000   22.9910   29.2581
108.0000   20.0000   6.5668   92.3813
109.0000   56.0000   96.8751   41.2190
110.0000   40.0000   52.0406   30.9501
111.0000   87.0000   21.9534   15.3276
112.0000   42.0000   55.9689   76.8785
113.0000   1.0000   83.5530   78.4153
114.0000   41.0000   51.0359   53.1149
115.0000   11.0000   14.8274   49.8175
116.0000   75.0000   96.4073   92.8310
117.0000   30.0000   28.9948   94.0072
118.0000   96.0000   3.7206   80.8779
119.0000   20.0000   7.5578   19.3142
120.0000   32.0000   44.0140   38.1745
