0.0000   0.0000   50.0000   50.0000
1.0000   16.0000   75.3981   54.9606
2.0000   80.0000   24.8527   92.0097
3.0000   67.0000   64.9419   39.6512
4.0000   69.0000   47.5475   87.6138
5.0000   66.0000   25.4639   94.6761
6.0000   45.0000   59.9113   2.8514
7.0000   6.0000   9.6646   82.2390
8.0000   48.0000   71.4536   8.5303
9.0000   80.0000   61.8003   25.5786
10.0000   65.0000   18.6087   25.0250
11.0000   30.0000   80.3592   44.6811
12.0000   72.0000   87.7462   0.6764
13.0000   29.0000   88.7818   14.0201
14.0000   24.0000   36.5112   84.7230
15.0000   17.0000   14.1490   37.0127
16.0000   30.0000   30.2236   84.3529
17.0000   54.0000   20.4427   23.5780
18.0000   35.0000   95.5369   42.0663
19.0000   44.0000   92.9128   19.1407
20.0000   30.0000   69.5134   44.6252
21.0000   61.0000   1.1929   83.4341
22.0000   35.0000   18.8009   10.6619
23.0000   17.0000   53.0626   23.8986
24.0000   94.0000   76.6300   81.8143
25.0000   81.0000   15.2227   22.0002
26.0000   82.0000   93.6435   22.7525
27.0000   81.0000   89.2364   40.4743
28.0000   8.0000   17.3912   19.2885
29.0000   22.0000   79.7726   98.0436
30.0000   51.0000   55.0821   51.3848
31.0000   32.0000   62.0761   51.9975
32.0000   47.0000   51.4992   57.9185
33.0000   59.0000   73.1654   61.9473
34.0000   46.0000   58.4598   45.4303
35.0000   60.0000   69.7429   26.2424
36.0000   41.0000   70.3708   85.8449
37.0000   18.0000   88.8494   13.2137
38.0000   56.0000   77.1568   14.0377
39.0000   5.0000   65.6743   60.1097
40.0000   96.0000   40.5007   52.4898
