0.0000   0.0000   0.0000   0.0000
1.0000   87.0000   84.7206   32.4332
2.0000   33.0000   56.9078   91.8948
3.0000   35.0000   23.5308   55.8477
4.0000   63.0000   88.9345   33.5810
5.0000   45.0000   46.1769   89.5538
6.0000   97.0000   37.4104   37.5067
7.0000   32.0000   46.8807   90.8631
8.0000   50.0000   26.4416   19.1150
9.0000   49.0000   67.4941   15.7210
10.0000   30.0000   43.6272   52.5487
11.0000   61.0000   48.2370   84.1290
12.0000   80.0000   11.2814   23.0570
13.0000   120.0000   64.5657   41.5592
14.0000   41.0000   51.2771   45.3886
15.0000   91.0000   78.5845   72.8999
16.0000   104.0000   67.7210   84.0005
17.0000   36.0000   29.3530   44.5287
18.0000   68.0000   25.3846   30.3206
19.0000   107.0000   68.6022   31.1466
20.0000   68.0000   60.4254   89.4870
21.0000   104.0000   55.1823   45.1059
22.0000   68.0000   71.2726   49.5315
23.0000   62.0000   43.6379   71.9636
24.0000   113.0000   59.5579   34.0438
25.0000   79.0000   51.4078   41.8469
26.0000   48.0000   9.1338   67.4066
27.0000   34.0000   87.2706   20.4616
28.0000   88.0000   69.3362   87.9460
29.0000   87.0000   95.6348   39.2515
30.0000   81.0000   88.0011   46.5392
31.0000   61.0000   67.3793   0.4193
32.0000   39.0000   46.6543   14.9904
33.0000   58.0000   7.1181   56.2943
34.0000   66.0000   44.3612   35.0278
35.0000   32.0000   9.7052   52.7271
36.0000   65.0000   60.7370   96.4210
37.0000   78.0000   31.5765   38.5781
38.0000   33.0000   51.7118   80.7859
39.0000   54.0000   51.2239   19.0820
40.0000   67.0000   39.7652   44.2982
41.0000   77.0000   86.7115   80.7145
42.0000   59.0000   32.3420   35.1803
43.0000   31.0000   53.3330   95.3521
44.0000   102.0000   63.8022   33.2675
45.0000   88.0000   23.5712   2.2231
46.0000   75.0000   35.1238   1.4126
47.0000   75.0000   60.2800   34.7506
48.0000   87.0000   25.5260   43.5347
49.0000   108.0000   35.1920   37.0384
50.0000   115.0000   55.1768   4.5912
51.0000   52.0000   66.9889   60.3468
52.0000   89.0000   5.4367   22.5353
53.0000   42.0000   90.1657   5.2510
54.0000   116.0000   49.8038   56.0849
55.0000   114.0000   99.0130   94.5239
56.0000   45.0000   71.9390   82.6870
57.0000   59.0000   55.0239   22.9475
58.0000   117.0000   61.1801   14.1993
59.0000   107.0000   79.1429   4.4069
60.0000   116.0000   94.5662   5.1300
61.0000   78.0000   79.6228   10.3287
62.0000   104.0000   89.0315   8.4563
63.0000   96.0000   79.0064   96.7780
64.0000   97.0000   43.8325   65.3767
65.0000   100.0000   74.5809   92.5681
66.0000   89.0000   95.2867   64.2141
67.0000   49.0000   60.0320   39.2213
68.0000   119.0000   73.4741   38.9263
69.0000   89.0000   96.6495   62.4406
70.0000   112.0000   94.9147   51.7838
71.0000   98.0000   76.8098   22.2823
72.0000   74.0000   76.1603   76.7320
73.0000   96.0000   73.4851   77.9417
74.0000   79.0000   49.9805   30.6795
75.0000   31.0000   23.6397   73.0298
76.0000   69.0000   35.4872   67.2358
77.0000   118.0000   92.3682   48.0922
78.0000   71.0000   82.6091   50.8892
79.0000   79.0000   50.1845   28.8349
80.0000   39.0000   92.8792   98.8000
81.0000   86.0000   26.0418   42.4525
82.0000   83.0000   8.4603   47.5085
83.0000   35.0000   55.3205   12.4858
84.0000   73.0000   27.0827   16.3031
85.0000   33.0000   1.7996   98.0364
86.0000   40.0000   63.2373   34.2552
87.0000   108.0000   68.6287   25.0190
88.0000   59.0000   22.7419   53.9057
89.0000   86.0000   97.6343   84.2841
90.0000   85.0000   87.7094   87.1696
91.0000   81.0000   99.2354   30.7476
92.0000   53.0000   50.7404   38.8868
93.0000   116.0000   49.3076   34.6620
94.0000   85.0000   21.0873   92.8562
95.0000   98.0000   12.1178   97.2002
96.0000   95.0000   66.2476   68.3412
97.0000   97.0000   96.1365   76.2152
98.0000   117.0000   40.6053   18.7700
99.0000   113.0000   87.7439   34.0723
100.0000   62.0000   4.7203   20.3690
