0.0000   0.0000   0.0000   0.0000
1.0000   97.0000   45.5130   0.5816
2.0000   154.0000   1.2281   20.8606
3.0000   93.0000   34.0112   39.1539
4.0000   133.0000   36.4531   27.5446
5.0000   114.0000   35.5998   27.5028
6.0000   158.0000   6.5453   2.1323
7.0000   115.0000   17.7280   43.9444
8.0000   179.0000   22.6957   31.3806
9.0000   122.0000   37.7131   3.9564
10.0000   123.0000   25.3353   43.0370
11.0000   172.0000   23.6081   45.0357
12.0000   160.0000   4.1969   36.3504
13.0000   144.0000   35.3852   16.9633
14.0000   111.0000   12.2911   23.9041
15.0000   108.0000   20.1836   27.4284
16.0000   166.0000   4.0308   28.8684
17.0000   129.0000   45.3414   18.8777
18.0000   168.0000   17.6835   19.0142
19.0000   176.0000   39.9755   2.5746
20.0000   121.0000   14.2611   22.2324
21.0000   163.0000   25.9980   37.5982
22.0000   103.0000   14.9515   43.7004
23.0000   163.0000   30.8226   6.5791
24.0000   154.0000   47.7312   39.7866
25.0000   148.0000   46.4680   20.2949
26.0000   162.0000   12.0385   27.6404
27.0000   175.0000   29.1810   44.1721
28.0000   167.0000   26.7323   40.9061
29.0000   121.0000   17.0292   5.5265
30.0000   131.0000   31.7649   34.0974
31.0000   174.0000   26.9234   38.4196
32.0000   111.0000   22.3322   25.1986
33.0000   167.0000   47.8195   10.0734
34.0000   100.0000   43.2917   15.7806
35.0000   94.0000   34.3775   22.0585
36.0000   127.0000   15.9551   37.8135
37.0000   90.0000   32.3745   29.5416
38.0000   105.0000   15.8740   13.7487
39.0000   165.0000   31.7757   38.8193
40.0000   138.0000   44.9585   24.2961
41.0000   131.0000   24.6527   9.6757
42.0000   157.0000   42.9276   28.4369
43.0000   149.0000   25.8006   17.0877
44.0000   128.0000   2.2608   29.1780
45.0000   147.0000   45.6514   19.7604
46.0000   130.0000   12.9328   7.2591
47.0000   154.0000   11.6206   14.1571
48.0000   111.0000   13.2042   19.4707
49.0000   91.0000   29.7765   20.0660
50.0000   98.0000   29.0580   8.8511
51.0000   179.0000   20.7983   42.2893
52.0000   154.0000   6.8895   15.6224
53.0000   105.0000   9.5018   9.0043
54.0000   180.0000   2.0139   16.1788
55.0000   170.0000   0.6083   4.5718
56.0000   161.0000   44.9278   36.7516
57.0000   171.0000   39.7387   3.2516
58.0000   161.0000   28.3393   22.5707
59.0000   156.0000   42.8153   37.9157
60.0000   97.0000   42.3809   9.7921
61.0000   172.0000   5.4687   47.8721
62.0000   124.0000   27.2032   36.6353
63.0000   106.0000   29.4857   33.8845
64.0000   147.0000   23.5895   28.3610
65.0000   114.0000   38.6716   3.0336
66.0000   174.0000   18.9710   48.6955
67.0000   105.0000   32.5726   44.0260
68.0000   146.0000   25.5672   6.1585
69.0000   90.0000   39.5151   23.7296
70.0000   93.0000   40.3060   10.9718
71.0000   116.0000   1.5462   12.8751
72.0000   175.0000   23.1824   48.5859
73.0000   134.0000   22.2970   32.6260
74.0000   111.0000   35.8548   34.3108
75.0000   162.0000   12.6735   9.5651
76.0000   175.0000   17.0176   28.9978
77.0000   113.0000   17.3468   33.9305
78.0000   175.0000   1.4129   24.5153
79.0000   166.0000   47.9592   41.4571
80.0000   107.0000   1.9820   20.3545
81.0000   135.0000   12.5026   3.6461
82.0000   160.0000   42.5500   4.8139
83.0000   156.0000   28.8177   40.5242
84.0000   105.0000   32.8044   15.2884
85.0000   100.0000   20.8527   45.6465
86.0000   103.0000   17.9098   19.6834
87.0000   112.0000   3.8132   42.5581
88.0000   120.0000   27.8976   23.9719
89.0000   97.0000   34.2357   18.6095
90.0000   141.0000   23.1345   9.2753
91.0000   149.0000   8.6935   2.6320
92.0000   163.0000   10.2447   29.9717
93.0000   161.0000   37.8587   38.8024
94.0000   159.0000   46.5736   44.7408
95.0000   138.0000   13.8050   30.0150
96.0000   161.0000   25.3416   23.1029
97.0000   94.0000   38.1719   23.1815
98.0000   112.0000   6.1798   28.5271
99.0000   175.0000   18.2698   41.9328
100.0000   173.0000   20.4579   26.8283
