0.0000   0.0000   50.0000   50.0000
1.0000   25.0000   61.1459   99.0716
2.0000   37.0000   14.3765   23.5590
3.0000   78.0000   20.9230   66.8264
4.0000   2.0000   74.4045   81.5637
5.0000   78.0000   96.5595   28.0850
6.0000   71.0000   99.6218   86.0713
7.0000   56.0000   90.8445   85.5910
8.0000   48.0000   35.9211   98.7821
9.0000   82.0000   83.4467   31.0996
10.0000   9.0000   34.0063   46.0859
11.0000   66.0000   31.8246   80.7173
12.0000   60.0000   19.7697   87.2700
13.0000   71.0000   74.7372   58.0244
14.0000   96.0000   48.6818   6.0285
15.0000   25.0000   88.0014   65.6358
16.0000   56.0000   36.1160   1.4558
17.0000   57.0000   97.3696   20.5078
18.0000   63.0000   52.0586   46.0231
19.0000   96.0000   15.7966   12.9161
20.0000   47.0000   15.1499   54.9236
21.0000   29.0000   31.6637   33.6255
22.0000   92.0000   33.0861   87.9710
23.0000   59.0000   30.5671   64.0876
24.0000   7.0000   43.8260   19.3034
25.0000   4.0000   88.4020   47.7389
26.0000   93.0000   25.4005   26.6146
27.0000   55.0000   97.3780   78.8049
28.0000   14.0000   60.7865   36.3248
29.0000   34.0000   77.7878   0.6500
30.0000   39.0000   28.6158   25.2137
31.0000   12.0000   45.5460   76.3156
32.0000   58.0000   20.4205   16.8387
33.0000   40.0000   11.9772   7.4402
34.0000   82.0000   51.4825   25.9151
35.0000   69.0000   95.2528   2.2563
36.0000   97.0000   37.1358   1.2086
37.0000   83.0000   28.2509   32.5213
38.0000   75.0000   80.3635   89.1920
39.0000   13.0000   22.8851   84.2450
40.0000   42.0000   50.7275   78.0452
41.0000   34.0000   88.4038   34.1889
42.0000   52.0000   56.4468   54.4835
43.0000   76.0000   13.2245   91.5179
44.0000   5.0000   88.8572   61.6821
45.0000   66.0000   89.0964   15.7385
46.0000   48.0000   58.9342   33.2550
47.0000   59.0000   94.5126   60.0650
48.0000   86.0000   51.3229   3.4511
49.0000   53.0000   33.6081   26.6272
50.0000   49.0000   16.5752   73.8714
51.0000   96.0000   5.4122   60.7882
52.0000   61.0000   4.3363   10.1745
53.0000   25.0000   27.7096   23.9398
54.0000   54.0000   38.2910   88.1765
55.0000   65.0000   83.5188   62.4851
56.0000   53.0000   41.8059   68.6560
57.0000   13.0000   89.6131   76.8102
58.0000   84.0000   74.5101   26.4270
59.0000   31.0000   12.8428   5.5293
60.0000   6.0000   70.1888   96.6555
61.0000   68.0000   86.5422   9.9499
62.0000   70.0000   11.3562   64.3687
63.0000   78.0000   87.9602   80.9240
64.0000   47.0000   29.4488   55.9871
65.0000   63.0000   56.7182   40.4921
66.0000   7.0000   47.0213   41.2280
67.0000   94.0000   28.2517   42.1768
68.0000   56.0000   44.8248   51.7556
69.0000   25.0000   3.0329   81.7838
70.0000   2.0000   16.0019   3.1221
71.0000   60.0000   71.6844   36.3326
72.0000   95.0000   29.1669   34.1341
73.0000   19.0000   24.9374   58.2460
74.0000   52.0000   46.9996   64.8964
75.0000   17.0000   1.6653   40.3120
76.0000   94.0000   30.4602   47.5837
77.0000   8.0000   43.7532   99.2655
78.0000   73.0000   89.1049   71.7937
79.0000   68.0000   5.3254   38.6610
80.0000   73.0000   16.8279   2.4955
