0.0000   0.0000   0.0000   0.0000
1.0000   30.0000   25.1711   0.7266
2.0000   115.0000   43.0793   46.7610
3.0000   100.0000   34.5069   27.9794
4.0000   44.0000   4.6878   28.1287
5.0000   52.0000   21.6216   8.6531
6.0000   120.0000   11.4375   32.3380
7.0000   78.0000   43.1891   28.3684
8.0000   88.0000   1.4170   4.6898
9.0000   52.0000   18.8655   46.5298
10.0000   52.0000   22.5653   40.2210
11.0000   70.0000   33.7512   27.0254
12.0000   66.0000   44.4533   35.4942
13.0000   110.0000   38.6325   38.8133
14.0000   76.0000   6.1699   5.9462
15.0000   111.0000   16.5064   2.4401
16.0000   90.0000   33.2477   20.5275
17.0000   96.0000   32.8735   20.1106
18.0000   64.0000   25.3788   41.6051
19.0000   103.0000   4.2412   42.7314
20.0000   101.0000   12.8306   3.5589
21.0000   32.0000   7.3648   27.1087
22.0000   46.0000   48.8098   18.1110
23.0000   72.0000   16.7572   23.7044
24.0000   37.0000   32.9841   17.6728
25.0000   81.0000   31.0007   49.6957
26.0000   108.0000   23.6157   36.4639
27.0000   50.0000   3.5868   44.7159
28.0000   91.0000   18.7002   12.3192
29.0000   99.0000   9.5555   32.8219
30.0000   101.0000   16.7436   9.3475
31.0000   81.0000   1.7358   48.4883
32.0000   103.0000   34.9390   23.5678
33.0000   103.0000   28.2430   41.4499
34.0000   62.0000   4.1810   48.4300
35.0000   109.0000   47.1677   18.1149
36.0000   88.0000   5.4754   30.0485
37.0000   117.0000   43.3650   8.2866
38.0000   93.0000   7.6365   26.8474
39.0000   119.0000   5.6631   4.3245
40.0000   102.0000   35.7405   48.2063
41.0000   76.0000   5.2627   43.3321
42.0000   85.0000   11.4650   46.8336
43.0000   103.0000   45.6435   14.0513
44.0000   60.0000   7.8481   27.2138
45.0000   74.0000   24.1913   29.2173
46.0000   69.0000   20.5322   49.0983
47.0000   36.0000   16.0979   42.2573
48.0000   93.0000   25.2830   1.4850
49.0000   87.0000   26.3615   26.6368
50.0000   55.0000   13.5567   24.2173
51.0000   92.0000   32.6155   47.8683
52.0000   45.0000   29.7989   11.0716
53.0000   35.0000   1.1966   43.0844
54.0000   94.0000   10.2838   7.7397
55.0000   59.0000   12.9856   9.5056
56.0000   73.0000   45.7776   36.1935
57.0000   82.0000   12.4500   34.6906
58.0000   74.0000   26.6934   6.6299
59.0000   81.0000   35.5850   20.9805
60.0000   78.0000   18.4237   26.0869
61.0000   76.0000   47.4364   32.2834
62.0000   88.0000   4.9754   10.3714
63.0000   119.0000   38.7724   23.3709
64.0000   117.0000   45.2440   24.8581
65.0000   97.0000   20.8949   18.3198
66.0000   49.0000   26.7633   0.3403
67.0000   104.0000   19.6179   38.2039
68.0000   44.0000   46.8472   32.6264
69.0000   101.0000   16.6698   26.2384
70.0000   46.0000   6.0128   22.3434
71.0000   35.0000   44.5293   15.9568
72.0000   32.0000   31.0454   35.2383
73.0000   72.0000   18.7766   28.1722
74.0000   40.0000   28.1620   37.5502
75.0000   98.0000   45.7594   20.9289
76.0000   81.0000   32.6430   23.1199
77.0000   76.0000   48.7530   44.7805
78.0000   79.0000   16.8861   45.5735
79.0000   97.0000   31.2841   25.9772
80.0000   37.0000   20.8105   24.6483
81.0000   38.0000   8.6587   8.9203
82.0000   34.0000   13.9932   14.7346
83.0000   47.0000   43.0308   33.2249
84.0000   96.0000   43.7937   35.6660
85.0000   37.0000   22.1245   45.0514
86.0000   40.0000   29.4021   4.7625
87.0000   105.0000   34.3877   30.2128
88.0000   94.0000   5.8547   10.1578
89.0000   33.0000   30.9360   29.1462
90.0000   95.0000   27.1250   25.6148
91.0000   104.0000   18.8254   35.3363
92.0000   105.0000   32.1712   30.4231
93.0000   84.0000   13.3805   19.2818
94.0000   99.0000   10.6129   29.0649
95.0000   90.0000   48.2412   18.5828
96.0000   113.0000   5.9332   21.3568
97.0000   83.0000   43.8708   39.1549
98.0000   31.0000   7.0352   47.6425
99.0000   98.0000   1.5281   45.6175
100.0000   73.0000   34.2893   4.4645
101.0000   113.0000   7.1099   13.1461
102.0000   81.0000   15.5244   33.5477
103.0000   73.0000   4.6228   22.3170
104.0000   61.0000   31.8011   11.6731
105.0000   73.0000   33.3466   4.5108
106.0000   83.0000   11.0348   23.1029
107.0000   88.0000   16.5849   37.6600
108.0000   70.0000   32.5975   37.2154
109.0000   42.0000   9.7402   26.3981
110.0000   110.0000   45.3189   12.6690
111.0000   38.0000   45.9012   37.1770
112.0000   74.0000   48.8317   5.4143
113.0000   43.0000   25.2783   15.2657
114.0000   96.0000   40.7386   12.3344
115.0000   100.0000   45.1599   27.5474
116.0000   34.0000   42.2956   21.9650
117.0000   102.0000   45.3645   35.8916
118.0000   75.0000   49.9700   27.4587
119.0000   63.0000   2.9125   18.2895
120.0000   79.0000   29.0660   10.3744
121.0000   120.0000   23.5892   4.8773
122.0000   58.0000   43.4483   20.3923
123.0000   73.0000   12.3853   4.7290
124.0000   64.0000   20.0781   2.6338
125.0000   96.0000   22.1812   39.6096
126.0000   115.0000   20.3816   29.8082
127.0000   71.0000   31.6737   13.7185
128.0000   60.0000   7.3816   33.7736
129.0000   102.0000   40.3901   37.2742
130.0000   86.0000   15.7074   39.6032
131.0000   61.0000   22.7861   37.5118
132.0000   33.0000   28.3491   44.3676
133.0000   54.0000   8.3286   3.8658
134.0000   92.0000   29.3172   6.2594
135.0000   74.0000   19.2017   11.1298
136.0000   35.0000   34.1426   8.6875
137.0000   105.0000   44.9439   15.5305
138.0000   112.0000   10.1581   9.1374
139.0000   39.0000   39.6743   33.0816
140.0000   76.0000   23.2598   10.5204
141.0000   100.0000   26.2308   21.1976
142.0000   71.0000   25.6251   18.7702
143.0000   39.0000   43.4659   10.7521
144.0000   77.0000   19.2108   0.9431
145.0000   91.0000   41.7396   15.4330
146.0000   53.0000   32.7635   41.2376
147.0000   77.0000   44.1384   22.4015
148.0000   118.0000   10.1563   18.5017
149.0000   89.0000   8.2721   32.1837
150.0000   38.0000   45.7759   45.3799
151.0000   30.0000   12.9193   21.3609
152.0000   79.0000   40.1946   13.1671
153.0000   115.0000   12.1570   21.9873
154.0000   60.0000   9.3125   27.9326
155.0000   87.0000   41.6463   43.6302
156.0000   48.0000   39.7082   14.4724
157.0000   86.0000   7.1510   34.1787
158.0000   114.0000   41.5661   48.5837
159.0000   57.0000   28.4485   28.5908
160.0000   55.0000   49.4815   1.5595
161.0000   116.0000   48.2484   30.5306
162.0000   39.0000   42.9823   47.2107
163.0000   91.0000   15.0793   42.9905
164.0000   117.0000   37.2784   21.3218
165.0000   50.0000   4.1788   28.9746
166.0000   79.0000   15.7800   17.3171
167.0000   38.0000   8.2863   11.1251
168.0000   81.0000   25.4567   42.7125
169.0000   92.0000   38.2517   11.0716
170.0000   100.0000   5.1666   33.8746
171.0000   102.0000   36.6576   0.8418
172.0000   33.0000   17.9998   42.1184
173.0000   48.0000   2.5579   31.7379
174.0000   31.0000   43.8281   37.8576
175.0000   54.0000   24.5013   22.8833
176.0000   72.0000   33.9796   38.7554
177.0000   114.0000   33.6247   46.8244
178.0000   72.0000   6.0489   19.7053
179.0000   120.0000   35.4506   22.6952
180.0000   105.0000   41.3698   5.8516
181.0000   97.0000   39.3637   18.7585
182.0000   44.0000   8.3066   24.6608
183.0000   40.0000   43.8110   29.8544
184.0000   58.0000   26.3852   28.5929
185.0000   44.0000   35.9365   7.9424
186.0000   90.0000   13.1076   9.8394
187.0000   72.0000   44.7766   35.6322
188.0000   54.0000   3.7694   8.4962
189.0000   56.0000   43.1269   17.5980
190.0000   55.0000   8.4053   21.3311
191.0000   37.0000   47.1699   20.2604
192.0000   104.0000   10.7543   12.2328
193.0000   38.0000   22.9800   21.0834
194.0000   56.0000   1.1926   31.9321
195.0000   52.0000   44.8396   35.8982
196.0000   87.0000   2.0959   10.8604
197.0000   111.0000   6.2700   32.4994
198.0000   95.0000   48.2593   0.5009
199.0000   62.0000   17.9791   25.4143
200.0000   107.0000   11.5746   17.2443
201.0000   101.0000   10.5956   35.9805
202.0000   93.0000   17.1610   24.7696
203.0000   42.0000   15.9813   30.5422
204.0000   99.0000   14.2249   25.1298
205.0000   68.0000   47.6587   27.6856
206.0000   39.0000   14.9951   14.4394
207.0000   75.0000   49.8144   4.0948
208.0000   48.0000   33.9302   8.4991
209.0000   65.0000   14.6484   40.8218
210.0000   91.0000   20.4326   21.4460
211.0000   110.0000   49.4348   1.7699
212.0000   101.0000   31.1095   14.7500
213.0000   69.0000   46.1773   6.3361
214.0000   43.0000   30.6354   17.0365
215.0000   31.0000   17.1263   39.7840
216.0000   47.0000   39.5855   44.0520
217.0000   97.0000   30.9272   38.3122
218.0000   58.0000   46.1836   37.7630
219.0000   86.0000   14.4393   0.8750
220.0000   67.0000   16.3017   10.4219
221.0000   117.0000   15.9464   15.9602
222.0000   114.0000   35.1763   25.9877
223.0000   115.0000   35.4980   1.9422
224.0000   103.0000   2.5536   28.5610
225.0000   100.0000   35.7865   45.8959
226.0000   36.0000   37.0661   7.0473
227.0000   56.0000   38.7273   26.7733
228.0000   86.0000   14.2691   49.1083
229.0000   49.0000   35.5444   19.7855
230.0000   39.0000   44.0687   45.5336
231.0000   88.0000   3.7721   13.4836
232.0000   100.0000   47.7335   13.0623
233.0000   50.0000   48.8441   3.7069
234.0000   56.0000   24.4251   8.0676
235.0000   42.0000   40.2427   35.8726
236.0000   117.0000   25.6219   43.9247
237.0000   88.0000   30.7154   2.1481
238.0000   35.0000   11.4160   5.0759
239.0000   68.0000   11.3247   18.9548
240.0000   106.0000   9.5224   20.8674
241.0000   36.0000   21.9895   33.2112
242.0000   108.0000   11.0096   5.6165
243.0000   70.0000   20.2708   20.8112
244.0000   45.0000   8.9926   8.5049
245.0000   90.0000   16.1583   29.1317
246.0000   81.0000   33.5142   41.0336
247.0000   72.0000   46.9256   45.3199
248.0000   95.0000   26.3515   18.2048
249.0000   95.0000   49.8886   27.9923
250.0000   76.0000   27.6935   0.6350
251.0000   33.0000   7.1926   27.1537
252.0000   35.0000   46.9966   42.8360
253.0000   104.0000   7.7402   9.1089
254.0000   41.0000   7.2659   10.6978
255.0000   90.0000   49.5475   10.3048
256.0000   116.0000   13.5343   14.4724
257.0000   92.0000   31.7319   46.8390
258.0000   111.0000   41.0204   40.9045
259.0000   111.0000   21.0871   25.3628
260.0000   100.0000   3.5252   45.9250
261.0000   80.0000   0.0873   42.1252
262.0000   118.0000   45.9593   8.7223
263.0000   58.0000   16.7535   10.6000
264.0000   61.0000   18.4995   40.0093
265.0000   90.0000   41.7733   10.6687
266.0000   63.0000   43.7098   6.8605
267.0000   51.0000   3.1725   16.2804
268.0000   79.0000   4.3399   43.9364
269.0000   103.0000   19.9571   34.0852
270.0000   32.0000   15.2512   2.8776
271.0000   75.0000   21.2294   46.2382
272.0000   104.0000   15.1705   12.3758
273.0000   119.0000   24.2181   44.5127
274.0000   52.0000   41.5384   9.1911
275.0000   115.0000   11.6466   43.6097
276.0000   62.0000   10.4439   33.3915
277.0000   52.0000   35.1526   36.8678
278.0000   59.0000   7.3927   37.9237
279.0000   75.0000   43.1254   31.4912
280.0000   67.0000   31.6124   41.1627
281.0000   70.0000   23.4106   31.0178
282.0000   111.0000   41.6134   31.0065
283.0000   85.0000   12.5020   24.1789
284.0000   34.0000   34.1500   46.3326
285.0000   103.0000   47.0898   30.6007
286.0000   93.0000   10.7038   18.6135
287.0000   37.0000   21.7646   11.2351
288.0000   113.0000   31.2852   11.4524
289.0000   45.0000   39.8451   28.3731
290.0000   62.0000   20.2298   41.5299
291.0000   100.0000   26.6590   35.9791
292.0000   74.0000   18.1043   17.1216
293.0000   30.0000   32.9963   12.3066
294.0000   44.0000   10.5304   10.6213
295.0000   34.0000   6.1310   20.1297
296.0000   86.0000   27.6190   26.0867
297.0000   119.0000   6.8111   20.8108
298.0000   34.0000   41.7475   45.6928
299.0000   53.0000   33.4144   2.4362
300.0000   35.0000   21.3642   40.6673
301.0000   103.0000   27.4513   29.6951
302.0000   30.0000   2.4317   40.7797
303.0000   116.0000   13.1343   18.9060
304.0000   58.0000   23.7028   21.9971
305.0000   94.0000   46.4413   35.2205
306.0000   84.0000   32.6615   1.3124
307.0000   116.0000   27.3174   42.0145
308.0000   67.0000   49.4294   42.2606
309.0000   103.0000   31.0595   2.7409
310.0000   100.0000   15.2212   11.5476
311.0000   115.0000   41.0253   42.1524
312.0000   52.0000   16.6999   17.0339
313.0000   97.0000   29.6725   43.6819
314.0000   110.0000   2.3857   30.1109
315.0000   43.0000   20.2313   29.5051
316.0000   86.0000   11.4285   36.1845
317.0000   70.0000   34.3075   46.1416
318.0000   120.0000   18.5621   35.4722
319.0000   61.0000   2.3878   14.3557
320.0000   116.0000   23.8256   15.2521
321.0000   102.0000   46.0444   7.5645
322.0000   59.0000   29.9824   34.4989
323.0000   120.0000   32.8934   29.4111
324.0000   114.0000   10.3075   43.7980
325.0000   68.0000   19.8440   46.0714
326.0000   45.0000   48.0085   4.1877
327.0000   110.0000   44.6093   2.6656
328.0000   61.0000   48.4138   34.1649
329.0000   112.0000   31.5710   33.5034
330.0000   84.0000   24.1881   16.5742
331.0000   72.0000   25.7758   1.7342
332.0000   120.0000   16.3120   2.1432
333.0000   97.0000   18.1776   13.1082
334.0000   120.0000   4.1543   11.5926
335.0000   118.0000   49.9757   10.1565
336.0000   72.0000   43.2327   48.3903
337.0000   73.0000   14.8993   15.2798
338.0000   53.0000   21.1917   48.9151
339.0000   109.0000   20.0906   21.9602
340.0000   104.0000   0.3606   33.4302
341.0000   84.0000   3.9304   47.3258
342.0000   75.0000   4.8046   8.8177
343.0000   34.0000   46.9006   21.3259
344.0000   36.0000   22.3702   14.0110
345.0000   33.0000   31.2967   15.3620
346.0000   41.0000   5.7316   14.5955
347.0000   92.0000   2.2889   27.7734
348.0000   89.0000   18.6539   39.3930
349.0000   48.0000   47.8419   45.3955
350.0000   73.0000   48.2662   15.5372
351.0000   66.0000   3.2581   42.3871
352.0000   71.0000   19.2338   24.9535
353.0000   57.0000   5.0879   4.5718
354.0000   119.0000   37.3035   44.0494
355.0000   104.0000   1.2747   43.9581
356.0000   62.0000   9.1781   28.2761
357.0000   97.0000   35.1393   38.8931
358.0000   104.0000   45.9782   0.6242
359.0000   92.0000   49.3420   12.1466
360.0000   45.0000   15.1953   33.7398
361.0000   83.0000   13.6386   30.8410
362.0000   67.0000   25.5695   20.9940
363.0000   52.0000   14.7153   17.6901
364.0000   41.0000   1.1913   35.5990
365.0000   107.0000   24.7658   30.4066
366.0000   114.0000   6.3416   18.6310
367.0000   30.0000   28.0090   35.7130
368.0000   63.0000   3.5442   48.0064
369.0000   63.0000   15.7698   22.0201
370.0000   54.0000   22.4122   25.1466
371.0000   68.0000   17.4642   6.2438
372.0000   106.0000   26.3181   5.7577
373.0000   78.0000   10.0110   25.0149
374.0000   70.0000   42.9241   35.9553
375.0000   108.0000   3.5998   16.8229
376.0000   95.0000   45.4197   30.6945
377.0000   99.0000   28.1099   33.3412
378.0000   40.0000   21.0588   40.7287
379.0000   61.0000   28.8389   19.1879
380.0000   106.0000   21.7356   43.5436
381.0000   47.0000   18.8199   10.1799
382.0000   59.0000   6.0265   31.3052
383.0000   38.0000   27.3595   8.5691
384.0000   63.0000   36.6085   23.0856
385.0000   40.0000   6.1875   32.7168
386.0000   100.0000   22.9734   44.7104
387.0000   42.0000   26.8103   5.9307
388.0000   114.0000   34.1326   45.3218
389.0000   55.0000   7.9745   8.5093
390.0000   83.0000   19.0841   13.6841
391.0000   46.0000   20.2786   25.7790
392.0000   114.0000   15.2240   26.3467
393.0000   72.0000   42.1080   6.2366
394.0000   109.0000   12.6493   32.8942
395.0000   51.0000   25.1196   20.8283
396.0000   85.0000   6.9312   30.9936
397.0000   115.0000   36.9733   47.6745
398.0000   54.0000   44.8894   26.3143
399.0000   99.0000   47.3249   16.1430
400.0000   111.0000   48.8443   13.5741
401.0000   62.0000   25.9709   25.9888
402.0000   70.0000   19.8987   28.5786
403.0000   117.0000   44.0789   15.1362
404.0000   98.0000   9.9244   13.1730
405.0000   113.0000   18.4296   1.4582
406.0000   99.0000   34.1461   4.9385
407.0000   100.0000   12.4685   48.4066
408.0000   102.0000   49.9769   9.6174
409.0000   65.0000   23.8845   42.0356
410.0000   107.0000   4.6769   22.8158
411.0000   112.0000   24.7671   36.7880
412.0000   59.0000   40.3315   34.4236
413.0000   87.0000   47.7618   3.7452
414.0000   111.0000   7.7706   9.5233
415.0000   93.0000   22.0731   8.0250
416.0000   117.0000   22.7395   36.1033
417.0000   32.0000   15.0621   30.4583
418.0000   99.0000   49.9638   25.6782
419.0000   60.0000   0.6586   27.4811
420.0000   43.0000   4.0128   40.4317
421.0000   103.0000   27.8528   17.7595
422.0000   32.0000   17.2684   41.0286
423.0000   101.0000   11.0116   2.6083
424.0000   116.0000   1.5773   7.4321
425.0000   41.0000   30.6577   35.5847
