0.0000   0.0000   0.0000   0.0000
1.0000   107.0000   43.9263   12.2519
2.0000   137.0000   31.5557   7.9751
3.0000   103.0000   1.5172   19.1893
4.0000   60.0000   18.5991   40.6072
5.0000   99.0000   0.2047   14.3415
6.0000   112.0000   28.1254   41.9635
7.0000   145.0000   34.8665   16.3939
8.0000   117.0000   41.7254   4.6324
9.0000   71.0000   12.9121   15.5848
10.0000   124.0000   18.4881   21.6966
11.0000   119.0000   13.0244   29.0237
12.0000   135.0000   47.4752   35.7786
13.0000   106.0000   45.9678   6.2717
14.0000   96.0000   23.9419   32.0711
15.0000   64.0000   2.2146   46.4864
16.0000   65.0000   24.3413   6.9021
17.0000   75.0000   44.2965   31.3492
18.0000   137.0000   22.9094   4.0414
19.0000   147.0000   42.7751   9.2609
20.0000   81.0000   11.8517   18.6485
21.0000   95.0000   32.5135   37.9990
22.0000   123.0000   26.0164   46.1905
23.0000   85.0000   31.5113   43.4515
24.0000   84.0000   46.9982   3.5162
25.0000   138.0000   3.6339   1.8470
26.0000   86.0000   36.4533   24.8138
27.0000   147.0000   32.2331   0.4359
28.0000   89.0000   35.8372   46.4164
29.0000   150.0000   42.5631   33.3396
30.0000   65.0000   13.6595   5.4467
31.0000   84.0000   28.1814   20.5631
32.0000   131.0000   3.9021   39.1388
33.0000   84.0000   7.3751   47.0572
34.0000   73.0000   33.1561   14.9894
35.0000   113.0000   32.0185   4.2070
36.0000   117.0000   48.8714   18.7619
37.0000   93.0000   20.3854   23.4471
38.0000   103.0000   5.2191   46.1936
39.0000   100.0000   5.7105   6.3179
40.0000   130.0000   27.2091   21.1208
41.0000   144.0000   15.6075   44.8737
42.0000   101.0000   41.2020   29.1710
43.0000   120.0000   0.5951   10.9289
44.0000   131.0000   43.1101   36.7917
45.0000   76.0000   0.3663   17.1441
46.0000   140.0000   40.4045   28.5039
47.0000   145.0000   25.4390   41.7445
48.0000   78.0000   41.0951   30.5715
49.0000   148.0000   14.3663   5.1115
50.0000   107.0000   28.8946   31.9747
51.0000   111.0000   25.7131   12.5311
52.0000   99.0000   25.9150   36.4392
53.0000   140.0000   2.3169   28.7003
54.0000   89.0000   45.4258   3.0804
55.0000   60.0000   40.1107   25.4783
56.0000   131.0000   29.2852   17.6650
57.0000   77.0000   23.1360   49.0969
58.0000   62.0000   20.6350   6.3230
59.0000   135.0000   44.4537   23.5534
60.0000   141.0000   35.1870   22.4061
61.0000   130.0000   39.4320   30.9170
62.0000   117.0000   25.8897   49.2253
63.0000   137.0000   18.2811   45.0292
64.0000   78.0000   35.6268   46.9329
65.0000   106.0000   43.5035   33.9713
66.0000   68.0000   48.1569   16.4091
67.0000   110.0000   27.6985   40.9199
68.0000   135.0000   43.6752   48.2165
69.0000   138.0000   1.0090   45.0769
70.0000   110.0000   9.4675   27.5436
71.0000   138.0000   38.2241   18.8457
72.0000   64.0000   37.5562   8.5484
73.0000   117.0000   27.5230   4.2658
74.0000   146.0000   37.3151   42.7399
75.0000   109.0000   14.7643   36.1682
76.0000   110.0000   29.4871   33.5710
77.0000   129.0000   30.6274   13.0308
78.0000   137.0000   30.0291   21.2687
79.0000   91.0000   31.4689   29.8390
80.0000   146.0000   45.6817   36.1626
81.0000   86.0000   32.4364   10.6640
82.0000   130.0000   12.8810   32.5055
83.0000   140.0000   22.3265   25.0468
84.0000   102.0000   8.9886   20.1241
85.0000   135.0000   8.9845   29.3916
86.0000   126.0000   16.8126   29.5088
87.0000   112.0000   16.9530   34.1662
88.0000   77.0000   2.8243   21.9367
89.0000   110.0000   38.8617   24.6281
90.0000   143.0000   26.1301   48.6709
91.0000   140.0000   6.5621   30.0171
92.0000   145.0000   37.0944   46.0104
93.0000   128.0000   17.1124   38.2794
94.0000   75.0000   37.3395   2.4688
95.0000   104.0000   48.5174   7.1588
96.0000   83.0000   14.6663   28.2613
97.0000   72.0000   7.5518   34.8866
98.0000   113.0000   45.7975   33.0862
99.0000   111.0000   40.4837   9.0092
100.0000   90.0000   34.1176   20.0808
101.0000   90.0000   38.2262   20.3361
102.0000   85.0000   14.5076   26.2234
103.0000   99.0000   13.7757   16.0097
104.0000   87.0000   38.9117   11.0608
105.0000   129.0000   40.0446   2.4952
106.0000   91.0000   1.0138   36.8401
107.0000   93.0000   49.4333   47.7801
108.0000   136.0000   20.9151   37.8099
109.0000   112.0000   40.0799   25.8780
110.0000   115.0000   7.2908   12.2010
111.0000   114.0000   36.6357   22.6135
112.0000   77.0000   15.0925   12.2327
113.0000   145.0000   42.9530   10.1530
114.0000   123.0000   32.0172   29.7495
115.0000   69.0000   19.6681   10.3114
116.0000   97.0000   45.3343   49.3830
117.0000   73.0000   15.8146   21.5834
118.0000   90.0000   19.0571   43.0516
119.0000   93.0000   30.2600   43.5486
120.0000   98.0000   32.8869   18.1104
121.0000   128.0000   16.9499   27.9338
122.0000   125.0000   25.0442   45.8025
123.0000   103.0000   12.6725   9.8470
124.0000   106.0000   13.2209   3.2379
125.0000   75.0000   9.9727   4.8906
126.0000   71.0000   35.6187   24.9781
127.0000   82.0000   45.1760   41.2456
128.0000   78.0000   9.5325   22.5916
129.0000   131.0000   11.0660   35.6894
130.0000   72.0000   4.1299   44.3728
131.0000   136.0000   5.1629   16.9739
132.0000   146.0000   5.7814   20.0497
133.0000   111.0000   10.5902   26.0517
134.0000   99.0000   48.7449   22.1187
135.0000   86.0000   39.0151   10.1504
136.0000   149.0000   19.1254   27.1944
137.0000   86.0000   16.5176   14.5220
138.0000   132.0000   24.7403   34.3279
139.0000   85.0000   1.8510   26.4260
140.0000   105.0000   26.3802   6.9902
141.0000   61.0000   0.9791   28.9094
142.0000   132.0000   26.7112   17.1082
143.0000   140.0000   26.8860   9.4672
144.0000   129.0000   13.1541   48.5922
145.0000   81.0000   25.6717   47.4907
146.0000   145.0000   18.4848   47.7802
147.0000   108.0000   4.4308   41.8281
148.0000   69.0000   16.0310   23.5370
149.0000   118.0000   16.5047   44.3429
150.0000   82.0000   21.0530   42.2127
151.0000   104.0000   38.6176   24.1954
152.0000   125.0000   32.5890   45.7768
153.0000   101.0000   1.7310   46.3546
154.0000   114.0000   23.6384   10.2447
155.0000   140.0000   24.6522   45.7784
156.0000   108.0000   36.0194   45.4938
157.0000   124.0000   8.4714   47.5907
158.0000   144.0000   4.2996   42.9776
159.0000   138.0000   22.7753   28.1756
160.0000   141.0000   35.1103   22.1990
161.0000   75.0000   13.2163   31.2830
162.0000   129.0000   6.3986   1.9049
163.0000   131.0000   49.7189   7.2167
164.0000   147.0000   19.6374   6.4706
165.0000   103.0000   3.7028   26.2189
166.0000   79.0000   0.4153   46.7384
167.0000   73.0000   8.7697   26.9947
168.0000   138.0000   2.7535   13.3561
169.0000   75.0000   20.7733   20.6677
170.0000   69.0000   0.2291   37.3896
171.0000   124.0000   9.7341   40.6866
172.0000   84.0000   31.2220   44.4551
173.0000   111.0000   13.2012   28.2832
174.0000   111.0000   39.9991   8.6962
175.0000   145.0000   2.2733   42.1850
176.0000   69.0000   6.1393   12.5830
177.0000   104.0000   17.3632   42.5657
178.0000   119.0000   15.9787   19.0139
179.0000   107.0000   45.8996   29.3790
180.0000   134.0000   13.0461   21.6203
181.0000   66.0000   45.7009   5.1075
182.0000   88.0000   6.3878   2.3175
183.0000   94.0000   29.5030   2.4163
184.0000   95.0000   27.2930   37.6901
185.0000   141.0000   40.0624   35.4391
186.0000   84.0000   39.6772   14.3868
187.0000   133.0000   32.2314   27.0030
188.0000   97.0000   20.1154   31.6507
189.0000   109.0000   35.2043   8.2365
190.0000   137.0000   1.6319   6.3530
191.0000   141.0000   42.1268   16.4326
192.0000   72.0000   30.4039   34.2909
193.0000   115.0000   37.3542   15.2832
194.0000   144.0000   16.1136   14.8916
195.0000   149.0000   48.6865   48.4547
196.0000   65.0000   34.0806   37.2605
197.0000   105.0000   14.2533   38.7470
198.0000   66.0000   43.2897   33.9776
199.0000   70.0000   38.1077   41.2355
200.0000   102.0000   2.5829   25.4257
201.0000   122.0000   1.7275   41.4900
202.0000   112.0000   18.5898   39.8788
203.0000   74.0000   43.4899   4.8745
204.0000   119.0000   17.2413   33.0092
205.0000   82.0000   15.6816   2.4260
206.0000   61.0000   9.4663   4.4574
207.0000   62.0000   40.8155   40.2902
208.0000   69.0000   45.0115   26.0491
209.0000   145.0000   42.0869   30.3919
210.0000   67.0000   6.5087   48.7910
211.0000   92.0000   38.2126   45.5387
212.0000   75.0000   49.3073   23.3260
213.0000   131.0000   12.8788   20.4844
214.0000   97.0000   33.8951   19.8023
215.0000   65.0000   20.1317   17.5309
216.0000   77.0000   24.9183   2.2653
217.0000   149.0000   48.5037   40.0023
218.0000   98.0000   28.7465   48.8945
219.0000   84.0000   38.6798   9.9996
220.0000   84.0000   21.8671   30.8604
221.0000   150.0000   4.4464   37.2824
222.0000   89.0000   41.9911   43.3690
223.0000   85.0000   34.8355   41.5064
224.0000   62.0000   47.6965   28.0846
225.0000   121.0000   7.1167   12.2975
226.0000   139.0000   45.5722   11.2112
227.0000   91.0000   26.5503   20.0920
228.0000   133.0000   36.9180   38.7721
229.0000   94.0000   1.6732   45.3444
230.0000   122.0000   4.1216   33.2619
231.0000   96.0000   23.9300   11.3579
232.0000   139.0000   28.2962   24.4246
233.0000   134.0000   39.3161   2.1753
234.0000   104.0000   4.7559   19.9401
235.0000   74.0000   13.3504   26.0002
236.0000   97.0000   23.3500   1.9235
237.0000   76.0000   19.2975   48.3821
238.0000   95.0000   37.3971   26.2188
239.0000   128.0000   1.0496   22.9621
240.0000   100.0000   29.4080   18.3512
241.0000   132.0000   39.2802   46.8694
242.0000   63.0000   17.9349   5.5737
243.0000   130.0000   32.8724   16.4084
244.0000   87.0000   2.8040   37.1176
245.0000   66.0000   14.4151   41.7627
246.0000   134.0000   13.8813   21.7159
247.0000   92.0000   6.3903   44.5705
248.0000   80.0000   22.2474   6.7673
249.0000   142.0000   1.7979   12.1548
250.0000   144.0000   16.5232   35.3358
