0.0000   0.0000   0.0000   0.0000
1.0000   88.0000   2.9693   68.6649
2.0000   78.0000   59.9872   46.0217
3.0000   38.0000   76.4150   16.2576
4.0000   95.0000   1.7206   31.2130
5.0000   71.0000   41.9129   19.5848
6.0000   81.0000   29.0741   99.2986
7.0000   84.0000   3.0254   74.5329
8.0000   115.0000   94.2180   82.3023
9.0000   86.0000   0.4813   7.1886
10.0000   91.0000   13.9663   67.1899
11.0000   103.0000   43.6214   13.7796
12.0000   61.0000   31.0026   51.7230
13.0000   120.0000   97.9924   71.4155
14.0000   41.0000   62.4308   69.5971
15.0000   98.0000   32.0041   2.6676
16.0000   39.0000   32.7153   92.0545
17.0000   83.0000   97.8854   4.9455
18.0000   66.0000   41.7664   29.0016
19.0000   73.0000   50.5287   49.4681
20.0000   110.0000   37.4768   37.4009
21.0000   111.0000   99.2491   7.5679
22.0000   117.0000   29.0565   97.1544
23.0000   44.0000   85.9346   21.2679
24.0000   80.0000   30.2605   7.3729
25.0000   84.0000   47.5411   30.3385
