0.0000   0.0000   50.0000   50.0000
1.0000   26.0000   63.5381   7.8373
2.0000   81.0000   56.8379   97.2989
3.0000   64.0000   71.8808   91.1340
4.0000   67.0000   29.3396   7.4375
5.0000   29.0000   49.9527   25.5600
6.0000   64.0000   16.2904   30.6033
7.0000   110.0000   65.2092   62.6292
8.0000   32.0000   96.7242   96.1170
9.0000   72.0000   26.8938   73.9406
10.0000   64.0000   41.4421   83.9574
11.0000   46.0000   64.2502   25.8852
12.0000   56.0000   17.5761   59.5044
13.0000   75.0000   21.7254   31.7376
14.0000   30.0000   93.1701   41.4474
15.0000   104.0000   53.6885   73.7684
16.0000   113.0000   42.2091   81.0263
17.0000   96.0000   74.8179   36.7453
18.0000   30.0000   8.9382   21.0333
19.0000   75.0000   53.3068   92.2053
20.0000   92.0000   38.1935   98.8478
21.0000   111.0000   4.8409   76.8383
22.0000   117.0000   72.1365   15.3962
23.0000   31.0000   5.6654   14.2823
24.0000   97.0000   97.9901   22.6294
25.0000   16.0000   64.0855   50.1786
26.0000   108.0000   68.3395   73.0720
27.0000   61.0000   80.5726   52.7765
28.0000   74.0000   72.3133   31.5648
29.0000   35.0000   89.6291   13.3622
30.0000   86.0000   54.4337   32.4357
31.0000   90.0000   88.0974   64.7185
32.0000   37.0000   80.3623   2.2765
33.0000   14.0000   42.1994   15.4133
34.0000   70.0000   35.8857   57.4136
35.0000   90.0000   87.9248   59.2930
36.0000   33.0000   5.1424   32.7958
37.0000   53.0000   99.2422   52.8894
38.0000   46.0000   94.0899   28.3674
39.0000   40.0000   1.5554   67.4856
40.0000   30.0000   4.1360   59.9267
41.0000   71.0000   52.2224   33.3069
42.0000   39.0000   83.0167   42.7773
43.0000   33.0000   56.9407   48.8222
44.0000   73.0000   5.1518   27.9392
45.0000   11.0000   20.6001   12.9570
46.0000   30.0000   11.8963   2.8184
47.0000   28.0000   85.9558   69.7230
48.0000   28.0000   25.2340   61.6671
49.0000   28.0000   51.4168   48.0929
50.0000   41.0000   94.2011   28.5790
51.0000   106.0000   7.4498   19.4265
52.0000   73.0000   96.2805   36.6378
53.0000   18.0000   82.2780   48.0502
54.0000   14.0000   87.3485   90.2435
55.0000   26.0000   43.7175   80.1259
56.0000   78.0000   2.8431   42.8692
57.0000   45.0000   9.8650   3.2157
58.0000   82.0000   77.2917   59.0164
59.0000   27.0000   4.4338   94.0747
60.0000   52.0000   7.7281   69.9062
61.0000   99.0000   66.1009   83.5028
62.0000   100.0000   53.0729   31.3003
63.0000   31.0000   99.5970   26.6685
64.0000   57.0000   99.1889   77.8038
65.0000   111.0000   37.6923   8.1146
66.0000   13.0000   10.7640   96.0195
67.0000   80.0000   98.3820   95.3859
68.0000   23.0000   90.6734   26.4027
69.0000   105.0000   96.1355   19.4486
70.0000   90.0000   70.1181   98.9679
71.0000   31.0000   22.7524   57.0090
72.0000   102.0000   86.4901   18.6676
73.0000   32.0000   47.7238   36.8343
74.0000   79.0000   14.8953   52.6954
75.0000   65.0000   67.3544   43.1853
76.0000   22.0000   58.7083   6.5212
77.0000   68.0000   78.8365   47.5833
78.0000   86.0000   53.0790   26.3304
79.0000   113.0000   16.6214   31.0705
80.0000   90.0000   37.0797   99.4950
81.0000   105.0000   59.2637   33.6169
82.0000   106.0000   10.6710   71.1657
83.0000   31.0000   8.5570   65.9626
84.0000   112.0000   83.3211   77.4183
85.0000   36.0000   57.3709   91.7297
86.0000   24.0000   96.2126   58.7826
87.0000   27.0000   60.0996   78.7388
88.0000   42.0000   23.8047   77.5579
89.0000   61.0000   80.0662   38.7952
90.0000   55.0000   76.8174   19.3463
91.0000   13.0000   47.8433   75.0561
92.0000   90.0000   23.5006   57.7441
93.0000   60.0000   29.3816   34.0185
94.0000   59.0000   49.8329   43.0052
95.0000   67.0000   11.1945   63.2512
96.0000   86.0000   30.9939   23.8010
97.0000   106.0000   18.3456   48.5343
98.0000   62.0000   77.9606   9.5319
99.0000   34.0000   75.7955   76.1013
100.0000   39.0000   76.7022   14.3893
101.0000   98.0000   86.6158   98.0182
102.0000   26.0000   16.0871   55.0665
103.0000   61.0000   92.0946   33.3522
104.0000   117.0000   20.7919   67.9514
105.0000   38.0000   96.7686   35.7969
106.0000   74.0000   11.3690   37.1339
107.0000   64.0000   46.8466   85.1154
108.0000   38.0000   8.7609   50.2556
109.0000   10.0000   82.0997   87.8398
110.0000   63.0000   98.6968   97.3254
111.0000   86.0000   26.1243   14.7908
112.0000   11.0000   27.5151   72.9983
113.0000   42.0000   20.0774   55.2914
114.0000   112.0000   61.1219   36.4375
115.0000   43.0000   59.7513   34.6927
116.0000   115.0000   58.2133   4.3663
117.0000   107.0000   48.2257   67.5827
118.0000   120.0000   19.2156   62.3294
119.0000   87.0000   17.0535   80.1116
120.0000   95.0000   32.1671   38.8882
121.0000   89.0000   38.0868   60.1009
122.0000   73.0000   26.7600   41.6342
123.0000   23.0000   8.3356   70.8584
124.0000   16.0000   91.9452   20.7949
125.0000   73.0000   1.7049   9.1412
126.0000   103.0000   57.9064   22.0462
127.0000   112.0000   83.0697   99.1728
128.0000   36.0000   52.3320   4.3216
129.0000   42.0000   17.6875   80.2112
130.0000   93.0000   13.5478   15.8011
131.0000   115.0000   47.5926   2.5318
132.0000   99.0000   85.1405   22.7163
133.0000   52.0000   50.9406   29.3991
134.0000   102.0000   70.3963   15.5113
135.0000   106.0000   27.2856   0.7267
136.0000   63.0000   81.5682   63.7825
137.0000   90.0000   37.2209   82.7929
138.0000   16.0000   80.8523   17.4037
139.0000   37.0000   65.8456   51.3719
140.0000   87.0000   10.9875   67.2732
141.0000   67.0000   87.1471   30.7234
142.0000   88.0000   41.7110   32.6466
143.0000   84.0000   41.0017   42.1474
144.0000   78.0000   33.2341   9.5709
145.0000   116.0000   48.8294   51.4759
146.0000   117.0000   84.5732   77.3114
147.0000   35.0000   65.2346   70.5756
148.0000   48.0000   36.1630   64.4402
149.0000   72.0000   7.4532   65.8406
150.0000   31.0000   49.3684   67.4478
151.0000   45.0000   53.7400   46.5492
152.0000   72.0000   87.4259   52.8710
153.0000   32.0000   65.4272   31.8669
154.0000   76.0000   9.3857   77.8170
155.0000   44.0000   49.9111   8.6675
156.0000   94.0000   71.0154   63.0061
157.0000   27.0000   27.6546   67.5739
158.0000   26.0000   9.0371   31.7156
159.0000   62.0000   50.0023   27.1960
160.0000   65.0000   7.0918   22.7729
161.0000   51.0000   50.2536   2.1402
162.0000   54.0000   80.1266   88.9649
163.0000   95.0000   85.4795   70.5738
164.0000   47.0000   56.8329   6.4155
165.0000   45.0000   79.2027   2.9690
166.0000   76.0000   93.6757   39.2197
167.0000   59.0000   11.1755   99.3512
168.0000   26.0000   65.3731   8.2274
169.0000   105.0000   72.6109   38.0092
170.0000   24.0000   3.8312   52.0693
171.0000   101.0000   2.6817   72.1005
172.0000   103.0000   31.8340   22.5718
173.0000   92.0000   82.8407   34.0725
174.0000   99.0000   69.4814   87.4877
175.0000   38.0000   40.2862   66.7523
176.0000   90.0000   56.5392   43.0669
177.0000   42.0000   45.4679   42.9136
178.0000   30.0000   10.3432   13.8853
179.0000   11.0000   18.9994   70.7126
180.0000   50.0000   98.2048   81.1491
181.0000   63.0000   96.1209   46.0267
182.0000   16.0000   18.3168   14.7791
183.0000   68.0000   88.3132   7.1157
184.0000   69.0000   11.9257   1.3954
185.0000   71.0000   54.2656   26.3224
186.0000   31.0000   24.0799   51.1085
187.0000   113.0000   27.7683   24.8272
188.0000   37.0000   5.3338   2.7086
189.0000   85.0000   85.4353   50.9260
190.0000   73.0000   74.2491   51.0201
191.0000   101.0000   51.3387   16.2157
192.0000   62.0000   38.8773   99.0444
193.0000   56.0000   71.0209   25.3282
194.0000   87.0000   57.2392   83.1558
195.0000   52.0000   52.2998   41.0042
196.0000   52.0000   70.8444   70.1242
197.0000   55.0000   73.6285   67.7211
198.0000   34.0000   6.1656   46.4768
199.0000   72.0000   54.2144   92.2783
200.0000   47.0000   32.2119   70.8773
201.0000   107.0000   80.0679   35.9583
202.0000   89.0000   86.6649   18.3638
203.0000   15.0000   19.3406   1.8721
204.0000   25.0000   26.6063   85.4374
205.0000   94.0000   94.6092   21.1343
206.0000   78.0000   63.9283   42.9746
207.0000   62.0000   18.5002   78.4984
208.0000   120.0000   79.6766   83.0616
209.0000   106.0000   76.7729   56.9542
210.0000   102.0000   35.6723   24.8102
211.0000   21.0000   38.4799   7.9297
212.0000   73.0000   92.3977   30.8642
213.0000   66.0000   9.9672   48.2683
214.0000   27.0000   97.5431   79.7208
215.0000   91.0000   43.0674   10.6286
216.0000   17.0000   26.8933   51.9241
217.0000   100.0000   39.2502   74.6928
218.0000   63.0000   29.5722   33.9268
219.0000   72.0000   99.6464   32.2253
220.0000   53.0000   47.8480   23.2642
221.0000   111.0000   26.4412   33.7911
222.0000   120.0000   49.6751   85.5895
223.0000   84.0000   25.6744   4.8100
224.0000   22.0000   97.8477   13.0585
225.0000   46.0000   22.0967   59.8332
226.0000   108.0000   51.0836   39.8042
227.0000   37.0000   12.3438   44.9940
228.0000   100.0000   88.6016   56.5964
229.0000   73.0000   30.7872   80.3564
230.0000   59.0000   70.8270   51.0475
231.0000   104.0000   8.2907   81.7564
232.0000   93.0000   39.5754   24.4705
233.0000   106.0000   29.0361   35.0963
234.0000   43.0000   54.2560   78.8020
235.0000   71.0000   41.2320   65.9911
236.0000   112.0000   55.4614   67.7970
237.0000   118.0000   22.5005   23.9111
238.0000   41.0000   38.6775   11.5562
239.0000   118.0000   86.5686   46.7806
240.0000   107.0000   76.2932   16.1712
241.0000   45.0000   40.1489   14.7483
242.0000   63.0000   24.3814   77.7637
243.0000   62.0000   98.5790   50.8585
244.0000   77.0000   95.4846   65.8002
245.0000   65.0000   99.3433   39.1456
246.0000   86.0000   54.0611   30.2971
247.0000   87.0000   41.6864   65.5853
248.0000   108.0000   16.9015   27.2232
249.0000   14.0000   25.3541   36.1008
250.0000   89.0000   10.2202   36.3819
251.0000   24.0000   65.2977   64.3543
252.0000   65.0000   71.9532   28.2163
253.0000   54.0000   40.5932   41.8744
254.0000   73.0000   75.5774   32.6160
255.0000   110.0000   23.4675   6.4049
256.0000   109.0000   61.3073   80.4254
257.0000   97.0000   40.6397   80.7385
258.0000   26.0000   49.4682   78.2879
259.0000   47.0000   15.4887   95.7294
260.0000   107.0000   99.6929   35.2517
261.0000   79.0000   20.1863   63.2008
262.0000   17.0000   45.4596   9.8341
263.0000   47.0000   75.8848   4.3527
264.0000   95.0000   58.6506   54.7031
265.0000   78.0000   46.8956   93.6703
266.0000   86.0000   67.7496   86.3746
267.0000   116.0000   91.8761   28.2628
268.0000   68.0000   93.3447   94.2798
269.0000   71.0000   91.1065   9.7711
270.0000   69.0000   32.3283   44.5265
271.0000   79.0000   19.4483   91.3291
272.0000   107.0000   52.4751   3.8107
273.0000   25.0000   28.0276   57.0167
274.0000   120.0000   58.5060   1.5417
275.0000   45.0000   49.7023   68.6802
276.0000   40.0000   39.9554   42.3366
277.0000   24.0000   25.8575   76.3585
278.0000   99.0000   83.6957   94.5628
279.0000   94.0000   48.4142   4.0633
280.0000   102.0000   59.0252   56.2030
281.0000   32.0000   4.2002   24.1162
282.0000   90.0000   82.1521   84.2424
283.0000   120.0000   49.0255   69.9004
284.0000   56.0000   22.1555   41.5434
285.0000   38.0000   88.9253   49.6066
286.0000   20.0000   29.9392   48.3509
287.0000   31.0000   69.7180   10.0305
288.0000   115.0000   8.5078   78.8316
289.0000   25.0000   47.7436   29.4546
290.0000   104.0000   78.0370   66.6915
291.0000   108.0000   26.7861   89.7806
292.0000   116.0000   46.2235   65.6732
293.0000   112.0000   20.3931   69.6336
294.0000   15.0000   20.1540   77.6551
295.0000   113.0000   90.1312   84.8383
296.0000   74.0000   52.1805   87.8035
297.0000   15.0000   95.3770   60.8344
298.0000   105.0000   20.2111   8.5770
299.0000   92.0000   87.0851   83.3045
300.0000   63.0000   90.2051   15.8546
301.0000   94.0000   26.3098   65.7241
302.0000   81.0000   77.4718   20.2181
303.0000   36.0000   55.2317   0.8575
304.0000   85.0000   12.1812   19.3283
305.0000   31.0000   53.9027   44.5313
306.0000   11.0000   96.2040   92.5915
307.0000   38.0000   24.1127   62.6464
308.0000   25.0000   14.9655   68.1456
309.0000   74.0000   57.7699   81.9038
310.0000   54.0000   2.2000   2.8566
311.0000   78.0000   8.2469   76.7905
312.0000   73.0000   65.8765   84.1909
313.0000   83.0000   6.1110   28.6190
314.0000   20.0000   19.6253   22.5304
315.0000   71.0000   34.9279   94.1785
316.0000   104.0000   72.1324   98.8734
317.0000   15.0000   83.6836   57.3429
318.0000   37.0000   33.3279   80.7158
319.0000   107.0000   44.1608   15.6023
320.0000   73.0000   56.2660   37.6272
321.0000   44.0000   55.2801   19.4652
322.0000   26.0000   71.1194   82.6336
323.0000   114.0000   26.5644   7.5147
324.0000   47.0000   3.3500   9.0989
325.0000   12.0000   68.6528   47.6620
326.0000   50.0000   99.1415   52.2970
327.0000   36.0000   98.8619   96.8409
328.0000   28.0000   77.5293   35.2898
329.0000   120.0000   95.7738   48.4318
330.0000   13.0000   34.2610   24.6856
331.0000   25.0000   25.3974   14.5411
332.0000   107.0000   85.1231   78.8647
333.0000   52.0000   29.7128   10.2322
334.0000   115.0000   34.9273   64.4459
335.0000   72.0000   78.7941   93.8659
336.0000   42.0000   10.4044   8.4694
337.0000   111.0000   18.6433   41.2624
338.0000   45.0000   27.1975   17.3384
339.0000   16.0000   76.4456   19.7329
340.0000   67.0000   94.5666   44.8480
341.0000   78.0000   17.4912   44.4232
342.0000   16.0000   7.8032   64.2550
343.0000   44.0000   91.0673   33.0065
344.0000   103.0000   90.1692   77.5554
345.0000   85.0000   25.5908   25.7040
346.0000   85.0000   60.8704   33.8122
347.0000   92.0000   57.2484   61.8408
348.0000   39.0000   30.6918   26.0381
349.0000   83.0000   25.6655   30.2005
350.0000   24.0000   94.8726   4.6971
351.0000   116.0000   53.4366   76.5546
352.0000   88.0000   54.6707   56.5812
353.0000   105.0000   3.6521   63.0294
354.0000   120.0000   68.4727   33.2935
355.0000   86.0000   31.8259   10.3803
356.0000   59.0000   10.4100   51.1906
357.0000   72.0000   90.8304   23.4140
358.0000   20.0000   3.4568   18.7080
359.0000   67.0000   69.1645   67.0571
360.0000   69.0000   91.8655   0.0929
361.0000   119.0000   36.5249   75.4802
362.0000   46.0000   11.7245   23.3014
363.0000   10.0000   37.8911   83.1920
364.0000   47.0000   77.8527   64.7774
365.0000   41.0000   35.5041   88.2510
366.0000   39.0000   13.0316   26.4513
367.0000   108.0000   91.5378   77.7493
368.0000   32.0000   84.9762   85.3053
369.0000   115.0000   7.5074   61.8310
370.0000   56.0000   80.1347   46.4789
371.0000   102.0000   64.4573   74.3162
372.0000   46.0000   27.8748   35.5488
373.0000   50.0000   75.7636   82.9746
374.0000   113.0000   24.9405   33.8237
375.0000   61.0000   99.1320   88.5604
376.0000   24.0000   4.9109   18.1004
377.0000   87.0000   79.3223   38.8705
378.0000   19.0000   29.4840   32.9081
379.0000   36.0000   17.3793   99.5054
380.0000   65.0000   78.1488   0.7069
381.0000   49.0000   78.6931   59.3739
382.0000   77.0000   79.4717   55.0392
383.0000   93.0000   62.5072   53.6193
384.0000   52.0000   41.7308   75.3027
385.0000   25.0000   13.2507   22.6769
386.0000   18.0000   77.9433   94.9039
387.0000   111.0000   14.1300   97.4562
388.0000   58.0000   37.9261   85.1188
389.0000   24.0000   20.7307   25.4392
390.0000   18.0000   45.9646   25.1858
391.0000   105.0000   22.5673   17.2665
392.0000   98.0000   5.1677   46.3167
393.0000   12.0000   96.4318   27.7647
394.0000   55.0000   65.5079   64.3983
395.0000   71.0000   87.8912   16.3334
396.0000   81.0000   69.3981   90.9457
397.0000   111.0000   69.4021   82.7319
398.0000   30.0000   73.0443   82.9732
399.0000   25.0000   65.5784   1.8441
400.0000   46.0000   32.4674   21.9008
401.0000   33.0000   83.2693   32.5369
402.0000   29.0000   83.1406   68.6002
403.0000   87.0000   97.2220   70.3840
404.0000   35.0000   96.4500   31.8115
405.0000   76.0000   2.5281   5.6405
406.0000   52.0000   20.5354   17.5242
407.0000   26.0000   85.9481   64.9144
408.0000   82.0000   87.1266   52.1233
409.0000   46.0000   67.5637   78.0928
410.0000   18.0000   27.6263   36.7844
411.0000   117.0000   67.7426   61.8023
412.0000   43.0000   91.1294   48.5454
413.0000   12.0000   90.9843   9.9200
414.0000   113.0000   88.7277   6.2560
415.0000   39.0000   24.1186   21.4107
416.0000   55.0000   14.6366   35.2958
417.0000   100.0000   9.5451   32.8721
418.0000   46.0000   25.0166   0.3732
419.0000   77.0000   49.7136   43.8634
420.0000   61.0000   12.0707   20.8332
421.0000   22.0000   96.3282   73.2432
422.0000   57.0000   67.3467   51.6502
423.0000   79.0000   57.2840   40.4952
424.0000   73.0000   74.1581   99.2661
425.0000   35.0000   91.0182   73.9195
