0.0000   0.0000   0.0000   0.0000
1.0000   127.0000   37.7374   33.0776
2.0000   123.0000   14.8521   42.6400
3.0000   113.0000   33.4898   4.6300
4.0000   127.0000   36.5231   42.7060
5.0000   145.0000   29.5372   21.0062
6.0000   82.0000   15.9160   27.1813
7.0000   131.0000   30.9044   4.9317
8.0000   108.0000   16.7369   43.0557
9.0000   62.0000   30.6549   13.4268
10.0000   134.0000   3.9539   28.0662
11.0000   101.0000   30.1776   44.1773
12.0000   71.0000   6.6570   18.6976
13.0000   115.0000   47.9978   18.7747
14.0000   87.0000   30.8966   41.6872
15.0000   85.0000   17.6368   27.6759
16.0000   91.0000   42.4113   49.7199
17.0000   127.0000   30.3991   23.6356
18.0000   60.0000   36.5821   33.4595
19.0000   98.0000   4.7598   14.6251
20.0000   86.0000   17.9311   29.4855
21.0000   71.0000   33.3568   15.9171
22.0000   70.0000   11.9315   21.9368
23.0000   146.0000   25.5901   48.6935
24.0000   95.0000   41.5583   10.9140
25.0000   100.0000   33.4984   11.2188
26.0000   148.0000   44.7744   22.8785
27.0000   136.0000   39.2893   11.0160
28.0000   131.0000   1.6750   20.9456
29.0000   83.0000   17.2970   19.0253
30.0000   137.0000   14.9217   1.4998
31.0000   113.0000   26.9391   6.9552
32.0000   142.0000   8.8783   30.2265
33.0000   86.0000   2.4812   27.2581
34.0000   132.0000   41.9886   43.4950
35.0000   100.0000   34.9414   28.4053
36.0000   119.0000   17.3407   13.6390
37.0000   81.0000   7.8340   24.6977
38.0000   114.0000   18.8242   41.2905
39.0000   103.0000   21.2398   0.6709
40.0000   126.0000   23.3828   35.1733
41.0000   135.0000   23.8854   29.6873
42.0000   91.0000   48.6472   40.0954
43.0000   96.0000   26.5051   45.9767
44.0000   145.0000   45.1440   18.2656
45.0000   117.0000   39.9923   19.8501
46.0000   110.0000   4.4006   23.3907
47.0000   94.0000   24.9111   6.1374
48.0000   96.0000   46.6450   41.7853
49.0000   93.0000   34.6084   29.6888
50.0000   131.0000   20.9611   45.8537
51.0000   104.0000   18.5624   17.4876
52.0000   149.0000   34.0436   2.3016
53.0000   116.0000   16.5152   10.8388
54.0000   104.0000   19.6469   40.2079
55.0000   74.0000   14.4192   42.2097
56.0000   119.0000   1.7916   18.4578
57.0000   140.0000   41.6037   23.8669
58.0000   71.0000   3.5244   8.0351
59.0000   74.0000   14.0624   44.3706
60.0000   85.0000   2.4440   31.2721
61.0000   78.0000   14.1636   39.7070
62.0000   89.0000   46.4756   21.4611
63.0000   127.0000   19.4513   42.1907
64.0000   77.0000   23.0524   40.7994
65.0000   134.0000   25.6261   8.5992
66.0000   109.0000   36.3676   34.6003
67.0000   133.0000   15.7532   34.8096
68.0000   108.0000   35.0090   37.7406
69.0000   108.0000   13.1117   36.8278
70.0000   111.0000   2.0303   35.2702
71.0000   135.0000   38.3601   2.4321
72.0000   122.0000   26.1108   36.8951
73.0000   140.0000   43.7430   43.3200
74.0000   141.0000   4.7974   49.5238
75.0000   144.0000   40.4768   17.1845
76.0000   74.0000   13.8730   47.8527
77.0000   70.0000   24.3216   3.6998
78.0000   121.0000   14.0052   19.7663
79.0000   75.0000   13.5354   13.9915
80.0000   81.0000   29.4538   17.2044
81.0000   86.0000   46.7396   18.6754
82.0000   105.0000   44.0085   18.2696
83.0000   140.0000   39.7445   37.2223
84.0000   74.0000   3.9532   5.5450
85.0000   77.0000   2.2638   31.6925
86.0000   150.0000   0.9882   48.7879
87.0000   88.0000   5.4391   36.5237
88.0000   94.0000   9.6398   34.2740
89.0000   104.0000   27.6984   29.4889
90.0000   120.0000   35.2641   49.2998
91.0000   67.0000   38.5997   0.1013
92.0000   105.0000   25.6926   47.3902
93.0000   133.0000   19.9499   33.0034
94.0000   133.0000   49.9569   7.6431
95.0000   102.0000   46.3439   19.7076
96.0000   74.0000   33.9422   14.7947
97.0000   124.0000   45.3663   8.0396
98.0000   133.0000   1.1112   37.7133
99.0000   135.0000   40.0416   34.9163
100.0000   126.0000   26.6298   36.9476
101.0000   67.0000   42.1046   36.8818
102.0000   111.0000   6.3097   42.7279
103.0000   94.0000   38.7490   38.2425
104.0000   62.0000   2.7423   49.6439
105.0000   79.0000   48.1285   13.0375
106.0000   96.0000   43.4189   7.0688
107.0000   104.0000   48.2435   35.4179
108.0000   79.0000   30.8870   11.0673
109.0000   88.0000   40.5424   11.1981
110.0000   127.0000   8.0542   18.6542
111.0000   98.0000   17.1755   45.2304
112.0000   129.0000   19.0654   19.0386
113.0000   89.0000   14.2945   0.7660
114.0000   75.0000   34.1026   14.2527
115.0000   99.0000   31.9250   36.2267
116.0000   138.0000   28.8387   32.3221
117.0000   80.0000   22.0135   26.7842
118.0000   86.0000   39.9791   41.6451
119.0000   136.0000   14.2475   21.5172
120.0000   136.0000   37.5298   37.4925
121.0000   109.0000   6.9804   29.5723
122.0000   88.0000   12.2232   0.4582
123.0000   88.0000   20.5564   18.3069
124.0000   129.0000   33.8155   15.2629
125.0000   91.0000   15.6617   27.9934
126.0000   139.0000   6.5448   41.3343
127.0000   143.0000   20.6947   32.0156
128.0000   132.0000   3.3784   40.2789
129.0000   82.0000   39.6650   30.7318
130.0000   98.0000   14.5163   11.8127
131.0000   122.0000   32.2574   16.3385
132.0000   113.0000   12.1410   43.4030
133.0000   119.0000   34.8306   20.7762
134.0000   122.0000   22.0025   34.4138
135.0000   118.0000   33.0798   49.9198
136.0000   129.0000   22.2924   4.0358
137.0000   72.0000   28.9747   26.8882
138.0000   101.0000   42.5117   14.9985
139.0000   94.0000   10.9505   16.5578
140.0000   89.0000   40.2147   43.6300
141.0000   73.0000   34.4943   46.2310
142.0000   147.0000   37.0172   29.7929
143.0000   92.0000   33.9097   4.4525
144.0000   78.0000   13.2449   26.6090
145.0000   88.0000   1.3828   20.3664
146.0000   87.0000   30.1857   44.6848
147.0000   69.0000   5.9633   16.5648
148.0000   84.0000   10.8679   47.4836
149.0000   83.0000   7.8212   8.7519
150.0000   79.0000   45.9730   37.1206
151.0000   105.0000   43.1833   0.7328
152.0000   66.0000   32.0330   38.2903
153.0000   96.0000   25.1194   6.0987
154.0000   108.0000   19.4574   18.3351
155.0000   91.0000   35.1917   7.4083
156.0000   105.0000   48.9195   36.1900
157.0000   85.0000   12.6582   1.0313
158.0000   116.0000   38.6860   13.0922
159.0000   64.0000   24.7847   19.9666
160.0000   82.0000   12.5604   10.9268
161.0000   139.0000   30.6182   49.9314
162.0000   144.0000   23.9335   8.6350
163.0000   68.0000   6.3437   9.4005
164.0000   143.0000   34.4729   45.9910
165.0000   78.0000   41.1590   3.9507
166.0000   98.0000   7.8049   21.4604
167.0000   98.0000   36.5745   48.3845
168.0000   103.0000   0.7494   36.6997
169.0000   86.0000   37.7753   12.0454
170.0000   85.0000   48.2221   36.0857
171.0000   118.0000   6.3692   7.1480
172.0000   101.0000   9.2770   29.6097
173.0000   76.0000   19.1859   2.8550
174.0000   61.0000   32.6257   22.8172
175.0000   134.0000   25.3880   33.4697
176.0000   61.0000   29.6810   32.7330
177.0000   117.0000   23.5311   44.8150
178.0000   71.0000   9.1211   30.8281
179.0000   77.0000   25.3694   30.2643
180.0000   105.0000   9.6432   46.6266
181.0000   128.0000   7.8490   26.0495
182.0000   66.0000   44.9975   20.6329
183.0000   87.0000   0.1877   10.1534
184.0000   96.0000   8.0989   33.1793
185.0000   66.0000   11.6883   15.9389
186.0000   145.0000   35.6084   33.7317
187.0000   62.0000   47.5279   32.1611
188.0000   105.0000   16.2676   23.4696
189.0000   131.0000   35.1443   42.0578
190.0000   126.0000   33.1480   1.0169
191.0000   111.0000   42.7829   5.5539
192.0000   87.0000   8.1212   48.6633
193.0000   98.0000   49.9696   16.5847
194.0000   145.0000   13.9762   10.7853
195.0000   112.0000   17.6581   9.3808
196.0000   77.0000   34.2424   23.0388
197.0000   76.0000   38.2980   38.2754
198.0000   84.0000   22.3296   3.8555
199.0000   122.0000   39.7142   12.3495
200.0000   81.0000   17.3566   21.9638
201.0000   60.0000   30.1426   37.1904
202.0000   106.0000   6.4117   6.3970
203.0000   99.0000   35.5309   18.3728
204.0000   111.0000   0.6159   25.2092
205.0000   101.0000   12.3717   28.2286
206.0000   87.0000   14.0577   43.5016
207.0000   76.0000   46.5165   1.6198
208.0000   114.0000   15.8786   6.9047
209.0000   150.0000   1.8432   20.7009
210.0000   118.0000   9.9299   29.0230
211.0000   61.0000   34.7414   6.1718
212.0000   145.0000   9.1376   27.5772
213.0000   102.0000   3.0394   10.2242
214.0000   143.0000   4.3695   26.8111
215.0000   145.0000   22.3907   35.2399
216.0000   143.0000   17.7465   10.4123
217.0000   94.0000   44.6365   18.8441
218.0000   88.0000   13.6249   22.1833
219.0000   77.0000   25.2746   13.7686
220.0000   147.0000   13.5407   12.9220
221.0000   76.0000   13.2235   6.8381
222.0000   146.0000   41.8413   36.8190
223.0000   62.0000   4.8154   3.1227
224.0000   137.0000   6.8829   21.8059
225.0000   148.0000   42.9644   38.2881
226.0000   65.0000   13.6497   26.1631
227.0000   139.0000   13.2362   7.7132
228.0000   80.0000   34.0124   2.6781
229.0000   133.0000   32.8792   28.1386
230.0000   144.0000   28.2386   17.5016
231.0000   95.0000   14.3251   34.4728
232.0000   65.0000   43.9687   15.1550
233.0000   93.0000   0.6121   22.2091
234.0000   79.0000   21.7748   10.6685
235.0000   125.0000   11.0593   31.1969
236.0000   124.0000   31.0859   24.8808
237.0000   111.0000   20.3345   34.5386
238.0000   85.0000   43.3856   30.2966
239.0000   98.0000   15.0225   15.5204
240.0000   96.0000   1.0460   41.0650
241.0000   104.0000   3.1911   1.0039
242.0000   138.0000   24.1207   39.3164
243.0000   113.0000   17.7714   41.5175
244.0000   92.0000   7.9135   35.0936
245.0000   146.0000   37.2337   2.2311
246.0000   114.0000   42.7609   34.0219
247.0000   134.0000   3.3864   15.2935
248.0000   140.0000   38.5138   38.3828
249.0000   65.0000   27.2364   17.1164
250.0000   148.0000   32.0188   13.3484
251.0000   134.0000   5.5984   43.8905
252.0000   70.0000   25.5589   23.2211
253.0000   82.0000   26.4243   15.5345
254.0000   106.0000   29.4475   14.0779
255.0000   119.0000   5.8495   2.1752
256.0000   147.0000   13.9642   0.4818
257.0000   64.0000   48.4394   7.2993
258.0000   73.0000   48.4739   47.2347
259.0000   115.0000   41.5102   27.7209
260.0000   118.0000   37.9567   15.9401
261.0000   82.0000   47.4060   24.2585
262.0000   131.0000   39.8616   48.3415
263.0000   124.0000   28.2351   41.6378
264.0000   99.0000   21.8692   0.0781
265.0000   72.0000   44.4164   33.6330
266.0000   81.0000   12.2339   43.7977
267.0000   142.0000   32.0659   45.6150
268.0000   85.0000   41.6009   48.0431
269.0000   76.0000   29.4427   43.9921
270.0000   98.0000   37.9711   18.9322
271.0000   125.0000   5.7562   22.2517
272.0000   120.0000   12.6433   33.7633
273.0000   75.0000   13.3139   32.0339
274.0000   140.0000   21.6990   27.0069
275.0000   97.0000   46.1140   1.5418
276.0000   122.0000   1.3085   6.8653
277.0000   76.0000   30.8346   4.7136
278.0000   92.0000   11.1501   25.4073
279.0000   82.0000   3.5534   42.6059
280.0000   116.0000   23.1971   31.7835
281.0000   90.0000   14.8552   30.9507
282.0000   83.0000   42.9972   26.2473
283.0000   70.0000   40.8779   18.2212
284.0000   83.0000   6.3867   42.2457
285.0000   67.0000   42.1267   48.9178
286.0000   116.0000   23.6713   26.4750
287.0000   105.0000   18.7072   46.9624
288.0000   93.0000   0.6191   24.8596
289.0000   90.0000   35.9273   6.0567
290.0000   104.0000   23.9345   46.4565
291.0000   67.0000   2.2916   6.1455
292.0000   116.0000   27.5747   6.4843
293.0000   68.0000   10.8574   3.3431
294.0000   146.0000   48.1125   44.0263
295.0000   114.0000   43.3939   22.6446
296.0000   60.0000   3.9235   19.8207
297.0000   111.0000   49.2331   3.3047
298.0000   78.0000   20.7487   43.4161
299.0000   87.0000   20.2157   4.6917
300.0000   127.0000   17.1364   23.7357
301.0000   115.0000   41.4132   15.4085
302.0000   67.0000   6.1872   5.5252
303.0000   74.0000   7.0103   47.9009
304.0000   94.0000   37.5169   31.6021
305.0000   140.0000   49.0170   23.3368
306.0000   128.0000   4.5927   9.4749
307.0000   86.0000   36.0660   16.0558
308.0000   82.0000   34.5989   41.9773
309.0000   72.0000   21.3746   46.2560
310.0000   131.0000   49.7054   19.1332
311.0000   103.0000   35.2442   39.0452
312.0000   91.0000   11.7332   48.8359
313.0000   73.0000   21.7783   45.1739
314.0000   95.0000   25.6796   16.7754
315.0000   101.0000   31.2186   26.9976
316.0000   101.0000   5.1792   46.4275
317.0000   138.0000   32.7979   26.8393
318.0000   60.0000   44.1713   3.7470
319.0000   125.0000   3.3452   42.3903
320.0000   80.0000   2.4591   14.8747
321.0000   104.0000   49.9812   44.7174
322.0000   143.0000   43.3632   32.8083
323.0000   84.0000   8.2236   3.2776
324.0000   68.0000   10.7964   2.6765
325.0000   82.0000   14.7503   22.6691
326.0000   66.0000   5.4836   36.1138
327.0000   60.0000   37.4377   26.8588
328.0000   144.0000   3.9563   22.0781
329.0000   73.0000   39.5413   11.7752
330.0000   86.0000   21.9856   11.6146
331.0000   141.0000   13.0210   22.5962
332.0000   121.0000   29.5740   2.7775
333.0000   73.0000   30.9094   20.5130
334.0000   93.0000   4.8847   26.5456
335.0000   97.0000   49.1500   25.8876
336.0000   74.0000   37.3628   2.1778
337.0000   117.0000   27.3325   7.5333
338.0000   138.0000   23.7799   46.5317
339.0000   62.0000   4.7006   9.4674
340.0000   86.0000   40.5191   15.7839
341.0000   64.0000   44.3970   5.0705
342.0000   73.0000   14.4415   36.3923
343.0000   124.0000   28.5183   45.3922
344.0000   119.0000   43.1435   46.9194
345.0000   91.0000   14.8668   32.5428
346.0000   133.0000   10.5287   34.3897
347.0000   106.0000   36.9976   35.7523
348.0000   84.0000   30.6472   42.6204
349.0000   87.0000   33.3281   45.5739
350.0000   103.0000   15.1374   2.9433
