0.0000   0.0000   50.0000   50.0000
1.0000   90.0000   66.2925   78.6963
2.0000   66.0000   41.4785   30.8431
3.0000   39.0000   47.0943   12.2323
4.0000   31.0000   61.0667   41.9341
5.0000   8.0000   69.3612   57.5354
6.0000   62.0000   51.1442   98.8860
7.0000   99.0000   64.0454   11.1339
8.0000   20.0000   15.0368   97.1116
9.0000   26.0000   17.6054   13.2768
10.0000   26.0000   25.9928   23.5571
11.0000   89.0000   71.6602   32.7854
12.0000   30.0000   82.0992   81.9911
13.0000   87.0000   31.1411   69.7131
14.0000   36.0000   88.6912   56.6679
15.0000   90.0000   42.9152   54.6328
16.0000   85.0000   44.8935   41.0876
17.0000   94.0000   5.5192   76.1000
18.0000   42.0000   77.0598   54.7536
19.0000   83.0000   50.8220   12.2273
20.0000   79.0000   80.9548   90.5901
21.0000   25.0000   92.8426   9.4525
22.0000   58.0000   95.1931   54.9044
23.0000   48.0000   13.6775   10.2014
24.0000   80.0000   95.2414   78.0688
25.0000   37.0000   63.7139   71.5919
26.0000   78.0000   14.5709   77.1940
27.0000   1.0000   21.0393   57.8017
28.0000   16.0000   73.3564   14.1569
29.0000   22.0000   36.3846   80.3549
30.0000   60.0000   88.6788   23.7980
31.0000   9.0000   69.6719   49.4552
32.0000   17.0000   69.6574   1.0721
33.0000   99.0000   72.0718   45.7944
34.0000   56.0000   34.6489   0.7717
35.0000   44.0000   15.8817   64.6833
36.0000   43.0000   23.3712   84.5659
37.0000   11.0000   81.7673   11.9697
38.0000   23.0000   8.8830   17.2292
39.0000   84.0000   98.9304   17.0127
40.0000   66.0000   97.0546   49.6081
41.0000   46.0000   18.0853   14.5270
42.0000   8.0000   71.1491   55.5560
43.0000   59.0000   52.3901   1.9369
44.0000   1.0000   40.4608   58.6308
45.0000   39.0000   64.4997   82.5126
46.0000   32.0000   92.6298   83.8495
47.0000   69.0000   5.5033   40.4919
48.0000   90.0000   34.4285   39.4642
49.0000   11.0000   82.9742   50.4430
50.0000   6.0000   28.6806   58.1506
51.0000   47.0000   94.8470   35.1827
52.0000   2.0000   19.7213   19.7525
53.0000   72.0000   36.7530   66.5290
54.0000   65.0000   21.0568   20.1421
55.0000   62.0000   20.8196   87.4885
56.0000   48.0000   99.0592   33.5548
57.0000   56.0000   73.4573   92.6062
58.0000   7.0000   56.7147   27.6125
59.0000   19.0000   40.6784   49.5197
60.0000   52.0000   85.5833   97.6225
61.0000   64.0000   98.2766   62.8336
62.0000   10.0000   45.8167   85.2962
63.0000   96.0000   53.0713   51.6077
64.0000   95.0000   55.1360   88.0965
65.0000   95.0000   0.9117   71.8293
66.0000   11.0000   74.1943   67.4815
67.0000   4.0000   82.3642   41.7498
68.0000   47.0000   28.8606   13.2096
69.0000   89.0000   42.7337   49.4090
70.0000   95.0000   61.9779   82.2075
71.0000   61.0000   84.9329   17.0090
72.0000   15.0000   14.5708   48.9393
73.0000   90.0000   37.8900   5.9491
74.0000   2.0000   45.2210   23.5760
75.0000   90.0000   69.2206   15.1222
76.0000   63.0000   44.6019   96.8854
77.0000   24.0000   75.6102   62.4478
78.0000   9.0000   14.9472   42.2318
79.0000   15.0000   75.0996   42.8837
80.0000   22.0000   19.7598   0.8688
81.0000   87.0000   86.9667   67.3628
82.0000   4.0000   58.4776   24.6514
83.0000   8.0000   39.4341   47.0304
84.0000   98.0000   89.2032   81.6693
85.0000   64.0000   61.0475   0.6248
86.0000   18.0000   34.6600   18.1937
87.0000   13.0000   26.2092   29.8627
88.0000   47.0000   21.4523   39.3470
89.0000   71.0000   87.6718   75.2877
90.0000   28.0000   87.2488   96.2766
91.0000   91.0000   19.2172   46.0743
92.0000   25.0000   9.0793   82.1661
93.0000   71.0000   96.8116   62.6010
94.0000   58.0000   40.7617   98.7534
95.0000   12.0000   41.8112   15.6230
96.0000   32.0000   71.7940   51.2867
97.0000   7.0000   97.1855   11.6640
98.0000   73.0000   52.4077   21.2446
99.0000   19.0000   53.9304   62.1359
100.0000   72.0000   50.2903   33.4058
101.0000   66.0000   39.2928   79.0775
102.0000   76.0000   70.1519   9.9448
103.0000   74.0000   29.7184   80.6777
104.0000   53.0000   61.2731   85.9414
105.0000   41.0000   93.3951   73.7956
106.0000   61.0000   99.9232   8.8182
107.0000   32.0000   95.4792   51.9261
108.0000   48.0000   27.3753   95.8745
109.0000   25.0000   75.4311   54.9381
110.0000   82.0000   39.3849   56.2506
111.0000   85.0000   34.6051   45.7091
112.0000   6.0000   6.1149   50.0620
113.0000   55.0000   10.4438   39.4047
114.0000   65.0000   48.8513   73.0483
115.0000   70.0000   54.6999   6.4548
116.0000   90.0000   53.0656   82.7480
117.0000   99.0000   44.1356   47.1127
118.0000   96.0000   18.8750   41.2502
119.0000   36.0000   81.3108   74.4227
120.0000   72.0000   34.1529   54.1153
121.0000   28.0000   23.8855   58.1064
122.0000   82.0000   33.0375   94.4519
123.0000   80.0000   53.1134   78.3556
124.0000   2.0000   66.9039   79.6077
125.0000   4.0000   61.7348   41.1281
126.0000   16.0000   82.2072   68.1356
127.0000   14.0000   91.1955   70.3260
128.0000   72.0000   44.7858   42.8627
129.0000   61.0000   34.7251   30.3971
130.0000   83.0000   57.5237   21.7234
131.0000   99.0000   67.3682   41.3319
132.0000   12.0000   43.0795   96.6421
133.0000   20.0000   8.4371   22.7847
134.0000   9.0000   25.7170   9.2615
135.0000   20.0000   64.7930   31.9293
136.0000   95.0000   14.7418   15.8444
137.0000   28.0000   68.9395   93.7166
138.0000   69.0000   24.8250   68.3654
139.0000   57.0000   33.2326   74.7950
140.0000   54.0000   99.3156   35.2200
141.0000   91.0000   97.4382   72.0272
142.0000   66.0000   72.8817   16.3100
143.0000   16.0000   64.9896   99.5502
144.0000   83.0000   14.5668   39.3109
145.0000   3.0000   68.0346   74.2684
146.0000   33.0000   3.3302   37.5364
147.0000   60.0000   47.0937   83.0231
148.0000   95.0000   98.6178   52.3851
149.0000   54.0000   52.9459   80.8110
150.0000   65.0000   58.7027   23.7956
151.0000   98.0000   39.2526   48.8255
152.0000   65.0000   34.8527   8.3406
153.0000   76.0000   96.3604   95.8126
154.0000   72.0000   80.0538   1.2003
155.0000   31.0000   56.7361   0.6717
156.0000   58.0000   84.7082   53.5068
157.0000   27.0000   64.1123   66.0581
158.0000   62.0000   52.3229   99.2473
159.0000   46.0000   40.7417   77.9973
160.0000   51.0000   90.4840   19.0021
161.0000   90.0000   75.5631   22.4206
162.0000   15.0000   50.0298   29.3106
163.0000   77.0000   47.4865   68.4473
164.0000   14.0000   81.9867   33.9704
165.0000   29.0000   27.3279   76.3053
166.0000   7.0000   68.2557   31.7688
167.0000   8.0000   33.7504   94.5233
168.0000   41.0000   20.1277   70.3891
169.0000   40.0000   13.0426   86.6380
170.0000   98.0000   65.4352   55.7240
171.0000   42.0000   69.9204   54.4228
172.0000   44.0000   18.3087   24.4732
173.0000   32.0000   67.0923   77.4087
174.0000   76.0000   15.6579   26.1860
175.0000   49.0000   33.7717   18.5510
176.0000   16.0000   46.5692   73.2364
177.0000   3.0000   25.9500   64.6550
178.0000   33.0000   11.3728   91.8140
179.0000   52.0000   38.4759   65.8641
180.0000   29.0000   18.2609   43.6024
181.0000   60.0000   1.7106   13.3611
182.0000   97.0000   43.7028   59.6140
183.0000   95.0000   80.6777   20.5305
184.0000   51.0000   84.9660   31.5189
185.0000   17.0000   15.7299   67.2141
186.0000   6.0000   82.2538   3.1316
187.0000   40.0000   33.5354   11.2705
188.0000   88.0000   46.3125   53.4719
189.0000   4.0000   90.2844   54.9266
190.0000   62.0000   94.1878   99.5301
191.0000   22.0000   61.7931   87.0127
192.0000   23.0000   97.9481   48.4341
193.0000   15.0000   53.5230   79.1653
194.0000   64.0000   76.7537   4.6466
195.0000   75.0000   14.7889   36.8942
196.0000   26.0000   69.8510   2.7111
197.0000   27.0000   7.1717   89.6523
198.0000   38.0000   63.8143   25.4517
199.0000   18.0000   27.4306   33.5503
200.0000   54.0000   38.6689   69.8790
201.0000   80.0000   97.9372   73.7784
202.0000   16.0000   44.9781   59.8460
203.0000   74.0000   23.1831   1.0404
204.0000   12.0000   41.8011   14.8147
205.0000   61.0000   46.1225   85.9059
206.0000   23.0000   18.5940   99.5317
207.0000   1.0000   58.2211   63.2609
208.0000   34.0000   75.7853   71.1066
209.0000   97.0000   26.4310   40.2766
210.0000   100.0000   84.9192   30.5605
211.0000   77.0000   4.0639   11.9323
212.0000   91.0000   46.9369   59.7263
213.0000   24.0000   55.5903   60.8098
214.0000   32.0000   8.7878   4.0870
215.0000   13.0000   23.1079   68.2779
216.0000   7.0000   49.8743   70.6166
217.0000   14.0000   38.0838   94.3721
218.0000   89.0000   74.3318   82.0159
219.0000   38.0000   28.0195   92.3740
220.0000   13.0000   5.0517   63.7777
221.0000   6.0000   36.0650   92.2463
222.0000   29.0000   94.2717   39.2788
223.0000   80.0000   30.6038   66.0106
224.0000   49.0000   81.1516   1.2236
225.0000   93.0000   29.5551   80.7479
226.0000   32.0000   30.7915   64.6238
227.0000   100.0000   91.3521   52.4712
228.0000   60.0000   84.7995   53.5091
229.0000   57.0000   61.6915   20.7522
230.0000   91.0000   45.0058   84.7206
231.0000   19.0000   10.9744   10.2092
232.0000   9.0000   2.9104   78.3625
233.0000   17.0000   49.5642   25.4378
234.0000   23.0000   69.8229   7.5987
235.0000   5.0000   44.8427   43.4591
236.0000   35.0000   35.2292   33.0279
237.0000   70.0000   76.8396   75.9111
238.0000   67.0000   33.5008   33.1492
239.0000   98.0000   86.0768   40.7045
240.0000   92.0000   73.6990   31.0014
241.0000   72.0000   15.5594   7.4402
242.0000   67.0000   68.3584   46.6143
243.0000   93.0000   55.4034   47.6994
244.0000   15.0000   72.4300   11.8507
245.0000   90.0000   91.8181   83.9785
246.0000   75.0000   80.2600   35.4057
247.0000   3.0000   41.5349   50.5966
248.0000   75.0000   35.9026   56.7746
249.0000   7.0000   33.6165   15.5937
250.0000   76.0000   97.6635   64.4611
251.0000   47.0000   67.2148   9.8150
252.0000   53.0000   65.0168   98.9932
253.0000   59.0000   62.3569   26.9711
254.0000   89.0000   56.0229   68.0950
255.0000   13.0000   59.6219   3.5663
256.0000   83.0000   70.1679   74.2461
257.0000   91.0000   64.0667   80.3577
258.0000   4.0000   88.5760   10.4940
259.0000   43.0000   15.2079   48.1452
260.0000   97.0000   17.2932   37.6851
261.0000   41.0000   6.4597   44.0546
262.0000   34.0000   95.7132   20.3071
263.0000   57.0000   58.7003   30.9501
264.0000   32.0000   38.5915   87.7505
265.0000   33.0000   64.6405   78.1472
266.0000   39.0000   54.5192   86.7328
267.0000   18.0000   28.4637   33.4712
268.0000   38.0000   59.7069   78.0368
269.0000   7.0000   52.9243   55.3652
270.0000   97.0000   93.2458   92.5948
271.0000   4.0000   96.5604   90.0455
272.0000   64.0000   46.5807   19.9058
273.0000   81.0000   57.5995   6.6997
274.0000   54.0000   44.1320   22.8593
275.0000   71.0000   10.4979   63.0276
276.0000   96.0000   47.7919   34.8960
277.0000   19.0000   12.8848   1.0118
278.0000   56.0000   57.9533   23.3563
279.0000   54.0000   33.6365   68.7260
280.0000   92.0000   84.5675   15.0632
281.0000   80.0000   58.3061   10.2114
282.0000   91.0000   42.8765   67.5801
283.0000   55.0000   92.1156   54.4640
284.0000   35.0000   32.4637   6.5736
285.0000   19.0000   76.3360   30.8884
286.0000   8.0000   69.8457   91.2613
287.0000   43.0000   96.7190   35.4349
288.0000   77.0000   87.3167   12.4764
289.0000   84.0000   10.8547   99.4232
290.0000   66.0000   14.4936   70.6187
291.0000   73.0000   67.6800   26.0567
292.0000   64.0000   52.2848   69.2197
293.0000   91.0000   41.7350   67.4327
294.0000   6.0000   20.0085   39.5560
295.0000   12.0000   3.6910   7.2479
296.0000   49.0000   46.5546   66.9837
297.0000   75.0000   1.2349   49.1874
298.0000   65.0000   37.1175   85.5394
299.0000   30.0000   79.6952   0.5631
300.0000   60.0000   65.2781   88.3237
301.0000   50.0000   1.4332   27.2687
302.0000   9.0000   87.0294   72.3241
303.0000   74.0000   96.3706   6.5768
304.0000   1.0000   90.8767   95.9880
305.0000   17.0000   98.2800   12.9583
306.0000   38.0000   4.4737   87.3855
307.0000   46.0000   57.3801   80.9431
308.0000   62.0000   56.0394   18.6849
309.0000   67.0000   16.6568   29.7698
310.0000   29.0000   98.4137   40.2958
311.0000   6.0000   83.8211   48.3403
312.0000   64.0000   78.1219   51.2972
313.0000   2.0000   48.2943   16.8129
314.0000   3.0000   47.9617   28.5906
315.0000   78.0000   43.1434   47.2939
316.0000   73.0000   73.2665   38.1860
317.0000   56.0000   70.1488   79.3319
318.0000   46.0000   63.6877   35.7727
319.0000   41.0000   48.6154   38.7836
320.0000   68.0000   64.4305   8.2988
321.0000   72.0000   0.4344   61.1721
322.0000   44.0000   97.8896   61.0869
323.0000   85.0000   54.0843   0.5813
324.0000   53.0000   5.7009   89.8580
325.0000   2.0000   89.6544   24.6024
326.0000   7.0000   10.7627   30.6265
327.0000   96.0000   69.6383   7.4060
328.0000   61.0000   34.6514   55.2623
329.0000   5.0000   74.8158   12.7287
330.0000   47.0000   25.7112   30.1478
331.0000   59.0000   18.2367   97.5121
332.0000   94.0000   49.0692   21.4519
333.0000   80.0000   42.7458   23.8791
334.0000   11.0000   19.3948   4.1932
335.0000   25.0000   24.3237   42.5147
336.0000   75.0000   32.8872   24.5109
337.0000   29.0000   16.9928   34.0683
338.0000   30.0000   3.5460   91.6811
339.0000   38.0000   98.1847   81.9646
340.0000   80.0000   16.2761   12.2001
341.0000   2.0000   33.7805   96.9263
342.0000   69.0000   44.8482   23.3432
343.0000   4.0000   8.7277   83.6449
344.0000   9.0000   96.0364   72.1179
345.0000   81.0000   39.1614   38.7548
346.0000   75.0000   92.4200   56.2173
347.0000   59.0000   36.4550   50.8004
348.0000   45.0000   45.0616   93.6094
349.0000   20.0000   23.0366   43.6247
350.0000   49.0000   6.4932   84.5914
351.0000   70.0000   20.1976   2.3582
352.0000   38.0000   47.9916   46.2048
353.0000   15.0000   72.6541   94.2061
354.0000   16.0000   68.4212   88.0416
355.0000   95.0000   84.1087   2.4933
356.0000   63.0000   83.2293   98.3815
357.0000   72.0000   51.8294   44.2143
358.0000   34.0000   33.7697   50.2403
359.0000   4.0000   35.0910   91.3775
360.0000   83.0000   97.4029   68.3886
361.0000   16.0000   61.6345   1.1606
362.0000   85.0000   17.8106   20.7674
363.0000   65.0000   99.9143   63.9753
364.0000   45.0000   8.6326   78.2683
365.0000   79.0000   84.7766   49.3585
366.0000   36.0000   10.0267   43.9590
367.0000   71.0000   31.2806   4.5001
368.0000   65.0000   99.6390   13.3603
369.0000   56.0000   57.7806   4.0986
370.0000   37.0000   6.8083   18.4534
371.0000   7.0000   62.7096   76.7318
372.0000   5.0000   29.5238   63.2306
373.0000   54.0000   32.7784   94.2208
374.0000   10.0000   16.5240   72.4777
375.0000   92.0000   13.8570   86.0577
376.0000   77.0000   66.9420   14.3931
377.0000   28.0000   77.1213   33.6070
378.0000   9.0000   20.1446   1.3390
379.0000   50.0000   10.4504   87.5286
380.0000   79.0000   40.8406   37.3129
381.0000   43.0000   41.0680   51.7710
382.0000   90.0000   16.7347   73.2350
383.0000   28.0000   12.0078   53.2015
384.0000   94.0000   62.0950   21.0946
385.0000   7.0000   68.5986   17.3615
386.0000   82.0000   84.6608   12.0555
387.0000   100.0000   80.8269   70.5334
388.0000   6.0000   63.2799   82.1780
389.0000   31.0000   9.6941   12.4804
390.0000   70.0000   64.2787   59.6586
391.0000   30.0000   78.6206   56.4542
392.0000   44.0000   22.9670   34.8406
393.0000   79.0000   17.1292   90.6380
394.0000   15.0000   15.7017   69.0145
395.0000   10.0000   45.3411   99.3716
396.0000   29.0000   33.4422   42.7403
397.0000   7.0000   27.3494   64.8615
398.0000   67.0000   82.4940   25.1221
399.0000   23.0000   36.5564   51.7744
400.0000   57.0000   52.8939   29.2396
401.0000   44.0000   11.2072   64.6183
402.0000   89.0000   55.2534   18.1098
403.0000   4.0000   75.1571   34.3564
404.0000   73.0000   97.5958   7.7943
405.0000   12.0000   11.0896   0.2933
406.0000   39.0000   58.3515   82.0618
407.0000   20.0000   27.9676   6.3295
408.0000   3.0000   52.4444   92.5883
409.0000   63.0000   31.6568   1.7573
410.0000   54.0000   68.7376   96.3911
411.0000   48.0000   70.5612   56.3516
412.0000   34.0000   33.9636   54.7029
413.0000   50.0000   67.1561   68.3611
414.0000   83.0000   13.0267   22.4506
415.0000   12.0000   7.7016   80.5770
416.0000   51.0000   23.2530   89.1326
417.0000   10.0000   40.8495   77.9474
418.0000   2.0000   15.5332   50.9892
419.0000   49.0000   86.7015   77.7808
420.0000   18.0000   59.9324   73.8342
421.0000   94.0000   99.2078   60.5329
422.0000   80.0000   41.1242   64.2791
423.0000   24.0000   81.2787   59.8002
424.0000   10.0000   79.3123   61.0097
425.0000   50.0000   93.2401   28.9048
426.0000   27.0000   71.3203   99.3121
427.0000   8.0000   50.0492   47.2596
428.0000   73.0000   3.4346   83.5659
429.0000   89.0000   67.9914   18.0361
430.0000   53.0000   35.9021   79.2490
431.0000   5.0000   97.7233   39.4084
432.0000   37.0000   7.1570   49.0368
433.0000   10.0000   70.6799   70.8989
434.0000   55.0000   67.0308   12.5145
435.0000   94.0000   87.5694   6.5570
436.0000   19.0000   15.7813   32.2737
437.0000   1.0000   67.0298   32.5080
438.0000   46.0000   85.1631   32.6287
439.0000   43.0000   44.5728   13.4261
440.0000   38.0000   15.6644   9.5661
441.0000   73.0000   93.1662   2.1851
442.0000   56.0000   76.4774   87.8367
443.0000   72.0000   81.9594   20.0011
444.0000   96.0000   99.8960   89.4825
445.0000   21.0000   33.5408   59.3798
446.0000   97.0000   36.9467   46.7404
447.0000   52.0000   8.7180   79.4181
448.0000   57.0000   75.3667   53.6187
449.0000   63.0000   83.9110   53.0503
450.0000   100.0000   56.0155   39.0100
451.0000   54.0000   59.1682   84.2181
452.0000   45.0000   2.3244   43.0736
453.0000   37.0000   14.8777   17.9570
454.0000   3.0000   40.4129   69.2306
455.0000   16.0000   19.5528   52.4457
456.0000   19.0000   66.9488   30.3355
457.0000   10.0000   22.4750   99.1146
458.0000   77.0000   62.1464   85.1616
459.0000   15.0000   25.1670   10.2394
460.0000   34.0000   21.6710   52.4610
461.0000   24.0000   47.5225   25.7964
462.0000   41.0000   84.7552   78.4481
463.0000   90.0000   78.2700   73.2634
464.0000   28.0000   47.9053   72.1178
465.0000   79.0000   1.8999   87.9963
466.0000   8.0000   2.1915   50.4673
467.0000   8.0000   51.2048   56.9704
468.0000   23.0000   3.4815   47.9888
469.0000   100.0000   83.3790   62.2441
470.0000   19.0000   74.2120   1.9558
471.0000   69.0000   60.3580   84.8623
472.0000   69.0000   46.9861   78.4581
473.0000   36.0000   37.7099   62.7713
474.0000   95.0000   48.2150   25.0928
475.0000   71.0000   33.5079   71.8572
