0.0000   0.0000   50.0000   50.0000
1.0000   15.0000   1.1762   1.0616
2.0000   42.0000   70.1670   83.5807
3.0000   31.0000   30.5104   25.8914
4.0000   93.0000   58.1309   62.2312
5.0000   11.0000   74.5009   99.4855
6.0000   8.0000   59.4732   14.4833
7.0000   52.0000   13.6788   96.3601
8.0000   39.0000   10.9812   28.3992
9.0000   50.0000   56.3586   10.2184
10.0000   50.0000   16.2399   76.6848
11.0000   3.0000   66.7150   69.1741
12.0000   21.0000   26.8621   54.3767
13.0000   99.0000   48.6883   51.1043
14.0000   72.0000   18.8447   8.4394
15.0000   9.0000   92.8311   67.1397
16.0000   13.0000   31.3169   64.5278
17.0000   61.0000   17.5371   88.7750
18.0000   96.0000   32.7943   56.5533
19.0000   14.0000   39.0625   78.5395
20.0000   5.0000   84.3395   5.6508
21.0000   72.0000   32.4366   98.0056
22.0000   57.0000   79.0567   88.0508
23.0000   58.0000   68.8136   26.9006
24.0000   70.0000   93.2673   54.3679
25.0000   20.0000   90.8351   37.1789
26.0000   80.0000   89.9062   51.5581
27.0000   91.0000   69.7868   71.0427
28.0000   37.0000   71.3674   39.3329
29.0000   62.0000   4.4158   63.8521
30.0000   98.0000   56.4960   84.3154
31.0000   58.0000   56.6170   52.0495
32.0000   50.0000   8.3064   9.1497
33.0000   69.0000   90.7098   21.9650
34.0000   16.0000   71.6792   23.3745
35.0000   59.0000   87.5803   51.9546
36.0000   66.0000   83.5962   30.6346
37.0000   49.0000   71.9579   64.7162
38.0000   2.0000   90.4914   97.9422
39.0000   19.0000   5.4475   76.7480
40.0000   24.0000   12.0676   50.0928
41.0000   49.0000   24.0014   75.4883
42.0000   72.0000   10.9274   68.0203
43.0000   45.0000   68.2694   0.4294
44.0000   92.0000   89.6675   22.4796
45.0000   6.0000   52.4580   50.0000
46.0000   76.0000   0.0388   47.9029
47.0000   49.0000   0.3834   37.5471
48.0000   87.0000   66.1451   51.1418
49.0000   30.0000   70.6828   39.4537
50.0000   9.0000   32.4614   64.5957
51.0000   90.0000   62.9123   89.0474
52.0000   81.0000   55.1959   84.7833
53.0000   60.0000   78.8072   12.6100
54.0000   66.0000   54.2841   99.1845
55.0000   77.0000   10.8258   71.6106
56.0000   1.0000   64.0125   27.1142
57.0000   33.0000   96.8133   90.1236
58.0000   69.0000   69.6015   95.4076
59.0000   62.0000   25.6605   82.7507
60.0000   25.0000   63.7679   21.1061
61.0000   74.0000   24.1078   73.2548
62.0000   90.0000   91.1279   50.3537
63.0000   17.0000   22.3163   26.0515
64.0000   29.0000   58.6379   0.0254
65.0000   33.0000   59.0605   10.1977
66.0000   77.0000   87.1065   51.3807
67.0000   32.0000   31.2196   96.2389
68.0000   1.0000   98.0202   90.3888
69.0000   93.0000   63.5698   2.2334
70.0000   90.0000   38.3780   76.2455
71.0000   73.0000   55.7592   71.1975
72.0000   91.0000   81.7935   62.3666
73.0000   13.0000   64.7692   30.5336
74.0000   95.0000   82.7081   90.8602
75.0000   56.0000   52.8620   48.2133
76.0000   93.0000   77.0693   3.0167
77.0000   13.0000   16.4167   99.5767
78.0000   59.0000   72.5267   35.9731
79.0000   24.0000   93.2457   78.3446
80.0000   59.0000   58.7931   91.3890
81.0000   51.0000   51.3659   7.6562
82.0000   1.0000   70.1658   13.8752
83.0000   54.0000   49.2020   79.2182
84.0000   83.0000   19.2514   17.8770
85.0000   11.0000   29.3148   83.4133
86.0000   51.0000   78.3311   26.1937
87.0000   80.0000   27.9758   43.3898
88.0000   32.0000   26.8049   51.3062
89.0000   91.0000   97.4873   60.0768
90.0000   55.0000   8.2474   61.6076
91.0000   55.0000   18.3181   29.8290
92.0000   25.0000   15.0999   22.0615
93.0000   16.0000   37.1486   43.1797
94.0000   97.0000   39.8326   32.7359
95.0000   64.0000   50.9877   4.4235
96.0000   90.0000   9.1397   22.8599
97.0000   43.0000   2.1489   29.9488
98.0000   40.0000   70.8773   38.7534
99.0000   46.0000   25.1324   83.5168
100.0000   74.0000   90.3049   87.7586
101.0000   61.0000   63.8838   31.6339
102.0000   28.0000   67.5379   73.2147
103.0000   76.0000   98.0479   15.6936
104.0000   60.0000   54.4094   26.9262
105.0000   7.0000   70.5667   37.3905
106.0000   66.0000   80.7734   50.8865
107.0000   65.0000   46.6641   14.1534
108.0000   6.0000   94.2339   29.0920
109.0000   27.0000   85.1335   77.1391
110.0000   47.0000   64.5032   15.7069
111.0000   28.0000   97.7774   10.4418
112.0000   9.0000   27.9590   83.3241
113.0000   9.0000   62.6450   62.6689
114.0000   50.0000   45.6095   3.4131
115.0000   50.0000   82.9565   20.2086
116.0000   26.0000   36.7359   42.6810
117.0000   64.0000   76.7939   4.4330
118.0000   55.0000   42.5534   43.3208
119.0000   46.0000   40.6735   66.2659
120.0000   16.0000   90.9013   25.9850
121.0000   66.0000   27.4444   86.8734
122.0000   81.0000   57.7837   20.5160
123.0000   51.0000   55.0973   13.6221
124.0000   55.0000   73.5795   81.9325
125.0000   99.0000   78.5905   98.6420
126.0000   52.0000   54.6254   18.6693
127.0000   66.0000   15.0199   14.3243
128.0000   44.0000   95.5572   16.8911
129.0000   28.0000   87.2250   1.3838
130.0000   17.0000   78.7524   85.5097
131.0000   83.0000   78.0140   17.9237
132.0000   75.0000   89.2543   35.0523
133.0000   36.0000   34.8145   2.2515
134.0000   34.0000   38.5046   37.7434
135.0000   63.0000   59.8319   18.5734
136.0000   27.0000   79.9440   60.8325
137.0000   43.0000   27.6672   36.5436
138.0000   83.0000   3.7586   60.7571
139.0000   63.0000   55.7134   71.3467
140.0000   35.0000   85.8868   71.1723
141.0000   58.0000   83.7303   59.2093
142.0000   83.0000   35.8473   60.6218
143.0000   82.0000   50.5330   43.1447
144.0000   63.0000   51.7066   42.5868
145.0000   14.0000   76.9776   60.9541
146.0000   24.0000   48.3807   10.9175
147.0000   43.0000   59.8010   60.6988
148.0000   42.0000   25.0258   22.2029
149.0000   22.0000   36.7297   85.0440
150.0000   86.0000   24.1925   56.5539
151.0000   7.0000   69.4845   67.0423
152.0000   55.0000   12.7885   28.0269
153.0000   75.0000   49.1138   80.2848
154.0000   25.0000   54.9378   42.6244
155.0000   10.0000   57.6888   27.3352
156.0000   57.0000   15.6851   88.4748
157.0000   49.0000   94.7521   94.7274
158.0000   3.0000   12.1042   5.3307
159.0000   64.0000   3.3928   22.8389
160.0000   24.0000   8.3793   59.3288
161.0000   21.0000   89.4444   66.3203
162.0000   49.0000   44.1436   37.2893
163.0000   6.0000   36.0838   53.2001
164.0000   41.0000   66.5265   22.1978
165.0000   38.0000   89.0663   93.1944
166.0000   81.0000   23.4952   15.0707
167.0000   73.0000   74.0662   20.0195
168.0000   99.0000   32.0787   11.1427
169.0000   42.0000   19.0063   31.6172
170.0000   82.0000   96.7553   74.6348
171.0000   63.0000   15.3730   85.5573
172.0000   20.0000   47.4346   25.7633
173.0000   42.0000   1.0702   71.0742
174.0000   66.0000   68.0151   55.7625
175.0000   44.0000   32.1452   91.8408
176.0000   92.0000   51.6045   18.5610
177.0000   80.0000   89.8806   79.1893
178.0000   74.0000   19.6607   71.4816
179.0000   47.0000   44.8402   5.6998
180.0000   17.0000   13.1322   13.5659
181.0000   74.0000   3.3174   16.6345
182.0000   86.0000   50.0455   12.4882
183.0000   64.0000   50.9204   20.0275
184.0000   39.0000   1.2773   70.5364
185.0000   53.0000   6.5314   54.7279
186.0000   98.0000   9.8628   12.1897
187.0000   71.0000   70.6413   48.7193
188.0000   74.0000   71.1191   43.7656
189.0000   88.0000   5.1988   10.9119
190.0000   80.0000   52.3431   16.8281
191.0000   78.0000   70.7484   49.6200
192.0000   71.0000   6.2254   45.6302
193.0000   75.0000   65.1725   47.6383
194.0000   9.0000   94.3072   46.2345
195.0000   46.0000   93.6313   32.1349
196.0000   80.0000   78.1262   92.4599
197.0000   5.0000   19.4729   18.6326
198.0000   27.0000   59.7227   71.6865
199.0000   11.0000   43.7391   91.6690
200.0000   80.0000   57.5711   64.9558
201.0000   64.0000   52.0252   33.5945
202.0000   21.0000   11.5675   86.6951
203.0000   29.0000   50.8746   59.5066
204.0000   94.0000   33.4727   48.7358
205.0000   27.0000   76.3610   50.3480
206.0000   33.0000   45.9486   78.5514
207.0000   36.0000   15.4372   33.0963
208.0000   24.0000   52.1938   17.1157
209.0000   100.0000   82.6699   14.2646
210.0000   68.0000   41.7524   55.4978
211.0000   53.0000   22.3962   79.3381
212.0000   99.0000   68.8548   18.6454
213.0000   92.0000   94.6714   33.3814
214.0000   99.0000   63.9376   15.5157
215.0000   49.0000   58.0990   8.5930
216.0000   50.0000   45.1180   67.7324
217.0000   100.0000   97.5057   67.2088
218.0000   53.0000   28.2342   44.3166
219.0000   92.0000   75.6863   15.1886
220.0000   7.0000   10.0029   80.2414
221.0000   55.0000   78.5885   38.1499
222.0000   21.0000   54.8272   46.4123
223.0000   1.0000   1.2719   28.5044
224.0000   58.0000   63.4366   90.8481
225.0000   51.0000   43.5345   97.0728
226.0000   66.0000   79.1804   90.0150
227.0000   25.0000   24.0531   92.4002
228.0000   63.0000   31.7527   64.5632
229.0000   81.0000   40.3268   24.1006
230.0000   74.0000   68.3174   47.5462
231.0000   91.0000   60.3801   87.1912
232.0000   80.0000   78.5539   3.0856
233.0000   83.0000   43.3366   69.8681
234.0000   59.0000   86.4270   58.2674
235.0000   13.0000   82.0888   13.2568
236.0000   91.0000   33.6318   86.3773
237.0000   76.0000   14.9587   60.2137
238.0000   52.0000   65.3289   77.0948
239.0000   89.0000   38.1370   89.0569
240.0000   13.0000   12.1151   30.6097
241.0000   40.0000   22.6526   11.2947
242.0000   88.0000   5.5278   80.5469
243.0000   24.0000   69.7184   55.6881
244.0000   52.0000   82.3088   34.6058
245.0000   47.0000   7.9856   99.8394
246.0000   69.0000   34.8980   79.4685
247.0000   84.0000   16.1463   93.8346
248.0000   15.0000   62.8767   74.4986
249.0000   76.0000   50.3928   85.1045
250.0000   92.0000   67.3425   10.3161
251.0000   100.0000   63.4791   71.6447
252.0000   25.0000   82.5586   18.4513
253.0000   87.0000   82.9801   24.0777
254.0000   51.0000   86.6747   31.8188
255.0000   23.0000   23.3089   7.5843
256.0000   57.0000   28.5579   51.2925
257.0000   75.0000   47.9507   45.2665
258.0000   97.0000   28.0922   95.9335
259.0000   68.0000   75.7406   95.7170
260.0000   16.0000   68.9868   62.5814
261.0000   1.0000   81.7043   67.7972
262.0000   24.0000   84.2291   82.6771
263.0000   84.0000   64.6529   22.3393
264.0000   62.0000   60.2529   96.4211
265.0000   3.0000   17.9169   38.7434
266.0000   54.0000   26.7133   38.2430
267.0000   18.0000   30.6893   83.9368
268.0000   68.0000   99.1959   75.1728
269.0000   62.0000   85.6614   66.1196
270.0000   19.0000   80.5899   56.5304
271.0000   9.0000   94.5552   21.9159
272.0000   5.0000   21.7980   27.9377
273.0000   60.0000   26.6486   61.0481
274.0000   71.0000   89.6453   67.1034
275.0000   86.0000   8.7553   29.4267
276.0000   61.0000   57.2983   41.6915
277.0000   8.0000   87.8277   62.2838
278.0000   86.0000   14.3492   53.7139
279.0000   15.0000   37.6352   6.2551
280.0000   99.0000   76.1113   24.2103
281.0000   72.0000   39.0836   86.7660
282.0000   14.0000   96.2648   44.4702
283.0000   79.0000   82.5099   18.5170
284.0000   14.0000   29.7433   43.8956
285.0000   61.0000   49.7092   10.8082
286.0000   28.0000   30.3896   6.5149
287.0000   94.0000   52.2495   74.6421
288.0000   26.0000   87.1813   31.8065
289.0000   70.0000   86.2877   92.4377
290.0000   7.0000   58.3058   80.9054
291.0000   50.0000   66.9935   38.0710
292.0000   69.0000   73.8901   62.6836
293.0000   27.0000   14.8188   57.5476
294.0000   86.0000   0.4167   12.1872
295.0000   56.0000   96.2489   57.8787
296.0000   72.0000   70.8718   38.9556
297.0000   24.0000   61.7186   94.8079
298.0000   25.0000   68.4250   63.1930
299.0000   5.0000   77.0170   26.7542
300.0000   95.0000   6.1268   78.4019
