0.0000   0.0000   50.0000   50.0000
1.0000   69.0000   47.2150   5.0295
2.0000   34.0000   11.2594   10.1064
3.0000   17.0000   17.9940   42.4170
4.0000   92.0000   66.3279   2.5045
5.0000   87.0000   46.7749   64.5452
6.0000   27.0000   31.0722   41.0782
7.0000   73.0000   90.4048   47.8853
8.0000   63.0000   0.3503   1.5949
9.0000   119.0000   31.1528   89.3961
10.0000   23.0000   56.5173   68.6505
11.0000   36.0000   78.0688   63.3588
12.0000   114.0000   52.8088   90.4898
13.0000   33.0000   98.2001   26.2990
14.0000   30.0000   22.5375   78.5591
15.0000   109.0000   13.1716   87.2916
16.0000   28.0000   37.3123   81.2597
17.0000   89.0000   93.8122   45.7224
18.0000   93.0000   49.1302   72.4371
19.0000   14.0000   6.2865   44.1435
20.0000   20.0000   6.3443   7.2309
21.0000   63.0000   40.7961   64.5503
22.0000   66.0000   56.6508   44.7307
23.0000   74.0000   95.6745   17.0260
24.0000   17.0000   51.8660   75.4493
25.0000   50.0000   71.3984   45.9693
26.0000   19.0000   1.8185   10.9146
27.0000   72.0000   34.6041   29.0922
28.0000   30.0000   26.6885   71.3739
29.0000   55.0000   65.9044   33.3185
30.0000   51.0000   49.5543   99.4947
31.0000   33.0000   50.7795   95.1161
32.0000   26.0000   20.7656   85.2641
33.0000   100.0000   74.8286   53.1524
34.0000   78.0000   80.7677   29.0316
35.0000   101.0000   62.5816   84.6632
36.0000   51.0000   79.9493   16.5501
37.0000   107.0000   87.6904   65.1486
38.0000   30.0000   21.2272   69.3080
39.0000   65.0000   28.6492   27.2869
40.0000   106.0000   7.7053   68.3800
41.0000   118.0000   36.4352   57.0543
42.0000   58.0000   57.5466   14.3668
43.0000   34.0000   96.7178   44.2011
44.0000   34.0000   0.6191   68.1685
45.0000   74.0000   88.6375   40.3738
46.0000   22.0000   26.8023   18.2085
47.0000   10.0000   30.6786   27.5859
48.0000   14.0000   88.6147   18.8700
49.0000   89.0000   93.8139   96.8351
50.0000   34.0000   4.2153   0.1227
51.0000   94.0000   82.5930   24.2588
52.0000   118.0000   26.9453   55.3742
53.0000   95.0000   18.6222   61.6490
54.0000   55.0000   88.4994   39.4329
55.0000   71.0000   9.0610   41.5102
56.0000   82.0000   74.3608   45.1973
57.0000   104.0000   89.3935   49.9084
58.0000   98.0000   79.7071   33.7889
59.0000   72.0000   87.0006   39.9094
60.0000   20.0000   1.2404   92.6844
61.0000   114.0000   65.3413   67.3955
62.0000   40.0000   24.1617   53.9872
63.0000   21.0000   59.5859   44.4011
64.0000   12.0000   36.5290   47.0635
65.0000   112.0000   79.9622   12.7598
66.0000   107.0000   49.1560   45.5331
67.0000   106.0000   45.9585   47.4938
68.0000   80.0000   94.7418   33.1566
69.0000   108.0000   66.4058   44.1848
70.0000   117.0000   94.2261   67.3269
71.0000   109.0000   67.0415   27.1630
72.0000   59.0000   22.3666   69.3632
73.0000   76.0000   55.4801   52.6576
74.0000   33.0000   10.4719   46.1744
75.0000   77.0000   0.8510   64.8267
76.0000   25.0000   35.4439   2.7368
77.0000   38.0000   21.4467   84.6056
78.0000   59.0000   89.6506   78.2424
79.0000   78.0000   58.0885   39.8289
80.0000   71.0000   18.4625   29.5166
81.0000   80.0000   8.9502   10.5603
82.0000   77.0000   10.3188   46.3933
83.0000   91.0000   70.1694   87.4433
84.0000   36.0000   53.9077   54.1451
85.0000   115.0000   61.8156   94.7388
86.0000   15.0000   18.4486   8.3777
87.0000   105.0000   15.6278   39.7256
88.0000   100.0000   46.3550   63.6595
89.0000   44.0000   68.5336   64.7921
90.0000   51.0000   33.6041   76.0107
91.0000   71.0000   75.6131   89.1955
92.0000   114.0000   6.8361   62.3313
93.0000   34.0000   28.2685   77.0289
94.0000   15.0000   82.6097   93.9018
95.0000   111.0000   76.5071   65.2732
96.0000   39.0000   34.6120   80.3541
97.0000   116.0000   79.3655   27.8036
98.0000   96.0000   7.2239   16.9584
99.0000   81.0000   24.4648   30.8511
100.0000   96.0000   32.6333   62.6569
101.0000   95.0000   87.2172   8.9241
102.0000   53.0000   68.5719   73.4008
103.0000   17.0000   26.7829   49.3854
104.0000   110.0000   95.9882   95.5925
105.0000   87.0000   74.7939   93.8063
106.0000   21.0000   12.6653   40.9296
107.0000   106.0000   4.6359   88.1660
108.0000   107.0000   64.2207   52.5319
109.0000   47.0000   92.3946   66.1808
110.0000   19.0000   92.1608   11.0593
111.0000   64.0000   14.2905   6.6338
112.0000   42.0000   23.3913   86.0691
113.0000   85.0000   81.6317   70.5021
114.0000   44.0000   45.8266   5.2690
115.0000   15.0000   35.4198   10.5900
116.0000   86.0000   67.7291   70.7076
117.0000   110.0000   21.8872   40.9327
118.0000   76.0000   70.4085   0.2015
119.0000   77.0000   15.9401   62.9625
120.0000   81.0000   76.7916   65.3311
121.0000   107.0000   8.8965   93.3995
122.0000   93.0000   89.8977   48.2422
123.0000   79.0000   52.6114   15.5322
124.0000   84.0000   42.1699   24.7921
125.0000   62.0000   33.7016   39.4071
126.0000   16.0000   31.3971   87.8111
127.0000   61.0000   32.0647   62.8061
128.0000   27.0000   38.6783   58.3705
129.0000   47.0000   44.0259   56.2291
130.0000   104.0000   14.4996   13.7923
131.0000   39.0000   72.6097   69.8303
132.0000   47.0000   50.6868   38.0105
133.0000   73.0000   95.6384   16.0612
134.0000   111.0000   61.4456   67.6788
135.0000   30.0000   67.9678   16.0633
136.0000   55.0000   69.6914   10.5911
137.0000   43.0000   77.7348   85.4597
138.0000   34.0000   25.6380   83.6915
139.0000   71.0000   91.8424   18.5088
140.0000   14.0000   52.2497   51.0219
141.0000   62.0000   29.8058   18.0854
142.0000   20.0000   22.7264   25.4366
143.0000   61.0000   28.2319   94.1311
144.0000   22.0000   71.1837   14.5902
145.0000   29.0000   70.2662   70.8007
146.0000   90.0000   20.3172   48.6155
147.0000   96.0000   93.8234   92.1333
148.0000   71.0000   20.8207   0.4720
149.0000   83.0000   90.6427   21.3957
150.0000   68.0000   42.6569   18.3500
151.0000   29.0000   18.0387   69.4660
152.0000   30.0000   86.1850   57.6065
153.0000   97.0000   42.9271   21.5254
154.0000   18.0000   87.6267   49.9673
155.0000   102.0000   68.5306   0.1940
156.0000   37.0000   8.7004   53.0889
157.0000   39.0000   69.6044   92.6465
158.0000   99.0000   59.1898   3.0463
159.0000   66.0000   5.1144   60.5161
160.0000   108.0000   40.8048   85.5006
161.0000   28.0000   69.4536   57.2397
162.0000   112.0000   88.3677   3.0953
163.0000   32.0000   96.6048   1.4372
164.0000   59.0000   22.6550   31.3279
165.0000   57.0000   73.1445   24.0717
166.0000   90.0000   13.0569   91.5904
167.0000   82.0000   73.8742   25.4184
168.0000   59.0000   88.0849   79.9985
169.0000   99.0000   40.0420   97.2733
170.0000   112.0000   95.6834   69.4549
171.0000   13.0000   29.0498   57.4431
172.0000   94.0000   2.7718   78.1773
173.0000   61.0000   89.5257   4.3076
174.0000   114.0000   10.0067   43.3197
175.0000   64.0000   3.6455   12.3673
176.0000   63.0000   48.4511   41.6655
177.0000   94.0000   81.6536   8.1904
178.0000   97.0000   52.1804   92.6553
179.0000   42.0000   96.3594   62.8382
180.0000   117.0000   12.2102   27.8483
181.0000   55.0000   3.5766   15.3366
182.0000   39.0000   32.0303   63.7833
183.0000   32.0000   44.0961   96.2669
184.0000   27.0000   26.2255   36.8143
185.0000   49.0000   95.2593   24.3436
186.0000   84.0000   17.4949   23.7737
187.0000   44.0000   65.9709   36.1445
188.0000   85.0000   99.2060   49.2192
189.0000   72.0000   86.1988   48.3991
190.0000   12.0000   26.1269   31.2530
191.0000   74.0000   62.1397   28.1823
192.0000   84.0000   7.1239   93.0110
193.0000   109.0000   80.4786   13.0130
194.0000   68.0000   53.9172   58.4540
195.0000   50.0000   92.5671   31.0682
196.0000   16.0000   36.3194   71.0911
197.0000   111.0000   67.7623   18.6594
198.0000   76.0000   56.9252   68.1706
199.0000   23.0000   71.2147   52.3984
200.0000   19.0000   83.2093   65.8045
201.0000   47.0000   99.3574   0.7545
202.0000   104.0000   61.2689   93.8339
203.0000   102.0000   22.9798   36.7846
204.0000   50.0000   38.2343   54.5855
205.0000   120.0000   37.5350   70.1972
206.0000   85.0000   70.7315   59.4839
207.0000   82.0000   40.3618   81.9215
208.0000   103.0000   36.3119   17.7959
209.0000   43.0000   81.6461   83.5488
210.0000   16.0000   50.6540   70.4351
211.0000   54.0000   42.5232   85.1737
212.0000   28.0000   53.4109   61.3160
213.0000   39.0000   84.5682   87.7544
214.0000   104.0000   19.7430   98.6059
215.0000   29.0000   24.7284   42.8304
216.0000   23.0000   90.0943   49.7915
217.0000   48.0000   64.9471   86.8468
218.0000   101.0000   43.7710   0.8433
219.0000   14.0000   15.9663   18.2293
220.0000   42.0000   13.2543   25.6287
221.0000   82.0000   23.4888   20.5965
222.0000   51.0000   18.7586   40.8144
223.0000   114.0000   53.8619   85.0523
224.0000   34.0000   34.7210   83.2089
225.0000   49.0000   7.8508   71.2111
