0.0000   0.0000   0.0000   0.0000
1.0000   141.0000   27.1026   48.1139
2.0000   109.0000   5.9669   13.9778
3.0000   127.0000   16.2464   41.9680
4.0000   91.0000   18.2978   20.9038
5.0000   175.0000   48.3295   16.8852
6.0000   116.0000   47.2948   31.9855
7.0000   116.0000   20.1906   46.7034
8.0000   104.0000   44.0942   28.5610
9.0000   128.0000   38.6864   37.1881
10.0000   101.0000   10.9492   30.9695
11.0000   136.0000   5.4302   44.5207
12.0000   178.0000   10.9746   4.6614
13.0000   94.0000   13.3823   40.0305
14.0000   124.0000   26.1862   3.2440
15.0000   171.0000   42.4867   27.4860
16.0000   109.0000   16.8129   44.8879
17.0000   172.0000   0.4623   39.6577
18.0000   154.0000   37.0430   35.6262
19.0000   115.0000   35.4458   18.3644
20.0000   103.0000   26.3180   11.5932
21.0000   134.0000   32.9869   44.5468
22.0000   94.0000   9.3315   21.6838
23.0000   136.0000   5.0524   9.7570
24.0000   105.0000   42.6234   42.9837
25.0000   91.0000   13.1588   1.1640
26.0000   108.0000   38.3045   7.4635
27.0000   93.0000   11.6443   15.9839
28.0000   127.0000   17.4381   27.1074
29.0000   135.0000   44.8643   38.3992
30.0000   136.0000   35.4499   4.7782
31.0000   140.0000   1.4693   4.1071
32.0000   105.0000   40.0998   23.6631
33.0000   177.0000   42.0899   15.4638
34.0000   102.0000   33.6931   28.8328
35.0000   108.0000   41.7128   25.7431
36.0000   169.0000   45.9097   33.8099
37.0000   135.0000   46.9038   23.5785
38.0000   158.0000   13.1761   11.6647
39.0000   106.0000   23.5654   27.1322
40.0000   138.0000   13.9374   44.8036
41.0000   95.0000   24.4503   26.0275
42.0000   123.0000   48.2082   40.4111
43.0000   121.0000   16.4272   26.9173
44.0000   173.0000   31.4559   5.7502
45.0000   127.0000   5.9299   39.5163
46.0000   124.0000   29.4564   44.8107
47.0000   126.0000   5.5764   9.5435
48.0000   111.0000   47.7988   28.3482
49.0000   135.0000   12.4215   27.6666
50.0000   111.0000   22.3118   22.2122
51.0000   112.0000   29.2393   24.7938
52.0000   149.0000   2.5757   29.9321
53.0000   168.0000   21.7445   47.6467
54.0000   119.0000   20.4126   36.7802
55.0000   160.0000   46.8503   11.9304
56.0000   149.0000   33.8963   39.8743
57.0000   172.0000   18.1030   26.4170
58.0000   171.0000   45.2464   17.1694
59.0000   153.0000   9.3219   32.9964
60.0000   180.0000   35.1297   13.9862
61.0000   149.0000   49.0701   38.4536
62.0000   129.0000   18.2006   32.0040
63.0000   107.0000   40.5157   17.6630
64.0000   178.0000   41.2140   24.6834
65.0000   124.0000   5.8962   15.5620
66.0000   126.0000   3.8078   9.3717
67.0000   100.0000   10.6369   22.8227
68.0000   99.0000   18.3029   29.5249
69.0000   132.0000   0.7124   13.4969
70.0000   110.0000   27.0287   28.0784
71.0000   175.0000   48.8366   7.7344
72.0000   114.0000   47.5761   39.9308
73.0000   101.0000   44.2106   31.7870
74.0000   111.0000   10.5711   14.1884
75.0000   99.0000   18.4371   35.5144
76.0000   165.0000   44.7008   41.7644
77.0000   95.0000   18.7173   47.5442
78.0000   151.0000   3.0283   11.6774
79.0000   159.0000   1.7757   48.2291
80.0000   121.0000   16.8339   29.8745
81.0000   157.0000   41.3398   10.9638
82.0000   141.0000   0.0073   6.0703
83.0000   113.0000   42.1760   12.1496
84.0000   106.0000   9.5956   10.6262
85.0000   137.0000   2.7919   25.1046
86.0000   153.0000   40.2752   17.6176
87.0000   127.0000   41.5352   2.6841
88.0000   99.0000   8.9133   30.4918
89.0000   180.0000   16.3891   3.7878
90.0000   98.0000   9.2589   17.7690
91.0000   160.0000   27.9816   0.2018
92.0000   157.0000   35.5933   37.4783
93.0000   94.0000   16.5678   34.8983
94.0000   151.0000   40.8535   35.2155
95.0000   136.0000   3.9342   46.1450
96.0000   118.0000   26.0201   4.8558
97.0000   107.0000   21.3606   47.5380
98.0000   173.0000   1.5446   30.0493
99.0000   105.0000   49.7235   19.1949
100.0000   174.0000   37.6684   3.2895
101.0000   143.0000   13.9341   36.8783
102.0000   150.0000   7.8597   39.6109
103.0000   149.0000   36.6512   31.4105
104.0000   99.0000   24.1849   10.3590
105.0000   163.0000   39.6526   8.4842
106.0000   90.0000   4.8349   5.9246
107.0000   112.0000   13.3519   7.4569
108.0000   156.0000   8.0375   2.2829
109.0000   135.0000   25.5224   15.9341
110.0000   173.0000   42.3077   28.7707
111.0000   121.0000   5.9693   45.5627
112.0000   98.0000   12.7443   34.0918
113.0000   142.0000   5.7579   15.9129
114.0000   94.0000   22.8633   7.8981
115.0000   104.0000   1.2705   17.8916
116.0000   155.0000   1.7744   13.9847
117.0000   137.0000   16.8945   36.3643
118.0000   176.0000   49.7817   4.7056
119.0000   104.0000   43.8710   43.5462
120.0000   92.0000   19.3308   29.9111
121.0000   174.0000   46.6922   41.6064
122.0000   134.0000   42.7542   43.9016
123.0000   128.0000   37.5208   43.3009
124.0000   135.0000   8.1472   26.9746
125.0000   177.0000   9.6596   37.1615
126.0000   160.0000   49.0782   5.5085
127.0000   134.0000   32.9708   37.7942
128.0000   107.0000   40.5791   11.9839
129.0000   103.0000   37.5587   40.2029
130.0000   132.0000   39.5396   42.9291
131.0000   145.0000   23.5062   38.4027
132.0000   176.0000   18.6042   35.7894
133.0000   166.0000   21.4905   26.8440
134.0000   152.0000   36.0250   27.3373
135.0000   133.0000   11.4085   9.6118
136.0000   95.0000   47.4753   18.8855
137.0000   150.0000   1.4268   6.8465
138.0000   123.0000   40.1247   29.5670
139.0000   158.0000   20.9950   42.8397
140.0000   176.0000   2.6818   19.2525
141.0000   123.0000   12.5906   9.2933
142.0000   95.0000   25.5756   25.0563
143.0000   91.0000   45.2356   49.5468
144.0000   90.0000   13.8322   46.5108
145.0000   151.0000   3.8764   21.1191
146.0000   125.0000   48.4862   45.2174
147.0000   145.0000   2.2665   47.1373
148.0000   123.0000   36.2178   13.5422
149.0000   119.0000   16.6959   29.8542
150.0000   100.0000   18.6276   19.4987
151.0000   169.0000   43.0949   39.9065
152.0000   170.0000   41.6348   14.8166
153.0000   180.0000   44.1633   10.3932
154.0000   93.0000   10.0903   25.5310
155.0000   123.0000   23.6007   20.9880
156.0000   180.0000   30.9887   35.0340
157.0000   103.0000   42.6041   45.2733
158.0000   123.0000   2.1275   8.2773
159.0000   169.0000   33.5506   6.3164
160.0000   126.0000   40.0873   16.3135
161.0000   135.0000   5.0626   0.1852
162.0000   95.0000   43.5585   24.2128
163.0000   95.0000   15.9760   10.5421
164.0000   156.0000   43.5902   11.3784
165.0000   98.0000   6.1316   29.5785
166.0000   144.0000   39.7457   2.3373
167.0000   142.0000   32.6380   34.6399
168.0000   156.0000   18.8241   22.6846
169.0000   154.0000   41.7351   19.2966
170.0000   148.0000   35.0917   18.3916
171.0000   136.0000   0.9556   32.4277
172.0000   142.0000   17.9078   43.9976
173.0000   154.0000   33.1330   16.8172
174.0000   106.0000   22.6586   27.1534
175.0000   126.0000   43.5632   7.3757
176.0000   155.0000   11.3873   7.0941
177.0000   141.0000   8.9827   11.5233
178.0000   150.0000   33.1115   48.4869
179.0000   175.0000   6.0185   6.6361
180.0000   166.0000   36.1290   5.8476
181.0000   106.0000   22.7145   19.6790
182.0000   94.0000   1.5165   11.6226
183.0000   174.0000   36.0940   34.5951
184.0000   156.0000   40.9286   44.4967
185.0000   179.0000   25.2973   32.7821
186.0000   159.0000   37.7222   27.8480
187.0000   143.0000   32.2981   35.4126
188.0000   119.0000   48.9959   35.8701
189.0000   125.0000   4.4753   43.3844
190.0000   176.0000   42.1221   12.5631
191.0000   166.0000   28.4668   33.8776
192.0000   123.0000   25.3100   36.2276
193.0000   139.0000   35.7158   3.5124
194.0000   127.0000   19.2951   6.4633
195.0000   116.0000   30.3309   27.3048
196.0000   110.0000   14.8101   3.1430
197.0000   135.0000   17.3723   16.1094
198.0000   179.0000   25.5525   18.1258
199.0000   93.0000   23.6943   13.8646
200.0000   137.0000   7.1683   22.2579
201.0000   134.0000   33.4437   43.2716
202.0000   159.0000   41.4130   13.6217
203.0000   159.0000   15.4597   27.6445
204.0000   105.0000   43.0640   42.0053
205.0000   178.0000   39.5778   8.0820
206.0000   125.0000   23.4535   9.2558
207.0000   103.0000   8.3368   42.0806
208.0000   156.0000   15.4993   9.8781
209.0000   111.0000   29.7315   14.2484
210.0000   155.0000   32.8793   3.3248
211.0000   178.0000   22.9352   49.3982
212.0000   114.0000   48.0027   14.6029
213.0000   141.0000   39.3153   17.1206
214.0000   168.0000   2.6124   22.5892
215.0000   132.0000   8.4821   15.2914
216.0000   153.0000   30.2539   31.5626
217.0000   157.0000   3.8084   28.4573
218.0000   167.0000   49.9847   36.8746
219.0000   152.0000   31.2816   20.0651
220.0000   101.0000   6.6954   27.8269
221.0000   126.0000   1.3356   13.5181
222.0000   125.0000   32.3992   25.5613
223.0000   157.0000   34.0201   32.3547
224.0000   158.0000   40.5039   7.0300
225.0000   124.0000   29.8367   7.1580
