0.0000   0.0000   0.0000   0.0000
1.0000   69.0000   38.8962   46.6119
2.0000   140.0000   11.6378   4.0903
3.0000   119.0000   46.3052   12.5280
4.0000   107.0000   28.3901   0.7650
5.0000   102.0000   11.5872   31.0857
6.0000   140.0000   11.2431   44.8993
7.0000   74.0000   3.0517   44.6502
8.0000   77.0000   3.0502   20.8951
9.0000   59.0000   4.2022   17.5700
10.0000   123.0000   14.3418   42.2566
11.0000   127.0000   48.3253   24.3752
12.0000   85.0000   23.2124   6.2656
13.0000   103.0000   43.1847   28.3639
14.0000   135.0000   37.7293   3.2293
15.0000   72.0000   11.5615   1.8672
16.0000   92.0000   5.6468   21.8945
17.0000   92.0000   20.3067   9.2435
18.0000   76.0000   26.5225   23.6087
19.0000   57.0000   0.8868   2.8122
20.0000   108.0000   10.3924   23.7478
21.0000   70.0000   48.9351   7.4136
22.0000   115.0000   24.4335   29.3813
23.0000   50.0000   7.9488   21.8402
24.0000   93.0000   45.8443   3.3941
25.0000   138.0000   39.9124   18.5769
26.0000   50.0000   5.8905   20.8983
27.0000   125.0000   22.2895   17.1032
28.0000   65.0000   23.8305   30.2617
29.0000   83.0000   47.4991   38.8482
30.0000   102.0000   49.5785   2.1124
31.0000   66.0000   22.7109   39.4246
32.0000   109.0000   11.1900   30.1542
33.0000   81.0000   16.2357   15.8083
34.0000   127.0000   43.7344   40.6216
35.0000   115.0000   42.6782   27.2425
36.0000   103.0000   5.0484   40.7676
37.0000   112.0000   47.2717   26.8972
38.0000   88.0000   25.3070   2.3082
39.0000   67.0000   42.3056   42.9331
40.0000   92.0000   42.5786   49.5486
41.0000   59.0000   9.0016   25.8689
42.0000   60.0000   7.7785   6.0825
43.0000   52.0000   26.3282   35.8216
44.0000   63.0000   20.3960   3.2991
45.0000   108.0000   34.7659   29.9849
46.0000   100.0000   40.6438   24.5698
47.0000   78.0000   30.5805   44.7427
48.0000   64.0000   26.4571   7.6271
49.0000   78.0000   3.6387   40.0493
50.0000   97.0000   22.8835   4.5822
51.0000   126.0000   27.5017   39.1517
52.0000   102.0000   20.0553   18.5402
53.0000   71.0000   44.5407   44.4746
54.0000   128.0000   4.8414   48.7644
55.0000   112.0000   9.9305   7.0930
56.0000   87.0000   30.6367   12.0117
57.0000   66.0000   26.6092   18.3371
58.0000   58.0000   46.8536   49.2461
59.0000   58.0000   4.0748   23.6032
60.0000   103.0000   8.4375   1.0739
61.0000   125.0000   3.3613   23.2082
62.0000   138.0000   33.4106   25.9242
63.0000   130.0000   46.8085   22.6006
64.0000   51.0000   5.6455   30.6497
65.0000   137.0000   47.1168   18.9244
66.0000   83.0000   42.2097   45.5807
67.0000   119.0000   8.8681   46.6094
68.0000   130.0000   7.7130   20.9836
69.0000   71.0000   8.0074   47.8933
70.0000   78.0000   25.9351   15.3896
71.0000   60.0000   6.0826   22.5286
72.0000   78.0000   27.9333   30.1979
73.0000   52.0000   44.2525   5.1666
74.0000   90.0000   25.2051   47.6884
75.0000   80.0000   40.4071   42.8392
76.0000   98.0000   45.9759   18.0774
77.0000   76.0000   5.4678   8.8682
78.0000   85.0000   3.8480   46.0879
79.0000   90.0000   24.1347   12.3583
80.0000   104.0000   40.5745   42.3203
81.0000   54.0000   36.0061   31.4973
82.0000   68.0000   49.0171   16.2652
83.0000   75.0000   42.3117   25.3437
84.0000   126.0000   3.5415   31.1571
85.0000   116.0000   5.8551   30.6863
86.0000   114.0000   49.2150   0.8383
87.0000   91.0000   44.9022   42.7371
88.0000   71.0000   30.6354   31.9018
89.0000   107.0000   48.2704   8.0481
90.0000   107.0000   19.4002   6.3046
91.0000   58.0000   47.1215   22.9924
92.0000   75.0000   26.3462   6.3689
93.0000   83.0000   21.7090   18.3233
94.0000   54.0000   3.9368   8.6009
95.0000   88.0000   45.2772   20.4535
96.0000   94.0000   42.1710   9.6621
97.0000   91.0000   47.1981   22.8472
98.0000   108.0000   22.3908   9.1347
99.0000   87.0000   36.7999   1.7866
100.0000   105.0000   32.3771   26.1337
101.0000   60.0000   4.8579   40.7346
102.0000   111.0000   15.9585   35.9862
103.0000   52.0000   26.4880   2.7057
104.0000   75.0000   9.7642   24.3191
105.0000   65.0000   49.2164   32.0475
106.0000   54.0000   27.0106   46.0352
107.0000   113.0000   30.9017   3.0434
108.0000   60.0000   45.0038   27.3525
109.0000   87.0000   15.1396   47.5373
110.0000   50.0000   15.2702   30.1675
111.0000   58.0000   45.9022   13.9893
112.0000   52.0000   43.9410   35.5297
113.0000   61.0000   6.1919   26.6174
114.0000   124.0000   15.5160   43.1581
115.0000   96.0000   14.8567   19.6154
116.0000   134.0000   26.4217   44.7771
117.0000   77.0000   8.9904   39.9771
118.0000   126.0000   46.4552   20.2606
119.0000   90.0000   39.8717   46.6358
120.0000   121.0000   20.2778   6.5886
121.0000   121.0000   32.6050   43.9984
122.0000   82.0000   49.3340   49.6127
123.0000   117.0000   38.2465   1.4741
124.0000   57.0000   33.5186   20.8322
125.0000   140.0000   14.2429   2.7039
126.0000   56.0000   4.4849   35.5222
127.0000   105.0000   17.8261   26.2089
128.0000   75.0000   30.9114   43.4766
129.0000   93.0000   31.1041   34.1429
130.0000   62.0000   46.3827   38.8779
131.0000   99.0000   21.5882   27.3221
132.0000   53.0000   39.3842   6.1435
133.0000   60.0000   22.4864   8.2526
134.0000   51.0000   38.3065   34.7568
135.0000   113.0000   24.4017   32.7906
136.0000   110.0000   2.7883   7.4371
137.0000   129.0000   47.3865   48.1857
138.0000   97.0000   19.4969   27.8761
139.0000   93.0000   20.3368   38.7211
140.0000   50.0000   22.8560   5.6467
141.0000   89.0000   2.9684   9.9817
142.0000   96.0000   16.5809   38.3275
143.0000   50.0000   6.6825   39.8901
144.0000   50.0000   20.3745   21.2265
145.0000   91.0000   6.7655   17.3312
146.0000   105.0000   17.6134   37.5611
147.0000   124.0000   1.8402   41.8328
148.0000   121.0000   12.9531   32.0839
149.0000   65.0000   17.1566   11.5943
150.0000   57.0000   18.3177   27.8651
151.0000   66.0000   47.7327   21.0293
152.0000   126.0000   0.7119   9.6442
153.0000   136.0000   44.9270   35.2362
154.0000   117.0000   9.4119   45.3808
155.0000   106.0000   10.8895   33.1123
156.0000   137.0000   32.0447   14.7399
157.0000   139.0000   41.6736   32.5603
158.0000   123.0000   9.3653   12.9857
159.0000   50.0000   29.4496   14.0586
160.0000   70.0000   25.0054   27.4538
161.0000   104.0000   32.8527   49.8504
162.0000   138.0000   21.2152   30.4659
163.0000   66.0000   3.3049   11.7359
164.0000   60.0000   0.4440   26.6406
165.0000   128.0000   30.4076   37.5613
166.0000   106.0000   32.8842   49.8928
167.0000   125.0000   14.5893   31.2357
168.0000   98.0000   19.2334   46.3490
169.0000   90.0000   24.0874   41.5088
170.0000   65.0000   41.2725   40.3937
171.0000   70.0000   24.3812   31.2245
172.0000   116.0000   44.9951   2.5785
173.0000   75.0000   8.9915   48.2807
174.0000   90.0000   2.5065   22.3514
175.0000   65.0000   4.3699   32.9791
176.0000   62.0000   30.3678   24.3379
177.0000   55.0000   46.8762   45.9430
178.0000   84.0000   33.1307   11.2822
179.0000   61.0000   39.0080   7.4463
180.0000   79.0000   18.0322   15.0315
181.0000   54.0000   35.6631   13.4509
182.0000   62.0000   44.7844   32.6915
183.0000   116.0000   26.8202   8.0193
184.0000   124.0000   5.6183   8.4893
185.0000   54.0000   25.7481   39.9352
186.0000   107.0000   38.9268   40.1512
187.0000   132.0000   24.6449   34.5704
188.0000   113.0000   49.7318   35.4723
189.0000   121.0000   22.8111   18.9134
190.0000   58.0000   46.7148   14.2576
191.0000   103.0000   30.0032   4.3343
192.0000   97.0000   20.4952   29.8028
193.0000   59.0000   43.3307   34.6544
194.0000   58.0000   14.9993   28.5275
195.0000   64.0000   28.8775   6.1334
196.0000   81.0000   22.7176   47.3455
197.0000   137.0000   14.4148   20.4845
198.0000   129.0000   7.8073   2.9095
199.0000   102.0000   1.2311   23.9118
200.0000   132.0000   34.0457   39.6491
201.0000   127.0000   22.0645   18.8851
202.0000   99.0000   9.5779   36.8589
203.0000   138.0000   12.7664   33.8106
204.0000   86.0000   26.4395   36.0933
205.0000   125.0000   17.1768   31.2823
206.0000   51.0000   13.3548   43.7444
207.0000   105.0000   48.1016   14.7798
208.0000   100.0000   25.6812   31.4138
209.0000   107.0000   35.3682   49.9026
210.0000   55.0000   11.2576   6.7883
211.0000   56.0000   44.0281   35.1406
212.0000   74.0000   39.7787   25.6770
213.0000   51.0000   14.9165   11.1342
214.0000   75.0000   14.4873   5.5637
215.0000   53.0000   34.3418   38.4211
216.0000   108.0000   24.2275   11.2198
217.0000   121.0000   35.3329   48.0337
218.0000   140.0000   29.0662   41.8664
219.0000   102.0000   12.6331   47.5034
220.0000   77.0000   14.8229   17.3121
221.0000   121.0000   2.3139   19.8901
222.0000   113.0000   20.3774   4.2302
223.0000   104.0000   11.9044   37.3441
224.0000   120.0000   44.6368   44.9268
225.0000   108.0000   24.1313   35.4124
226.0000   119.0000   24.8512   18.3827
227.0000   91.0000   27.3676   49.6910
228.0000   99.0000   33.3531   19.1894
229.0000   68.0000   22.6263   23.0131
230.0000   57.0000   35.1069   12.4389
231.0000   104.0000   33.3499   2.1778
232.0000   63.0000   28.0079   23.8782
233.0000   67.0000   12.1467   14.4894
234.0000   78.0000   12.2253   7.0464
235.0000   138.0000   22.2655   28.7278
236.0000   88.0000   36.2670   32.8936
237.0000   76.0000   41.5578   9.4581
238.0000   126.0000   11.9612   16.2228
239.0000   80.0000   42.3884   16.7533
240.0000   93.0000   0.2310   39.5545
241.0000   112.0000   44.8860   42.8836
242.0000   81.0000   20.8409   21.3603
243.0000   67.0000   5.4799   13.6034
244.0000   118.0000   36.3291   45.0742
245.0000   97.0000   27.1294   27.3566
246.0000   75.0000   40.6463   34.2157
247.0000   90.0000   8.4399   37.0674
248.0000   117.0000   0.6830   43.9160
249.0000   55.0000   0.5803   49.0279
250.0000   61.0000   38.1078   48.6834
251.0000   79.0000   28.9251   20.5471
252.0000   113.0000   20.0769   37.4565
253.0000   131.0000   49.7742   1.8915
254.0000   84.0000   22.7847   49.2191
255.0000   95.0000   26.2872   3.0267
256.0000   68.0000   15.5162   35.6207
257.0000   100.0000   41.4814   40.0764
258.0000   65.0000   32.8942   26.8920
259.0000   97.0000   9.8517   41.1475
260.0000   114.0000   17.5360   0.9247
261.0000   128.0000   28.4175   0.2969
262.0000   136.0000   30.2258   48.0172
263.0000   104.0000   2.6115   19.9370
264.0000   79.0000   24.1173   47.1378
265.0000   102.0000   17.1497   11.9352
266.0000   84.0000   28.8781   24.5495
267.0000   68.0000   46.8079   26.1149
268.0000   76.0000   21.4196   20.5942
269.0000   129.0000   32.5068   31.7502
270.0000   65.0000   25.2249   13.5390
271.0000   65.0000   30.0587   19.7746
272.0000   60.0000   29.4427   4.5559
273.0000   85.0000   48.0665   13.5867
274.0000   129.0000   29.5390   49.5044
275.0000   56.0000   6.1611   16.9843
276.0000   78.0000   12.9066   32.5226
277.0000   62.0000   39.3317   16.5593
278.0000   92.0000   17.0105   9.5701
279.0000   136.0000   37.2720   5.9490
280.0000   51.0000   41.8260   12.7841
281.0000   52.0000   47.0928   13.2487
282.0000   71.0000   43.6005   21.7352
283.0000   124.0000   22.9395   7.6418
284.0000   73.0000   32.0506   29.5042
285.0000   93.0000   41.4488   7.1731
286.0000   75.0000   33.6139   19.9565
287.0000   105.0000   19.6982   47.9665
288.0000   106.0000   40.5066   17.2983
289.0000   66.0000   30.9159   33.6405
290.0000   68.0000   33.8641   49.6647
291.0000   69.0000   31.4274   46.7523
292.0000   94.0000   19.8251   43.8905
293.0000   107.0000   35.0123   42.2749
294.0000   112.0000   23.9955   11.0923
295.0000   51.0000   35.8357   9.5909
296.0000   94.0000   29.3262   23.6410
297.0000   65.0000   45.9989   46.8497
298.0000   101.0000   37.7038   12.1124
299.0000   134.0000   2.2045   37.7123
300.0000   71.0000   41.1378   18.9350
301.0000   83.0000   12.7832   44.5121
302.0000   62.0000   1.4118   37.1589
303.0000   108.0000   7.3214   34.5425
304.0000   130.0000   31.3469   17.8582
305.0000   131.0000   32.2858   41.8831
306.0000   107.0000   5.4791   39.5070
307.0000   124.0000   47.0650   29.7593
308.0000   105.0000   11.0733   3.3232
309.0000   56.0000   26.6996   7.1521
310.0000   120.0000   44.8406   46.9952
311.0000   133.0000   31.1306   10.7815
312.0000   57.0000   13.4395   19.3771
313.0000   71.0000   6.8551   20.3985
314.0000   85.0000   15.2186   46.9209
315.0000   138.0000   7.6095   27.6554
316.0000   92.0000   43.2852   0.8282
317.0000   77.0000   42.3846   47.2487
318.0000   118.0000   3.1849   28.0105
319.0000   78.0000   36.8215   4.8193
320.0000   104.0000   22.9659   43.2228
321.0000   93.0000   39.4559   8.0873
322.0000   97.0000   18.7695   1.3444
323.0000   56.0000   30.7211   44.1931
324.0000   90.0000   1.5771   17.8822
325.0000   111.0000   0.9235   42.9025
326.0000   128.0000   29.3517   41.1645
327.0000   140.0000   5.0939   2.1672
328.0000   60.0000   0.1405   17.9265
329.0000   71.0000   17.0980   22.6287
330.0000   61.0000   35.2178   25.2508
331.0000   121.0000   18.8708   37.1639
332.0000   131.0000   46.4741   2.8831
333.0000   65.0000   40.0006   23.1189
334.0000   107.0000   24.1835   15.7374
335.0000   103.0000   41.8500   35.0718
336.0000   77.0000   42.1718   37.8884
337.0000   97.0000   43.0449   36.2314
338.0000   75.0000   38.5029   20.2075
339.0000   81.0000   17.3721   32.8986
340.0000   59.0000   44.7505   8.3664
341.0000   88.0000   28.8291   20.1749
342.0000   64.0000   19.0103   20.6621
343.0000   117.0000   26.3901   33.6107
344.0000   54.0000   35.5811   43.9215
345.0000   94.0000   23.0160   23.8700
346.0000   123.0000   10.5589   29.4199
347.0000   62.0000   47.5507   37.0809
348.0000   120.0000   22.9431   8.6084
349.0000   93.0000   9.7024   47.4538
350.0000   124.0000   42.8498   20.2756
351.0000   114.0000   24.2756   27.0428
352.0000   112.0000   47.2701   35.9635
353.0000   102.0000   2.5499   1.2108
354.0000   84.0000   40.4663   34.6858
355.0000   71.0000   17.9228   49.0499
356.0000   104.0000   33.3600   42.6574
357.0000   116.0000   38.8642   6.4000
358.0000   130.0000   30.7283   7.8284
359.0000   113.0000   27.6672   8.7465
360.0000   114.0000   47.0969   34.2154
361.0000   79.0000   2.8543   3.2708
362.0000   67.0000   47.7347   29.6233
363.0000   104.0000   14.2492   17.6381
364.0000   57.0000   19.4705   40.4964
365.0000   132.0000   25.0325   0.0636
366.0000   117.0000   10.2577   37.7201
367.0000   118.0000   44.9876   25.0258
368.0000   104.0000   26.3604   16.8773
369.0000   120.0000   38.6454   21.8163
370.0000   109.0000   35.0257   43.7596
371.0000   72.0000   45.6452   23.5104
372.0000   67.0000   48.1889   21.0638
373.0000   78.0000   0.6255   34.1568
374.0000   100.0000   26.0611   48.1807
375.0000   83.0000   16.0533   16.4840
