0.0000   0.0000   0.0000   0.0000
1.0000   51.0000   9.0952   44.6810
2.0000   119.0000   49.7531   7.6251
3.0000   54.0000   13.3557   30.5043
4.0000   108.0000   8.5183   44.8414
5.0000   81.0000   6.7132   45.0839
6.0000   139.0000   8.1463   43.4185
7.0000   121.0000   18.6013   28.9311
8.0000   97.0000   48.4542   38.7998
9.0000   78.0000   26.4633   3.3521
10.0000   137.0000   36.1466   31.7475
11.0000   87.0000   33.4461   38.7119
12.0000   138.0000   37.0303   12.1945
13.0000   59.0000   37.4638   45.9412
14.0000   94.0000   45.2939   44.4524
15.0000   60.0000   13.3534   21.4028
16.0000   57.0000   7.6481   42.6233
17.0000   104.0000   20.4081   5.8916
18.0000   63.0000   47.7059   42.0735
19.0000   138.0000   21.5760   49.3755
20.0000   94.0000   9.2675   3.8015
21.0000   57.0000   33.0798   4.7356
22.0000   102.0000   39.6230   25.4611
23.0000   105.0000   6.7646   0.8911
24.0000   63.0000   8.5850   7.1036
25.0000   112.0000   10.3530   16.6836
26.0000   139.0000   35.5041   24.4261
27.0000   64.0000   47.8141   27.6601
28.0000   75.0000   22.4442   42.5892
29.0000   54.0000   6.1999   35.2457
30.0000   134.0000   23.4793   16.1805
31.0000   63.0000   41.6107   8.9906
32.0000   52.0000   45.1619   18.3065
33.0000   124.0000   18.4940   48.7724
34.0000   101.0000   16.7538   9.0329
35.0000   65.0000   25.7357   15.4333
36.0000   113.0000   4.0267   39.2178
37.0000   111.0000   8.3941   10.2438
38.0000   50.0000   21.5246   26.2943
39.0000   50.0000   35.6378   6.0627
40.0000   114.0000   7.8036   2.0442
41.0000   132.0000   12.1188   10.6185
42.0000   73.0000   22.1742   5.4202
43.0000   91.0000   15.0563   13.5036
44.0000   80.0000   39.9467   24.0679
45.0000   108.0000   13.3718   1.2438
46.0000   93.0000   44.8242   5.5034
47.0000   60.0000   2.0158   40.8443
48.0000   90.0000   32.2642   28.2114
49.0000   65.0000   9.9446   15.1197
50.0000   124.0000   29.3231   6.0385
