0.0000   0.0000   50.0000   50.0000
1.0000   83.0000   78.2217   72.8720
2.0000   26.0000   8.0605   96.1429
3.0000   21.0000   1.1136   62.5860
4.0000   52.0000   90.6758   60.9466
5.0000   25.0000   71.7669   67.1431
6.0000   54.0000   82.0663   80.0466
7.0000   103.0000   91.1167   7.5741
8.0000   64.0000   33.9514   32.1580
9.0000   24.0000   6.7466   18.9442
10.0000   68.0000   82.7037   19.1526
11.0000   105.0000   81.5301   9.3139
12.0000   39.0000   29.4851   17.3384
13.0000   100.0000   32.7159   28.7641
14.0000   112.0000   44.5689   89.3834
15.0000   21.0000   35.0657   26.9362
16.0000   61.0000   0.1636   16.3582
17.0000   112.0000   85.7561   28.2227
18.0000   61.0000   41.1242   31.5386
19.0000   24.0000   6.3409   3.4702
20.0000   77.0000   2.8256   8.1994
21.0000   21.0000   75.8484   19.2421
22.0000   23.0000   27.2227   54.0741
23.0000   115.0000   63.9622   73.0036
24.0000   60.0000   89.5651   8.5611
25.0000   60.0000   77.0000   75.9472
26.0000   90.0000   76.8369   67.1993
27.0000   51.0000   58.7129   42.5758
28.0000   51.0000   7.4675   88.1933
29.0000   105.0000   4.4175   77.9154
30.0000   22.0000   94.5795   60.8723
31.0000   18.0000   61.0253   0.0891
32.0000   41.0000   79.2117   60.8506
33.0000   106.0000   82.5667   49.3753
34.0000   101.0000   33.5847   7.3193
35.0000   93.0000   48.3518   18.2141
36.0000   30.0000   53.1823   80.5562
37.0000   86.0000   2.1650   1.6880
38.0000   82.0000   42.5581   76.0311
39.0000   118.0000   17.2184   8.9502
40.0000   74.0000   76.3403   36.4669
41.0000   73.0000   70.2578   73.6072
42.0000   37.0000   54.9134   22.4871
43.0000   71.0000   53.9853   24.6249
44.0000   31.0000   53.2494   49.7900
45.0000   63.0000   89.3134   99.3394
46.0000   83.0000   13.3699   51.3039
47.0000   50.0000   85.1021   25.3936
48.0000   29.0000   56.7756   66.5752
49.0000   118.0000   14.1349   2.4639
50.0000   32.0000   49.8541   57.9969
51.0000   111.0000   59.1738   97.8178
52.0000   83.0000   57.4692   23.0786
53.0000   100.0000   69.3472   22.3529
54.0000   119.0000   33.7687   90.1932
55.0000   28.0000   24.9053   7.6283
56.0000   81.0000   25.9917   66.7905
57.0000   110.0000   74.6198   60.5476
58.0000   95.0000   92.2527   60.1904
59.0000   31.0000   88.7202   79.6756
60.0000   81.0000   23.7752   5.2956
61.0000   77.0000   30.5774   71.2526
62.0000   70.0000   39.3438   60.3655
63.0000   99.0000   25.9179   50.6190
64.0000   119.0000   41.4062   92.3338
65.0000   18.0000   32.1139   80.8993
66.0000   75.0000   48.8338   90.7394
67.0000   56.0000   22.3537   67.3251
68.0000   20.0000   77.9356   76.7635
69.0000   109.0000   4.1468   12.8806
70.0000   89.0000   11.4543   5.5059
71.0000   27.0000   54.3049   18.0902
72.0000   119.0000   80.1756   96.7766
73.0000   120.0000   27.0751   3.9312
74.0000   36.0000   81.8820   4.5247
75.0000   49.0000   0.7174   83.1472
76.0000   56.0000   52.5129   18.6307
77.0000   25.0000   20.1212   54.9480
78.0000   72.0000   10.0956   94.4676
79.0000   35.0000   39.6187   9.1140
80.0000   104.0000   48.0509   52.0389
81.0000   49.0000   42.0529   76.9619
82.0000   110.0000   41.6951   81.3902
83.0000   59.0000   63.3505   62.5882
84.0000   65.0000   84.0582   54.1567
85.0000   47.0000   68.3042   26.8453
86.0000   86.0000   71.7026   46.5692
87.0000   29.0000   97.1747   66.4141
88.0000   93.0000   29.8459   66.2277
89.0000   67.0000   64.0346   48.6545
90.0000   102.0000   98.2367   85.2479
91.0000   112.0000   44.0113   8.5244
92.0000   51.0000   94.1895   59.9958
93.0000   61.0000   29.7717   35.4874
94.0000   49.0000   23.4882   83.0219
95.0000   115.0000   60.5058   40.8961
96.0000   27.0000   71.0068   77.6923
97.0000   30.0000   67.9594   91.8306
98.0000   21.0000   84.4735   75.4066
99.0000   80.0000   5.6761   84.1991
100.0000   16.0000   26.0022   59.9140
