0.0000   0.0000   0.0000   0.0000
1.0000   69.0000   44.8571   43.7499
2.0000   29.0000   40.7684   1.1003
3.0000   43.0000   35.4258   14.9051
4.0000   67.0000   32.0045   8.8882
5.0000   82.0000   28.8276   37.6859
6.0000   63.0000   6.0263   38.4173
7.0000   89.0000   45.0517   28.9894
8.0000   113.0000   7.1638   28.1208
9.0000   44.0000   26.0264   35.0525
10.0000   56.0000   4.2416   15.6575
11.0000   37.0000   40.5399   32.0566
12.0000   117.0000   12.6521   11.9960
13.0000   71.0000   11.7803   46.0900
14.0000   87.0000   43.5213   46.2729
15.0000   75.0000   6.0313   7.6280
16.0000   97.0000   1.4083   45.1710
17.0000   35.0000   34.7628   19.7363
18.0000   99.0000   29.7062   1.6838
19.0000   97.0000   38.9130   25.2071
20.0000   38.0000   26.3434   40.0612
21.0000   91.0000   46.2588   1.0450
22.0000   41.0000   36.0792   39.1294
23.0000   64.0000   7.6769   6.7847
24.0000   42.0000   16.4406   28.5542
25.0000   85.0000   14.8812   18.9806
26.0000   69.0000   34.4700   33.6007
27.0000   36.0000   42.6686   40.2727
28.0000   109.0000   11.5921   38.2982
29.0000   41.0000   38.8772   46.7745
30.0000   106.0000   28.0023   28.2032
31.0000   24.0000   16.8122   17.7766
32.0000   64.0000   49.6728   9.3464
33.0000   55.0000   49.8777   3.4547
34.0000   33.0000   16.3964   47.5437
35.0000   47.0000   46.5007   37.9092
36.0000   108.0000   43.5128   5.7136
37.0000   116.0000   7.7742   46.4805
38.0000   102.0000   13.3063   2.3372
39.0000   20.0000   32.1477   17.8654
40.0000   62.0000   4.0027   6.5697
41.0000   26.0000   33.2353   27.2789
42.0000   90.0000   19.8051   4.9599
43.0000   20.0000   18.0750   49.5249
44.0000   92.0000   15.3839   8.7803
45.0000   108.0000   27.5115   19.2212
46.0000   55.0000   4.0245   29.7700
47.0000   43.0000   9.4673   44.3062
48.0000   32.0000   31.0249   41.4862
49.0000   89.0000   23.2113   35.0504
50.0000   34.0000   8.2200   14.0026
51.0000   59.0000   44.3548   10.2627
52.0000   112.0000   11.4952   30.5902
53.0000   104.0000   33.7273   4.2354
54.0000   60.0000   42.4237   32.8684
55.0000   67.0000   38.3773   7.9853
56.0000   34.0000   31.6743   29.4465
57.0000   64.0000   32.5660   8.2135
58.0000   103.0000   27.7806   12.6942
59.0000   40.0000   7.9057   19.9780
60.0000   47.0000   13.6263   31.3593
61.0000   63.0000   48.0785   3.5126
62.0000   53.0000   15.8478   30.9212
63.0000   100.0000   15.5476   34.3866
64.0000   119.0000   22.4800   10.5743
65.0000   84.0000   40.3121   19.7389
66.0000   97.0000   20.5585   10.0028
67.0000   113.0000   5.1373   39.5611
68.0000   47.0000   32.3412   47.9664
69.0000   87.0000   30.9933   28.2406
70.0000   118.0000   22.7765   3.0359
71.0000   85.0000   4.2332   32.0776
72.0000   57.0000   45.0778   47.9662
73.0000   113.0000   16.2048   35.0387
74.0000   104.0000   15.0305   11.1580
75.0000   69.0000   34.4224   2.3242
76.0000   77.0000   31.5397   41.4586
77.0000   80.0000   14.3550   14.6918
78.0000   101.0000   11.2334   27.8091
79.0000   48.0000   37.2215   21.6860
80.0000   55.0000   33.0443   3.8126
81.0000   25.0000   8.6807   30.9359
82.0000   50.0000   7.8781   28.7860
83.0000   50.0000   10.3853   19.3852
84.0000   35.0000   1.4346   2.7174
85.0000   47.0000   25.8681   2.0236
86.0000   69.0000   1.8255   29.2941
87.0000   111.0000   21.4653   24.6625
88.0000   97.0000   32.7845   9.1908
89.0000   35.0000   41.1461   2.7988
90.0000   62.0000   7.0042   20.7255
91.0000   112.0000   28.9831   29.5255
92.0000   33.0000   30.1501   26.3809
93.0000   114.0000   31.5197   30.0526
94.0000   96.0000   9.1837   18.6889
95.0000   84.0000   7.8336   11.6326
96.0000   116.0000   33.5571   43.3025
97.0000   74.0000   42.9312   14.4234
98.0000   59.0000   39.7230   32.2698
99.0000   65.0000   29.3642   7.3327
100.0000   28.0000   22.9043   39.7258
101.0000   21.0000   21.5405   19.5295
102.0000   48.0000   22.5482   14.1074
103.0000   93.0000   1.2621   2.0154
104.0000   75.0000   22.9182   40.3000
105.0000   24.0000   4.9268   1.1048
106.0000   61.0000   19.7300   31.6780
107.0000   57.0000   23.4122   31.5735
108.0000   36.0000   21.9943   9.8927
109.0000   100.0000   35.5193   27.2253
110.0000   48.0000   39.8555   38.6387
111.0000   22.0000   23.2913   6.9458
112.0000   39.0000   14.0917   46.9079
113.0000   114.0000   25.2741   34.8968
114.0000   47.0000   26.2329   31.5141
115.0000   47.0000   33.3583   45.4691
116.0000   114.0000   10.1464   21.8515
117.0000   84.0000   33.8792   48.4232
118.0000   101.0000   47.4385   3.7469
119.0000   100.0000   8.2371   12.4354
120.0000   86.0000   47.9029   16.9816
121.0000   113.0000   26.1341   48.6211
122.0000   92.0000   14.0798   44.6238
123.0000   68.0000   48.7667   26.8872
124.0000   103.0000   38.1865   49.3477
125.0000   81.0000   23.1152   28.3954
126.0000   98.0000   19.3038   49.8544
127.0000   120.0000   5.1187   23.5779
128.0000   118.0000   20.9525   44.5330
129.0000   104.0000   47.6682   21.3219
130.0000   85.0000   27.0508   18.7628
131.0000   61.0000   41.4055   27.0641
132.0000   41.0000   11.4182   18.0218
133.0000   39.0000   9.9484   4.9957
134.0000   46.0000   28.3185   3.2474
135.0000   69.0000   9.0072   25.3071
136.0000   89.0000   25.4369   10.6638
137.0000   48.0000   42.3879   41.1698
138.0000   57.0000   4.6917   8.6044
139.0000   24.0000   15.0774   44.8151
140.0000   52.0000   34.4531   39.0963
141.0000   120.0000   4.9905   47.3843
142.0000   118.0000   21.9922   0.3723
143.0000   28.0000   2.3224   45.4141
144.0000   82.0000   13.6747   40.4976
145.0000   43.0000   40.3576   18.1842
146.0000   25.0000   12.8701   29.3343
147.0000   86.0000   0.1938   45.6592
148.0000   48.0000   35.9869   20.1194
149.0000   42.0000   11.5441   21.9018
150.0000   40.0000   9.6522   29.9587
151.0000   76.0000   18.3153   35.3567
152.0000   76.0000   40.5266   11.6980
153.0000   62.0000   34.0056   43.2063
154.0000   96.0000   27.6599   49.8283
155.0000   59.0000   41.8378   38.1563
156.0000   100.0000   20.7069   43.4810
157.0000   20.0000   37.9352   31.8298
158.0000   120.0000   27.1868   43.2376
159.0000   56.0000   44.3336   24.8135
160.0000   82.0000   48.1294   29.2209
161.0000   118.0000   30.7059   8.3334
162.0000   27.0000   38.0397   9.3046
163.0000   54.0000   25.8603   46.7366
164.0000   67.0000   21.4355   32.4573
165.0000   21.0000   36.2500   35.7358
166.0000   29.0000   41.8633   12.8219
167.0000   58.0000   23.5813   19.7894
168.0000   108.0000   4.1738   4.2233
169.0000   82.0000   22.8883   10.7164
170.0000   63.0000   10.6433   38.6991
171.0000   54.0000   36.6182   8.9357
172.0000   91.0000   6.8438   26.8676
173.0000   112.0000   48.6452   16.4563
174.0000   68.0000   10.6822   34.0126
175.0000   47.0000   33.6201   7.1404
