0.0000   0.0000   0.0000   0.0000
1.0000   125.0000   48.8579   37.8385
2.0000   64.0000   1.6269   25.6326
3.0000   93.0000   13.9764   33.7645
4.0000   100.0000   40.1112   11.1023
5.0000   109.0000   17.0754   39.4523
6.0000   127.0000   36.4757   10.3441
7.0000   112.0000   46.1447   39.1369
8.0000   147.0000   30.7557   1.1505
9.0000   110.0000   39.3478   6.4898
10.0000   79.0000   18.3524   38.2769
11.0000   70.0000   10.4864   43.6133
12.0000   127.0000   1.2947   5.2643
13.0000   132.0000   8.2090   1.4590
14.0000   131.0000   3.3986   6.5030
15.0000   67.0000   23.4867   9.0489
16.0000   125.0000   32.4871   36.7495
17.0000   123.0000   26.0966   3.6105
18.0000   91.0000   5.3371   3.1016
19.0000   64.0000   14.3849   35.8796
20.0000   136.0000   48.1404   48.5542
21.0000   110.0000   49.7439   1.7243
22.0000   88.0000   20.0545   17.0593
23.0000   112.0000   0.0334   21.9862
24.0000   71.0000   18.4130   3.0273
25.0000   107.0000   24.9606   6.9737
26.0000   129.0000   31.1001   47.2498
27.0000   148.0000   41.1159   47.5779
28.0000   124.0000   12.8661   20.2540
29.0000   140.0000   37.7394   5.7945
30.0000   131.0000   36.7391   1.4966
31.0000   116.0000   25.9274   25.1464
32.0000   75.0000   38.3638   32.7802
33.0000   98.0000   21.6743   25.7754
34.0000   125.0000   6.3508   29.6298
35.0000   61.0000   7.2799   11.1626
36.0000   104.0000   40.3510   10.1865
37.0000   106.0000   23.6364   5.1236
38.0000   100.0000   1.2760   32.4485
39.0000   113.0000   13.2991   18.1850
40.0000   99.0000   1.4128   14.2692
41.0000   128.0000   33.6590   18.0549
42.0000   113.0000   9.5784   37.7075
43.0000   67.0000   11.3532   6.2463
44.0000   115.0000   26.6416   18.7259
45.0000   130.0000   18.9365   32.4830
46.0000   106.0000   11.0249   2.0946
47.0000   136.0000   47.7363   13.4615
48.0000   144.0000   30.8273   32.0660
49.0000   112.0000   18.0677   38.3803
50.0000   64.0000   46.4825   42.0492
51.0000   76.0000   7.5570   9.2301
52.0000   68.0000   24.8601   25.4147
53.0000   131.0000   7.3826   17.2555
54.0000   134.0000   3.4967   7.2730
55.0000   75.0000   35.6163   49.3313
56.0000   94.0000   44.6226   2.4276
57.0000   128.0000   34.8185   13.0138
58.0000   134.0000   37.5290   31.1504
59.0000   144.0000   35.4720   39.2239
60.0000   128.0000   48.8987   5.7688
61.0000   99.0000   17.4230   21.1405
62.0000   103.0000   32.3301   12.3820
63.0000   128.0000   14.1701   4.2725
64.0000   145.0000   11.7003   7.2288
65.0000   136.0000   13.5824   27.8280
66.0000   103.0000   38.7127   21.2210
67.0000   108.0000   15.9565   34.5675
68.0000   79.0000   11.3593   31.3682
69.0000   86.0000   33.4337   19.4885
70.0000   131.0000   20.8366   6.1306
71.0000   122.0000   31.6592   20.1509
72.0000   74.0000   26.6160   43.2631
73.0000   89.0000   30.9184   32.0697
74.0000   91.0000   4.1313   36.1852
75.0000   76.0000   9.4370   20.6522
76.0000   150.0000   9.2306   24.0550
77.0000   100.0000   21.2802   41.1106
78.0000   74.0000   44.1491   41.7826
79.0000   108.0000   26.8408   22.8966
80.0000   129.0000   48.6406   34.5692
81.0000   131.0000   15.9782   35.6178
82.0000   124.0000   35.2400   0.9479
83.0000   104.0000   2.5660   27.5933
84.0000   84.0000   14.8064   12.6335
85.0000   115.0000   36.8028   22.6608
86.0000   126.0000   13.1879   8.8621
87.0000   126.0000   16.8534   40.1247
88.0000   91.0000   40.7476   11.5270
89.0000   84.0000   34.7209   32.2107
90.0000   71.0000   9.8138   5.2138
91.0000   113.0000   49.7818   15.7839
92.0000   67.0000   16.7355   15.0094
93.0000   131.0000   12.7985   41.5751
94.0000   83.0000   6.1497   47.0212
95.0000   66.0000   42.5066   13.6609
96.0000   124.0000   15.4061   3.7148
97.0000   122.0000   8.2566   32.3872
98.0000   101.0000   41.7307   13.8189
99.0000   136.0000   29.0020   7.9430
100.0000   119.0000   23.5695   40.3641
101.0000   89.0000   35.5626   40.7563
102.0000   74.0000   41.5328   3.5862
103.0000   96.0000   27.8169   25.6124
104.0000   129.0000   26.7219   7.5376
105.0000   139.0000   18.4388   4.9238
106.0000   107.0000   9.8511   29.0715
107.0000   125.0000   10.3396   46.4381
108.0000   69.0000   47.4351   39.9823
109.0000   77.0000   34.7623   18.3480
110.0000   101.0000   33.7338   48.9175
111.0000   98.0000   35.5802   5.2837
112.0000   108.0000   22.0562   5.2601
113.0000   127.0000   35.0897   45.7476
114.0000   148.0000   43.7308   26.7887
115.0000   98.0000   19.4994   38.1493
116.0000   60.0000   1.8028   43.6733
117.0000   84.0000   20.8573   7.7383
118.0000   111.0000   10.5132   40.9584
119.0000   71.0000   26.1572   4.8162
120.0000   107.0000   45.4422   38.6919
121.0000   109.0000   1.7707   34.5745
122.0000   65.0000   39.2770   18.9303
123.0000   117.0000   39.7780   32.0597
124.0000   80.0000   0.9760   27.0753
125.0000   93.0000   33.7268   4.5870
126.0000   145.0000   38.3665   37.2590
127.0000   131.0000   37.6750   14.6994
128.0000   85.0000   23.5867   19.0289
129.0000   61.0000   21.9669   19.1914
130.0000   93.0000   22.5135   23.4614
131.0000   104.0000   2.7660   8.8485
132.0000   74.0000   41.9609   3.9087
133.0000   146.0000   5.7246   15.8315
134.0000   69.0000   13.0020   39.7329
135.0000   122.0000   7.6025   9.6357
136.0000   104.0000   35.7118   31.5489
137.0000   83.0000   42.3386   39.1577
138.0000   68.0000   18.2501   48.4404
139.0000   112.0000   37.6472   28.3092
140.0000   87.0000   29.1345   26.8680
141.0000   84.0000   24.8007   3.0674
142.0000   145.0000   36.8524   37.8065
143.0000   83.0000   17.5994   2.3648
144.0000   132.0000   12.5877   9.9287
145.0000   105.0000   36.2107   34.0541
146.0000   89.0000   6.1124   6.9584
147.0000   61.0000   1.0195   10.1392
148.0000   86.0000   10.2402   11.3787
149.0000   100.0000   1.0631   36.7979
150.0000   116.0000   1.5668   23.4336
151.0000   100.0000   8.0683   21.1343
152.0000   122.0000   0.6078   41.6420
153.0000   108.0000   8.3360   30.9781
154.0000   76.0000   13.4665   39.0868
155.0000   124.0000   19.2918   29.3061
156.0000   137.0000   43.6737   33.8017
157.0000   107.0000   19.0078   48.1209
158.0000   129.0000   5.7966   15.6046
159.0000   68.0000   41.2379   20.2989
160.0000   82.0000   37.7767   38.3789
161.0000   128.0000   35.9970   43.2143
162.0000   74.0000   38.9138   20.2996
163.0000   129.0000   6.9109   7.9540
164.0000   92.0000   17.1488   16.4071
165.0000   115.0000   26.9101   46.2852
166.0000   110.0000   47.6109   29.8856
167.0000   114.0000   39.5601   33.4879
168.0000   63.0000   27.8176   18.6457
169.0000   100.0000   25.4741   31.8123
170.0000   119.0000   23.6904   32.9499
171.0000   148.0000   24.5921   10.1982
172.0000   73.0000   23.3612   32.5573
173.0000   70.0000   16.4800   22.3584
174.0000   80.0000   13.8932   11.3031
175.0000   103.0000   18.7653   37.8999
