0.0000   0.0000   50.0000   50.0000
1.0000   17.0000   79.1575   32.2770
2.0000   76.0000   19.1049   76.5472
3.0000   44.0000   31.0970   73.3864
4.0000   98.0000   28.5513   21.0942
5.0000   19.0000   89.1377   35.7953
6.0000   90.0000   9.4040   6.5444
7.0000   11.0000   30.1119   1.4531
8.0000   97.0000   73.7823   88.8400
9.0000   18.0000   46.4210   65.9353
10.0000   72.0000   23.2787   96.7012
11.0000   19.0000   99.9166   66.9506
12.0000   64.0000   81.0145   6.9590
13.0000   93.0000   15.2932   77.6611
14.0000   42.0000   99.4719   50.4354
15.0000   10.0000   58.9583   50.6755
16.0000   49.0000   77.9387   24.9684
17.0000   10.0000   5.9081   64.2443
18.0000   30.0000   81.6033   19.1174
19.0000   36.0000   43.2118   79.1736
20.0000   51.0000   69.9348   68.3780
21.0000   19.0000   23.6454   45.8520
22.0000   28.0000   58.8364   13.8182
23.0000   29.0000   1.4305   65.7766
24.0000   17.0000   23.1033   57.7587
25.0000   27.0000   60.5958   45.0914
26.0000   39.0000   87.9308   96.0414
27.0000   31.0000   6.6343   43.3479
28.0000   75.0000   27.3770   30.8575
29.0000   86.0000   64.0736   55.1197
30.0000   72.0000   70.6974   70.3358
31.0000   43.0000   1.8457   77.7793
32.0000   66.0000   33.4524   93.1732
33.0000   79.0000   22.7725   74.6736
34.0000   19.0000   74.2975   93.9200
35.0000   15.0000   88.4528   48.3196
36.0000   84.0000   56.7592   68.9212
37.0000   62.0000   63.8399   4.9508
38.0000   59.0000   60.0693   35.4810
39.0000   46.0000   13.5974   92.3653
40.0000   35.0000   42.2935   70.4816
41.0000   88.0000   70.7068   91.2592
42.0000   51.0000   71.2969   8.6563
43.0000   97.0000   99.6793   22.6523
44.0000   14.0000   16.8311   3.9165
45.0000   71.0000   26.2973   12.1686
46.0000   29.0000   46.4633   33.5207
47.0000   21.0000   73.1375   51.6417
48.0000   83.0000   85.2271   26.2209
49.0000   26.0000   0.1735   19.7257
50.0000   37.0000   21.0150   55.0118
51.0000   97.0000   59.6975   38.3915
52.0000   31.0000   32.5947   47.1264
53.0000   37.0000   25.5786   32.9697
54.0000   95.0000   86.3588   40.6248
55.0000   47.0000   69.9186   51.8043
56.0000   91.0000   1.0967   61.4011
57.0000   100.0000   85.6020   83.2633
58.0000   42.0000   42.2353   70.2556
59.0000   73.0000   92.3691   17.1795
60.0000   100.0000   16.1669   25.6047
61.0000   57.0000   83.4555   6.3131
62.0000   34.0000   15.3024   95.3989
63.0000   38.0000   57.6480   24.1657
64.0000   27.0000   25.1130   55.6321
65.0000   73.0000   9.8081   82.5112
66.0000   81.0000   65.5744   7.4686
67.0000   64.0000   67.0494   53.1845
68.0000   79.0000   30.6562   6.7972
69.0000   74.0000   58.2124   82.1290
70.0000   35.0000   89.4609   5.5993
71.0000   29.0000   70.8527   20.8277
72.0000   46.0000   22.1479   81.8155
73.0000   12.0000   12.8364   26.4271
74.0000   33.0000   6.0689   85.0581
75.0000   91.0000   2.2861   58.1724
76.0000   78.0000   72.8889   80.7778
77.0000   59.0000   96.6284   33.6551
78.0000   87.0000   85.0077   76.6195
79.0000   54.0000   1.0763   86.2279
80.0000   51.0000   68.6594   12.9916
81.0000   53.0000   45.6524   26.9403
82.0000   94.0000   83.2553   20.2162
83.0000   88.0000   17.1167   72.0302
84.0000   60.0000   37.4350   13.1306
85.0000   21.0000   85.8906   15.0334
86.0000   90.0000   19.6068   68.9208
87.0000   92.0000   96.2898   91.9830
88.0000   97.0000   89.4824   67.7525
89.0000   69.0000   27.3669   66.5925
90.0000   96.0000   75.7457   99.1184
91.0000   49.0000   55.5213   84.9788
92.0000   53.0000   76.4104   31.9151
93.0000   24.0000   60.4469   55.1825
94.0000   69.0000   21.9487   92.9560
95.0000   40.0000   61.8284   66.5254
96.0000   17.0000   36.6603   53.9628
97.0000   40.0000   98.6266   7.4287
98.0000   72.0000   88.8321   57.7002
99.0000   79.0000   37.1976   36.8512
100.0000   70.0000   9.0808   2.9372
101.0000   73.0000   92.8749   88.6657
102.0000   70.0000   23.1755   2.9976
103.0000   61.0000   50.0848   57.8371
104.0000   18.0000   9.0572   88.3100
105.0000   52.0000   66.8835   89.0875
106.0000   33.0000   64.8897   37.8388
107.0000   68.0000   53.7312   88.1045
108.0000   83.0000   88.2830   39.1818
109.0000   16.0000   32.5610   71.9862
110.0000   62.0000   38.2386   27.5675
111.0000   83.0000   96.0672   3.8537
112.0000   62.0000   71.2344   76.7830
113.0000   27.0000   37.3790   68.1536
114.0000   86.0000   16.0450   4.2607
115.0000   12.0000   51.5858   49.3307
116.0000   79.0000   8.9782   82.5408
117.0000   100.0000   90.0721   36.0445
118.0000   13.0000   32.9739   58.6555
119.0000   96.0000   50.8121   31.6382
120.0000   69.0000   92.1945   12.6897
121.0000   53.0000   86.9691   56.0483
122.0000   84.0000   77.5787   76.4562
123.0000   81.0000   49.8004   61.9141
124.0000   40.0000   85.0536   84.1869
125.0000   67.0000   97.8239   91.5727
126.0000   37.0000   24.3677   96.7652
127.0000   22.0000   42.7119   18.7587
128.0000   88.0000   31.0077   63.0651
129.0000   86.0000   8.3574   7.0677
130.0000   29.0000   1.3245   17.4490
131.0000   43.0000   42.3063   68.9165
132.0000   49.0000   81.9103   24.9179
133.0000   52.0000   45.6390   33.6951
134.0000   35.0000   53.7687   1.0909
135.0000   83.0000   87.8827   94.4691
136.0000   88.0000   89.5063   7.3734
137.0000   31.0000   84.0369   53.2623
138.0000   69.0000   28.4925   77.8535
139.0000   66.0000   82.7756   89.3038
140.0000   36.0000   1.5198   4.8245
141.0000   75.0000   74.0425   17.3550
142.0000   30.0000   73.0120   50.0564
143.0000   71.0000   52.8799   97.4746
144.0000   96.0000   62.1722   55.3724
145.0000   65.0000   80.5984   69.4613
146.0000   32.0000   8.3812   65.1717
147.0000   11.0000   82.5138   23.4281
148.0000   24.0000   75.4617   38.5134
149.0000   43.0000   18.6910   53.5752
150.0000   21.0000   39.8086   86.3689
151.0000   93.0000   53.3644   2.6502
152.0000   76.0000   12.4508   27.0341
153.0000   12.0000   94.1818   20.8012
154.0000   89.0000   48.4147   22.2399
155.0000   100.0000   62.3364   26.9215
156.0000   51.0000   70.8042   50.8264
157.0000   94.0000   9.7374   5.9732
158.0000   33.0000   21.1834   21.2698
159.0000   80.0000   15.2318   93.1770
160.0000   80.0000   49.2801   29.3584
161.0000   64.0000   4.6928   25.6481
162.0000   13.0000   72.1456   78.0017
163.0000   14.0000   9.4734   1.9938
164.0000   73.0000   29.6002   69.6574
165.0000   73.0000   97.8988   34.5095
166.0000   43.0000   73.3363   30.5375
167.0000   64.0000   79.7411   58.0747
168.0000   95.0000   85.2481   2.9658
169.0000   53.0000   81.0964   59.8060
170.0000   45.0000   63.1712   62.8882
171.0000   55.0000   50.7147   73.4070
172.0000   71.0000   20.7909   41.6067
173.0000   86.0000   63.6277   34.3726
174.0000   14.0000   3.0836   38.0068
175.0000   56.0000   68.1503   84.9574
176.0000   100.0000   18.6365   16.6806
177.0000   92.0000   87.6449   72.6115
178.0000   55.0000   7.3367   1.1444
179.0000   90.0000   62.8365   63.0977
180.0000   78.0000   32.8767   68.1906
181.0000   25.0000   45.0418   69.5330
182.0000   61.0000   35.9143   66.3991
183.0000   25.0000   23.6425   29.7719
184.0000   15.0000   89.3619   55.1394
185.0000   14.0000   25.1578   66.8044
186.0000   82.0000   19.1132   40.7513
187.0000   53.0000   44.2164   75.1958
188.0000   85.0000   58.8227   66.1657
189.0000   44.0000   62.1986   8.3459
190.0000   13.0000   90.2084   64.5136
191.0000   37.0000   18.9820   58.7805
192.0000   98.0000   7.0202   13.4761
193.0000   75.0000   52.0577   44.7700
194.0000   81.0000   63.0280   67.9418
195.0000   34.0000   71.8905   44.5860
196.0000   87.0000   83.4748   38.8495
197.0000   17.0000   64.2951   1.0930
198.0000   36.0000   32.1987   48.9387
199.0000   76.0000   64.5619   51.9697
200.0000   52.0000   0.7264   13.0030
201.0000   44.0000   1.5464   22.3724
202.0000   82.0000   98.2887   36.4640
203.0000   44.0000   15.3671   78.4279
204.0000   10.0000   74.1161   51.9244
205.0000   34.0000   6.6140   73.8462
206.0000   39.0000   93.2209   97.0741
207.0000   36.0000   7.1806   2.6323
208.0000   29.0000   63.3787   43.3355
209.0000   30.0000   38.0121   37.8190
210.0000   20.0000   4.4503   15.0162
211.0000   77.0000   59.3037   0.0320
212.0000   79.0000   99.3717   27.6843
213.0000   36.0000   87.3757   5.3422
214.0000   51.0000   73.1312   91.8273
215.0000   61.0000   92.7257   23.8256
216.0000   42.0000   24.6368   2.4707
217.0000   24.0000   88.8033   4.8547
218.0000   44.0000   59.2730   97.3566
219.0000   77.0000   35.8665   62.4910
220.0000   89.0000   82.9639   40.4226
221.0000   22.0000   98.1789   16.2232
222.0000   18.0000   24.9806   41.3158
223.0000   31.0000   60.4558   10.5827
224.0000   60.0000   82.8062   88.5114
225.0000   80.0000   1.3407   32.4052
226.0000   93.0000   73.9639   32.1928
227.0000   61.0000   58.3527   14.7920
228.0000   50.0000   55.2718   53.7948
229.0000   97.0000   63.2149   61.3380
230.0000   83.0000   55.3557   61.4832
231.0000   34.0000   19.6742   38.1307
232.0000   42.0000   65.0210   49.0554
233.0000   32.0000   6.2170   16.0789
234.0000   90.0000   85.3568   58.6676
235.0000   90.0000   21.2719   7.4050
236.0000   87.0000   58.3939   45.9127
237.0000   63.0000   57.9163   78.5582
238.0000   14.0000   11.0708   44.2774
239.0000   75.0000   38.7319   4.0586
240.0000   33.0000   10.5129   1.5788
241.0000   78.0000   52.2162   19.5358
242.0000   97.0000   94.9770   41.5914
243.0000   80.0000   15.0339   76.5823
244.0000   75.0000   38.2233   18.9760
245.0000   28.0000   23.9426   45.5932
246.0000   38.0000   62.9897   60.5235
247.0000   100.0000   94.1632   7.5048
248.0000   85.0000   87.2092   58.4831
249.0000   91.0000   77.1585   27.0312
250.0000   59.0000   27.9089   47.0887
251.0000   77.0000   26.0246   81.5603
252.0000   90.0000   81.9082   45.4098
253.0000   94.0000   82.9255   90.0159
254.0000   73.0000   20.4124   7.8201
255.0000   23.0000   66.8545   55.5190
256.0000   11.0000   33.8798   19.8991
257.0000   50.0000   43.0205   0.5222
258.0000   56.0000   85.8893   50.0844
259.0000   34.0000   74.1089   70.1891
260.0000   24.0000   66.0558   39.3047
261.0000   33.0000   58.6575   55.5256
262.0000   84.0000   95.0290   17.0017
263.0000   87.0000   42.1365   23.1797
264.0000   65.0000   89.5543   73.2760
265.0000   28.0000   63.2371   36.0933
266.0000   36.0000   62.9267   9.8696
267.0000   34.0000   5.8923   96.3434
268.0000   47.0000   79.1560   36.0423
269.0000   20.0000   89.3642   3.9238
270.0000   55.0000   48.6003   18.8082
271.0000   20.0000   94.6210   47.5151
272.0000   13.0000   0.7611   99.4971
273.0000   45.0000   99.8912   2.3836
274.0000   45.0000   67.5937   57.9397
275.0000   17.0000   87.7944   81.4982
276.0000   75.0000   13.0083   44.8650
277.0000   38.0000   52.8593   82.3999
278.0000   24.0000   42.6139   90.8601
279.0000   15.0000   41.9863   52.5222
280.0000   91.0000   16.5457   55.8749
281.0000   57.0000   41.5726   66.1055
282.0000   78.0000   14.5376   0.8824
283.0000   79.0000   43.7433   80.9618
284.0000   37.0000   54.5871   54.0277
285.0000   14.0000   34.2541   31.2814
286.0000   32.0000   10.5751   87.4281
287.0000   100.0000   45.2656   64.8515
288.0000   58.0000   85.8893   74.7208
289.0000   74.0000   76.2548   43.2950
290.0000   21.0000   83.7434   91.2021
291.0000   97.0000   79.3398   56.6285
292.0000   89.0000   67.4731   90.6640
293.0000   20.0000   24.9498   64.6558
294.0000   92.0000   47.2149   5.3609
295.0000   48.0000   98.8434   97.8177
296.0000   70.0000   72.3695   86.5120
297.0000   90.0000   45.2929   29.2935
298.0000   97.0000   70.4062   18.5847
299.0000   21.0000   79.4909   72.7441
300.0000   40.0000   98.0041   29.1930
301.0000   49.0000   21.6307   70.0759
302.0000   73.0000   88.0406   11.4485
303.0000   78.0000   28.5466   99.1077
304.0000   50.0000   33.9979   32.7720
305.0000   24.0000   36.2641   33.4421
306.0000   96.0000   24.6959   35.2438
307.0000   96.0000   12.1911   49.9938
308.0000   40.0000   1.2420   63.5487
309.0000   86.0000   42.4039   99.2744
310.0000   55.0000   94.2737   56.0477
311.0000   79.0000   68.8430   83.3460
312.0000   18.0000   94.2600   16.1213
313.0000   93.0000   58.1655   77.4612
314.0000   51.0000   86.0679   61.4641
315.0000   27.0000   81.3245   41.6846
316.0000   78.0000   29.9862   91.9637
317.0000   25.0000   33.0512   71.4920
318.0000   29.0000   79.3252   94.2776
319.0000   27.0000   35.2806   87.6488
320.0000   59.0000   47.8813   50.6845
321.0000   24.0000   10.3866   90.1579
322.0000   42.0000   79.1730   47.0287
323.0000   34.0000   82.7215   94.9357
324.0000   10.0000   19.2224   89.6901
325.0000   68.0000   21.3440   37.9657
326.0000   78.0000   2.2409   90.7692
327.0000   73.0000   54.0848   67.2053
328.0000   39.0000   89.5940   64.1241
329.0000   97.0000   6.0036   54.4681
330.0000   54.0000   14.2431   41.4899
331.0000   27.0000   92.6811   55.3845
332.0000   73.0000   33.5358   59.1861
333.0000   44.0000   1.6646   31.2336
334.0000   82.0000   95.3440   23.2946
335.0000   65.0000   49.5315   7.6291
336.0000   84.0000   28.7213   15.9130
337.0000   87.0000   9.6841   9.2690
338.0000   40.0000   16.6545   52.5625
339.0000   97.0000   56.0439   70.8171
340.0000   63.0000   91.6171   4.0885
341.0000   56.0000   57.7175   36.8314
342.0000   78.0000   33.9552   28.8500
343.0000   40.0000   52.5047   95.5218
344.0000   90.0000   99.5021   83.0032
345.0000   34.0000   26.8420   98.2153
346.0000   56.0000   26.9610   9.5826
347.0000   16.0000   95.7879   89.7973
348.0000   26.0000   10.5700   94.0265
349.0000   29.0000   28.6877   73.2226
350.0000   38.0000   23.9972   29.5001
351.0000   29.0000   67.7654   38.8359
352.0000   89.0000   54.1932   8.4793
353.0000   60.0000   65.7412   53.5952
354.0000   18.0000   63.2699   28.6580
355.0000   87.0000   1.6450   86.2608
356.0000   65.0000   34.7160   9.3601
357.0000   51.0000   24.7973   82.5756
358.0000   37.0000   86.7514   48.2150
359.0000   32.0000   32.5675   65.8872
360.0000   25.0000   74.5841   19.4543
361.0000   75.0000   18.2860   86.0126
362.0000   50.0000   40.4758   32.8019
363.0000   67.0000   13.1119   80.2952
364.0000   47.0000   0.5690   26.3105
365.0000   28.0000   34.3463   32.6732
366.0000   98.0000   88.3561   10.3636
367.0000   45.0000   20.2000   76.5797
368.0000   94.0000   0.9902   82.3221
369.0000   40.0000   76.4253   55.6933
370.0000   16.0000   87.4613   72.9538
371.0000   22.0000   73.4467   84.2909
372.0000   77.0000   13.7849   72.6422
373.0000   59.0000   96.5907   83.3005
374.0000   86.0000   70.6817   38.7267
375.0000   77.0000   38.5772   24.6385
376.0000   27.0000   87.7201   37.5994
377.0000   100.0000   74.8363   55.8923
378.0000   26.0000   10.1564   18.6559
379.0000   24.0000   16.2772   14.8688
380.0000   86.0000   32.2608   22.5256
381.0000   50.0000   76.6074   45.4143
382.0000   90.0000   33.4517   47.3180
383.0000   48.0000   14.0825   31.8725
384.0000   26.0000   59.9640   38.1943
385.0000   40.0000   17.1278   72.7144
386.0000   80.0000   50.7596   24.6667
387.0000   90.0000   82.5666   25.8831
388.0000   17.0000   82.2480   2.3847
389.0000   36.0000   75.9629   40.2474
390.0000   23.0000   27.5466   96.7545
391.0000   46.0000   42.1938   93.4604
392.0000   67.0000   1.8616   13.1661
393.0000   43.0000   95.3136   3.8132
394.0000   11.0000   89.6070   77.3243
395.0000   96.0000   61.7827   14.8188
396.0000   33.0000   15.9038   97.1063
397.0000   74.0000   33.4003   18.3887
398.0000   60.0000   39.3101   12.1045
399.0000   89.0000   48.5026   27.8903
400.0000   96.0000   88.2964   61.1909
