0.0000   0.0000   50.0000   50.0000
1.0000   97.0000   96.2773   3.7286
2.0000   30.0000   38.9179   14.9699
3.0000   48.0000   47.4213   48.9571
4.0000   88.0000   78.2634   75.8671
5.0000   40.0000   52.6522   76.9781
6.0000   71.0000   10.1813   7.3304
7.0000   61.0000   54.9261   89.4920
8.0000   83.0000   9.8486   48.6231
9.0000   9.0000   2.8217   63.6850
10.0000   73.0000   85.3811   50.4641
11.0000   86.0000   58.3191   50.4917
12.0000   7.0000   29.8376   86.7195
13.0000   28.0000   0.7171   87.2411
14.0000   52.0000   88.6769   90.7358
15.0000   21.0000   14.9878   74.5671
16.0000   52.0000   58.0766   48.1713
17.0000   15.0000   7.3578   57.5383
18.0000   50.0000   35.1352   90.0307
19.0000   10.0000   62.8905   39.5456
20.0000   55.0000   41.1801   99.9879
21.0000   13.0000   10.2547   48.3994
22.0000   87.0000   21.7130   44.6981
23.0000   16.0000   42.4002   68.5864
24.0000   62.0000   81.2168   71.6948
25.0000   18.0000   24.4172   51.6383
26.0000   37.0000   92.5811   74.1529
27.0000   18.0000   30.2310   32.1685
28.0000   98.0000   77.3934   57.2796
29.0000   3.0000   77.8073   21.3818
30.0000   40.0000   6.2278   69.9957
31.0000   28.0000   79.9897   47.2100
32.0000   22.0000   31.4310   77.0291
33.0000   93.0000   33.8181   46.5029
34.0000   14.0000   78.9571   56.7344
35.0000   8.0000   97.2544   32.6345
36.0000   69.0000   49.0022   82.7812
37.0000   20.0000   45.6599   67.2083
38.0000   57.0000   87.8054   33.0359
39.0000   81.0000   58.4414   75.1506
40.0000   46.0000   36.7718   36.5358
41.0000   60.0000   73.8408   7.6849
42.0000   14.0000   40.9016   71.6714
43.0000   44.0000   10.8010   12.9965
44.0000   31.0000   72.9373   96.8893
45.0000   8.0000   48.2452   90.2340
46.0000   47.0000   79.5104   90.2722
47.0000   57.0000   87.8316   46.1652
48.0000   76.0000   98.3598   97.3296
49.0000   27.0000   36.4437   22.0334
50.0000   58.0000   30.3117   29.9995
