0.0000   0.0000   50.0000   50.0000
1.0000   9.0000   95.9861   73.7428
2.0000   12.0000   90.9885   53.9277
3.0000   18.0000   82.7817   70.2008
4.0000   92.0000   0.0160   49.5189
5.0000   67.0000   0.0175   59.5452
6.0000   67.0000   93.2307   39.2664
7.0000   59.0000   71.1387   97.7977
8.0000   7.0000   84.9429   87.8288
9.0000   37.0000   49.6398   74.2652
10.0000   96.0000   50.9082   92.3563
11.0000   21.0000   12.8718   32.4431
12.0000   15.0000   24.5098   0.3340
13.0000   82.0000   91.7945   8.4672
14.0000   81.0000   98.1912   60.6628
15.0000   93.0000   29.8195   35.2864
16.0000   79.0000   89.8476   52.4777
17.0000   33.0000   22.4816   91.3032
18.0000   6.0000   90.8371   76.7739
19.0000   66.0000   41.7251   12.0033
20.0000   73.0000   28.3351   65.2074
21.0000   93.0000   55.1446   94.5673
22.0000   96.0000   8.9422   88.1327
23.0000   7.0000   88.9083   84.9266
24.0000   3.0000   42.7319   34.1792
25.0000   96.0000   31.4422   60.0771
26.0000   66.0000   79.7174   66.9582
27.0000   37.0000   30.6039   89.8895
28.0000   17.0000   69.3464   56.8792
29.0000   55.0000   77.0747   21.5590
30.0000   97.0000   43.6659   32.0320
31.0000   19.0000   58.5806   0.1835
32.0000   30.0000   76.6571   99.6072
33.0000   30.0000   7.5623   29.5010
34.0000   37.0000   62.7211   51.2755
35.0000   29.0000   43.3401   69.7265
36.0000   53.0000   8.9180   75.9254
37.0000   74.0000   61.6776   95.9255
38.0000   44.0000   2.0291   89.3648
39.0000   70.0000   68.8995   87.5883
40.0000   25.0000   47.5320   53.9441
41.0000   62.0000   58.6633   21.6271
42.0000   51.0000   11.5560   82.2208
43.0000   73.0000   81.6054   58.8587
44.0000   81.0000   40.5549   98.2683
45.0000   80.0000   54.5754   95.3586
46.0000   30.0000   37.2846   90.0935
47.0000   70.0000   56.4229   90.1604
48.0000   36.0000   48.7746   90.7021
49.0000   36.0000   14.5383   79.2382
50.0000   100.0000   82.7356   21.1900
51.0000   43.0000   28.5734   31.5078
52.0000   93.0000   70.8785   79.4952
53.0000   75.0000   97.5699   31.5767
54.0000   50.0000   15.1427   49.8720
55.0000   93.0000   81.8190   31.6865
56.0000   7.0000   39.5359   58.1751
57.0000   51.0000   13.3306   24.2429
58.0000   99.0000   92.9434   35.8394
59.0000   23.0000   89.3388   62.2788
60.0000   100.0000   53.4505   29.4587
61.0000   25.0000   86.4064   14.1263
62.0000   13.0000   56.6869   64.3364
63.0000   55.0000   92.6686   99.9037
64.0000   8.0000   23.3064   5.1300
65.0000   41.0000   17.6740   47.3386
66.0000   6.0000   55.3779   2.1605
67.0000   76.0000   54.4709   95.2238
68.0000   31.0000   14.8315   99.3250
69.0000   41.0000   62.0547   84.5772
70.0000   24.0000   56.4397   29.6344
71.0000   38.0000   34.9374   55.4182
72.0000   40.0000   77.7642   40.7820
73.0000   13.0000   63.3994   26.0034
74.0000   60.0000   32.5197   4.2084
75.0000   41.0000   69.4252   1.7467
76.0000   62.0000   64.9009   53.2523
77.0000   14.0000   93.5441   91.8003
78.0000   43.0000   58.6990   17.9800
79.0000   20.0000   90.0390   9.7363
80.0000   97.0000   97.7504   1.4375
81.0000   34.0000   63.6904   44.8101
82.0000   54.0000   42.3794   75.1439
83.0000   96.0000   29.2643   17.5561
84.0000   56.0000   37.0470   81.3555
85.0000   67.0000   12.8478   34.0278
86.0000   44.0000   47.9627   58.1633
87.0000   75.0000   78.9036   95.9601
88.0000   35.0000   51.1176   11.8589
89.0000   91.0000   80.5824   92.4081
90.0000   57.0000   70.2685   47.9046
91.0000   46.0000   24.7942   56.5531
92.0000   64.0000   22.7195   83.6497
93.0000   27.0000   70.8757   15.7986
94.0000   35.0000   84.6122   84.7326
95.0000   91.0000   76.0495   65.7692
96.0000   95.0000   69.8278   45.3392
97.0000   97.0000   95.7384   20.3939
98.0000   86.0000   13.3518   5.9643
99.0000   60.0000   54.3484   43.4457
100.0000   24.0000   58.7669   0.2454
101.0000   72.0000   80.7746   9.1607
102.0000   85.0000   63.9056   93.6723
103.0000   89.0000   15.3932   10.6015
104.0000   56.0000   82.8343   39.6388
105.0000   82.0000   30.9873   2.8310
106.0000   12.0000   9.8218   64.1478
107.0000   73.0000   69.2292   68.6168
108.0000   63.0000   90.6093   86.8299
109.0000   70.0000   61.2007   73.8690
110.0000   58.0000   9.7709   85.4608
111.0000   96.0000   79.7736   16.2376
112.0000   68.0000   85.8917   94.9354
113.0000   34.0000   47.8900   88.2709
114.0000   5.0000   9.0368   34.7374
115.0000   34.0000   82.5459   88.8432
116.0000   12.0000   81.9344   28.7645
117.0000   45.0000   98.0751   91.5227
118.0000   89.0000   24.0776   66.4819
119.0000   54.0000   78.7208   76.9703
120.0000   81.0000   96.6977   93.1201
121.0000   40.0000   95.2030   21.5786
122.0000   32.0000   18.2618   89.6257
123.0000   14.0000   52.4625   80.9814
124.0000   9.0000   85.9543   34.6734
125.0000   41.0000   63.0429   73.2373
126.0000   92.0000   94.6405   84.8458
127.0000   56.0000   39.3138   6.8652
128.0000   96.0000   34.8667   43.4902
129.0000   22.0000   18.1727   30.8783
130.0000   4.0000   67.9096   77.1489
131.0000   51.0000   94.3382   98.1269
132.0000   59.0000   85.0244   36.7226
133.0000   20.0000   19.7037   15.5198
134.0000   71.0000   41.5463   73.5134
135.0000   24.0000   14.2516   4.9519
136.0000   48.0000   48.8639   3.4432
137.0000   70.0000   52.3950   83.7405
138.0000   18.0000   86.0178   63.7064
139.0000   39.0000   57.0164   92.2307
140.0000   72.0000   82.0509   13.2069
141.0000   49.0000   95.4101   15.9857
142.0000   89.0000   97.9878   9.6069
143.0000   93.0000   12.9081   61.6349
144.0000   28.0000   36.1939   18.7853
145.0000   95.0000   69.9771   60.1187
146.0000   2.0000   49.1034   32.1183
147.0000   67.0000   68.3161   15.7934
148.0000   84.0000   73.2610   31.8817
149.0000   35.0000   98.1818   93.2948
150.0000   46.0000   45.8035   93.3532
151.0000   4.0000   68.3653   27.1269
152.0000   17.0000   64.6693   26.2055
153.0000   51.0000   11.9378   91.2629
154.0000   40.0000   58.1911   69.0929
155.0000   63.0000   9.1009   60.3351
156.0000   84.0000   89.1045   60.5235
157.0000   77.0000   41.6864   89.5095
158.0000   71.0000   62.2526   38.0234
159.0000   62.0000   61.5514   90.4037
160.0000   52.0000   83.6506   91.9398
161.0000   61.0000   2.1712   24.1156
162.0000   3.0000   6.7123   45.0543
163.0000   28.0000   40.5089   34.9688
164.0000   46.0000   60.3633   4.2150
165.0000   75.0000   42.2673   32.0907
166.0000   36.0000   36.0714   57.4718
167.0000   7.0000   88.9927   54.5916
168.0000   65.0000   91.6502   85.5921
169.0000   92.0000   96.4468   1.6094
170.0000   49.0000   39.8236   55.4207
171.0000   15.0000   35.4035   65.2041
172.0000   59.0000   65.7041   43.5953
173.0000   77.0000   91.0577   10.6579
174.0000   31.0000   31.8812   93.0969
175.0000   37.0000   60.8781   49.8358
176.0000   65.0000   53.3390   95.4982
177.0000   65.0000   39.8412   4.2637
178.0000   73.0000   55.2740   8.6987
179.0000   82.0000   72.1725   90.6700
180.0000   65.0000   91.4826   97.3129
181.0000   58.0000   75.0782   43.3071
182.0000   58.0000   14.5326   6.1808
183.0000   74.0000   41.6850   88.2919
184.0000   70.0000   17.9617   28.6576
185.0000   17.0000   57.4322   37.7704
186.0000   9.0000   99.2432   60.5960
187.0000   6.0000   57.9989   45.0966
188.0000   27.0000   69.9470   59.8637
189.0000   7.0000   39.6860   39.6378
190.0000   65.0000   0.1035   42.2135
191.0000   51.0000   76.1686   19.1429
192.0000   67.0000   17.9486   91.6906
193.0000   74.0000   45.0586   62.7334
194.0000   65.0000   5.5761   8.0682
195.0000   16.0000   74.5529   58.4633
196.0000   24.0000   40.4071   41.7817
197.0000   64.0000   33.3908   29.7531
198.0000   91.0000   78.0224   33.4100
199.0000   46.0000   73.1190   51.4948
200.0000   43.0000   63.0517   60.2550
201.0000   74.0000   6.0694   15.4161
202.0000   78.0000   73.1496   30.0129
203.0000   5.0000   22.3917   86.3109
204.0000   5.0000   82.8112   55.3502
205.0000   92.0000   10.9200   57.8903
206.0000   99.0000   82.3194   21.3709
207.0000   57.0000   94.6520   11.6865
208.0000   54.0000   13.4919   43.0327
209.0000   79.0000   78.6563   6.1806
210.0000   69.0000   11.1052   0.3963
211.0000   91.0000   58.6853   33.0848
212.0000   63.0000   14.2051   45.1967
213.0000   56.0000   64.6715   46.5246
214.0000   11.0000   79.3171   52.5672
215.0000   17.0000   94.6184   9.2917
216.0000   13.0000   64.5554   99.6581
217.0000   15.0000   87.4848   18.1481
218.0000   39.0000   11.5698   54.5648
219.0000   94.0000   74.0655   20.4046
220.0000   91.0000   21.0264   63.8990
221.0000   37.0000   63.8314   31.4825
222.0000   14.0000   21.5193   22.5511
223.0000   45.0000   53.0349   37.5968
224.0000   83.0000   95.8519   27.0114
225.0000   76.0000   55.9535   50.6768
226.0000   89.0000   13.5490   63.3523
227.0000   59.0000   59.9894   43.2863
228.0000   31.0000   66.7370   88.7992
229.0000   89.0000   82.1294   49.2781
230.0000   62.0000   8.6801   54.8577
231.0000   28.0000   49.5634   99.1489
232.0000   4.0000   24.6424   66.5184
233.0000   7.0000   24.7127   14.5912
234.0000   97.0000   49.9643   5.5602
235.0000   30.0000   22.2462   84.4389
236.0000   48.0000   72.2652   97.9263
237.0000   85.0000   80.1339   75.5674
238.0000   13.0000   35.2819   16.7832
239.0000   79.0000   26.3726   89.3212
240.0000   51.0000   32.1635   86.4698
241.0000   93.0000   32.8097   74.9232
242.0000   21.0000   98.6353   46.7442
243.0000   100.0000   36.5964   12.0682
244.0000   22.0000   29.5387   85.6682
245.0000   97.0000   64.8703   76.1233
246.0000   27.0000   53.2147   21.0601
247.0000   94.0000   69.0948   66.3648
248.0000   27.0000   36.2018   22.4028
249.0000   5.0000   66.6089   73.2590
250.0000   68.0000   77.4449   65.5475
251.0000   61.0000   76.7155   94.5104
252.0000   66.0000   47.9548   14.7376
253.0000   39.0000   39.1890   30.4765
254.0000   62.0000   33.4489   63.7843
255.0000   44.0000   7.6667   49.8468
256.0000   13.0000   34.1356   75.0184
257.0000   100.0000   99.3374   43.4101
258.0000   82.0000   2.2789   83.1446
259.0000   28.0000   33.9619   9.4662
260.0000   76.0000   49.9895   95.3664
261.0000   51.0000   63.6919   76.9136
262.0000   61.0000   18.0706   39.8453
263.0000   11.0000   18.3682   97.2200
264.0000   41.0000   35.3891   63.9912
265.0000   54.0000   77.0019   20.7725
266.0000   5.0000   84.7367   5.8552
267.0000   40.0000   6.5541   37.6427
268.0000   79.0000   31.6790   96.1457
269.0000   44.0000   39.2350   62.7839
270.0000   66.0000   98.6911   46.3295
271.0000   3.0000   12.4683   87.5513
272.0000   17.0000   45.0613   13.3420
273.0000   40.0000   15.8180   22.7288
274.0000   66.0000   63.4802   15.8759
275.0000   46.0000   43.0296   39.6389
276.0000   35.0000   80.7166   73.7311
277.0000   71.0000   85.9789   0.1630
278.0000   21.0000   54.1067   20.7128
279.0000   50.0000   8.7618   74.0983
280.0000   96.0000   28.8558   92.2560
