0.0000   0.0000   50.0000   50.0000
1.0000   18.0000   48.2855   46.0441
2.0000   31.0000   36.7273   18.3116
3.0000   32.0000   37.9691   28.5745
4.0000   67.0000   41.6354   11.9149
5.0000   95.0000   44.7702   42.4933
6.0000   76.0000   80.3072   14.7508
7.0000   66.0000   57.2462   60.5737
8.0000   83.0000   23.8421   32.9497
9.0000   37.0000   57.3629   83.4923
10.0000   29.0000   67.3783   12.3602
11.0000   7.0000   49.6004   89.3734
12.0000   88.0000   63.3750   11.8351
13.0000   18.0000   97.6699   74.3730
14.0000   22.0000   28.2714   81.3921
15.0000   55.0000   4.0908   40.0976
16.0000   84.0000   14.2166   62.3206
17.0000   8.0000   31.7142   41.1865
18.0000   55.0000   24.7334   37.0483
19.0000   70.0000   62.4416   2.8587
20.0000   74.0000   93.9050   34.7308
21.0000   74.0000   13.1150   14.5361
22.0000   31.0000   20.9418   20.0438
23.0000   10.0000   26.1065   0.6334
24.0000   99.0000   4.6376   44.6570
25.0000   8.0000   36.3826   13.1662
26.0000   24.0000   69.7117   40.8501
27.0000   35.0000   64.1318   74.6597
28.0000   69.0000   87.7758   44.9586
29.0000   40.0000   40.9736   70.7234
30.0000   42.0000   95.2004   19.9040
31.0000   54.0000   47.9677   63.9657
32.0000   93.0000   44.7568   90.2782
33.0000   4.0000   32.7974   12.4909
34.0000   28.0000   18.0483   94.0365
35.0000   79.0000   63.4421   71.3038
36.0000   57.0000   90.4461   63.3726
37.0000   21.0000   16.1648   4.9485
38.0000   92.0000   11.0667   21.2002
39.0000   3.0000   41.0589   95.8550
40.0000   45.0000   93.8126   4.4202
41.0000   95.0000   17.8615   45.6508
42.0000   22.0000   62.0410   87.3561
43.0000   43.0000   46.7746   95.9232
44.0000   22.0000   47.6933   95.2191
45.0000   12.0000   86.0396   33.9500
46.0000   42.0000   48.3807   15.1838
47.0000   18.0000   87.8689   49.7709
48.0000   27.0000   78.3163   28.3846
49.0000   32.0000   50.0294   81.2693
50.0000   80.0000   84.7890   97.0867
51.0000   16.0000   85.6664   11.7139
52.0000   86.0000   92.1665   33.4674
53.0000   46.0000   4.8281   59.3053
54.0000   53.0000   92.1330   51.9509
55.0000   34.0000   35.5447   99.2426
56.0000   26.0000   90.7827   53.9218
57.0000   96.0000   85.3075   6.5520
58.0000   59.0000   30.5618   50.5651
59.0000   25.0000   6.8476   29.4364
60.0000   92.0000   14.0991   98.5399
61.0000   97.0000   94.9374   86.4986
62.0000   54.0000   35.7865   85.1418
63.0000   32.0000   79.5386   4.6459
64.0000   90.0000   64.4866   68.2429
65.0000   12.0000   42.1095   18.2854
66.0000   85.0000   80.9131   35.2713
67.0000   1.0000   76.5966   34.1315
68.0000   35.0000   27.9672   88.4477
69.0000   1.0000   34.7855   81.7296
70.0000   46.0000   15.5549   77.9672
71.0000   64.0000   70.2696   46.3592
72.0000   93.0000   92.8292   97.6198
73.0000   51.0000   38.9351   9.2300
74.0000   59.0000   18.9078   62.2460
75.0000   25.0000   88.2285   60.5645
76.0000   88.0000   59.2325   75.4009
77.0000   59.0000   93.3183   2.4746
78.0000   20.0000   92.0400   41.0542
79.0000   45.0000   5.2980   47.5274
80.0000   74.0000   4.7023   91.6370
81.0000   81.0000   68.6036   62.5805
82.0000   90.0000   53.0999   72.3185
83.0000   49.0000   73.1993   43.6648
84.0000   8.0000   28.5461   22.0099
85.0000   43.0000   55.0446   83.3736
86.0000   65.0000   79.9656   77.2730
87.0000   19.0000   40.8154   3.5450
88.0000   21.0000   97.3632   66.9396
89.0000   42.0000   28.9174   79.7814
90.0000   17.0000   83.2570   14.1159
91.0000   39.0000   84.2620   32.2166
92.0000   35.0000   24.3974   28.9504
93.0000   97.0000   43.2281   78.5921
94.0000   55.0000   34.3628   39.1640
95.0000   3.0000   77.1948   70.3013
96.0000   14.0000   35.2394   64.4690
97.0000   4.0000   2.8031   94.3594
98.0000   60.0000   72.8002   59.1551
99.0000   6.0000   54.3843   23.2862
100.0000   8.0000   96.2106   30.0252
101.0000   58.0000   38.8779   12.7214
102.0000   79.0000   87.6228   94.9359
103.0000   78.0000   99.8217   82.1293
104.0000   14.0000   4.6390   63.7823
105.0000   74.0000   22.8671   6.5672
106.0000   64.0000   51.6067   83.9554
107.0000   33.0000   67.4348   81.8126
108.0000   97.0000   8.8885   85.3076
109.0000   69.0000   44.7645   59.6987
110.0000   58.0000   72.8965   55.5921
111.0000   48.0000   50.2467   23.1076
112.0000   92.0000   21.2686   93.6650
113.0000   9.0000   67.7228   92.2981
114.0000   56.0000   36.5706   45.8797
115.0000   92.0000   88.7794   54.2323
116.0000   7.0000   77.3121   61.3958
117.0000   7.0000   66.8885   41.8587
118.0000   51.0000   85.4799   30.4502
119.0000   77.0000   30.2074   15.0598
120.0000   12.0000   20.4823   92.4457
121.0000   4.0000   81.5555   33.1022
122.0000   36.0000   43.9134   50.4287
123.0000   79.0000   84.5797   91.4614
124.0000   28.0000   13.5130   27.4777
125.0000   98.0000   9.0717   79.5603
126.0000   28.0000   8.3076   13.0994
127.0000   44.0000   81.7616   78.3893
128.0000   87.0000   91.3080   32.4707
129.0000   39.0000   72.7813   47.4476
130.0000   53.0000   29.3443   54.3904
131.0000   91.0000   81.5434   47.7412
132.0000   93.0000   80.2727   29.4973
133.0000   70.0000   55.2309   71.5046
134.0000   7.0000   3.0140   83.1528
135.0000   20.0000   30.0517   41.6443
136.0000   13.0000   96.1963   0.4713
137.0000   76.0000   44.2247   83.4089
138.0000   65.0000   0.8933   30.1773
139.0000   53.0000   23.7852   51.5314
140.0000   17.0000   76.9725   9.2984
141.0000   25.0000   54.6384   45.2820
142.0000   48.0000   79.0381   46.1763
143.0000   59.0000   62.2201   90.1902
144.0000   13.0000   83.3842   16.3517
145.0000   8.0000   17.3403   67.1764
146.0000   72.0000   58.6047   38.8664
147.0000   91.0000   69.5543   13.2348
148.0000   3.0000   45.0937   54.3074
149.0000   39.0000   93.9599   24.3365
150.0000   91.0000   98.7706   54.4109
151.0000   20.0000   33.3656   32.9977
152.0000   3.0000   50.7387   78.3293
153.0000   92.0000   56.0727   19.6997
154.0000   63.0000   90.4574   14.6093
155.0000   73.0000   36.4601   11.1551
156.0000   93.0000   9.4797   35.3704
157.0000   22.0000   10.5250   95.2355
158.0000   90.0000   7.1043   19.5992
159.0000   50.0000   93.7404   52.7212
160.0000   33.0000   54.0939   84.8701
161.0000   22.0000   72.2471   63.8249
162.0000   22.0000   44.7688   60.2502
163.0000   74.0000   81.0065   60.9223
164.0000   43.0000   29.9300   26.2563
165.0000   8.0000   15.4352   80.0820
166.0000   11.0000   91.4664   79.1334
167.0000   18.0000   49.8714   43.9931
168.0000   56.0000   18.6821   46.3086
169.0000   15.0000   1.9990   26.0219
170.0000   44.0000   25.9427   23.5729
171.0000   42.0000   11.6980   31.7391
172.0000   90.0000   96.5119   63.7770
173.0000   78.0000   23.6454   23.5890
174.0000   70.0000   37.6549   62.7873
175.0000   52.0000   7.0263   70.8344
176.0000   58.0000   1.2812   6.7088
177.0000   14.0000   59.1887   52.2038
178.0000   32.0000   57.3714   83.4177
179.0000   61.0000   77.8300   37.9416
180.0000   78.0000   28.3932   13.1059
181.0000   18.0000   15.8395   19.5145
182.0000   46.0000   45.5555   62.2891
183.0000   37.0000   89.0711   74.3677
184.0000   100.0000   82.4339   44.2353
185.0000   5.0000   92.3112   63.9231
186.0000   63.0000   63.8988   55.7333
187.0000   59.0000   38.4398   16.8362
188.0000   55.0000   44.2408   0.9559
189.0000   25.0000   73.1971   19.4918
190.0000   41.0000   77.6240   61.7167
191.0000   79.0000   62.0230   73.4421
192.0000   32.0000   85.1718   79.9358
193.0000   69.0000   50.3110   43.6332
194.0000   34.0000   52.8336   97.3065
195.0000   69.0000   23.8886   46.4408
196.0000   86.0000   61.8266   26.0506
197.0000   24.0000   26.9993   62.8264
198.0000   59.0000   13.5250   88.0703
199.0000   2.0000   3.9464   75.4817
200.0000   28.0000   46.2415   48.6640
201.0000   8.0000   59.0536   1.9892
202.0000   29.0000   85.0176   84.3676
203.0000   5.0000   45.7407   26.3348
204.0000   62.0000   40.7262   53.1817
205.0000   89.0000   79.1255   5.3257
206.0000   29.0000   3.0145   49.6524
207.0000   3.0000   9.3660   9.2555
208.0000   27.0000   42.2173   62.0905
209.0000   100.0000   39.0931   41.1503
210.0000   87.0000   9.1618   31.1409
211.0000   11.0000   30.0500   10.6333
212.0000   4.0000   70.8023   83.6260
213.0000   11.0000   29.9287   86.3812
214.0000   55.0000   0.6744   80.7217
215.0000   24.0000   83.7347   79.1347
216.0000   5.0000   7.2520   92.1997
217.0000   36.0000   99.1661   28.8222
218.0000   69.0000   51.6156   11.3013
219.0000   69.0000   43.8556   57.5866
220.0000   89.0000   23.0453   5.6110
221.0000   49.0000   78.4794   60.0558
222.0000   20.0000   28.8222   45.3176
223.0000   56.0000   18.2086   27.5029
224.0000   59.0000   26.2648   45.5333
225.0000   15.0000   74.1110   71.5333
226.0000   95.0000   66.9132   24.1618
227.0000   16.0000   88.3007   25.8690
228.0000   65.0000   15.2620   12.9661
229.0000   2.0000   85.6216   36.7188
230.0000   99.0000   44.9809   72.2353
231.0000   70.0000   58.0421   35.1754
232.0000   7.0000   47.0356   51.8153
233.0000   32.0000   96.0404   62.3371
234.0000   51.0000   54.5350   11.9990
235.0000   62.0000   8.0282   53.2593
236.0000   3.0000   85.5966   66.1280
237.0000   37.0000   5.5386   69.8231
238.0000   56.0000   60.8694   46.0361
239.0000   84.0000   44.5805   76.3988
240.0000   30.0000   47.8178   83.6366
241.0000   39.0000   99.7887   77.6562
242.0000   78.0000   73.8895   1.9438
243.0000   76.0000   72.4488   14.7109
244.0000   98.0000   62.4777   41.3732
245.0000   29.0000   81.6994   17.5339
246.0000   56.0000   97.9892   89.5468
247.0000   100.0000   84.3891   30.8914
248.0000   83.0000   67.4829   14.7821
249.0000   38.0000   24.1741   63.2348
250.0000   97.0000   13.1873   83.3210
251.0000   88.0000   99.1707   10.7444
252.0000   15.0000   34.3459   10.2983
253.0000   31.0000   27.6097   79.9197
254.0000   94.0000   55.3670   90.3206
255.0000   41.0000   62.7852   28.5273
256.0000   4.0000   60.0306   87.8014
257.0000   31.0000   51.3857   94.3313
258.0000   85.0000   76.4047   50.2065
259.0000   90.0000   36.7193   94.2417
260.0000   49.0000   29.6311   60.4340
261.0000   57.0000   56.1078   47.0022
262.0000   64.0000   2.8349   49.4970
263.0000   2.0000   20.7585   87.0029
264.0000   21.0000   9.8352   32.0481
265.0000   67.0000   11.2204   43.3632
266.0000   24.0000   5.6189   94.5508
267.0000   32.0000   37.2024   33.3049
268.0000   100.0000   82.1566   93.2438
269.0000   66.0000   2.8466   48.1598
270.0000   77.0000   20.1359   4.9982
271.0000   42.0000   9.3510   61.7591
272.0000   65.0000   65.1532   23.0307
273.0000   41.0000   89.9962   40.5178
274.0000   82.0000   2.3335   78.7112
275.0000   16.0000   48.2954   16.7648
276.0000   87.0000   28.8991   69.0739
277.0000   45.0000   34.3322   31.8709
278.0000   100.0000   3.0022   16.1442
279.0000   89.0000   8.4934   5.5186
280.0000   10.0000   70.8088   83.2993
281.0000   91.0000   62.1424   89.4513
282.0000   69.0000   66.9881   6.7237
283.0000   82.0000   67.3986   41.0183
284.0000   7.0000   47.4313   11.9412
285.0000   61.0000   52.8772   1.1133
286.0000   98.0000   90.1637   18.9322
287.0000   46.0000   47.3652   51.9167
288.0000   95.0000   42.7255   52.9435
289.0000   75.0000   7.1564   95.7043
290.0000   40.0000   92.9098   87.7232
291.0000   99.0000   44.4154   54.2975
292.0000   39.0000   88.5505   72.8633
293.0000   75.0000   13.8953   91.4553
294.0000   62.0000   41.2264   54.4955
295.0000   17.0000   7.9604   10.0750
296.0000   76.0000   24.8348   68.7038
297.0000   91.0000   20.7138   74.7613
298.0000   38.0000   11.9311   67.9539
299.0000   67.0000   29.5877   54.4993
300.0000   69.0000   81.1388   85.7410
301.0000   67.0000   17.7894   32.7097
302.0000   89.0000   42.7881   84.5363
303.0000   48.0000   21.1395   74.4929
304.0000   12.0000   51.6464   76.2692
305.0000   86.0000   15.0689   19.3144
306.0000   80.0000   42.7254   36.4169
307.0000   48.0000   23.8299   90.9221
308.0000   65.0000   66.5281   0.2512
309.0000   100.0000   24.6625   35.9520
310.0000   94.0000   94.6788   67.1049
311.0000   86.0000   96.4890   28.7264
312.0000   48.0000   26.9548   19.7587
313.0000   86.0000   31.0844   82.3039
314.0000   32.0000   59.4616   67.2766
315.0000   30.0000   74.9492   94.9155
316.0000   12.0000   75.1659   34.2887
317.0000   76.0000   38.9231   3.1185
318.0000   60.0000   34.6686   90.5832
319.0000   99.0000   42.4921   21.5919
320.0000   92.0000   7.4840   96.2338
321.0000   88.0000   62.8098   15.4291
322.0000   76.0000   3.6861   12.1256
323.0000   84.0000   73.7302   63.7697
324.0000   50.0000   62.8175   91.6262
325.0000   68.0000   0.3725   54.3246
326.0000   16.0000   65.5624   57.0738
327.0000   27.0000   65.4806   52.1932
328.0000   53.0000   11.3403   12.1045
329.0000   24.0000   15.3141   89.8507
330.0000   16.0000   4.1823   41.1454
331.0000   95.0000   46.9307   89.4283
332.0000   57.0000   12.3803   50.0944
333.0000   2.0000   64.4478   54.0395
334.0000   83.0000   26.6596   87.9742
335.0000   10.0000   66.4872   50.5040
336.0000   64.0000   14.9735   65.3415
337.0000   8.0000   55.7477   24.6384
338.0000   9.0000   25.3029   50.2090
339.0000   93.0000   32.6863   78.9943
340.0000   86.0000   40.3604   96.0800
341.0000   9.0000   2.2759   43.4187
342.0000   36.0000   6.7914   26.6019
343.0000   89.0000   75.2816   30.3077
344.0000   80.0000   30.5041   89.2618
345.0000   51.0000   1.7040   4.8383
346.0000   71.0000   23.9735   21.6212
347.0000   40.0000   46.7155   49.7261
348.0000   80.0000   31.1275   38.2741
349.0000   41.0000   97.5296   17.6853
350.0000   50.0000   24.7968   35.0379
351.0000   33.0000   22.1347   59.1002
352.0000   21.0000   21.7231   9.6295
353.0000   49.0000   17.1654   78.5291
354.0000   62.0000   86.3422   15.8506
355.0000   50.0000   27.2245   25.9296
356.0000   72.0000   60.6933   9.1153
357.0000   12.0000   33.6944   64.8644
358.0000   17.0000   65.1843   50.7613
359.0000   32.0000   19.9139   80.6085
360.0000   73.0000   82.0248   79.7252
361.0000   39.0000   30.4381   54.2429
362.0000   20.0000   63.0122   35.6814
363.0000   52.0000   7.5762   49.5105
364.0000   78.0000   17.5618   3.8006
365.0000   56.0000   44.7216   86.9827
366.0000   12.0000   85.5868   19.7157
367.0000   87.0000   56.6822   28.6334
368.0000   90.0000   98.1741   3.3796
369.0000   50.0000   33.0671   56.6050
370.0000   67.0000   20.6932   3.4514
371.0000   70.0000   88.4561   44.1904
372.0000   47.0000   79.8705   10.8523
373.0000   40.0000   35.9979   55.3068
374.0000   66.0000   73.9187   39.6401
375.0000   1.0000   17.9709   26.8743
376.0000   99.0000   14.5221   73.0504
377.0000   25.0000   52.9422   9.8007
378.0000   46.0000   96.0531   69.3709
379.0000   7.0000   99.6427   45.7615
380.0000   4.0000   98.4006   26.8497
381.0000   10.0000   83.4290   34.9509
382.0000   7.0000   25.8512   76.3916
383.0000   8.0000   8.2008   79.1733
384.0000   97.0000   51.6571   4.9641
385.0000   57.0000   23.5487   1.6845
386.0000   61.0000   70.6260   4.2200
387.0000   5.0000   64.7550   68.9970
388.0000   89.0000   49.6653   7.2858
389.0000   34.0000   93.0207   3.6071
390.0000   23.0000   96.1465   90.0393
391.0000   28.0000   23.4927   60.4514
392.0000   36.0000   42.8138   25.5484
393.0000   71.0000   68.5105   11.5167
394.0000   93.0000   55.1337   69.5025
395.0000   74.0000   28.8166   22.7641
396.0000   64.0000   31.4986   34.1952
397.0000   82.0000   47.8095   90.7514
398.0000   29.0000   95.4829   16.4918
399.0000   83.0000   15.2863   99.9970
400.0000   24.0000   95.9069   66.5380
401.0000   18.0000   82.9981   43.0757
402.0000   2.0000   17.2193   5.9969
403.0000   68.0000   21.2348   56.5396
404.0000   91.0000   48.9451   89.4651
405.0000   39.0000   55.2306   96.4771
406.0000   33.0000   8.6202   25.5628
407.0000   39.0000   9.7152   83.9395
408.0000   39.0000   37.3556   19.5296
409.0000   12.0000   32.1326   5.0888
410.0000   90.0000   19.1158   14.0984
411.0000   32.0000   82.5532   81.1928
412.0000   64.0000   30.9712   6.1746
413.0000   86.0000   14.5015   25.4705
414.0000   43.0000   26.0573   9.6706
415.0000   99.0000   52.8171   58.5822
416.0000   71.0000   47.4369   17.0828
417.0000   71.0000   79.4658   16.2116
418.0000   94.0000   35.6908   82.4384
419.0000   100.0000   46.9495   79.2597
420.0000   46.0000   92.5499   31.4272
421.0000   69.0000   72.7445   19.9809
422.0000   100.0000   49.5109   17.5886
423.0000   10.0000   39.7764   73.9012
424.0000   33.0000   11.5304   50.7741
425.0000   24.0000   19.5620   85.2902
426.0000   79.0000   54.9638   21.8128
427.0000   64.0000   35.9961   51.4442
428.0000   18.0000   97.5538   77.5918
429.0000   75.0000   76.6501   92.5974
430.0000   7.0000   42.0189   47.4069
431.0000   45.0000   29.5464   86.0581
432.0000   94.0000   53.2601   86.2415
433.0000   45.0000   86.9485   22.0062
434.0000   88.0000   9.4655   69.7577
435.0000   59.0000   59.0744   19.9635
436.0000   39.0000   84.4260   32.2070
437.0000   71.0000   99.2348   44.3054
438.0000   77.0000   79.9438   62.1123
439.0000   16.0000   91.4510   79.9099
440.0000   74.0000   30.7154   56.3163
441.0000   92.0000   43.2718   52.2793
442.0000   98.0000   13.6597   8.8031
443.0000   52.0000   67.7823   72.3303
444.0000   81.0000   3.5667   31.0806
445.0000   26.0000   56.6940   33.5975
446.0000   90.0000   73.2853   37.5383
447.0000   12.0000   31.2579   14.2662
448.0000   67.0000   53.9817   16.1472
449.0000   15.0000   51.4570   35.7972
450.0000   82.0000   62.4149   85.4066
451.0000   95.0000   75.1773   18.2579
452.0000   50.0000   58.2267   31.3878
453.0000   100.0000   36.3793   77.8450
454.0000   42.0000   47.6239   37.2397
455.0000   51.0000   3.4088   95.6053
456.0000   53.0000   0.5075   58.6462
457.0000   54.0000   19.6827   81.1214
458.0000   63.0000   61.5436   57.1474
459.0000   87.0000   27.5118   40.9907
460.0000   63.0000   6.2088   68.5364
461.0000   2.0000   6.1176   16.9576
462.0000   44.0000   36.5293   32.9410
463.0000   11.0000   60.2823   80.3929
464.0000   72.0000   48.4562   56.6113
465.0000   8.0000   71.6229   93.0701
466.0000   83.0000   91.2442   52.2648
467.0000   20.0000   27.9509   73.6916
468.0000   80.0000   60.6891   52.6875
469.0000   46.0000   90.3007   22.2385
470.0000   48.0000   2.4266   44.5228
471.0000   10.0000   27.7159   74.6378
472.0000   36.0000   24.8958   14.6753
473.0000   17.0000   22.3639   70.6326
474.0000   22.0000   30.0352   83.9891
475.0000   49.0000   58.9938   60.0203
476.0000   31.0000   79.9380   87.1923
477.0000   44.0000   84.3386   63.6655
478.0000   25.0000   6.8168   12.7863
479.0000   60.0000   93.8440   90.5655
480.0000   30.0000   60.0158   57.5331
481.0000   91.0000   58.1909   25.9546
482.0000   98.0000   11.6542   29.1273
483.0000   99.0000   41.7921   7.8592
484.0000   32.0000   21.8272   23.9091
485.0000   27.0000   22.0369   92.0764
486.0000   24.0000   49.6263   16.5996
487.0000   32.0000   2.1067   39.2575
488.0000   74.0000   75.6901   36.9470
489.0000   52.0000   74.0207   69.0166
490.0000   15.0000   65.8693   16.1232
491.0000   3.0000   30.7884   15.1969
492.0000   96.0000   56.2189   52.5148
493.0000   53.0000   68.3519   57.3136
494.0000   27.0000   36.2462   3.4663
495.0000   7.0000   48.9722   52.6888
496.0000   13.0000   69.5624   35.1898
497.0000   26.0000   77.5105   28.5541
498.0000   54.0000   22.0936   63.4120
499.0000   10.0000   69.9437   13.6293
500.0000   3.0000   5.7686   57.0222
501.0000   13.0000   79.4568   61.0821
502.0000   70.0000   35.7327   43.0419
503.0000   55.0000   59.6956   64.3723
504.0000   20.0000   38.7138   78.5738
505.0000   72.0000   71.6411   99.7599
506.0000   55.0000   98.1723   75.5061
507.0000   25.0000   58.7386   4.7028
508.0000   54.0000   51.6983   83.0590
509.0000   32.0000   10.9798   23.3916
510.0000   10.0000   71.6832   51.6464
511.0000   46.0000   61.2599   61.3442
512.0000   87.0000   36.1386   21.0969
513.0000   70.0000   65.8303   80.4958
514.0000   89.0000   54.2173   96.7248
515.0000   17.0000   85.1254   54.6240
516.0000   7.0000   19.9054   34.0423
517.0000   67.0000   62.6480   50.5279
518.0000   54.0000   51.4699   53.8848
519.0000   24.0000   35.8505   2.1007
520.0000   1.0000   96.5165   37.9500
521.0000   10.0000   89.0809   28.3412
522.0000   91.0000   92.6737   63.8806
523.0000   31.0000   40.9061   27.5946
524.0000   83.0000   18.0815   73.0829
525.0000   57.0000   33.3477   71.2779
526.0000   67.0000   27.5944   26.9685
527.0000   54.0000   9.7742   98.1364
528.0000   26.0000   98.1716   47.2052
529.0000   11.0000   98.7571   18.7324
530.0000   1.0000   36.2413   83.9952
531.0000   86.0000   47.7490   96.1712
532.0000   71.0000   69.0409   5.6631
533.0000   67.0000   48.2458   30.0082
534.0000   65.0000   40.5696   52.3858
535.0000   2.0000   56.2382   10.3295
536.0000   8.0000   41.4868   57.9800
537.0000   26.0000   16.3264   38.4606
538.0000   41.0000   31.0682   21.4359
539.0000   53.0000   88.5837   60.9195
540.0000   98.0000   5.4748   18.4394
541.0000   53.0000   23.0969   27.6670
542.0000   88.0000   26.6836   33.7734
543.0000   4.0000   56.3941   90.3644
544.0000   52.0000   89.6844   76.7842
545.0000   61.0000   45.2538   46.5082
546.0000   37.0000   21.8430   9.9562
547.0000   59.0000   90.6847   34.4385
548.0000   25.0000   55.0143   1.1058
549.0000   93.0000   52.7030   64.2434
550.0000   12.0000   95.3992   23.9057
551.0000   35.0000   47.2264   16.8730
552.0000   11.0000   63.8078   86.7455
553.0000   91.0000   48.2338   16.2252
554.0000   87.0000   5.2584   7.2950
555.0000   3.0000   71.7835   3.0714
556.0000   72.0000   35.8890   52.6640
557.0000   41.0000   92.1699   40.4700
558.0000   100.0000   99.3900   46.8091
559.0000   40.0000   51.5701   9.2724
560.0000   33.0000   3.4951   81.7769
561.0000   85.0000   9.8874   23.2097
562.0000   36.0000   75.4481   21.4491
563.0000   52.0000   36.4152   68.7714
564.0000   33.0000   82.6267   16.4535
565.0000   37.0000   21.7087   88.8289
566.0000   27.0000   10.1268   45.6448
567.0000   96.0000   51.9004   79.9055
568.0000   73.0000   56.2479   94.9110
569.0000   57.0000   79.6724   66.4986
570.0000   12.0000   88.7654   44.7307
571.0000   98.0000   51.5725   39.8294
572.0000   62.0000   41.6693   57.1183
573.0000   96.0000   66.5219   62.3231
574.0000   17.0000   66.7619   28.2542
575.0000   94.0000   8.3467   79.5675
576.0000   21.0000   28.3907   38.1337
577.0000   44.0000   29.5760   21.5570
578.0000   97.0000   89.6650   40.2821
579.0000   81.0000   10.9770   14.3787
580.0000   17.0000   38.2385   30.0001
581.0000   60.0000   14.0097   37.6952
582.0000   19.0000   56.1987   6.0714
583.0000   7.0000   90.3835   57.2675
584.0000   34.0000   19.7996   32.8810
585.0000   38.0000   5.5328   43.4049
586.0000   76.0000   3.1401   43.4194
587.0000   86.0000   97.3786   52.6254
588.0000   27.0000   52.7801   45.4753
589.0000   32.0000   74.2601   18.2738
590.0000   75.0000   90.2136   3.4199
591.0000   86.0000   85.4504   0.6785
592.0000   52.0000   49.2979   80.0914
593.0000   22.0000   53.2880   18.7306
594.0000   96.0000   86.1205   39.7466
595.0000   66.0000   74.6226   32.0330
596.0000   97.0000   21.0896   99.1445
597.0000   69.0000   84.0275   40.4130
598.0000   1.0000   89.4975   13.2336
599.0000   79.0000   81.0888   37.8693
600.0000   30.0000   72.7640   20.8305
601.0000   66.0000   9.6854   90.9035
602.0000   65.0000   82.8577   20.8390
603.0000   61.0000   40.5444   19.8558
604.0000   75.0000   60.1556   69.2267
605.0000   1.0000   72.0331   34.8565
606.0000   8.0000   72.1255   85.4510
607.0000   35.0000   61.5072   99.2334
608.0000   60.0000   30.9077   59.0897
609.0000   6.0000   52.9449   40.1925
610.0000   85.0000   27.6269   75.2441
611.0000   1.0000   56.4409   6.0520
612.0000   98.0000   10.8245   54.9374
613.0000   31.0000   89.5874   29.2463
614.0000   46.0000   38.0607   64.2371
615.0000   89.0000   32.0495   91.3469
616.0000   31.0000   16.4837   12.6055
617.0000   69.0000   45.9802   81.9148
618.0000   96.0000   72.3587   61.4367
619.0000   95.0000   29.4575   31.2136
620.0000   69.0000   55.6227   94.9228
621.0000   79.0000   75.8375   78.3360
622.0000   80.0000   24.3914   34.5501
623.0000   24.0000   42.6823   57.5882
624.0000   4.0000   63.6907   49.7272
625.0000   84.0000   50.8515   9.9318
626.0000   52.0000   34.6418   13.4881
627.0000   69.0000   39.2062   1.8620
628.0000   88.0000   18.7361   2.6471
629.0000   5.0000   96.9547   6.9810
630.0000   52.0000   13.8925   10.4528
631.0000   54.0000   6.7070   5.9892
632.0000   9.0000   43.2221   73.7313
633.0000   4.0000   59.1430   10.8556
634.0000   71.0000   23.0998   43.1779
635.0000   30.0000   76.4793   9.6727
636.0000   15.0000   48.9290   27.1067
637.0000   15.0000   41.3384   62.0810
638.0000   75.0000   61.7411   13.4217
639.0000   91.0000   89.3783   83.4758
640.0000   64.0000   97.9642   14.7496
641.0000   2.0000   5.1157   82.0735
642.0000   85.0000   67.2426   15.4169
643.0000   27.0000   12.0741   67.7654
644.0000   23.0000   43.7386   39.3738
645.0000   81.0000   28.1210   80.3465
646.0000   53.0000   3.5910   49.5188
647.0000   14.0000   36.9713   72.1624
648.0000   76.0000   19.8415   17.7437
649.0000   15.0000   62.7808   29.2387
650.0000   90.0000   37.0916   99.9509
651.0000   75.0000   36.8038   0.5531
652.0000   2.0000   56.1383   90.4206
653.0000   57.0000   2.4858   64.0638
654.0000   73.0000   6.9538   72.7430
655.0000   73.0000   98.3435   60.1286
656.0000   44.0000   85.5707   89.0536
657.0000   54.0000   40.6285   88.6575
658.0000   44.0000   54.4314   12.5179
659.0000   58.0000   78.3778   10.6382
660.0000   30.0000   90.9408   15.0915
661.0000   30.0000   96.5009   46.9039
662.0000   68.0000   38.4284   11.5593
663.0000   90.0000   53.0028   70.3869
664.0000   58.0000   57.2776   26.1181
665.0000   42.0000   69.7218   71.1907
666.0000   60.0000   6.5216   39.0988
667.0000   45.0000   32.0873   54.2082
668.0000   91.0000   23.0601   90.1167
669.0000   15.0000   87.4428   21.9467
670.0000   26.0000   33.4661   89.0351
671.0000   95.0000   63.4237   56.6106
672.0000   22.0000   4.0498   90.9175
673.0000   3.0000   56.1422   83.5591
674.0000   78.0000   14.3564   52.6050
675.0000   21.0000   89.5918   55.0656
676.0000   6.0000   23.3506   9.5791
677.0000   75.0000   29.9253   92.2003
678.0000   12.0000   50.1222   19.5630
679.0000   83.0000   39.7260   89.8802
680.0000   97.0000   2.9630   13.0036
681.0000   21.0000   70.2988   31.2401
682.0000   93.0000   79.6854   69.4312
683.0000   58.0000   12.9298   49.3339
684.0000   81.0000   16.9107   18.2650
685.0000   77.0000   1.5409   31.3693
686.0000   82.0000   23.1208   3.1285
687.0000   98.0000   27.1059   14.1919
688.0000   32.0000   6.4154   51.7617
689.0000   97.0000   63.6561   64.6962
690.0000   66.0000   70.5236   90.9360
691.0000   10.0000   38.3159   44.0836
692.0000   27.0000   94.6543   46.5645
693.0000   35.0000   11.2801   42.6704
694.0000   32.0000   3.3425   56.6027
695.0000   56.0000   79.3545   6.2885
696.0000   1.0000   45.5906   36.7215
697.0000   80.0000   66.7266   38.9523
698.0000   90.0000   21.2597   5.6068
699.0000   28.0000   86.0241   82.1630
700.0000   40.0000   39.0703   25.3662
701.0000   57.0000   97.0975   32.1286
702.0000   10.0000   24.7395   67.3665
703.0000   81.0000   13.7997   83.1007
704.0000   4.0000   47.5175   21.2960
705.0000   70.0000   30.4410   23.5755
706.0000   53.0000   74.7998   82.0804
707.0000   81.0000   38.0859   31.8707
708.0000   98.0000   26.6952   21.8177
709.0000   40.0000   78.5030   35.7753
710.0000   39.0000   99.6297   45.6795
711.0000   87.0000   82.4150   17.2587
712.0000   49.0000   52.7644   98.4735
713.0000   92.0000   52.1934   22.0421
714.0000   92.0000   42.4305   76.0153
715.0000   19.0000   60.6657   20.8992
716.0000   35.0000   23.8303   65.6683
717.0000   96.0000   12.7430   65.0439
718.0000   77.0000   44.1449   82.7914
719.0000   100.0000   98.7843   93.0931
720.0000   55.0000   75.0592   93.2122
721.0000   96.0000   90.1427   10.3375
722.0000   6.0000   0.5382   2.2786
723.0000   84.0000   83.2589   34.6106
724.0000   76.0000   6.6894   32.4592
725.0000   22.0000   28.1736   65.2842
726.0000   14.0000   83.4896   50.8837
727.0000   85.0000   31.1268   80.0226
728.0000   35.0000   77.7982   72.4045
729.0000   89.0000   35.6693   5.9649
730.0000   92.0000   33.8286   7.2819
731.0000   12.0000   3.6673   22.4832
732.0000   85.0000   47.6226   88.1129
733.0000   48.0000   47.4610   1.1359
734.0000   1.0000   21.4706   23.4682
735.0000   37.0000   20.3734   84.0744
736.0000   12.0000   67.2474   36.7094
737.0000   15.0000   27.7433   36.1602
738.0000   12.0000   63.4130   36.4945
739.0000   31.0000   34.1085   35.5416
740.0000   75.0000   0.2521   88.1626
741.0000   30.0000   11.7298   15.5076
742.0000   31.0000   59.3776   71.5724
743.0000   94.0000   33.0081   13.1148
744.0000   16.0000   89.2691   20.1651
745.0000   76.0000   28.2897   56.6533
746.0000   62.0000   35.2107   3.7810
747.0000   93.0000   73.3225   75.2674
748.0000   93.0000   51.8236   8.1898
749.0000   8.0000   92.7138   86.8728
750.0000   48.0000   0.4129   36.9410
751.0000   96.0000   82.1859   61.9902
752.0000   86.0000   94.6383   51.9703
753.0000   22.0000   99.3903   9.0830
754.0000   92.0000   58.7264   40.6176
755.0000   50.0000   8.1599   55.3186
756.0000   30.0000   62.6089   1.6032
757.0000   45.0000   74.7203   92.4149
758.0000   18.0000   80.3048   21.8324
759.0000   82.0000   45.8237   51.7646
760.0000   66.0000   65.9974   27.8069
761.0000   75.0000   35.3176   28.1391
762.0000   4.0000   29.1660   24.8530
763.0000   2.0000   14.1623   74.8012
764.0000   42.0000   90.5573   68.3489
765.0000   83.0000   97.0409   4.6398
766.0000   73.0000   4.4867   41.1753
767.0000   19.0000   93.1343   37.2729
768.0000   83.0000   49.3508   14.1616
769.0000   56.0000   63.4773   16.1595
770.0000   2.0000   4.7678   35.6730
771.0000   64.0000   13.6860   57.2177
772.0000   13.0000   92.4798   48.4124
773.0000   1.0000   14.5795   77.5476
774.0000   12.0000   45.3456   44.5187
775.0000   67.0000   37.6184   48.7545
776.0000   29.0000   76.3215   24.2091
777.0000   82.0000   85.0060   45.0673
778.0000   76.0000   45.2963   76.0291
779.0000   79.0000   63.6562   48.5812
780.0000   96.0000   48.7112   31.7119
781.0000   93.0000   86.7984   71.0738
782.0000   5.0000   19.5298   25.2305
783.0000   86.0000   13.1166   37.8728
784.0000   43.0000   88.8174   27.1503
785.0000   77.0000   76.4482   16.5053
786.0000   4.0000   87.3527   24.1443
787.0000   14.0000   23.8047   73.6917
788.0000   18.0000   36.2152   44.5726
789.0000   36.0000   77.9072   99.9294
790.0000   14.0000   16.7656   70.0931
791.0000   80.0000   98.3121   53.8738
792.0000   89.0000   23.0973   62.6672
793.0000   9.0000   50.1784   38.5008
794.0000   11.0000   30.9709   85.5060
795.0000   71.0000   65.3144   91.2859
796.0000   1.0000   0.1410   32.6435
797.0000   61.0000   96.7301   56.3240
798.0000   71.0000   32.1328   44.0439
799.0000   95.0000   21.3775   62.3272
800.0000   88.0000   19.7103   91.0311
