0.0000   0.0000   50.0000   50.0000
1.0000   95.0000   85.0470   43.8857
2.0000   92.0000   46.1708   77.3612
3.0000   103.0000   13.8149   99.4191
4.0000   56.0000   85.7085   44.4568
5.0000   93.0000   71.4829   24.3616
6.0000   105.0000   83.6746   84.9903
7.0000   115.0000   37.3708   96.0942
8.0000   109.0000   0.7889   74.6745
9.0000   58.0000   19.7262   12.9293
10.0000   71.0000   89.7123   58.3980
11.0000   64.0000   29.1368   10.2719
12.0000   53.0000   79.4811   89.1405
13.0000   63.0000   14.7551   53.9931
14.0000   44.0000   57.5374   48.7741
15.0000   88.0000   44.9739   79.0209
16.0000   65.0000   57.8719   44.6342
17.0000   80.0000   51.7347   70.0130
18.0000   117.0000   71.1149   44.5504
19.0000   46.0000   40.6782   64.1052
20.0000   55.0000   88.9508   27.5464
21.0000   43.0000   20.6622   67.5920
22.0000   65.0000   8.9323   74.8882
23.0000   106.0000   25.2556   16.3918
24.0000   120.0000   6.4994   56.5981
25.0000   57.0000   37.1585   11.5182
26.0000   44.0000   11.2376   41.1306
27.0000   55.0000   68.2127   1.4499
28.0000   40.0000   31.8203   44.6932
29.0000   106.0000   93.4681   51.9678
30.0000   115.0000   5.3236   2.3715
31.0000   102.0000   89.7404   41.7288
32.0000   73.0000   13.4347   83.0583
33.0000   80.0000   46.4104   3.6843
34.0000   47.0000   26.7407   68.5937
35.0000   116.0000   74.0812   45.4459
36.0000   82.0000   49.8465   4.5628
37.0000   89.0000   92.5454   61.8985
38.0000   93.0000   69.5809   48.6036
39.0000   38.0000   3.2928   92.1273
40.0000   42.0000   90.8844   30.5772
41.0000   47.0000   18.5803   57.9871
42.0000   115.0000   53.6715   35.0852
43.0000   32.0000   1.0804   30.7093
44.0000   93.0000   44.0635   67.3913
45.0000   98.0000   10.0164   35.2543
46.0000   94.0000   62.6824   91.7536
47.0000   70.0000   30.8070   0.5507
48.0000   72.0000   63.1776   36.9562
49.0000   36.0000   53.9476   70.2232
50.0000   34.0000   43.9491   85.8256
51.0000   97.0000   80.9695   92.8721
52.0000   46.0000   52.5557   59.9628
53.0000   30.0000   52.7517   16.8126
54.0000   43.0000   72.3089   4.2342
55.0000   83.0000   62.5548   73.6350
56.0000   72.0000   94.6594   87.0939
57.0000   118.0000   38.5604   72.9968
58.0000   101.0000   72.7268   60.1252
59.0000   118.0000   24.3980   2.1863
60.0000   119.0000   21.5735   42.8334
61.0000   46.0000   14.2409   31.6072
62.0000   68.0000   97.4501   72.6505
63.0000   58.0000   50.2688   76.5061
64.0000   85.0000   50.7202   43.6068
65.0000   114.0000   52.5196   88.2849
66.0000   104.0000   80.7563   63.8076
67.0000   97.0000   92.8945   41.4575
68.0000   63.0000   4.8538   38.7353
69.0000   44.0000   23.6707   24.2121
70.0000   94.0000   18.6787   90.2152
71.0000   35.0000   45.8413   91.9617
72.0000   110.0000   56.0582   69.8950
73.0000   93.0000   55.9736   1.3494
74.0000   71.0000   78.0378   97.9864
75.0000   103.0000   23.8194   26.0240
76.0000   118.0000   8.0876   34.6078
77.0000   52.0000   11.5271   58.7397
78.0000   108.0000   54.6552   34.1940
79.0000   109.0000   21.1931   3.3857
80.0000   67.0000   67.3271   25.9066
81.0000   56.0000   60.5288   36.5197
82.0000   78.0000   58.8043   22.9930
83.0000   91.0000   87.4265   56.1194
84.0000   82.0000   99.9336   62.7152
85.0000   55.0000   46.2947   47.6130
86.0000   66.0000   91.4717   7.3962
87.0000   51.0000   31.9557   54.6659
88.0000   45.0000   14.8849   7.6471
89.0000   88.0000   10.5528   34.9560
90.0000   30.0000   73.8666   31.5013
91.0000   87.0000   39.0778   34.3673
92.0000   51.0000   22.6937   28.8756
93.0000   92.0000   85.9194   17.6147
94.0000   62.0000   7.3045   47.9298
95.0000   93.0000   71.1768   14.0387
96.0000   33.0000   40.1252   94.1098
97.0000   107.0000   39.7724   47.0101
98.0000   60.0000   64.0606   44.2334
99.0000   99.0000   30.9809   65.8046
100.0000   76.0000   43.2639   90.0122
101.0000   80.0000   18.5229   27.7356
102.0000   118.0000   8.8247   77.1224
103.0000   40.0000   81.2122   95.0435
104.0000   87.0000   5.2820   9.3827
105.0000   96.0000   68.6041   63.8530
106.0000   50.0000   91.0933   24.6804
107.0000   90.0000   17.3692   24.5767
108.0000   100.0000   58.4899   91.6634
109.0000   30.0000   82.0593   17.3553
110.0000   63.0000   45.8102   95.0723
111.0000   113.0000   85.0525   92.0430
112.0000   68.0000   92.7240   49.5739
113.0000   84.0000   85.6526   27.9295
114.0000   67.0000   7.6256   89.2084
115.0000   107.0000   13.7787   92.5335
116.0000   81.0000   60.9130   30.6672
117.0000   77.0000   90.8540   47.8787
118.0000   71.0000   27.4977   76.6148
119.0000   37.0000   21.3385   75.5839
120.0000   58.0000   51.3348   45.9504
121.0000   78.0000   65.6024   8.9748
122.0000   84.0000   69.5077   69.6024
123.0000   91.0000   37.7765   67.6688
124.0000   83.0000   91.5154   12.8345
125.0000   37.0000   69.0380   89.1370
126.0000   83.0000   33.4393   27.9416
127.0000   114.0000   55.4107   50.5933
128.0000   116.0000   63.2736   6.8987
129.0000   95.0000   27.2566   69.2543
130.0000   58.0000   6.5709   98.7718
131.0000   98.0000   72.1888   94.1785
132.0000   87.0000   67.9172   47.9805
133.0000   97.0000   84.3757   95.0503
134.0000   93.0000   23.3150   61.1482
135.0000   75.0000   28.8573   40.6822
136.0000   57.0000   74.5149   8.4052
137.0000   45.0000   22.0354   11.6227
138.0000   79.0000   16.9310   60.0182
139.0000   66.0000   47.6988   25.2692
140.0000   96.0000   81.9368   59.7749
141.0000   45.0000   64.3741   12.9977
142.0000   70.0000   61.9456   64.3643
143.0000   34.0000   55.8205   42.1084
144.0000   57.0000   19.6710   53.8887
145.0000   72.0000   9.0245   28.8689
146.0000   63.0000   15.4857   83.9227
147.0000   103.0000   19.0001   57.1011
148.0000   43.0000   45.8086   49.5673
149.0000   66.0000   4.7332   75.7957
150.0000   112.0000   91.1656   18.3117
151.0000   112.0000   83.3003   62.8155
152.0000   79.0000   77.5241   24.1387
153.0000   82.0000   79.7815   16.2000
154.0000   71.0000   36.1906   16.7485
155.0000   109.0000   28.4826   63.7553
156.0000   75.0000   57.4828   24.4109
157.0000   95.0000   7.7415   27.7020
158.0000   99.0000   75.5451   85.1032
159.0000   85.0000   99.9635   93.1613
160.0000   39.0000   62.5251   88.3335
161.0000   70.0000   38.2476   28.0043
162.0000   74.0000   12.3997   25.9226
163.0000   91.0000   90.2322   70.0927
164.0000   100.0000   64.2656   0.2327
165.0000   119.0000   17.0570   91.2737
166.0000   54.0000   64.1246   60.3607
167.0000   48.0000   52.2394   99.8538
168.0000   55.0000   77.7413   14.7938
169.0000   77.0000   86.7154   6.5294
170.0000   37.0000   80.2493   68.9184
171.0000   53.0000   26.3103   86.2938
172.0000   62.0000   84.8469   65.5069
173.0000   100.0000   61.6761   11.9457
174.0000   109.0000   57.5378   34.6232
175.0000   43.0000   47.4093   13.7052
176.0000   100.0000   18.5401   79.5044
177.0000   54.0000   46.0693   72.7012
178.0000   100.0000   17.2130   68.1257
179.0000   99.0000   86.0969   93.3695
180.0000   39.0000   45.0025   25.8409
181.0000   65.0000   48.7343   15.8458
182.0000   34.0000   66.1676   71.8927
183.0000   62.0000   30.3056   40.3383
184.0000   51.0000   54.7074   90.8037
185.0000   103.0000   36.1495   80.5880
186.0000   34.0000   91.8779   50.6473
187.0000   110.0000   4.0279   34.6603
188.0000   103.0000   30.5973   15.7885
189.0000   41.0000   19.2163   72.4703
190.0000   66.0000   83.9945   73.3206
191.0000   93.0000   64.7159   29.5720
192.0000   34.0000   36.8729   12.0622
193.0000   36.0000   38.0156   35.7795
194.0000   106.0000   58.5323   42.4872
195.0000   105.0000   7.8165   26.8013
196.0000   70.0000   86.2125   89.4212
197.0000   61.0000   77.6608   64.8181
198.0000   95.0000   65.0016   86.4730
199.0000   69.0000   25.3803   5.4886
200.0000   119.0000   3.8893   26.7574
201.0000   96.0000   68.8266   43.2508
202.0000   88.0000   73.3792   68.1710
203.0000   36.0000   89.4118   24.1851
204.0000   71.0000   24.5757   8.8732
205.0000   79.0000   40.4972   26.0054
206.0000   90.0000   76.5754   25.7702
207.0000   97.0000   81.6356   27.9012
208.0000   55.0000   89.9619   18.7662
209.0000   33.0000   66.6673   59.7770
210.0000   31.0000   3.0639   14.7900
211.0000   76.0000   92.3453   5.7217
212.0000   100.0000   20.6287   46.4040
213.0000   73.0000   60.9237   86.4953
214.0000   100.0000   74.7313   77.7742
215.0000   40.0000   33.3655   17.1801
216.0000   88.0000   22.5496   52.8374
217.0000   79.0000   72.7031   38.9761
218.0000   89.0000   55.4302   23.7482
219.0000   38.0000   18.6369   98.1638
220.0000   50.0000   93.9814   31.4837
221.0000   91.0000   0.7063   37.1005
222.0000   68.0000   71.2526   82.3231
223.0000   33.0000   44.4839   14.6251
224.0000   70.0000   44.1140   28.8786
225.0000   54.0000   55.7289   33.8244
226.0000   34.0000   60.7756   97.2053
227.0000   110.0000   36.2123   91.4553
228.0000   57.0000   36.1346   4.9109
229.0000   92.0000   55.3800   38.2129
230.0000   65.0000   21.9801   10.9189
231.0000   45.0000   14.4580   66.4897
232.0000   78.0000   78.1830   31.8132
233.0000   94.0000   33.7581   84.4790
234.0000   48.0000   56.4281   84.5878
235.0000   107.0000   42.0146   92.9577
236.0000   98.0000   22.5217   98.9426
237.0000   34.0000   5.6211   3.6591
238.0000   57.0000   92.5819   4.8762
239.0000   36.0000   7.3102   16.2116
240.0000   90.0000   42.7374   14.4268
241.0000   93.0000   11.5988   36.4973
242.0000   97.0000   6.7309   93.2337
243.0000   46.0000   53.5551   48.1156
244.0000   45.0000   61.0029   27.2731
245.0000   61.0000   62.3823   98.9867
246.0000   111.0000   12.5952   70.0033
247.0000   64.0000   26.0466   7.9495
248.0000   71.0000   29.3199   28.6784
249.0000   77.0000   52.9649   59.2355
250.0000   105.0000   77.2827   70.7595
251.0000   64.0000   64.6466   70.2973
252.0000   118.0000   58.4897   38.6080
253.0000   71.0000   42.9252   64.3071
254.0000   31.0000   5.7662   13.0379
255.0000   115.0000   58.7614   54.7989
256.0000   60.0000   58.7426   11.5247
257.0000   52.0000   5.8525   10.2515
258.0000   62.0000   70.1671   89.4516
259.0000   93.0000   14.3977   44.3689
260.0000   77.0000   21.1108   17.0967
261.0000   86.0000   21.1589   87.9552
262.0000   52.0000   34.2289   97.6602
263.0000   76.0000   97.7392   33.4786
264.0000   113.0000   68.4698   50.0349
265.0000   74.0000   41.3670   82.4090
266.0000   107.0000   58.2876   40.4187
267.0000   54.0000   19.9646   72.9389
268.0000   79.0000   25.1851   24.2057
269.0000   55.0000   64.5456   84.8879
270.0000   33.0000   83.0999   94.8824
271.0000   40.0000   17.2089   22.8199
272.0000   77.0000   8.8431   32.2869
273.0000   37.0000   53.4975   0.1739
274.0000   32.0000   87.2993   98.7245
275.0000   51.0000   8.7150   29.6834
276.0000   109.0000   19.1806   84.8300
277.0000   80.0000   8.4975   85.0302
278.0000   74.0000   64.9985   95.9719
279.0000   118.0000   2.2280   85.6015
280.0000   53.0000   2.7827   94.7602
281.0000   59.0000   37.5245   25.6702
282.0000   50.0000   35.2044   23.4210
283.0000   55.0000   27.4320   64.3527
284.0000   46.0000   2.0710   17.8080
285.0000   46.0000   57.6433   3.0440
286.0000   95.0000   38.8886   41.7079
287.0000   41.0000   41.1178   89.2757
288.0000   104.0000   41.7542   33.2878
289.0000   31.0000   65.0525   69.5743
290.0000   56.0000   71.3794   8.0394
291.0000   50.0000   29.5434   65.4676
292.0000   105.0000   91.4640   65.6848
293.0000   85.0000   35.7683   24.9391
294.0000   114.0000   17.9858   68.9962
295.0000   71.0000   65.9362   31.9620
296.0000   100.0000   2.7703   94.3581
297.0000   74.0000   60.9318   99.4436
298.0000   80.0000   77.0588   6.0458
299.0000   59.0000   7.9601   17.5665
300.0000   59.0000   62.5513   19.5569
301.0000   79.0000   18.2859   99.9440
302.0000   105.0000   34.3730   80.1254
303.0000   87.0000   27.4927   75.9251
304.0000   114.0000   10.1316   84.5509
305.0000   89.0000   74.0471   95.3304
306.0000   94.0000   30.7598   31.8174
307.0000   76.0000   47.2044   23.5209
308.0000   72.0000   21.0321   39.9145
309.0000   69.0000   46.6556   41.2811
310.0000   108.0000   68.6683   29.2672
311.0000   32.0000   47.2951   69.1479
312.0000   46.0000   92.3525   38.3506
313.0000   73.0000   1.2945   64.9122
314.0000   49.0000   64.0100   3.0532
315.0000   75.0000   0.2456   20.9724
316.0000   76.0000   29.6485   62.0653
317.0000   44.0000   90.8802   58.7608
318.0000   118.0000   63.9176   93.2038
319.0000   107.0000   32.0588   95.6614
320.0000   40.0000   17.2812   21.6067
321.0000   31.0000   6.3626   7.6531
322.0000   41.0000   94.8271   44.2872
323.0000   81.0000   66.5592   13.9280
324.0000   52.0000   79.3712   12.6590
325.0000   46.0000   54.1990   30.4632
326.0000   71.0000   3.4682   10.0352
327.0000   91.0000   34.9652   77.3577
328.0000   113.0000   50.1347   35.1202
329.0000   97.0000   78.9517   3.5210
330.0000   74.0000   23.5371   72.0531
331.0000   51.0000   52.6591   39.6190
332.0000   95.0000   26.7438   28.3771
333.0000   76.0000   81.6402   67.9965
334.0000   54.0000   65.7115   56.5459
335.0000   86.0000   90.4123   5.1602
336.0000   46.0000   33.9667   11.3530
337.0000   107.0000   53.2056   64.6592
338.0000   101.0000   29.5172   95.1771
339.0000   113.0000   23.1996   2.3379
340.0000   101.0000   50.4403   20.2501
341.0000   72.0000   33.1994   8.1773
342.0000   83.0000   41.6792   76.8920
343.0000   78.0000   38.1636   71.7825
344.0000   76.0000   80.8405   42.5455
345.0000   46.0000   54.3324   27.8128
346.0000   81.0000   50.8109   8.1043
347.0000   111.0000   60.0098   93.8842
348.0000   113.0000   15.8858   81.8119
349.0000   82.0000   55.7277   39.7104
350.0000   111.0000   0.3166   8.6948
351.0000   96.0000   66.1472   96.9408
352.0000   99.0000   59.1373   98.4411
353.0000   87.0000   69.2291   1.6806
354.0000   46.0000   69.3669   6.7527
355.0000   47.0000   70.1492   32.9261
356.0000   37.0000   46.3784   69.6094
357.0000   65.0000   60.7343   31.4867
358.0000   42.0000   81.6378   75.6519
359.0000   48.0000   80.9054   91.6499
360.0000   52.0000   29.0574   45.8717
361.0000   90.0000   68.5858   41.3540
362.0000   59.0000   29.8308   98.6124
363.0000   47.0000   85.7919   20.4056
364.0000   49.0000   15.4147   26.5028
365.0000   31.0000   18.7705   62.0745
366.0000   89.0000   8.8903   59.3927
367.0000   93.0000   35.9658   6.9735
368.0000   83.0000   86.8570   61.6134
369.0000   76.0000   68.1729   52.9333
370.0000   97.0000   61.7067   63.6125
371.0000   104.0000   78.0857   60.1560
372.0000   116.0000   93.6439   60.1429
373.0000   40.0000   17.4032   37.7006
374.0000   64.0000   68.6651   27.5283
375.0000   65.0000   7.0127   6.0441
376.0000   99.0000   41.5695   41.7775
377.0000   48.0000   59.3795   12.5713
378.0000   112.0000   62.6779   8.5226
379.0000   53.0000   33.7145   3.0433
380.0000   105.0000   94.5342   58.7062
381.0000   57.0000   6.7763   19.3799
382.0000   106.0000   34.9529   29.9510
383.0000   107.0000   52.7719   34.4909
384.0000   96.0000   1.3910   26.6195
385.0000   48.0000   68.2662   84.0895
386.0000   83.0000   79.0577   83.7236
387.0000   83.0000   58.1039   47.4026
388.0000   37.0000   39.9096   26.9091
389.0000   92.0000   1.8870   92.3441
390.0000   31.0000   12.9392   20.5516
391.0000   67.0000   20.6765   0.7195
392.0000   50.0000   33.8691   21.3802
393.0000   46.0000   21.6968   58.2806
394.0000   98.0000   86.9976   67.1413
395.0000   96.0000   66.2442   18.3102
396.0000   74.0000   90.4246   49.1795
397.0000   41.0000   49.3437   59.0484
398.0000   44.0000   53.0818   81.6101
399.0000   57.0000   26.8173   19.5488
400.0000   42.0000   23.6236   36.2374
401.0000   115.0000   78.0771   56.1294
402.0000   49.0000   31.2982   43.5949
403.0000   92.0000   14.7318   62.6862
404.0000   110.0000   14.4778   26.2282
405.0000   85.0000   50.5463   74.4001
406.0000   59.0000   41.6508   20.9488
407.0000   119.0000   78.7039   44.9255
408.0000   99.0000   7.1265   26.8454
409.0000   64.0000   27.8422   0.0666
410.0000   45.0000   97.5247   54.4372
411.0000   51.0000   54.8919   58.3929
412.0000   72.0000   75.5244   11.4442
413.0000   40.0000   11.0035   4.6048
414.0000   116.0000   45.4981   38.0238
415.0000   110.0000   13.0806   30.8809
416.0000   79.0000   51.4630   8.8958
417.0000   44.0000   0.9885   40.8821
418.0000   58.0000   83.0400   96.0630
419.0000   51.0000   34.1557   60.2355
420.0000   76.0000   72.6391   36.3358
421.0000   51.0000   38.8562   66.2582
422.0000   42.0000   43.4175   64.4022
423.0000   79.0000   7.3383   16.5838
424.0000   43.0000   62.9822   58.9908
425.0000   103.0000   12.1694   43.9634
