0.0000   0.0000   50.0000   50.0000
1.0000   81.0000   99.2623   62.7027
2.0000   16.0000   58.9398   53.3337
3.0000   52.0000   15.6238   39.8431
4.0000   90.0000   15.5463   61.4374
5.0000   41.0000   90.2803   69.2520
6.0000   85.0000   51.7078   37.4491
7.0000   74.0000   51.4666   45.8289
8.0000   90.0000   0.8707   78.3044
9.0000   38.0000   35.6076   77.4763
10.0000   79.0000   42.2037   51.8573
11.0000   25.0000   96.1740   58.4436
12.0000   50.0000   96.1654   41.4241
13.0000   61.0000   34.6493   50.1135
14.0000   36.0000   46.9301   26.1790
15.0000   38.0000   48.2445   66.7875
16.0000   30.0000   86.4043   60.1704
17.0000   59.0000   94.4656   64.5657
18.0000   98.0000   54.2961   6.4213
19.0000   67.0000   94.7826   50.9571
20.0000   47.0000   11.6310   15.5725
21.0000   10.0000   34.8192   6.7113
22.0000   85.0000   51.6368   21.8571
23.0000   73.0000   78.7421   69.9206
24.0000   60.0000   15.6897   40.5416
25.0000   85.0000   52.9488   24.1740
26.0000   89.0000   20.2040   58.0452
27.0000   15.0000   98.5644   39.4896
28.0000   60.0000   71.0975   16.6130
29.0000   62.0000   30.5364   34.9092
30.0000   14.0000   38.7821   48.7637
31.0000   50.0000   67.6869   4.3471
32.0000   88.0000   54.7833   60.0109
33.0000   48.0000   10.8088   35.9341
34.0000   24.0000   98.2314   64.1818
35.0000   21.0000   67.2823   75.8065
36.0000   27.0000   73.8942   48.6624
37.0000   48.0000   33.0256   52.1548
38.0000   43.0000   52.6668   94.4938
39.0000   58.0000   9.6439   42.8480
40.0000   39.0000   35.4251   43.8476
41.0000   97.0000   31.2083   51.9286
42.0000   37.0000   91.3581   42.1711
43.0000   23.0000   55.8257   68.7444
44.0000   100.0000   51.0580   97.4645
45.0000   10.0000   94.3981   72.5542
46.0000   86.0000   87.6050   74.9556
47.0000   40.0000   29.1707   22.8426
48.0000   46.0000   19.0437   31.7715
49.0000   44.0000   54.1599   28.6587
50.0000   64.0000   82.4245   87.0950
51.0000   37.0000   57.7677   59.1391
52.0000   15.0000   28.8269   57.4809
53.0000   32.0000   30.7507   48.7726
54.0000   22.0000   37.6447   30.8019
55.0000   76.0000   3.9148   93.8425
56.0000   83.0000   65.1983   53.1081
57.0000   84.0000   11.5855   69.2306
58.0000   78.0000   25.2902   82.3752
59.0000   71.0000   51.9619   9.9501
60.0000   22.0000   91.8333   81.8921
61.0000   82.0000   5.7710   65.0758
62.0000   92.0000   31.1657   61.3851
63.0000   19.0000   45.1979   47.1785
64.0000   76.0000   44.5694   59.9615
65.0000   54.0000   99.5542   44.7049
66.0000   50.0000   35.8060   91.1451
67.0000   30.0000   68.4299   64.6291
68.0000   46.0000   16.4269   2.2627
69.0000   44.0000   41.3451   16.3074
70.0000   38.0000   23.4242   95.7840
71.0000   99.0000   40.9496   95.5969
72.0000   67.0000   42.6182   18.6091
73.0000   53.0000   25.3758   70.4380
74.0000   47.0000   48.1544   28.3774
75.0000   94.0000   41.0935   10.3232
76.0000   56.0000   43.7108   30.7766
77.0000   68.0000   93.2147   21.1038
78.0000   68.0000   51.0268   44.4991
79.0000   90.0000   72.6506   23.1155
80.0000   93.0000   46.6529   40.8193
81.0000   21.0000   99.5576   6.5572
82.0000   34.0000   51.5739   74.1152
83.0000   83.0000   63.8563   63.9500
84.0000   88.0000   66.7016   79.3533
85.0000   91.0000   82.7690   21.5905
86.0000   57.0000   74.0495   18.5347
87.0000   45.0000   6.3479   76.5325
88.0000   73.0000   66.0637   54.2116
89.0000   27.0000   26.1462   75.4759
90.0000   40.0000   37.1836   24.9195
91.0000   85.0000   6.1309   44.0488
92.0000   80.0000   79.8719   73.3255
93.0000   20.0000   1.8780   20.2986
94.0000   93.0000   34.3566   28.0454
95.0000   42.0000   73.4103   35.1629
96.0000   71.0000   46.8303   93.1860
97.0000   50.0000   29.5135   82.1088
98.0000   87.0000   69.9133   32.2606
99.0000   19.0000   39.6820   97.3809
100.0000   12.0000   26.5526   52.6231
