0.0000   0.0000   0.0000   0.0000
1.0000   129.0000   17.0280   6.8902
2.0000   136.0000   38.0914   38.8481
3.0000   150.0000   13.0808   11.1102
4.0000   64.0000   31.3138   44.9442
5.0000   108.0000   46.7272   12.6931
6.0000   76.0000   32.9405   0.1103
7.0000   106.0000   1.3543   20.4049
8.0000   91.0000   4.0264   22.0211
9.0000   127.0000   31.7667   49.5643
10.0000   66.0000   26.3321   39.5713
11.0000   119.0000   39.2329   28.9489
12.0000   133.0000   29.7471   40.6333
13.0000   71.0000   40.8882   28.7812
14.0000   102.0000   2.2742   4.4739
15.0000   113.0000   25.4105   30.6184
16.0000   98.0000   6.1544   3.0118
17.0000   79.0000   40.6629   7.3964
18.0000   105.0000   11.1019   22.2459
19.0000   62.0000   7.1031   46.3381
20.0000   63.0000   46.2144   0.9063
21.0000   123.0000   0.0664   42.7232
22.0000   76.0000   47.9112   34.7358
23.0000   131.0000   12.2868   3.9754
24.0000   95.0000   38.3069   46.9811
25.0000   122.0000   40.3320   5.1908
26.0000   147.0000   34.7332   18.1198
27.0000   113.0000   0.0378   5.9928
28.0000   104.0000   14.8294   24.5690
29.0000   106.0000   8.5644   1.3382
30.0000   126.0000   6.3808   12.9166
31.0000   88.0000   14.9278   1.4886
32.0000   136.0000   35.4985   23.7497
33.0000   121.0000   49.7865   29.4718
34.0000   99.0000   25.5640   18.6568
35.0000   131.0000   0.8600   36.0436
36.0000   148.0000   47.4427   7.0141
37.0000   115.0000   48.2511   13.1601
38.0000   108.0000   40.7646   22.1226
39.0000   87.0000   22.6262   49.5640
40.0000   68.0000   1.9867   15.5891
41.0000   148.0000   45.3693   3.4653
42.0000   143.0000   5.3174   37.5292
43.0000   72.0000   38.5600   13.3073
44.0000   86.0000   32.1632   45.0569
45.0000   130.0000   2.4820   27.3485
46.0000   95.0000   38.7172   17.3149
47.0000   146.0000   44.5681   25.1243
48.0000   93.0000   37.8174   40.8961
49.0000   120.0000   35.8327   2.2100
50.0000   107.0000   27.1099   17.4336
51.0000   100.0000   44.0915   44.3577
52.0000   87.0000   3.4570   17.2546
53.0000   83.0000   21.8159   7.0855
54.0000   112.0000   39.7036   47.7652
55.0000   90.0000   32.1508   12.7256
56.0000   94.0000   8.3905   7.7244
57.0000   72.0000   48.6200   38.5641
58.0000   116.0000   47.9107   0.1728
59.0000   117.0000   36.5763   27.9634
60.0000   65.0000   17.8295   1.0742
61.0000   149.0000   11.5488   10.0884
62.0000   77.0000   5.6481   33.3577
63.0000   93.0000   40.4737   3.5811
64.0000   114.0000   0.8855   47.2430
65.0000   125.0000   35.4153   43.2967
66.0000   81.0000   28.8494   9.8124
67.0000   138.0000   33.1506   1.9959
68.0000   138.0000   49.9696   24.8247
69.0000   119.0000   15.5777   5.9274
70.0000   131.0000   33.6361   33.4936
71.0000   81.0000   10.9151   6.2896
72.0000   72.0000   13.0755   9.0073
73.0000   125.0000   6.5700   16.0867
74.0000   80.0000   5.3208   3.6739
75.0000   107.0000   22.4259   28.1136
76.0000   75.0000   36.0098   47.8753
77.0000   122.0000   6.0001   26.3013
78.0000   121.0000   13.8631   46.4480
79.0000   146.0000   19.3303   1.9885
80.0000   129.0000   5.2890   49.0841
81.0000   136.0000   21.0197   23.2610
82.0000   71.0000   2.6713   2.1143
83.0000   128.0000   6.4079   36.4373
84.0000   88.0000   16.1230   45.2817
85.0000   146.0000   13.2244   15.3326
86.0000   111.0000   4.5079   28.4806
87.0000   147.0000   32.5010   40.2808
88.0000   149.0000   11.6930   30.7060
89.0000   69.0000   24.9302   4.0168
90.0000   68.0000   37.5539   39.4323
91.0000   67.0000   0.0511   1.7254
92.0000   144.0000   7.3695   19.2911
93.0000   84.0000   6.7707   47.3565
94.0000   132.0000   12.1921   13.3690
95.0000   64.0000   22.9797   19.8358
96.0000   124.0000   46.6239   33.0993
97.0000   63.0000   43.4246   13.3760
98.0000   80.0000   49.5559   30.6242
99.0000   73.0000   45.5327   24.7299
100.0000   129.0000   15.4583   9.1971
101.0000   121.0000   18.2899   3.4439
102.0000   100.0000   32.6857   21.2879
103.0000   63.0000   22.4104   44.5595
104.0000   77.0000   1.9886   34.8957
105.0000   142.0000   5.3149   45.4301
106.0000   107.0000   40.7676   44.4175
107.0000   106.0000   24.9359   15.4958
108.0000   121.0000   20.6032   28.0370
109.0000   116.0000   1.1300   16.6882
110.0000   65.0000   21.2014   22.4308
111.0000   62.0000   12.9441   43.9240
112.0000   98.0000   8.8032   12.6711
113.0000   112.0000   31.9169   22.8319
114.0000   76.0000   49.2380   8.2781
115.0000   112.0000   8.8933   27.1095
116.0000   109.0000   26.3825   7.4545
117.0000   122.0000   23.9407   23.7891
118.0000   109.0000   9.4291   34.0811
119.0000   105.0000   31.5718   23.0408
120.0000   106.0000   42.8263   26.3280
121.0000   60.0000   30.0825   48.0069
122.0000   94.0000   24.7186   28.6371
123.0000   82.0000   36.7613   49.9452
124.0000   133.0000   0.8543   4.4081
125.0000   150.0000   5.8507   7.9618
126.0000   93.0000   15.7239   44.3059
127.0000   91.0000   43.9872   16.9205
128.0000   108.0000   42.1371   45.5951
129.0000   132.0000   17.2011   15.5088
130.0000   62.0000   34.9188   4.3075
131.0000   83.0000   32.4130   16.1271
132.0000   137.0000   23.4582   41.2732
133.0000   93.0000   16.2531   22.4777
134.0000   66.0000   25.7301   13.0939
135.0000   108.0000   39.3402   48.9209
136.0000   108.0000   44.5957   46.6935
137.0000   68.0000   27.4554   6.8434
138.0000   121.0000   7.9445   29.7337
139.0000   89.0000   30.6066   6.3061
140.0000   136.0000   14.6769   35.2719
141.0000   142.0000   13.6190   49.3271
142.0000   90.0000   8.9658   5.8001
143.0000   113.0000   39.4104   39.9541
144.0000   104.0000   32.7468   2.9639
145.0000   100.0000   24.8313   5.5536
146.0000   116.0000   16.9039   2.5303
147.0000   61.0000   49.6197   2.1263
148.0000   89.0000   0.5783   42.5622
149.0000   70.0000   17.4738   1.8198
150.0000   135.0000   29.8845   0.1722
151.0000   70.0000   24.7418   19.6035
152.0000   116.0000   45.1902   36.9680
153.0000   137.0000   41.4222   4.8961
154.0000   63.0000   0.3952   6.7140
155.0000   117.0000   22.3951   1.1173
156.0000   75.0000   20.9668   47.8988
157.0000   74.0000   17.9644   42.9106
158.0000   149.0000   31.0924   26.6697
159.0000   76.0000   36.6938   46.0871
160.0000   138.0000   47.9108   2.0265
161.0000   105.0000   46.1948   9.9115
162.0000   113.0000   9.1892   16.2520
163.0000   121.0000   25.7732   35.0831
164.0000   137.0000   23.6553   22.6820
165.0000   142.0000   14.6383   17.7898
166.0000   92.0000   42.6844   3.0953
167.0000   77.0000   12.6193   48.5600
168.0000   133.0000   26.9159   18.1715
169.0000   87.0000   28.8730   38.1181
170.0000   150.0000   19.7251   42.1189
171.0000   140.0000   11.4523   20.3082
172.0000   89.0000   37.3211   32.9917
173.0000   138.0000   33.7715   4.4628
174.0000   124.0000   12.0748   26.0298
175.0000   147.0000   18.1198   41.3975
176.0000   68.0000   35.1103   33.6509
177.0000   83.0000   18.7807   43.8610
178.0000   136.0000   5.7871   32.7517
179.0000   66.0000   1.4660   47.7124
180.0000   147.0000   30.5966   1.4055
181.0000   142.0000   36.5551   35.4710
182.0000   130.0000   10.7832   44.6202
183.0000   145.0000   38.2903   5.0703
184.0000   63.0000   32.7378   27.3570
185.0000   122.0000   44.1304   27.0411
186.0000   102.0000   3.0869   18.2583
187.0000   62.0000   31.8574   16.3769
188.0000   101.0000   18.0185   9.5841
189.0000   118.0000   25.1636   34.7101
190.0000   130.0000   34.7888   47.6973
191.0000   144.0000   2.2072   41.7920
192.0000   118.0000   22.1888   10.1357
193.0000   114.0000   22.8163   46.4323
194.0000   68.0000   38.8984   15.1541
195.0000   81.0000   26.8567   13.2697
196.0000   83.0000   11.0533   34.6088
197.0000   71.0000   3.1460   0.7998
198.0000   91.0000   4.3235   5.7311
199.0000   100.0000   44.0480   27.1584
200.0000   143.0000   37.5802   28.2952
201.0000   67.0000   46.8745   45.9486
202.0000   120.0000   28.0049   21.3377
203.0000   68.0000   30.8750   30.9295
204.0000   80.0000   38.7172   4.3650
205.0000   88.0000   12.0288   37.1560
206.0000   67.0000   35.6324   29.9830
207.0000   78.0000   35.9340   41.8725
208.0000   81.0000   42.3791   22.8876
209.0000   66.0000   9.4712   43.0564
210.0000   112.0000   16.2694   26.8530
211.0000   117.0000   42.5719   7.3456
212.0000   147.0000   7.5075   6.2629
213.0000   148.0000   24.7339   15.4899
214.0000   82.0000   40.5790   3.6151
215.0000   73.0000   39.5374   48.3439
216.0000   150.0000   32.1645   45.4775
217.0000   130.0000   37.4170   35.6998
218.0000   126.0000   32.4821   39.5872
219.0000   134.0000   2.7159   14.7103
220.0000   69.0000   43.4458   40.3216
221.0000   69.0000   46.5776   32.1684
222.0000   111.0000   38.3946   15.5175
223.0000   102.0000   40.7945   32.4489
224.0000   129.0000   40.6695   27.2359
225.0000   127.0000   49.0675   14.2844
226.0000   92.0000   4.6227   3.1159
227.0000   120.0000   29.0219   41.8841
228.0000   110.0000   26.8171   40.6485
229.0000   148.0000   15.1013   20.8262
230.0000   139.0000   30.9199   37.3803
231.0000   110.0000   4.4514   45.4572
232.0000   131.0000   35.3015   15.9573
233.0000   103.0000   10.2689   24.4521
234.0000   89.0000   10.9094   20.6108
235.0000   86.0000   4.7469   48.7853
236.0000   72.0000   16.6035   11.5962
237.0000   138.0000   23.7045   11.8577
238.0000   133.0000   18.1494   23.1889
239.0000   96.0000   11.4814   19.0131
240.0000   99.0000   24.7139   48.9235
241.0000   147.0000   21.4086   0.9098
242.0000   136.0000   20.8778   39.8655
243.0000   67.0000   39.9955   17.5402
244.0000   66.0000   38.7016   3.4369
245.0000   109.0000   30.7523   0.8112
246.0000   69.0000   48.4035   15.7442
247.0000   126.0000   6.3104   42.9498
248.0000   79.0000   15.9292   17.2405
249.0000   93.0000   6.2231   31.9434
250.0000   60.0000   35.1037   5.4370
251.0000   90.0000   24.8843   3.1930
252.0000   94.0000   22.1024   13.3168
253.0000   140.0000   7.2961   32.4477
254.0000   65.0000   18.9029   1.9059
255.0000   99.0000   7.0268   30.2119
256.0000   70.0000   8.3279   25.1898
257.0000   95.0000   35.1247   25.2995
258.0000   67.0000   5.6697   2.7166
259.0000   117.0000   15.6387   44.3948
260.0000   84.0000   42.3072   33.3166
261.0000   121.0000   10.1283   9.4678
262.0000   92.0000   10.4657   26.4775
263.0000   149.0000   13.4176   14.0231
264.0000   116.0000   0.2757   8.2080
265.0000   138.0000   49.8555   14.4868
266.0000   113.0000   19.0390   31.8734
267.0000   111.0000   26.4551   8.4247
268.0000   110.0000   40.8652   38.8630
269.0000   79.0000   20.0592   29.3521
270.0000   147.0000   14.1661   45.6289
271.0000   98.0000   13.3195   49.4749
272.0000   114.0000   38.6186   31.0076
273.0000   91.0000   31.8394   47.2960
274.0000   94.0000   48.7218   1.6421
275.0000   133.0000   42.4592   23.6162
