0.0000 0.0000 25.0000 25.0000 0.0000 
1.0000 153.0000 12.6600 44.4774 10.1732 
2.0000 110.0000 32.9930 9.6856 8.8494 
3.0000 140.0000 18.4592 30.9894 11.4692 
4.0000 121.0000 42.8871 5.5086 10.5110 
5.0000 177.0000 35.1955 43.9712 7.9110 
6.0000 157.0000 24.8830 45.6268 14.5123 
7.0000 179.0000 31.9992 11.1849 7.5353 
8.0000 95.0000 41.9638 47.3366 11.9607 
9.0000 128.0000 19.9198 34.4668 12.1980 
10.0000 121.0000 45.5390 40.6961 12.7265 
11.0000 176.0000 46.7669 49.8229 13.6424 
12.0000 167.0000 11.8158 17.9199 5.7946 
13.0000 177.0000 26.7882 30.1413 6.3564 
14.0000 144.0000 30.5960 6.8458 7.4252 
15.0000 140.0000 15.2512 31.2687 11.0136 
16.0000 150.0000 37.0479 19.1341 12.0637 
17.0000 140.0000 39.0853 20.7015 9.1646 
18.0000 160.0000 46.0206 41.1876 12.4288 
19.0000 106.0000 23.4396 43.6157 8.7214 
20.0000 96.0000 34.5729 32.9079 5.8186 
21.0000 133.0000 42.1149 5.6410 8.9477 
22.0000 113.0000 16.0218 36.8703 8.6691 
23.0000 176.0000 7.9847 9.1565 13.8688 
24.0000 145.0000 45.6169 40.4962 5.4243 
25.0000 111.0000 21.6233 25.4032 6.6819 
26.0000 176.0000 29.5499 40.5399 9.2645 
27.0000 170.0000 1.0599 46.2703 5.2938 
28.0000 152.0000 11.7910 41.4353 14.7981 
29.0000 114.0000 27.8963 8.0129 14.9157 
30.0000 134.0000 18.5846 32.7145 13.8951 
31.0000 133.0000 33.4611 26.5182 9.6189 
32.0000 100.0000 27.7218 7.1981 11.9503 
33.0000 155.0000 31.1895 35.0503 13.4206 
34.0000 97.0000 0.3376 20.1418 7.3216 
35.0000 173.0000 11.2441 20.2546 8.4313 
36.0000 122.0000 37.0946 18.2542 8.9973 
37.0000 153.0000 38.3618 22.9071 9.8137 
38.0000 140.0000 49.5166 48.1131 7.6061 
39.0000 160.0000 26.0483 11.9241 6.1218 
40.0000 166.0000 32.6825 40.1204 9.6969 
41.0000 102.0000 33.7600 23.9550 14.9234 
42.0000 151.0000 30.5501 6.2716 12.9445 
43.0000 102.0000 33.6296 33.8754 10.0570 
44.0000 119.0000 15.2230 26.1707 10.7065 
45.0000 140.0000 39.0866 40.8723 5.5343 
46.0000 128.0000 34.4417 40.0820 10.4512 
47.0000 167.0000 32.0744 46.1877 10.6601 
48.0000 108.0000 47.1947 4.9239 14.1251 
49.0000 126.0000 43.4962 38.7296 5.7837 
50.0000 115.0000 32.5848 26.1157 9.2202 
51.0000 143.0000 30.6007 47.6880 9.8709 
52.0000 125.0000 14.7402 15.7951 14.8819 
53.0000 176.0000 25.2853 27.8536 14.6943 
54.0000 168.0000 32.6207 36.4144 9.2927 
55.0000 97.0000 16.3121 8.9818 6.6782 
56.0000 121.0000 37.3925 16.3884 14.0016 
57.0000 167.0000 32.2818 46.6259 10.2052 
58.0000 114.0000 38.3652 22.8568 8.3124 
59.0000 146.0000 12.5871 26.3704 14.6394 
60.0000 109.0000 4.6623 15.3695 6.4294 
61.0000 177.0000 14.1754 35.2079 14.7603 
62.0000 121.0000 0.8837 45.6393 11.9564 
63.0000 127.0000 18.9715 34.7439 8.1430 
64.0000 140.0000 16.5742 26.8059 7.4813 
65.0000 133.0000 23.6129 13.4655 13.5260 
66.0000 155.0000 35.9213 9.9235 5.0230 
67.0000 157.0000 5.2429 1.9212 12.9547 
68.0000 130.0000 1.3877 44.2223 7.1493 
69.0000 136.0000 17.8668 13.1868 5.8888 
70.0000 177.0000 31.2007 41.7305 6.1558 
71.0000 90.0000 48.5081 41.2154 10.6634 
72.0000 129.0000 38.8485 11.2716 12.3855 
73.0000 144.0000 19.0501 15.1331 7.1588 
74.0000 140.0000 2.1330 8.6038 10.0735 
75.0000 129.0000 11.5188 33.3784 6.6623 
76.0000 115.0000 26.3680 30.9882 8.1866 
77.0000 127.0000 44.9434 25.8445 10.8810 
78.0000 145.0000 1.8547 25.6616 13.2469 
79.0000 140.0000 1.8967 8.9124 14.1375 
80.0000 142.0000 10.3603 43.8945 8.3744 
81.0000 165.0000 29.2044 36.5207 9.3332 
82.0000 168.0000 38.5584 32.3415 14.0342 
83.0000 107.0000 32.6343 46.3684 9.9411 
84.0000 161.0000 16.9802 32.3530 13.7266 
85.0000 152.0000 3.3393 33.6269 14.5225 
86.0000 157.0000 29.3708 14.7294 14.1915 
87.0000 112.0000 15.5909 18.7778 14.6512 
88.0000 176.0000 4.2745 15.3096 8.8201 
89.0000 131.0000 44.7755 17.5940 14.2170 
90.0000 110.0000 44.4610 26.1337 5.0545 
91.0000 127.0000 14.2861 26.3350 12.6746 
92.0000 102.0000 17.6311 23.3076 13.1576 
93.0000 178.0000 0.6306 15.5505 10.9283 
94.0000 176.0000 31.8696 24.7537 10.7933 
95.0000 131.0000 2.4536 43.7306 11.6755 
96.0000 99.0000 38.8642 37.6799 5.8662 
97.0000 179.0000 12.0433 27.1768 5.9938 
98.0000 94.0000 0.3557 39.3369 8.4782 
99.0000 155.0000 38.9747 21.9361 12.8310 
100.0000 139.0000 2.5111 12.5636 12.5616 
101.0000 143.0000 44.3368 37.6655 9.7458 
102.0000 164.0000 22.4110 22.9228 9.5287 
103.0000 179.0000 37.6410 32.9009 12.5532 
104.0000 157.0000 37.1055 42.7228 6.5517 
105.0000 139.0000 34.9976 42.8405 11.1355 
106.0000 145.0000 9.1892 39.2045 14.8761 
107.0000 116.0000 23.5843 37.4331 13.6541 
108.0000 156.0000 25.6653 48.5596 7.2801 
109.0000 130.0000 2.6193 44.7315 13.3977 
110.0000 112.0000 10.9711 9.1014 5.9999 
111.0000 127.0000 13.3120 31.6678 5.4359 
112.0000 174.0000 19.3522 1.6597 7.1417 
113.0000 125.0000 44.8636 12.1935 10.2066 
114.0000 134.0000 11.1472 19.4951 12.0486 
115.0000 166.0000 38.7901 4.9179 6.8652 
116.0000 172.0000 37.2315 19.8948 6.3757 
117.0000 98.0000 34.9817 28.8110 12.1993 
118.0000 123.0000 12.7276 2.0640 6.2978 
119.0000 121.0000 33.7525 17.5825 5.6101 
120.0000 129.0000 14.8746 43.6898 13.0853 
121.0000 127.0000 3.2465 42.4957 8.2810 
122.0000 177.0000 7.5433 2.9338 12.6091 
123.0000 140.0000 22.5299 45.8350 8.9282 
124.0000 148.0000 17.6525 42.6866 11.4158 
125.0000 123.0000 45.0164 7.1384 8.9795 
126.0000 156.0000 12.5793 20.3762 12.8098 
127.0000 129.0000 45.3044 28.9350 7.5213 
128.0000 105.0000 29.1296 38.5054 7.4666 
129.0000 132.0000 15.7349 49.4299 6.1460 
130.0000 175.0000 14.8597 41.7929 10.0035 
131.0000 92.0000 49.7265 35.4544 5.4090 
132.0000 141.0000 46.1729 13.0907 13.6631 
133.0000 177.0000 28.6362 45.8664 9.7178 
134.0000 173.0000 22.3384 18.4018 11.1315 
135.0000 128.0000 16.3059 49.6835 9.5592 
136.0000 103.0000 38.9271 15.4423 14.2769 
137.0000 180.0000 12.1133 22.3986 10.2667 
138.0000 90.0000 33.3475 27.5013 12.5998 
139.0000 111.0000 29.1087 1.7867 12.5131 
140.0000 145.0000 30.8947 31.3386 12.2388 
141.0000 172.0000 23.0641 36.2615 12.7001 
142.0000 96.0000 34.7674 11.5181 13.6057 
143.0000 133.0000 4.5547 21.3314 11.5916 
144.0000 179.0000 40.3868 36.0085 14.1683 
145.0000 177.0000 25.6732 42.1690 10.4749 
146.0000 171.0000 33.8955 32.7943 6.9650 
147.0000 142.0000 37.2620 16.2715 11.0185 
148.0000 102.0000 23.6664 9.9456 8.6126 
149.0000 167.0000 34.4995 5.3901 10.5986 
150.0000 135.0000 29.0597 16.9827 11.6795 
151.0000 119.0000 35.4964 22.6607 5.7438 
152.0000 138.0000 27.1348 4.0988 6.3957 
153.0000 106.0000 23.0284 14.7656 10.1527 
154.0000 170.0000 42.1322 24.2499 10.3560 
155.0000 154.0000 5.2363 31.3763 14.1014 
156.0000 161.0000 8.0574 42.5610 6.2023 
157.0000 164.0000 16.8174 46.0898 7.9401 
158.0000 121.0000 22.7168 32.5786 6.8563 
159.0000 115.0000 36.4809 17.7103 13.3125 
160.0000 92.0000 44.9393 47.2327 8.4833 
161.0000 155.0000 20.8883 33.0041 13.5491 
162.0000 159.0000 19.7356 43.1510 8.5459 
163.0000 121.0000 10.6879 24.5492 7.8354 
164.0000 152.0000 25.3915 4.6300 7.1943 
165.0000 134.0000 29.1765 10.9695 12.5658 
166.0000 124.0000 40.4310 13.5667 8.1665 
167.0000 141.0000 24.1238 23.7066 8.4490 
168.0000 149.0000 16.7811 39.6895 8.1460 
169.0000 97.0000 46.7898 41.8594 13.0407 
170.0000 102.0000 0.1659 11.3356 5.0550 
171.0000 101.0000 31.9956 10.0865 14.5079 
172.0000 117.0000 27.6751 33.2592 13.8628 
173.0000 127.0000 25.6536 10.6161 13.5647 
174.0000 148.0000 14.1780 46.9518 11.2397 
175.0000 104.0000 33.6925 47.6727 7.3859 
176.0000 105.0000 29.3026 43.3258 14.5608 
177.0000 102.0000 7.9664 11.3099 6.6181 
178.0000 141.0000 48.7836 5.1114 10.2965 
179.0000 113.0000 41.8913 13.0670 11.3368 
180.0000 170.0000 16.0130 47.5890 14.6055 
181.0000 97.0000 18.2342 44.8894 14.0284 
182.0000 127.0000 27.2347 44.3322 10.7637 
183.0000 150.0000 2.2638 48.2191 5.3733 
184.0000 103.0000 24.2070 36.5542 7.3347 
185.0000 150.0000 6.3444 25.9481 12.9068 
186.0000 93.0000 1.9384 12.3848 13.9933 
187.0000 141.0000 23.2989 49.0568 7.2554 
188.0000 118.0000 19.2221 24.9696 12.9396 
189.0000 179.0000 24.4139 19.4174 8.3115 
190.0000 107.0000 40.6154 1.1745 5.4753 
191.0000 148.0000 28.1099 16.1385 11.5960 
192.0000 124.0000 5.4876 39.2647 8.9955 
193.0000 92.0000 8.3371 29.2461 9.6561 
194.0000 122.0000 42.1590 23.5645 7.6324 
195.0000 142.0000 10.5796 28.7523 6.3234 
196.0000 151.0000 48.9749 22.9804 6.0994 
197.0000 155.0000 30.2232 43.1324 5.4691 
198.0000 149.0000 9.1162 0.8609 13.0489 
199.0000 152.0000 35.2968 26.9391 11.9028 
200.0000 132.0000 46.7943 39.9126 14.8522 
201.0000 112.0000 37.4391 46.4255 8.6726 
202.0000 170.0000 49.1102 19.2088 9.6357 
203.0000 148.0000 9.4079 5.7181 11.2485 
204.0000 130.0000 26.7917 10.8191 10.0011 
205.0000 122.0000 33.3962 14.9626 10.5845 
206.0000 147.0000 36.2953 47.9666 14.9044 
207.0000 122.0000 4.9337 27.2520 14.1104 
208.0000 127.0000 42.6343 27.4223 7.8723 
209.0000 136.0000 4.0209 4.8753 14.1695 
210.0000 119.0000 26.5661 36.6618 5.4608 
211.0000 133.0000 14.1870 20.4620 9.7700 
212.0000 160.0000 1.5761 38.9010 9.2681 
213.0000 124.0000 34.5138 1.4775 7.8262 
214.0000 176.0000 47.9956 10.9456 6.7435 
215.0000 94.0000 25.7458 12.2960 14.6729 
216.0000 106.0000 18.9540 2.6828 12.1259 
217.0000 178.0000 8.5811 43.9565 6.5323 
218.0000 169.0000 10.9281 45.4283 5.2335 
219.0000 133.0000 19.7526 4.5218 9.3537 
220.0000 141.0000 26.9073 45.0962 7.9171 
221.0000 99.0000 6.4727 25.7074 10.9802 
222.0000 93.0000 24.9626 16.8546 7.1421 
223.0000 144.0000 1.1969 32.0603 5.5514 
224.0000 92.0000 21.0916 29.0225 12.3502 
225.0000 173.0000 47.4581 39.4114 5.6544 
226.0000 92.0000 2.2652 38.5081 11.1849 
227.0000 164.0000 6.4683 29.1500 5.4057 
228.0000 113.0000 32.7800 47.0299 6.6864 
229.0000 91.0000 34.5639 38.7472 9.0693 
230.0000 91.0000 5.5023 7.5171 12.2361 
231.0000 133.0000 30.4242 31.2749 11.3974 
232.0000 164.0000 12.3311 46.3315 11.2854 
233.0000 100.0000 18.1709 40.7717 9.2179 
234.0000 112.0000 25.1493 15.4799 7.2735 
235.0000 157.0000 34.2960 34.6290 6.4604 
236.0000 91.0000 21.8820 18.0509 7.5972 
237.0000 159.0000 2.5435 4.8068 12.8219 
238.0000 144.0000 21.4381 12.0412 7.6963 
239.0000 136.0000 9.7445 16.3018 11.3569 
240.0000 119.0000 0.2704 44.3220 14.1238 
241.0000 164.0000 25.5781 49.1909 8.3535 
242.0000 165.0000 32.4467 38.8136 13.0416 
243.0000 168.0000 28.1904 5.7572 8.2549 
244.0000 166.0000 35.6722 13.1411 7.6061 
245.0000 157.0000 27.0775 15.9393 10.8904 
246.0000 95.0000 15.6942 32.1645 6.3668 
247.0000 133.0000 36.5622 30.5770 13.9703 
248.0000 134.0000 47.2512 16.8117 12.2385 
249.0000 148.0000 15.1856 44.8353 9.4919 
250.0000 130.0000 46.0651 29.1739 13.0761 
251.0000 96.0000 12.3099 38.3070 8.7119 
252.0000 151.0000 32.0054 6.5296 14.6561 
253.0000 102.0000 48.7095 21.8631 6.2478 
254.0000 142.0000 17.8209 35.1686 12.6497 
255.0000 118.0000 40.4685 43.9631 10.1548 
256.0000 124.0000 37.1060 40.9819 7.9577 
257.0000 142.0000 6.8986 15.4648 10.3063 
258.0000 157.0000 22.8845 28.7701 12.9401 
259.0000 119.0000 29.0573 4.0474 14.2705 
260.0000 132.0000 0.9530 29.6559 13.1550 
261.0000 124.0000 33.4149 33.9887 12.1219 
262.0000 124.0000 41.4653 1.9264 10.8929 
263.0000 100.0000 37.5178 29.4766 9.2005 
264.0000 107.0000 30.8908 36.7607 5.4391 
265.0000 175.0000 15.3579 14.1381 5.0812 
266.0000 122.0000 14.3563 26.5815 13.8169 
267.0000 145.0000 1.8582 27.9310 9.1165 
268.0000 111.0000 38.5715 31.0669 12.1225 
269.0000 103.0000 25.6593 13.9521 6.6804 
270.0000 173.0000 27.5413 29.0583 14.7301 
271.0000 94.0000 18.4448 27.8624 10.6581 
272.0000 133.0000 26.0910 40.0308 9.9318 
273.0000 180.0000 33.9804 2.2086 8.1483 
274.0000 148.0000 14.9279 16.2010 9.3686 
275.0000 177.0000 17.7874 41.9510 13.3544 
276.0000 129.0000 29.5692 49.8871 6.4537 
277.0000 103.0000 12.4838 17.6441 7.0588 
278.0000 103.0000 12.6373 17.0628 9.5616 
279.0000 133.0000 48.9021 10.3374 7.4171 
280.0000 92.0000 17.1383 1.0056 7.0345 
281.0000 133.0000 30.4410 33.3932 9.3251 
282.0000 173.0000 18.0513 45.2834 10.3602 
283.0000 91.0000 44.0979 19.8294 5.4837 
284.0000 98.0000 21.3615 49.3963 14.0706 
285.0000 163.0000 48.7030 39.2933 5.4412 
286.0000 160.0000 5.4035 16.7633 6.8233 
287.0000 102.0000 40.5015 1.3958 13.8458 
288.0000 159.0000 31.9950 4.6036 14.6649 
289.0000 110.0000 17.4037 23.3265 9.4819 
290.0000 129.0000 32.7100 33.7809 11.7423 
291.0000 127.0000 23.9020 31.3145 13.1347 
292.0000 160.0000 26.9806 34.3297 12.6865 
293.0000 122.0000 17.9628 30.1955 12.0118 
294.0000 155.0000 9.4413 40.3380 10.4382 
295.0000 105.0000 3.4422 34.7046 11.0075 
296.0000 94.0000 39.7179 28.1528 9.6122 
297.0000 176.0000 7.0384 46.1457 11.6416 
298.0000 113.0000 43.5844 44.3897 12.4569 
299.0000 101.0000 45.2051 18.5354 12.0814 
300.0000 92.0000 36.1745 45.2231 5.1137 
301.0000 139.0000 18.0662 26.0706 11.5624 
302.0000 141.0000 45.1728 1.4133 5.9312 
303.0000 148.0000 44.7849 23.3215 7.6929 
304.0000 124.0000 10.1318 14.0165 6.6989 
305.0000 126.0000 10.8714 15.2055 6.3469 
306.0000 112.0000 23.8412 4.6457 12.9867 
307.0000 168.0000 27.8203 0.1443 10.5955 
308.0000 168.0000 37.6948 1.1315 12.7559 
309.0000 129.0000 6.3200 5.7823 6.3516 
310.0000 132.0000 38.0506 14.5964 8.9150 
311.0000 96.0000 4.4588 32.8987 9.2324 
312.0000 114.0000 38.0350 7.3719 8.6584 
313.0000 91.0000 2.0151 24.7929 10.5306 
314.0000 132.0000 47.4318 31.5327 10.1717 
315.0000 138.0000 28.5364 42.9959 14.3155 
316.0000 138.0000 36.8400 40.8245 9.7809 
317.0000 93.0000 30.6791 10.1670 8.0942 
318.0000 134.0000 35.5978 36.7079 8.6942 
319.0000 94.0000 26.7791 18.1539 14.1056 
320.0000 165.0000 20.9367 22.3622 9.8572 
321.0000 101.0000 15.5846 12.4103 8.9065 
322.0000 117.0000 6.8810 10.5622 14.0774 
323.0000 105.0000 7.5603 14.5558 9.7537 
324.0000 176.0000 38.0405 0.5996 10.5012 
325.0000 155.0000 36.5329 44.6787 8.1356 
326.0000 123.0000 39.3207 8.9883 13.9740 
327.0000 103.0000 22.8096 7.5159 7.3689 
328.0000 117.0000 12.5192 27.3424 9.8795 
329.0000 132.0000 28.4452 47.2294 5.7287 
330.0000 161.0000 18.7261 3.8041 10.5025 
331.0000 160.0000 30.6031 40.1708 12.5998 
332.0000 147.0000 14.8922 10.1055 11.0932 
333.0000 156.0000 6.6698 41.6178 7.9766 
334.0000 99.0000 1.2108 19.4102 6.9556 
335.0000 135.0000 47.1703 21.6288 14.7152 
336.0000 141.0000 3.7293 3.6411 12.3358 
337.0000 117.0000 11.2566 32.3504 6.8123 
338.0000 148.0000 0.8134 47.6565 13.9221 
339.0000 158.0000 48.7958 21.9206 5.1336 
340.0000 168.0000 3.3592 43.8195 14.9902 
341.0000 133.0000 38.2243 47.9816 7.8443 
342.0000 118.0000 37.6119 22.7453 11.7871 
343.0000 146.0000 16.4523 36.0995 7.8701 
344.0000 129.0000 5.5482 26.1268 13.0287 
345.0000 171.0000 7.0312 4.6753 9.1408 
346.0000 122.0000 16.3444 2.0612 9.3408 
347.0000 161.0000 38.5947 10.7385 13.1104 
348.0000 132.0000 46.0324 11.0269 5.7041 
349.0000 125.0000 13.5353 32.4976 12.1992 
350.0000 170.0000 19.2312 1.6257 10.6497 
351.0000 95.0000 42.5512 10.9901 11.4126 
352.0000 148.0000 31.0490 15.3262 14.8914 
353.0000 110.0000 9.2280 13.1186 8.7858 
354.0000 96.0000 4.0115 21.2582 12.0101 
355.0000 101.0000 40.5424 10.1572 9.9944 
356.0000 96.0000 28.9950 25.6980 9.5231 
357.0000 100.0000 14.2719 43.9748 10.8836 
358.0000 119.0000 7.3219 9.4483 14.2771 
359.0000 111.0000 20.2411 25.5573 9.2530 
360.0000 112.0000 29.5066 17.1314 12.2759 
361.0000 175.0000 4.4164 25.2592 13.0870 
362.0000 120.0000 19.5952 49.0034 5.8307 
363.0000 135.0000 33.7530 45.4494 11.4763 
364.0000 179.0000 28.6157 40.8469 13.2915 
365.0000 120.0000 29.4699 31.1430 7.2717 
366.0000 169.0000 16.1085 21.7065 5.2711 
367.0000 173.0000 19.8787 14.6852 5.7052 
368.0000 148.0000 47.8894 24.1892 9.1000 
369.0000 174.0000 27.4171 30.5384 8.0381 
370.0000 112.0000 18.2173 13.7930 11.9656 
371.0000 105.0000 20.0836 10.6136 11.7561 
372.0000 174.0000 12.5514 25.7293 8.3420 
373.0000 117.0000 43.5848 35.5106 7.8271 
374.0000 105.0000 49.4678 13.9039 12.8638 
375.0000 151.0000 46.0324 16.8123 9.5084 
376.0000 166.0000 16.2128 21.6487 5.3742 
377.0000 149.0000 35.7885 36.2706 7.1720 
378.0000 95.0000 48.4892 0.1140 6.6487 
379.0000 176.0000 35.7952 35.6898 10.3791 
380.0000 142.0000 16.7898 45.9943 8.3458 
381.0000 123.0000 47.4344 32.7530 8.7507 
382.0000 106.0000 35.6067 23.5520 6.2070 
383.0000 145.0000 41.8789 21.4449 6.1969 
384.0000 135.0000 42.5011 6.1421 5.8071 
385.0000 167.0000 0.3408 20.0080 11.2698 
386.0000 178.0000 12.3836 5.8018 13.4032 
387.0000 167.0000 7.7812 35.9270 12.7419 
388.0000 154.0000 38.7168 35.5857 7.7001 
389.0000 90.0000 19.6779 47.5628 11.3607 
390.0000 161.0000 31.7006 34.9820 5.2833 
391.0000 92.0000 22.9128 2.1662 8.1577 
392.0000 129.0000 5.2195 18.8634 6.2370 
393.0000 95.0000 32.5716 31.6282 6.3413 
394.0000 175.0000 38.4656 37.1292 9.9367 
395.0000 94.0000 15.7266 44.2502 6.2757 
396.0000 173.0000 0.2414 45.7494 14.2744 
397.0000 104.0000 29.8150 32.7895 5.1062 
398.0000 180.0000 7.6409 12.1732 5.1886 
399.0000 137.0000 7.1419 1.8770 5.4049 
400.0000 174.0000 32.4491 44.7872 12.9119 
401.0000 139.0000 16.1951 20.1170 10.5582 
402.0000 99.0000 39.3717 42.8521 13.0811 
403.0000 132.0000 6.8093 11.3755 5.3088 
404.0000 174.0000 44.0021 31.1248 6.0206 
405.0000 145.0000 40.2581 43.4435 8.5638 
406.0000 141.0000 1.8754 24.2579 5.1802 
407.0000 142.0000 3.9960 7.7842 5.2308 
408.0000 172.0000 25.8592 6.5996 9.4048 
409.0000 144.0000 9.9052 36.0937 14.1376 
410.0000 108.0000 16.4740 19.0810 14.7216 
411.0000 95.0000 17.4807 23.2459 7.7308 
412.0000 92.0000 2.7896 31.2034 13.4042 
413.0000 173.0000 33.4437 37.6125 9.8500 
414.0000 109.0000 43.5603 9.0486 7.5440 
415.0000 119.0000 13.1527 12.1018 13.5018 
416.0000 108.0000 33.6808 15.2445 8.1342 
417.0000 100.0000 40.1386 5.3113 5.9375 
418.0000 139.0000 24.1945 24.3163 14.4253 
419.0000 129.0000 48.6749 46.9279 6.1159 
420.0000 175.0000 35.2950 42.4541 9.7109 
421.0000 177.0000 25.3123 14.1439 13.3860 
422.0000 166.0000 49.4533 44.1702 10.6506 
423.0000 110.0000 40.0185 19.3105 5.4366 
424.0000 159.0000 31.7382 2.5447 6.5068 
425.0000 149.0000 46.2593 34.7136 14.4663 
426.0000 100.0000 33.6258 18.9363 11.8151 
427.0000 119.0000 1.8496 0.9322 13.5346 
428.0000 126.0000 19.8084 5.0338 10.5407 
429.0000 92.0000 34.3409 17.4021 11.8136 
430.0000 121.0000 31.1284 35.1173 7.4618 
431.0000 176.0000 38.5130 30.4349 5.6410 
432.0000 98.0000 48.4606 26.5203 8.5350 
433.0000 158.0000 11.1502 31.2771 11.7918 
434.0000 166.0000 16.2547 37.7663 11.7609 
435.0000 145.0000 26.1441 14.3864 6.0777 
436.0000 146.0000 28.0142 2.0636 8.6954 
437.0000 153.0000 8.3728 38.0971 9.9913 
438.0000 157.0000 32.6128 24.3932 14.0970 
439.0000 172.0000 21.8379 23.0072 14.7711 
440.0000 114.0000 39.1019 41.7177 5.6321 
441.0000 153.0000 18.9968 40.9563 7.9686 
442.0000 96.0000 32.9117 20.8184 7.9326 
443.0000 144.0000 30.9430 40.6286 12.3882 
444.0000 163.0000 24.9090 0.7610 5.6680 
445.0000 164.0000 27.5148 11.7518 9.9036 
446.0000 127.0000 33.8652 3.8885 9.0186 
447.0000 179.0000 27.7959 23.5796 9.2089 
448.0000 125.0000 49.4190 4.0036 6.2338 
449.0000 123.0000 36.6012 4.3137 10.4396 
450.0000 143.0000 28.4091 40.4011 12.8630 
