0.0000 0.0000 25.0000 25.0000 0.0000 
1.0000 26.0000 46.1624 35.8516 8.7999 
2.0000 91.0000 28.3271 7.1525 6.8081 
3.0000 53.0000 24.0717 22.4433 9.5013 
4.0000 118.0000 44.9673 19.7388 11.0271 
5.0000 85.0000 22.8207 3.4926 11.6462 
6.0000 25.0000 27.4894 27.0851 7.4478 
7.0000 22.0000 18.4359 48.3236 14.8657 
8.0000 68.0000 22.3242 44.3351 5.5211 
9.0000 99.0000 35.4569 9.3737 14.1105 
10.0000 47.0000 8.1233 47.2040 13.5836 
11.0000 96.0000 49.1836 49.0138 7.8255 
12.0000 54.0000 47.0641 26.9739 11.6146 
13.0000 27.0000 2.7796 30.6603 12.4860 
14.0000 41.0000 26.3217 23.5454 11.9046 
15.0000 117.0000 10.4092 49.8035 7.9270 
16.0000 20.0000 22.7122 7.9533 10.8278 
17.0000 21.0000 16.4133 3.5274 7.9468 
18.0000 98.0000 18.5857 10.1077 6.1938 
19.0000 66.0000 35.5535 23.5096 5.5214 
20.0000 46.0000 30.5669 13.8050 13.6839 
21.0000 43.0000 36.5959 40.5348 5.6167 
22.0000 24.0000 14.1423 46.4119 11.6837 
23.0000 23.0000 37.5732 45.5459 11.1917 
24.0000 100.0000 48.0823 15.1429 13.0190 
25.0000 66.0000 10.6509 45.2509 13.4087 
26.0000 41.0000 0.2247 6.4957 9.8774 
27.0000 76.0000 20.4384 16.4993 8.4502 
28.0000 57.0000 12.6124 13.4550 6.1834 
29.0000 36.0000 37.4968 12.7100 5.0377 
30.0000 66.0000 5.0814 48.0116 6.3871 
31.0000 73.0000 21.4377 35.1309 10.5170 
32.0000 87.0000 14.9622 34.5209 10.4933 
33.0000 105.0000 40.6137 28.8184 6.2373 
34.0000 97.0000 16.7668 23.5872 14.7616 
35.0000 54.0000 5.3740 27.5635 6.8103 
36.0000 113.0000 10.4353 45.2771 12.8598 
37.0000 80.0000 42.9033 21.3226 14.6280 
38.0000 24.0000 5.0987 9.7265 11.6969 
39.0000 32.0000 12.0619 35.5835 6.5264 
40.0000 79.0000 23.8291 35.0860 11.0902 
41.0000 117.0000 47.3180 8.0924 9.6248 
42.0000 60.0000 24.3210 41.0718 7.2670 
43.0000 61.0000 38.5386 8.2844 11.6860 
44.0000 116.0000 24.0669 13.1837 14.7079 
45.0000 35.0000 32.7941 39.1258 12.1458 
46.0000 90.0000 1.7986 40.2819 12.4924 
47.0000 34.0000 3.6912 36.3752 6.8652 
48.0000 73.0000 10.2207 21.2158 11.1963 
49.0000 74.0000 48.7975 23.0859 10.1036 
50.0000 105.0000 49.1531 31.5529 14.9155 
51.0000 102.0000 46.8515 27.7671 8.9590 
52.0000 119.0000 17.5873 13.6517 13.1906 
53.0000 49.0000 30.3129 23.9696 11.0054 
54.0000 84.0000 0.6489 4.1937 13.3650 
55.0000 69.0000 26.2399 41.1398 6.1578 
56.0000 32.0000 18.4014 18.6462 10.4583 
57.0000 27.0000 12.6185 22.3215 8.2346 
58.0000 69.0000 43.1365 28.8852 14.8888 
59.0000 95.0000 4.6547 12.9344 13.7185 
60.0000 111.0000 45.8174 33.4132 5.7774 
61.0000 44.0000 1.6929 25.8641 10.0693 
62.0000 76.0000 31.8562 10.9356 7.2854 
63.0000 22.0000 7.0296 21.4713 9.8842 
64.0000 111.0000 3.8656 40.2606 12.8361 
65.0000 81.0000 10.2456 42.5097 8.0996 
66.0000 55.0000 25.6765 34.7396 9.2997 
67.0000 28.0000 49.4483 17.9096 14.5292 
68.0000 68.0000 35.9807 39.4924 11.6761 
69.0000 23.0000 35.0506 24.8032 11.0533 
70.0000 112.0000 45.4754 37.9746 10.7091 
71.0000 20.0000 44.0882 7.3503 8.2389 
72.0000 86.0000 16.4819 13.7400 13.2956 
73.0000 54.0000 39.9314 4.3577 12.5855 
74.0000 59.0000 1.0833 26.7600 12.5498 
75.0000 96.0000 28.3817 38.1564 7.4642 
76.0000 74.0000 3.9352 3.2603 8.5954 
77.0000 68.0000 34.2359 41.3905 8.5378 
78.0000 41.0000 8.4274 35.4379 10.5843 
79.0000 55.0000 38.0583 24.4541 7.8230 
80.0000 116.0000 22.8014 40.7667 6.8747 
81.0000 61.0000 38.5400 38.6209 12.5242 
82.0000 111.0000 36.5702 16.6363 9.2070 
83.0000 45.0000 19.2353 33.7550 11.6794 
84.0000 76.0000 31.3590 16.7842 10.8677 
85.0000 82.0000 37.7247 33.7828 5.7307 
86.0000 103.0000 20.7125 16.1232 9.9619 
87.0000 39.0000 17.0853 2.1347 13.4324 
88.0000 98.0000 46.8241 15.7649 14.5817 
89.0000 114.0000 19.2060 11.6981 12.3025 
90.0000 109.0000 15.5484 13.3452 5.2766 
91.0000 36.0000 20.7720 36.9534 6.4220 
92.0000 107.0000 35.6829 32.5905 6.4992 
93.0000 99.0000 27.4667 48.7727 5.2438 
94.0000 80.0000 17.9563 23.0997 10.3660 
95.0000 87.0000 26.1942 23.8167 9.1365 
96.0000 30.0000 5.7047 12.1463 13.1969 
97.0000 74.0000 38.4698 2.5083 9.9156 
98.0000 115.0000 49.6502 25.6994 14.0833 
99.0000 120.0000 2.3235 47.1690 14.4645 
100.0000 38.0000 7.5486 29.3289 8.5661 
101.0000 61.0000 31.0111 46.2374 11.5758 
102.0000 65.0000 15.1221 24.7497 5.2499 
103.0000 119.0000 4.5302 14.5747 11.8145 
104.0000 54.0000 8.9518 27.1993 7.7167 
105.0000 38.0000 46.9857 24.2352 13.9100 
106.0000 103.0000 42.0642 16.4650 9.3006 
107.0000 66.0000 30.6282 47.3736 7.1739 
108.0000 60.0000 43.3764 39.8775 14.1248 
109.0000 71.0000 25.6939 28.2324 14.3138 
110.0000 79.0000 43.1735 22.0629 11.0865 
111.0000 22.0000 35.9547 29.3360 13.4564 
112.0000 41.0000 15.1042 44.6612 5.5813 
113.0000 85.0000 9.7453 44.5000 14.9893 
114.0000 29.0000 22.0837 25.1781 8.4016 
115.0000 109.0000 14.9570 19.8055 7.9637 
116.0000 55.0000 25.6493 8.6396 13.8687 
117.0000 55.0000 2.2483 22.5152 9.3152 
118.0000 74.0000 17.4345 43.5874 12.8909 
119.0000 90.0000 44.0006 4.5912 11.4796 
120.0000 118.0000 38.0264 36.5017 5.8654 
121.0000 39.0000 21.1464 9.3903 12.6224 
122.0000 87.0000 43.3357 5.4485 13.6387 
123.0000 50.0000 30.6817 20.2467 7.7398 
124.0000 21.0000 15.3735 22.6057 13.2275 
125.0000 41.0000 33.8597 47.6247 9.5143 
126.0000 89.0000 23.4562 12.1062 13.7345 
127.0000 31.0000 43.1668 38.0183 7.2211 
128.0000 46.0000 25.3478 8.0551 8.9770 
129.0000 105.0000 29.7180 32.9450 14.4740 
130.0000 97.0000 13.1818 34.0961 7.5746 
131.0000 85.0000 43.8242 14.8903 5.6200 
132.0000 104.0000 17.9722 43.2489 14.6318 
133.0000 111.0000 14.7066 41.7429 5.3557 
134.0000 39.0000 17.6294 24.6953 6.4511 
135.0000 57.0000 47.0489 18.9252 13.0301 
136.0000 59.0000 29.6964 10.8335 12.0682 
137.0000 26.0000 4.0440 23.9814 11.1697 
138.0000 55.0000 36.2545 44.5481 13.5723 
139.0000 39.0000 47.2628 1.2239 11.4142 
140.0000 53.0000 23.1563 42.4327 13.0228 
141.0000 118.0000 6.0309 14.4410 11.2117 
142.0000 108.0000 15.1848 20.8278 10.9494 
143.0000 24.0000 36.9307 1.1121 9.5547 
144.0000 116.0000 45.6514 24.8714 5.7235 
145.0000 86.0000 29.7670 35.1639 6.9934 
146.0000 46.0000 14.7280 45.6411 14.2922 
147.0000 78.0000 13.6571 34.1372 5.7095 
148.0000 105.0000 21.8334 26.3806 14.0813 
149.0000 57.0000 31.0853 45.5658 13.3050 
150.0000 60.0000 18.8776 10.5198 6.5295 
151.0000 56.0000 7.7733 21.3980 14.6143 
152.0000 31.0000 10.8111 20.5590 8.2793 
153.0000 20.0000 37.5930 16.2288 12.8235 
154.0000 68.0000 44.7379 46.5560 8.4188 
155.0000 94.0000 32.6323 3.6784 13.4440 
156.0000 63.0000 39.2811 42.6805 9.3607 
157.0000 90.0000 44.2401 18.2308 7.1816 
158.0000 54.0000 12.3828 32.8847 6.2039 
159.0000 25.0000 49.0887 39.3005 10.9828 
160.0000 100.0000 3.5642 11.0213 13.9343 
161.0000 67.0000 42.2647 35.6252 5.9752 
162.0000 29.0000 34.1713 27.4530 5.8290 
163.0000 72.0000 23.8748 1.8579 9.7607 
164.0000 34.0000 9.8928 39.4398 14.1960 
165.0000 25.0000 4.7189 3.8904 8.1653 
166.0000 114.0000 18.2867 6.2511 6.3713 
167.0000 101.0000 44.9240 6.4192 6.6968 
168.0000 66.0000 36.2016 8.7710 9.7279 
169.0000 24.0000 14.3072 3.4569 11.4435 
170.0000 72.0000 14.5518 12.3009 11.1411 
171.0000 113.0000 11.6192 11.3410 7.4785 
172.0000 100.0000 9.9639 27.6583 7.7950 
173.0000 94.0000 31.5344 49.4180 11.0930 
174.0000 111.0000 29.1292 18.2270 6.2545 
175.0000 48.0000 46.2296 5.7024 5.8583 
176.0000 30.0000 28.5846 0.2025 14.5081 
177.0000 70.0000 38.4666 33.3938 13.7736 
178.0000 97.0000 43.5213 7.5203 11.8527 
179.0000 45.0000 28.5047 23.4528 9.5703 
180.0000 31.0000 32.8005 7.4112 11.0144 
181.0000 47.0000 4.8669 8.7776 8.9097 
182.0000 77.0000 5.5768 26.0750 7.5736 
183.0000 92.0000 20.1596 12.9381 7.8693 
184.0000 84.0000 14.4351 8.0327 14.7197 
185.0000 32.0000 12.7049 40.8230 8.8074 
186.0000 115.0000 26.9922 10.2265 7.9993 
187.0000 54.0000 39.3602 46.2319 9.7104 
188.0000 22.0000 4.0705 46.0303 5.2439 
189.0000 54.0000 13.3001 6.1136 7.8866 
190.0000 101.0000 28.4496 6.2288 12.1233 
191.0000 31.0000 28.0200 28.0307 14.6280 
192.0000 27.0000 37.0127 37.7000 9.0848 
193.0000 119.0000 21.3297 27.9093 5.6180 
194.0000 88.0000 30.1654 27.6640 12.8936 
195.0000 82.0000 47.8544 46.6387 7.3784 
196.0000 108.0000 30.2461 7.1601 8.9581 
197.0000 100.0000 11.2444 41.1963 5.2366 
198.0000 59.0000 10.8939 13.4966 8.0460 
199.0000 56.0000 21.9341 1.5680 12.7620 
200.0000 116.0000 48.1087 8.2009 5.4677 
201.0000 45.0000 3.3465 24.1184 9.4230 
202.0000 56.0000 9.8525 16.5480 14.9312 
203.0000 107.0000 28.2327 3.4146 11.3821 
204.0000 42.0000 2.8809 13.0352 7.4454 
205.0000 26.0000 23.8599 45.8417 7.6904 
206.0000 36.0000 21.3360 3.6335 6.4979 
207.0000 46.0000 48.2024 28.3308 8.6181 
208.0000 39.0000 17.8189 11.2300 13.0138 
209.0000 94.0000 48.7470 19.0573 14.6265 
210.0000 52.0000 4.6465 41.1490 8.0729 
211.0000 35.0000 39.7551 45.8721 12.7043 
212.0000 101.0000 2.3660 45.7803 11.3605 
213.0000 83.0000 8.3427 44.1803 7.0760 
214.0000 77.0000 13.0448 5.4383 8.8413 
215.0000 28.0000 30.5359 34.0444 8.9237 
216.0000 21.0000 7.6473 43.5708 11.7564 
217.0000 26.0000 17.3925 44.7849 12.5418 
218.0000 119.0000 9.9439 16.0362 10.3709 
219.0000 107.0000 19.9179 10.9608 7.3255 
220.0000 115.0000 40.7636 8.9370 12.5437 
221.0000 73.0000 3.1299 6.0576 5.9086 
222.0000 64.0000 9.2674 14.4068 13.4194 
223.0000 97.0000 24.7791 45.1351 7.5059 
224.0000 98.0000 6.3746 32.4129 7.6797 
225.0000 57.0000 8.4816 10.3881 10.6958 
226.0000 74.0000 27.4335 42.7870 13.9477 
227.0000 52.0000 12.8809 14.4136 5.8519 
228.0000 67.0000 5.1582 15.8852 14.4117 
229.0000 34.0000 49.8562 22.0845 6.2862 
230.0000 21.0000 7.3923 14.0606 8.2257 
231.0000 32.0000 14.7565 36.1632 11.6023 
232.0000 55.0000 48.5178 6.6464 9.5888 
233.0000 97.0000 33.2876 35.9688 7.1340 
234.0000 93.0000 11.6685 1.4973 11.6098 
235.0000 101.0000 46.6633 16.4444 5.4322 
236.0000 42.0000 26.6389 47.5131 9.0885 
237.0000 69.0000 0.0976 8.0090 12.5828 
238.0000 23.0000 28.7797 42.1898 9.0176 
239.0000 37.0000 33.7008 29.8895 14.6417 
240.0000 74.0000 1.6316 11.5428 7.6675 
241.0000 71.0000 25.1509 35.1319 12.7170 
242.0000 89.0000 9.1552 10.5331 7.5318 
243.0000 116.0000 38.8061 1.7141 11.1758 
244.0000 36.0000 46.9437 34.7204 9.3830 
245.0000 93.0000 14.1440 20.1189 5.9708 
246.0000 76.0000 45.8712 4.9165 14.7440 
247.0000 53.0000 47.3264 21.9833 13.2235 
248.0000 110.0000 7.2065 35.2356 10.3935 
249.0000 111.0000 31.1306 22.8927 6.8420 
250.0000 83.0000 16.9443 1.7443 13.8549 
251.0000 84.0000 18.6508 29.9112 9.2868 
252.0000 44.0000 5.2454 36.3086 6.5156 
253.0000 70.0000 35.2331 24.2322 11.5303 
254.0000 88.0000 37.2943 15.3896 10.8200 
255.0000 99.0000 39.2973 46.8508 7.3114 
256.0000 25.0000 45.6791 24.5641 13.1173 
257.0000 22.0000 35.4856 45.6654 8.0078 
258.0000 73.0000 7.5032 20.6225 6.0386 
259.0000 79.0000 48.3993 34.5331 6.8035 
260.0000 47.0000 9.6727 25.9426 6.2294 
261.0000 103.0000 0.2547 26.8378 12.4354 
262.0000 29.0000 48.8443 41.8972 9.2545 
263.0000 74.0000 36.6939 4.8414 14.7166 
264.0000 94.0000 46.9568 3.0288 12.2590 
265.0000 57.0000 45.6058 22.4463 9.8188 
266.0000 105.0000 14.9802 40.5085 6.1591 
267.0000 68.0000 32.7637 31.4758 12.4201 
268.0000 37.0000 44.7622 39.9293 13.7246 
269.0000 45.0000 4.2331 43.1319 14.6402 
270.0000 52.0000 25.1260 45.5881 5.6325 
271.0000 70.0000 43.9220 32.5468 9.0384 
272.0000 106.0000 29.0954 25.5429 5.2687 
273.0000 44.0000 36.5993 36.0423 13.1902 
274.0000 105.0000 31.5998 10.6921 6.8250 
275.0000 104.0000 12.5761 25.7437 13.6698 
276.0000 118.0000 21.9689 9.8405 8.3356 
277.0000 66.0000 43.2441 16.5532 14.5967 
278.0000 108.0000 38.5663 27.4730 10.9325 
279.0000 25.0000 8.2553 27.8951 8.0463 
280.0000 108.0000 22.9009 38.0779 5.0136 
281.0000 106.0000 42.3729 33.8467 13.5726 
282.0000 105.0000 2.6710 41.8071 13.5264 
283.0000 82.0000 42.4750 39.3857 9.7762 
284.0000 86.0000 8.1712 24.7508 8.1259 
285.0000 43.0000 45.7779 47.8580 13.3617 
286.0000 96.0000 49.0281 8.0936 11.0590 
287.0000 117.0000 0.8567 42.8601 12.2290 
288.0000 69.0000 23.6065 43.6720 14.3805 
289.0000 115.0000 22.9129 3.0983 6.6293 
290.0000 88.0000 8.2020 41.6310 7.8354 
291.0000 30.0000 47.6502 36.2898 13.3499 
292.0000 20.0000 10.1077 13.1937 11.5503 
293.0000 34.0000 21.0682 1.7969 6.3454 
294.0000 71.0000 18.4638 6.6161 14.7366 
295.0000 50.0000 45.7523 35.1686 13.0301 
296.0000 35.0000 41.3802 15.5159 10.2638 
297.0000 75.0000 5.6781 48.5524 11.1688 
298.0000 40.0000 24.6719 33.4543 13.1877 
299.0000 78.0000 17.1341 1.4902 10.4949 
300.0000 77.0000 30.5714 43.2114 12.3399 
