0.0000 0.0000 25.0000 25.0000 0.0000 
1.0000 32.0000 41.8924 37.7279 10.3633 
2.0000 55.0000 35.8639 40.7363 11.3279 
3.0000 86.0000 27.1157 34.4331 9.7045 
4.0000 40.0000 49.3712 41.7311 11.5062 
5.0000 61.0000 34.1969 47.3838 6.6057 
6.0000 83.0000 12.6037 26.9304 10.8513 
7.0000 104.0000 7.1567 9.3749 10.4189 
8.0000 39.0000 22.2930 45.7681 6.2580 
9.0000 50.0000 15.6155 15.2616 5.5613 
10.0000 111.0000 24.6540 21.8515 9.2115 
11.0000 101.0000 48.4865 1.1914 8.7428 
12.0000 83.0000 0.0074 31.3230 9.0436 
13.0000 116.0000 6.6985 25.7853 9.2796 
14.0000 50.0000 43.5686 9.3295 14.4755 
15.0000 92.0000 40.9796 4.0369 8.1875 
16.0000 77.0000 11.1632 31.9790 11.8599 
17.0000 108.0000 28.3816 47.3972 7.6657 
18.0000 34.0000 35.6030 17.4336 9.3719 
19.0000 59.0000 34.9015 4.5786 10.2421 
20.0000 36.0000 40.2243 6.2626 8.9510 
21.0000 53.0000 30.7476 44.6158 11.4963 
22.0000 32.0000 36.6428 0.4145 9.6130 
23.0000 51.0000 39.9956 47.4223 7.5739 
24.0000 48.0000 28.0618 14.0117 6.5122 
25.0000 30.0000 40.1071 37.2152 13.9391 
26.0000 57.0000 0.2992 33.2781 12.2608 
27.0000 106.0000 28.5741 11.7008 9.5572 
28.0000 77.0000 20.9294 14.9547 5.2205 
29.0000 96.0000 8.9035 30.4002 10.9153 
30.0000 117.0000 41.1228 22.2501 14.8632 
31.0000 95.0000 3.4376 2.6341 10.1286 
32.0000 113.0000 9.9361 42.2775 13.4753 
33.0000 52.0000 36.4196 1.1781 10.5108 
34.0000 51.0000 49.6718 7.4882 10.0228 
35.0000 46.0000 37.0015 6.3861 10.9400 
36.0000 89.0000 49.8431 23.9628 13.8197 
37.0000 30.0000 43.0103 1.6633 9.9261 
38.0000 97.0000 6.5454 44.2704 11.6030 
39.0000 64.0000 18.9207 21.2335 6.8714 
40.0000 118.0000 19.0202 25.6467 9.4659 
41.0000 105.0000 33.3982 0.7179 10.9578 
42.0000 74.0000 20.1575 40.6799 6.5792 
43.0000 52.0000 32.2579 16.6570 14.8780 
44.0000 44.0000 4.8664 31.5580 11.3725 
45.0000 63.0000 30.2227 38.3859 10.2074 
46.0000 49.0000 37.3753 0.0234 13.6808 
47.0000 47.0000 20.2211 33.6586 11.7970 
48.0000 95.0000 31.0159 35.9066 6.0085 
49.0000 63.0000 12.5962 23.3361 9.7510 
50.0000 112.0000 3.7931 28.2353 5.9315 
51.0000 38.0000 12.8076 19.9277 14.4966 
52.0000 93.0000 3.0364 26.9018 11.0946 
53.0000 105.0000 44.9129 25.7077 5.4361 
54.0000 32.0000 41.7181 32.6168 11.4654 
55.0000 33.0000 0.1721 19.4130 9.6084 
56.0000 31.0000 39.8296 34.0690 14.9198 
57.0000 107.0000 22.9764 24.1977 7.3001 
58.0000 60.0000 13.9807 21.7563 7.5036 
59.0000 46.0000 41.7525 10.3986 12.5487 
60.0000 81.0000 35.2034 3.9477 8.9567 
61.0000 78.0000 20.2280 5.2586 12.6663 
62.0000 31.0000 12.5999 11.1053 13.6553 
63.0000 58.0000 9.4787 0.6031 14.6107 
64.0000 56.0000 19.9880 18.7683 14.2850 
65.0000 79.0000 11.4501 4.8048 9.9439 
66.0000 71.0000 20.5865 25.5120 6.1388 
67.0000 56.0000 40.2340 32.6518 5.5995 
68.0000 63.0000 26.9127 3.4784 8.8090 
69.0000 77.0000 24.6482 24.1671 7.7829 
70.0000 34.0000 4.5910 33.3988 8.9752 
71.0000 112.0000 21.1983 19.2568 5.5690 
72.0000 106.0000 21.1544 20.7218 10.1745 
73.0000 115.0000 13.1433 42.9183 8.6563 
74.0000 97.0000 34.8222 33.8774 10.5971 
75.0000 84.0000 27.4488 34.9502 8.4297 
76.0000 89.0000 20.7301 8.5845 9.2469 
77.0000 82.0000 49.8123 31.9305 6.8102 
78.0000 63.0000 14.6225 7.8645 10.5056 
79.0000 86.0000 48.4347 29.6906 12.7116 
80.0000 80.0000 48.7391 26.6259 6.2025 
81.0000 38.0000 23.5196 7.7512 7.0764 
82.0000 50.0000 8.6369 4.8808 11.5559 
83.0000 111.0000 29.7365 16.3136 12.8800 
84.0000 63.0000 21.2644 4.4567 8.6494 
85.0000 87.0000 19.8305 41.5647 10.2446 
86.0000 31.0000 38.2088 1.3223 13.0561 
87.0000 53.0000 0.5161 24.7869 12.5753 
88.0000 101.0000 36.8877 9.0236 13.4236 
89.0000 113.0000 30.4918 22.1581 9.6370 
90.0000 99.0000 41.4132 27.5959 12.1038 
91.0000 61.0000 31.3777 45.4196 6.5538 
92.0000 66.0000 2.2189 26.4734 5.1318 
93.0000 98.0000 1.6137 11.0683 14.3979 
94.0000 58.0000 13.7940 30.3251 6.1990 
95.0000 67.0000 19.1278 9.1253 10.9865 
96.0000 109.0000 45.3232 40.9174 14.1868 
97.0000 40.0000 39.8062 10.0909 9.4322 
98.0000 105.0000 0.6322 25.0158 7.4961 
99.0000 107.0000 0.0552 35.0371 9.0074 
100.0000 70.0000 35.7929 21.4159 12.4142 
101.0000 69.0000 44.7110 18.6936 13.8781 
102.0000 36.0000 32.8771 17.8545 7.1646 
103.0000 110.0000 28.5030 33.6978 7.0303 
104.0000 62.0000 26.1054 10.2431 8.8562 
105.0000 109.0000 2.8174 0.3134 9.4019 
106.0000 47.0000 8.3775 8.5940 10.9868 
107.0000 66.0000 29.0065 1.7182 5.7115 
108.0000 30.0000 14.6511 42.7214 14.4868 
109.0000 116.0000 21.9566 43.0331 7.1069 
110.0000 110.0000 32.8662 39.2770 6.9990 
111.0000 35.0000 35.0860 16.6950 7.9849 
112.0000 113.0000 20.8504 31.3089 8.8275 
113.0000 84.0000 29.6496 9.8147 5.1156 
114.0000 80.0000 42.9812 3.6691 9.9786 
115.0000 31.0000 27.5656 31.6754 10.8036 
116.0000 46.0000 8.4844 3.4364 10.8585 
117.0000 32.0000 4.6341 0.7705 14.4291 
118.0000 73.0000 18.6602 21.2173 5.9103 
119.0000 74.0000 1.2381 21.4706 13.4041 
120.0000 72.0000 28.9972 44.6169 8.3520 
121.0000 38.0000 21.6992 16.5409 11.5878 
122.0000 118.0000 18.7143 23.7224 13.3700 
123.0000 78.0000 45.8082 40.0064 8.3265 
124.0000 48.0000 40.1467 42.5040 6.8127 
125.0000 113.0000 29.4407 45.5962 8.3671 
126.0000 77.0000 24.2647 43.5067 14.0971 
127.0000 35.0000 18.5508 27.3430 14.5797 
128.0000 35.0000 30.3882 3.3048 5.2036 
129.0000 62.0000 19.1975 0.4982 14.5050 
130.0000 119.0000 9.6604 8.2466 6.8098 
131.0000 120.0000 6.3702 4.6173 9.6944 
132.0000 42.0000 45.2422 35.2732 10.8736 
133.0000 89.0000 49.4697 6.9800 7.0620 
134.0000 73.0000 1.3701 8.5805 11.7721 
135.0000 56.0000 40.1071 8.9080 10.2289 
136.0000 35.0000 33.0523 11.4021 11.6297 
137.0000 56.0000 21.9369 45.5177 9.7866 
138.0000 49.0000 8.0044 39.7384 6.7323 
139.0000 80.0000 12.9798 49.6706 11.9361 
140.0000 33.0000 16.9284 15.9844 12.8114 
141.0000 48.0000 24.8269 6.7806 14.3748 
142.0000 108.0000 42.2512 40.2145 8.2491 
143.0000 83.0000 28.9945 43.1406 6.4316 
144.0000 112.0000 46.6618 20.6643 9.9146 
145.0000 76.0000 29.7245 10.4649 8.6719 
146.0000 101.0000 40.6136 15.7798 6.7700 
147.0000 56.0000 45.1935 0.6298 10.6775 
148.0000 60.0000 16.1181 47.4662 10.6911 
149.0000 61.0000 0.6689 13.2008 11.8947 
150.0000 51.0000 43.4384 39.0105 5.3244 
