0.0000 0.0000 25.0000 25.0000 0.0000 
1.0000 97.0000 24.7208 24.1559 6.8398 
2.0000 93.0000 2.5394 36.0495 12.7532 
3.0000 94.0000 31.9817 39.1961 8.6207 
4.0000 132.0000 4.1264 45.4460 11.1815 
5.0000 117.0000 43.2781 28.0571 11.0960 
6.0000 86.0000 37.3123 36.5784 7.8964 
7.0000 113.0000 30.7445 11.2450 9.2260 
8.0000 72.0000 20.8199 10.8034 14.3950 
9.0000 98.0000 27.4684 12.5532 7.8730 
10.0000 60.0000 31.3671 3.9292 9.1475 
11.0000 85.0000 25.2621 42.7534 13.1723 
12.0000 63.0000 6.2581 10.3058 8.4324 
13.0000 114.0000 31.2560 39.7149 10.6057 
14.0000 86.0000 23.9295 2.0296 13.3565 
15.0000 110.0000 15.9497 12.1863 12.1673 
16.0000 56.0000 47.5771 31.5321 5.4887 
17.0000 62.0000 1.6712 7.5785 13.5903 
18.0000 71.0000 5.4671 1.8824 7.6323 
19.0000 105.0000 10.4723 33.1612 13.6803 
20.0000 83.0000 49.7023 6.8593 10.4924 
21.0000 70.0000 34.8053 46.0092 10.9357 
22.0000 102.0000 25.0972 27.0325 7.2985 
23.0000 110.0000 27.9420 34.1317 14.8910 
24.0000 134.0000 11.7229 35.8810 8.5678 
25.0000 127.0000 0.0396 2.4365 7.4518 
26.0000 88.0000 45.8282 48.3165 7.0934 
27.0000 92.0000 4.5819 35.4187 5.6957 
28.0000 98.0000 33.0153 22.2876 13.6691 
29.0000 102.0000 15.5851 44.6713 8.7111 
30.0000 105.0000 28.8606 27.7282 11.1594 
31.0000 84.0000 19.2735 33.7775 6.7295 
32.0000 80.0000 37.0312 15.3571 13.0466 
33.0000 54.0000 4.3630 37.7496 14.3436 
34.0000 128.0000 4.6445 44.3951 11.7483 
35.0000 92.0000 18.4564 32.7587 13.4350 
36.0000 117.0000 14.5097 12.2806 12.7333 
37.0000 74.0000 6.1353 32.6796 8.8428 
38.0000 75.0000 33.2065 2.4142 7.2986 
39.0000 70.0000 47.3505 0.3738 14.7062 
40.0000 122.0000 10.2947 38.3693 8.0808 
41.0000 68.0000 42.7275 8.0121 13.2522 
42.0000 66.0000 38.2984 23.1455 13.1885 
43.0000 136.0000 37.0080 33.3465 5.6084 
44.0000 122.0000 33.9029 2.1801 8.7535 
45.0000 93.0000 14.7441 31.4297 10.5312 
46.0000 123.0000 22.2404 26.8711 5.9967 
47.0000 64.0000 11.1815 2.9722 7.3922 
48.0000 132.0000 24.6252 29.0299 13.0307 
49.0000 121.0000 39.4374 45.9142 13.9974 
50.0000 101.0000 34.4847 9.0456 12.2396 
51.0000 91.0000 12.0093 2.6944 6.0698 
52.0000 86.0000 28.8241 28.3251 13.9940 
53.0000 86.0000 3.1930 27.1812 8.7813 
54.0000 110.0000 31.6982 42.4810 6.4105 
55.0000 132.0000 45.4104 24.4309 6.0444 
56.0000 50.0000 25.2300 34.4895 7.4458 
57.0000 123.0000 39.8384 9.9922 11.8991 
58.0000 98.0000 22.0156 39.8049 9.1193 
59.0000 87.0000 29.1704 46.9089 8.3062 
60.0000 89.0000 1.6222 31.7907 8.1561 
61.0000 111.0000 4.9921 45.9008 8.1652 
62.0000 127.0000 37.5382 40.8309 13.6191 
63.0000 68.0000 16.8969 12.9769 12.6016 
64.0000 105.0000 21.2034 28.6849 10.5295 
65.0000 56.0000 24.6835 21.0067 7.9283 
66.0000 104.0000 14.6432 32.7022 11.6059 
67.0000 110.0000 24.1341 47.1610 12.3713 
68.0000 58.0000 44.4956 1.5955 5.7320 
69.0000 110.0000 11.1728 21.2291 10.4926 
70.0000 57.0000 29.0942 27.9287 11.2542 
71.0000 109.0000 18.4192 21.1353 14.7910 
72.0000 135.0000 10.9516 29.5593 7.9191 
73.0000 62.0000 20.0790 34.7706 6.2729 
74.0000 68.0000 49.8660 3.4203 11.3322 
75.0000 105.0000 48.3845 48.9390 7.2304 
76.0000 90.0000 2.5343 27.7988 7.8158 
77.0000 67.0000 13.1549 39.0674 9.0547 
78.0000 92.0000 32.2908 48.4049 7.1009 
79.0000 98.0000 15.0019 49.2144 9.8501 
80.0000 106.0000 41.5326 38.9798 5.8920 
81.0000 104.0000 25.2225 46.0234 10.1519 
82.0000 57.0000 16.7432 21.6415 12.3232 
83.0000 115.0000 45.8064 40.2645 13.9293 
84.0000 126.0000 0.8185 12.0612 10.9539 
85.0000 60.0000 46.7326 2.3318 10.5941 
86.0000 78.0000 33.0257 39.3261 5.7997 
87.0000 135.0000 6.5278 41.9675 13.7679 
88.0000 126.0000 42.8087 47.0952 12.7789 
89.0000 50.0000 24.8156 29.8859 9.2510 
90.0000 116.0000 9.6492 47.3533 9.2445 
91.0000 80.0000 36.0589 48.1727 6.8307 
92.0000 122.0000 2.3944 18.9515 8.4031 
93.0000 124.0000 33.5996 5.1464 7.5519 
94.0000 92.0000 42.3972 41.7983 12.0530 
95.0000 80.0000 5.2125 36.1839 6.5768 
96.0000 105.0000 42.1639 41.8387 7.1046 
97.0000 96.0000 34.9715 15.8521 8.0178 
98.0000 78.0000 31.9043 27.4439 10.5367 
99.0000 102.0000 31.4388 28.5602 5.6356 
100.0000 63.0000 43.4092 12.5824 13.1111 
101.0000 134.0000 7.3227 40.2166 5.2311 
102.0000 70.0000 30.4175 16.9908 6.5704 
103.0000 100.0000 13.9167 5.1799 5.5725 
104.0000 71.0000 48.5734 48.4840 10.9864 
105.0000 75.0000 1.2492 6.7858 14.9036 
106.0000 75.0000 42.6672 7.7850 6.1890 
107.0000 81.0000 26.8123 31.7760 13.0779 
108.0000 116.0000 6.9833 33.8421 6.0153 
109.0000 85.0000 14.6690 42.6490 8.8964 
110.0000 109.0000 34.4950 24.0774 10.0795 
111.0000 113.0000 34.7000 32.5709 12.0713 
112.0000 117.0000 43.8340 25.0461 14.8807 
113.0000 62.0000 30.0973 8.6896 14.5643 
114.0000 73.0000 39.7632 36.6561 5.5746 
115.0000 76.0000 42.6854 12.3984 13.4004 
116.0000 115.0000 40.2779 14.5424 10.4319 
117.0000 108.0000 15.8277 7.4662 13.5629 
118.0000 93.0000 46.2701 42.6357 12.2730 
119.0000 89.0000 4.3613 39.9418 11.0303 
120.0000 128.0000 44.8331 8.5834 6.9771 
121.0000 140.0000 37.8640 0.3749 9.2635 
122.0000 117.0000 11.4770 11.5338 9.7592 
123.0000 92.0000 8.6387 35.3874 5.3668 
124.0000 138.0000 34.4926 11.4092 8.1826 
125.0000 130.0000 33.4723 45.0328 14.7935 
126.0000 83.0000 12.8773 43.8447 13.2816 
127.0000 88.0000 40.1687 34.6334 14.2918 
128.0000 132.0000 49.7491 14.8511 10.2427 
129.0000 107.0000 9.3674 11.2496 12.3904 
130.0000 82.0000 5.0064 25.7239 8.2401 
131.0000 123.0000 4.7265 31.6665 12.9392 
132.0000 133.0000 42.5030 32.0466 7.8337 
133.0000 91.0000 29.8834 13.4091 11.7880 
134.0000 82.0000 29.7307 5.1094 5.8625 
135.0000 64.0000 5.5482 2.0168 10.9068 
136.0000 94.0000 30.0701 44.1318 7.5223 
137.0000 89.0000 28.0253 39.1709 7.3414 
138.0000 80.0000 32.7828 3.4878 12.4772 
139.0000 106.0000 14.1443 7.5026 6.5204 
140.0000 137.0000 49.1871 17.4810 13.4065 
141.0000 102.0000 29.0764 11.4773 6.9928 
142.0000 66.0000 15.6921 9.5069 13.1894 
143.0000 103.0000 45.0879 8.9382 5.8874 
144.0000 53.0000 8.8679 34.3945 11.8676 
145.0000 102.0000 43.9540 6.3140 8.7304 
146.0000 106.0000 27.2603 10.0649 12.8987 
147.0000 127.0000 17.0806 40.8297 11.1193 
148.0000 131.0000 43.4803 23.1805 5.3524 
149.0000 55.0000 46.3328 5.3581 6.1834 
150.0000 134.0000 26.2245 14.0045 10.0278 
151.0000 81.0000 32.4117 2.4635 6.2346 
152.0000 99.0000 12.7617 47.4991 7.0904 
153.0000 93.0000 21.2274 20.8916 5.8946 
154.0000 121.0000 21.6719 12.9596 12.2746 
155.0000 84.0000 5.2238 41.9122 5.5263 
156.0000 76.0000 3.5187 28.5009 10.6127 
157.0000 124.0000 31.0150 3.7533 7.2508 
158.0000 131.0000 45.1734 4.8810 9.5381 
159.0000 85.0000 14.8859 49.9065 13.0219 
160.0000 52.0000 48.6907 20.0153 14.6823 
161.0000 136.0000 20.1475 22.3933 7.9488 
162.0000 126.0000 17.2083 23.7158 8.0345 
163.0000 69.0000 20.6698 9.4567 9.8401 
164.0000 95.0000 46.8088 32.9131 12.4165 
165.0000 106.0000 30.8699 26.3556 9.5981 
166.0000 57.0000 30.7380 42.7416 5.8626 
167.0000 122.0000 31.6784 17.4926 13.3987 
168.0000 123.0000 24.2551 20.0468 12.8325 
169.0000 130.0000 32.5783 30.4372 13.0955 
170.0000 114.0000 37.0413 40.2572 8.6686 
171.0000 87.0000 19.5690 19.1901 11.1009 
172.0000 76.0000 41.9396 19.2360 8.5146 
173.0000 50.0000 40.8402 41.5783 14.3257 
174.0000 90.0000 12.4256 33.4513 10.4034 
175.0000 121.0000 5.9097 29.9867 5.6450 
176.0000 70.0000 31.8027 26.8261 9.4404 
177.0000 74.0000 29.6626 32.0507 5.2422 
178.0000 92.0000 25.2059 40.4681 9.1032 
179.0000 129.0000 33.8840 6.2603 5.1389 
180.0000 138.0000 15.8007 14.0305 10.2647 
181.0000 133.0000 48.2576 38.2274 5.6158 
182.0000 75.0000 22.0288 23.7886 14.8682 
183.0000 110.0000 14.9917 12.5683 14.9703 
184.0000 71.0000 30.0459 40.6661 12.3941 
185.0000 134.0000 39.2301 39.8468 10.2165 
186.0000 91.0000 23.4775 26.1037 14.6028 
187.0000 117.0000 6.5622 21.0637 8.3055 
188.0000 116.0000 42.3972 45.3804 13.2482 
189.0000 96.0000 11.8096 47.8182 11.5633 
190.0000 67.0000 30.7097 3.0842 5.5488 
191.0000 115.0000 1.0143 31.3162 5.2180 
192.0000 59.0000 42.0066 29.9797 6.6035 
193.0000 91.0000 27.0695 48.1931 14.3575 
194.0000 60.0000 36.4188 39.7335 10.7845 
195.0000 88.0000 49.3962 45.0636 13.0041 
196.0000 59.0000 22.3140 49.4772 7.9754 
197.0000 54.0000 3.1729 0.9316 10.8964 
198.0000 128.0000 6.8384 37.0868 5.7642 
199.0000 76.0000 15.6087 24.4393 11.9767 
200.0000 67.0000 13.7807 38.6735 9.6824 
