0.0000 0.0000 25.0000 25.0000 0.0000 
1.0000 30.0000 20.1220 29.3566 11.8394 
2.0000 68.0000 44.5305 47.4008 10.3041 
3.0000 116.0000 42.4522 7.4918 13.3332 
4.0000 39.0000 30.6791 1.4991 12.9022 
5.0000 40.0000 32.1514 28.9221 14.7854 
6.0000 110.0000 40.5752 32.4162 5.7278 
7.0000 111.0000 4.7365 18.8896 12.3078 
8.0000 55.0000 30.8103 36.2010 13.6337 
9.0000 30.0000 25.0655 18.9535 11.0682 
10.0000 68.0000 16.3271 26.6208 11.5899 
11.0000 33.0000 26.8298 46.1030 7.6688 
12.0000 120.0000 11.2023 8.4042 11.4572 
13.0000 41.0000 8.9856 6.9000 12.9526 
14.0000 42.0000 28.6711 46.0899 9.5545 
15.0000 105.0000 19.1056 28.4722 12.8463 
16.0000 45.0000 23.2539 41.2672 6.7604 
17.0000 107.0000 25.9356 36.7357 10.8132 
18.0000 98.0000 23.6353 1.8528 5.0462 
19.0000 33.0000 39.0126 29.3921 11.1117 
20.0000 71.0000 38.0720 26.7468 8.8709 
21.0000 51.0000 44.3140 33.1238 11.2012 
22.0000 106.0000 29.4879 14.2959 6.5904 
23.0000 31.0000 31.9133 41.1027 7.1481 
24.0000 115.0000 45.5803 12.2135 8.3744 
25.0000 30.0000 29.3258 40.7789 5.3991 
26.0000 51.0000 25.8095 6.5098 5.8270 
27.0000 114.0000 38.8299 43.8719 11.6186 
28.0000 60.0000 17.4222 15.8140 13.6241 
29.0000 43.0000 3.1553 44.0602 11.2978 
30.0000 51.0000 17.4857 22.7684 5.3188 
31.0000 105.0000 29.7099 28.0994 8.9263 
32.0000 111.0000 30.0970 28.0483 10.5485 
33.0000 88.0000 0.2507 36.6449 9.8354 
34.0000 53.0000 4.4107 41.0638 9.3212 
35.0000 71.0000 30.9271 20.7185 7.7474 
36.0000 68.0000 46.5773 4.0695 5.3567 
37.0000 62.0000 27.1243 45.5906 13.2786 
38.0000 108.0000 14.4413 25.5164 10.7048 
39.0000 38.0000 5.0150 13.0398 6.1816 
40.0000 114.0000 27.2928 38.6609 10.8653 
41.0000 59.0000 36.9144 1.7820 7.0492 
42.0000 93.0000 25.1370 35.4445 9.8640 
43.0000 58.0000 23.6859 31.2804 8.7296 
44.0000 61.0000 23.8053 33.2821 11.5804 
45.0000 88.0000 27.2049 30.8272 8.3420 
46.0000 103.0000 5.5702 44.1029 8.0530 
47.0000 82.0000 41.8777 27.4636 7.5555 
48.0000 114.0000 6.0965 27.6844 11.3169 
49.0000 49.0000 45.2551 11.7097 5.2797 
50.0000 83.0000 2.4676 28.1869 14.0179 
51.0000 32.0000 10.2218 39.7322 7.9800 
52.0000 81.0000 34.3386 22.9059 8.3101 
53.0000 85.0000 35.9540 33.4887 10.6958 
54.0000 97.0000 19.1886 2.5086 5.8965 
55.0000 91.0000 25.8652 45.6205 7.1106 
56.0000 108.0000 8.5831 12.5102 9.5171 
57.0000 116.0000 7.7036 11.8603 12.4532 
58.0000 63.0000 10.9122 2.3469 12.0194 
59.0000 81.0000 22.5201 35.7026 13.5781 
60.0000 90.0000 48.8142 20.9513 10.0822 
61.0000 46.0000 5.9448 43.9187 5.0482 
62.0000 80.0000 14.5506 33.3657 9.1088 
63.0000 38.0000 49.4816 7.1675 6.0651 
64.0000 53.0000 6.5396 20.1960 14.1107 
65.0000 97.0000 48.8839 22.1611 12.9151 
66.0000 48.0000 19.1804 17.2172 11.0189 
67.0000 100.0000 40.2000 26.6534 10.6237 
68.0000 74.0000 18.3464 33.8965 12.7334 
69.0000 90.0000 9.0886 18.6717 5.3563 
70.0000 68.0000 31.6034 16.7547 7.4357 
71.0000 60.0000 4.9396 39.7722 11.2737 
72.0000 82.0000 35.7437 30.2027 5.1670 
73.0000 59.0000 29.4591 22.9001 11.4686 
74.0000 30.0000 41.6896 23.9640 9.1353 
75.0000 82.0000 1.8872 21.6967 6.8356 
76.0000 52.0000 1.8420 38.4022 6.4827 
77.0000 59.0000 31.0922 12.9805 14.5303 
78.0000 35.0000 27.4878 37.6230 10.7994 
79.0000 41.0000 24.4886 33.6422 5.2461 
80.0000 72.0000 29.2157 31.1520 7.6873 
81.0000 97.0000 30.6234 46.2395 8.2825 
82.0000 50.0000 4.7452 46.6430 13.6239 
83.0000 108.0000 24.2918 4.0342 8.2069 
84.0000 30.0000 41.5120 29.1102 7.0920 
85.0000 66.0000 19.7540 0.2839 7.4393 
86.0000 58.0000 45.4518 6.9501 10.7726 
87.0000 89.0000 44.0246 30.2624 6.9634 
88.0000 31.0000 40.0011 19.8480 10.8092 
89.0000 84.0000 38.4758 31.8661 7.5226 
90.0000 49.0000 11.2040 6.4412 10.1684 
91.0000 101.0000 4.4987 13.2581 6.3390 
92.0000 38.0000 3.4909 31.2976 7.1538 
93.0000 89.0000 15.2330 39.6409 10.1461 
94.0000 117.0000 39.4415 40.7612 6.7655 
95.0000 92.0000 31.4434 43.8482 6.3649 
96.0000 94.0000 21.9559 37.4684 12.2351 
97.0000 50.0000 48.9973 26.2936 9.5402 
98.0000 31.0000 1.8299 4.5680 12.9246 
99.0000 114.0000 15.7273 46.5436 13.3238 
100.0000 113.0000 36.3660 6.9850 7.8413 
101.0000 90.0000 2.0512 2.8181 5.2604 
102.0000 94.0000 40.5061 49.2832 10.0800 
103.0000 98.0000 5.5307 18.7181 6.5376 
104.0000 35.0000 16.3279 20.4052 9.7298 
105.0000 83.0000 24.7697 5.5244 5.9729 
106.0000 55.0000 40.0360 47.4917 9.6502 
107.0000 80.0000 39.1920 9.0748 12.5853 
108.0000 75.0000 27.4847 38.6715 10.4422 
109.0000 35.0000 39.1745 48.1672 12.1992 
110.0000 100.0000 16.8002 14.2879 5.7523 
111.0000 94.0000 8.5717 41.5172 14.1175 
112.0000 120.0000 39.9762 1.0506 9.1529 
113.0000 53.0000 5.7416 46.0723 12.3600 
114.0000 92.0000 1.7840 38.3122 12.5844 
115.0000 95.0000 19.5380 18.5452 5.0003 
116.0000 87.0000 1.7722 46.3378 10.0996 
117.0000 110.0000 47.8114 30.7777 7.6452 
118.0000 114.0000 6.4716 2.8275 12.2234 
119.0000 82.0000 45.0811 42.3397 11.2930 
120.0000 119.0000 48.3167 5.9430 9.0674 
121.0000 38.0000 30.7881 49.5103 6.1243 
122.0000 47.0000 0.7799 17.3057 9.2616 
123.0000 90.0000 21.4953 35.6977 10.5301 
124.0000 75.0000 0.8977 32.8372 8.1935 
125.0000 53.0000 31.1825 28.9373 7.9870 
126.0000 59.0000 34.2191 27.2045 7.6273 
127.0000 61.0000 38.3201 40.6106 13.4378 
128.0000 115.0000 23.3815 46.8522 5.3705 
129.0000 99.0000 45.1994 5.3029 12.3159 
130.0000 84.0000 44.5605 13.3280 14.5798 
131.0000 99.0000 44.2350 8.0508 14.6924 
132.0000 49.0000 19.7655 11.9032 12.0233 
133.0000 69.0000 7.6843 34.9943 10.9623 
134.0000 88.0000 21.1462 49.7847 10.2515 
135.0000 82.0000 16.2968 8.1819 14.1495 
136.0000 42.0000 19.0500 44.8333 6.4459 
137.0000 37.0000 11.8378 49.3224 14.8832 
138.0000 95.0000 17.2992 48.2499 13.7933 
139.0000 50.0000 7.8858 49.4783 6.8643 
140.0000 108.0000 22.1977 37.6260 13.8923 
141.0000 73.0000 30.8901 37.0004 9.6894 
142.0000 31.0000 21.3208 43.9556 13.7478 
143.0000 115.0000 20.7636 4.9806 13.4523 
144.0000 117.0000 33.5451 33.8214 7.8696 
145.0000 40.0000 39.1872 19.7321 14.4419 
146.0000 68.0000 20.4215 24.9440 11.5372 
147.0000 93.0000 21.2101 23.1544 14.3205 
148.0000 73.0000 29.8601 27.3433 9.4777 
149.0000 97.0000 42.1607 25.3507 8.4050 
150.0000 105.0000 48.9290 21.2324 14.0591 
151.0000 40.0000 19.7746 1.5029 8.2069 
152.0000 45.0000 19.6079 0.2932 10.5909 
153.0000 45.0000 15.3622 19.0689 9.6026 
154.0000 88.0000 4.9084 27.8752 10.9661 
155.0000 36.0000 45.2858 40.0968 7.0489 
156.0000 48.0000 2.6999 25.5499 10.0974 
157.0000 34.0000 27.3888 6.9992 14.5597 
158.0000 30.0000 6.8252 18.5968 12.3976 
159.0000 34.0000 21.1058 29.9449 10.8760 
160.0000 92.0000 43.9014 6.7567 5.0145 
161.0000 32.0000 38.7752 20.2006 10.3569 
162.0000 45.0000 44.2885 22.1142 6.7032 
163.0000 96.0000 26.7624 4.7297 5.5771 
164.0000 37.0000 12.1318 36.4237 11.9408 
165.0000 105.0000 41.2203 3.5390 12.2749 
166.0000 30.0000 1.7584 18.5927 9.6887 
167.0000 120.0000 31.4679 22.5468 7.3667 
168.0000 35.0000 37.3385 18.9803 6.2782 
169.0000 88.0000 17.8965 28.8201 6.4049 
170.0000 84.0000 17.7535 30.1526 5.1456 
171.0000 63.0000 49.9441 8.9671 9.0793 
172.0000 97.0000 2.4027 28.7848 8.1027 
173.0000 96.0000 22.2361 47.4378 12.2440 
174.0000 88.0000 43.9889 20.6685 13.1165 
175.0000 113.0000 23.6814 42.0820 6.5885 
176.0000 74.0000 9.0912 15.6995 7.0079 
177.0000 43.0000 17.2311 42.0703 14.5066 
178.0000 86.0000 18.4158 47.7074 11.2562 
179.0000 35.0000 24.7339 34.5116 13.3396 
180.0000 67.0000 18.0206 42.7457 11.5332 
181.0000 79.0000 28.3358 30.2939 5.6975 
182.0000 71.0000 16.0149 16.0353 6.1661 
183.0000 61.0000 24.3562 33.7985 11.0278 
184.0000 82.0000 44.9670 47.5854 11.9625 
185.0000 103.0000 29.1019 28.8488 13.2596 
186.0000 35.0000 24.3477 38.9121 11.6325 
187.0000 94.0000 27.8450 7.6699 12.4274 
188.0000 44.0000 2.5096 22.3890 9.3202 
189.0000 70.0000 35.1322 20.6109 13.5728 
190.0000 38.0000 3.0398 17.2181 9.5724 
191.0000 47.0000 27.2747 39.6845 8.2842 
192.0000 46.0000 14.0975 45.9689 5.9986 
193.0000 119.0000 18.6665 41.9276 12.1731 
194.0000 112.0000 27.1746 16.1037 5.1005 
195.0000 92.0000 6.0690 10.9928 13.9612 
196.0000 91.0000 46.7867 9.0541 9.1294 
197.0000 52.0000 13.3174 19.2145 7.1611 
198.0000 89.0000 49.9228 19.3189 8.5616 
199.0000 115.0000 28.5198 35.5344 7.5103 
200.0000 89.0000 38.8094 0.4749 10.4569 
201.0000 43.0000 3.7129 1.9331 10.1191 
202.0000 112.0000 17.0171 27.2132 8.0180 
203.0000 57.0000 39.6920 15.7868 10.5058 
204.0000 64.0000 33.5289 41.7906 5.8527 
205.0000 119.0000 9.0736 43.3331 9.0188 
206.0000 62.0000 7.2819 41.4996 8.8073 
207.0000 109.0000 2.1115 39.8411 13.9102 
208.0000 114.0000 25.9267 0.0340 13.5145 
209.0000 34.0000 31.5081 22.5773 9.7196 
210.0000 62.0000 37.2973 26.4471 14.6228 
211.0000 63.0000 28.6427 8.1657 13.3856 
212.0000 54.0000 44.4470 32.2022 12.5404 
213.0000 113.0000 26.8037 21.2819 7.2825 
214.0000 110.0000 23.7383 41.8101 8.2443 
215.0000 48.0000 48.5122 26.7298 13.1127 
216.0000 31.0000 2.0050 26.5241 5.2481 
217.0000 91.0000 17.6316 15.0524 9.7418 
218.0000 84.0000 9.6552 48.3752 12.4305 
219.0000 56.0000 43.0313 45.9693 9.1215 
220.0000 69.0000 3.7861 9.5784 12.7020 
221.0000 40.0000 33.3207 48.2001 11.6787 
222.0000 53.0000 15.0414 48.4489 9.9101 
223.0000 90.0000 6.9893 14.4403 12.6486 
224.0000 58.0000 4.0782 48.2341 14.9275 
225.0000 38.0000 46.8750 26.6279 5.6281 
226.0000 60.0000 20.8985 29.5293 8.4192 
227.0000 66.0000 7.3355 42.3980 14.3816 
228.0000 41.0000 39.7004 30.1755 12.6522 
229.0000 119.0000 17.7252 43.0138 7.0582 
230.0000 96.0000 40.7643 30.5637 7.3406 
231.0000 60.0000 2.2713 2.7250 12.3066 
232.0000 74.0000 2.1303 49.2110 7.5043 
233.0000 69.0000 11.2152 1.2828 8.5291 
234.0000 84.0000 18.3003 18.0657 11.6133 
235.0000 82.0000 39.5403 12.9305 8.3547 
236.0000 115.0000 11.4599 34.3696 7.1378 
237.0000 96.0000 47.2077 27.9473 14.4270 
238.0000 96.0000 45.2310 11.3032 10.8212 
239.0000 78.0000 28.0516 19.5203 5.6881 
240.0000 83.0000 46.6491 3.1457 14.1280 
241.0000 94.0000 41.4487 47.9917 14.9614 
242.0000 55.0000 11.2154 0.0359 14.8831 
243.0000 96.0000 10.5456 40.0489 9.4011 
244.0000 110.0000 34.6884 13.3482 14.3586 
245.0000 52.0000 44.7076 0.6638 9.7883 
246.0000 101.0000 10.4702 34.6733 8.6933 
247.0000 72.0000 39.7988 26.0233 12.3949 
248.0000 48.0000 9.0495 36.3535 14.8925 
249.0000 89.0000 2.8414 44.3976 8.1078 
250.0000 78.0000 38.3444 46.7229 14.3708 
251.0000 105.0000 34.3540 14.0278 8.8676 
252.0000 32.0000 41.6468 30.9292 11.6493 
253.0000 97.0000 26.0432 2.8997 7.6106 
254.0000 81.0000 36.6218 8.4821 8.2215 
255.0000 35.0000 23.7783 26.1866 11.8575 
256.0000 38.0000 34.2249 41.4981 8.7732 
257.0000 41.0000 47.8843 33.4103 5.6148 
258.0000 101.0000 40.7899 35.1745 9.6409 
259.0000 58.0000 41.2626 15.1216 11.3473 
260.0000 44.0000 17.8062 48.8309 7.6642 
261.0000 42.0000 29.1403 26.1553 10.4173 
262.0000 98.0000 8.4230 29.5745 6.2966 
263.0000 107.0000 35.7817 12.0897 10.1829 
264.0000 36.0000 3.7490 41.5829 8.6854 
265.0000 48.0000 28.6366 48.0352 9.3496 
266.0000 120.0000 25.2175 38.2403 5.3914 
267.0000 62.0000 5.7610 17.6755 9.0615 
268.0000 69.0000 4.8202 18.0517 10.5837 
269.0000 72.0000 15.5655 49.7425 14.6097 
270.0000 37.0000 15.3787 11.3261 9.2029 
271.0000 107.0000 12.0567 42.1973 7.2235 
272.0000 42.0000 45.7047 14.7707 13.8224 
273.0000 103.0000 26.0457 30.0367 12.8765 
274.0000 80.0000 48.5025 9.1408 9.5150 
275.0000 48.0000 16.6416 12.7104 9.6702 
276.0000 95.0000 13.3105 9.7645 6.3830 
277.0000 97.0000 44.3288 15.1878 9.1578 
278.0000 102.0000 12.0491 23.0405 14.4238 
279.0000 55.0000 38.6826 0.9734 13.0030 
280.0000 32.0000 1.6203 42.0651 6.3396 
281.0000 50.0000 34.2873 37.1236 13.7671 
282.0000 72.0000 39.7242 10.7916 8.3079 
283.0000 75.0000 42.1155 46.4911 9.1874 
284.0000 93.0000 49.6954 26.7115 5.4535 
285.0000 48.0000 23.4215 17.1333 11.0530 
286.0000 94.0000 17.8507 32.3471 12.2292 
287.0000 116.0000 10.0971 30.5015 8.4196 
288.0000 65.0000 8.9531 41.9291 7.9290 
289.0000 61.0000 20.1109 0.4823 12.8644 
290.0000 44.0000 16.6015 15.5386 11.9041 
291.0000 66.0000 11.8620 7.5899 8.7837 
292.0000 65.0000 5.9962 41.1541 13.2647 
293.0000 56.0000 14.2557 0.2109 6.4288 
294.0000 77.0000 20.3961 34.9439 6.8259 
295.0000 35.0000 45.9021 4.7880 5.1535 
296.0000 87.0000 13.7394 25.1495 8.5170 
297.0000 100.0000 36.9417 15.0476 14.7042 
298.0000 70.0000 40.8420 20.7024 5.3523 
299.0000 57.0000 12.3815 49.6920 11.8583 
300.0000 73.0000 0.1434 8.2474 13.0871 
