0.0000 0.0000 25.0000 25.0000 0.0000 
1.0000 20.0000 5.0831 44.0605 9.2458 
2.0000 29.0000 17.0908 43.8617 9.7737 
3.0000 81.0000 5.6853 29.6328 8.3122 
4.0000 73.0000 38.3459 13.2564 5.5481 
5.0000 33.0000 30.9427 1.9096 9.3497 
6.0000 42.0000 21.9813 18.7088 10.5688 
7.0000 59.0000 17.7142 15.0398 9.0122 
8.0000 69.0000 46.9386 5.9029 5.7320 
9.0000 73.0000 19.3647 39.5515 13.7193 
10.0000 89.0000 41.7503 10.1366 9.9902 
11.0000 62.0000 11.2124 20.4686 7.4824 
12.0000 90.0000 0.8656 22.3505 7.6808 
13.0000 21.0000 39.2590 11.8702 9.5939 
14.0000 103.0000 12.3833 33.0960 12.9142 
15.0000 60.0000 8.8262 19.3475 13.2093 
16.0000 110.0000 32.7713 14.3163 12.6800 
17.0000 84.0000 25.2056 0.7068 10.1737 
18.0000 32.0000 27.6868 32.9264 10.5631 
19.0000 70.0000 48.5100 17.1890 8.5727 
20.0000 25.0000 23.3348 48.0156 8.3216 
21.0000 23.0000 14.7154 3.7997 8.8903 
22.0000 94.0000 18.9734 34.9107 12.9486 
23.0000 30.0000 46.7995 17.6220 5.6370 
24.0000 52.0000 19.0419 27.1237 7.0816 
25.0000 22.0000 3.4324 5.2855 13.4376 
26.0000 23.0000 24.4570 10.0237 9.2250 
27.0000 75.0000 31.7891 35.1370 13.4548 
28.0000 74.0000 43.6212 1.6373 14.5989 
29.0000 100.0000 3.4695 5.0661 9.8855 
30.0000 22.0000 32.7723 6.8731 6.9471 
31.0000 81.0000 18.6810 21.1477 9.0214 
32.0000 83.0000 11.0638 1.5827 10.8509 
33.0000 32.0000 7.9245 49.6053 8.0155 
34.0000 67.0000 40.0552 9.0461 13.9102 
35.0000 51.0000 39.8609 23.4043 11.6974 
36.0000 58.0000 18.3568 8.3385 11.6460 
37.0000 43.0000 37.0439 47.6547 12.9864 
38.0000 88.0000 46.2647 28.0692 8.1405 
39.0000 33.0000 45.2507 36.2223 10.2740 
40.0000 27.0000 49.0841 46.9872 13.9110 
41.0000 62.0000 49.5540 48.7761 8.6430 
42.0000 26.0000 44.1937 1.4951 8.8001 
43.0000 32.0000 49.2173 37.6670 7.2766 
44.0000 83.0000 42.1588 13.1668 9.7398 
45.0000 24.0000 29.5211 0.2716 6.0760 
46.0000 85.0000 5.6262 2.8982 12.1564 
47.0000 105.0000 0.5250 8.4727 5.1600 
48.0000 86.0000 47.0562 24.9134 13.8971 
49.0000 68.0000 28.7794 13.2297 12.3200 
50.0000 109.0000 16.9912 4.9898 6.2344 
51.0000 44.0000 4.5399 16.4089 13.7428 
52.0000 87.0000 47.9243 43.3636 8.5460 
53.0000 38.0000 17.2312 47.0808 9.6567 
54.0000 90.0000 24.7929 0.9869 6.0028 
55.0000 29.0000 43.0892 22.1216 14.9288 
56.0000 43.0000 18.1094 8.2503 11.2977 
57.0000 80.0000 44.4546 9.2731 12.3202 
58.0000 56.0000 37.1698 38.6078 10.5253 
59.0000 106.0000 29.7370 14.3228 13.7389 
60.0000 92.0000 37.6350 34.3350 11.4475 
61.0000 99.0000 38.5548 33.2545 7.1423 
62.0000 78.0000 38.3862 33.9095 7.6392 
63.0000 25.0000 38.5318 38.0661 14.5904 
64.0000 44.0000 12.0847 36.1726 7.2322 
65.0000 76.0000 34.9821 44.4057 12.6933 
66.0000 68.0000 7.3091 20.6861 11.8243 
67.0000 39.0000 0.2741 33.0425 13.7670 
68.0000 47.0000 35.1195 32.7518 10.2769 
69.0000 120.0000 18.5281 16.6955 14.4121 
70.0000 61.0000 28.4552 48.3056 5.9200 
71.0000 72.0000 15.9275 40.9642 12.4542 
72.0000 20.0000 45.3450 48.9848 9.2082 
73.0000 24.0000 7.3361 21.4247 11.2071 
74.0000 24.0000 44.6999 3.6090 12.3002 
75.0000 36.0000 38.9399 42.7800 12.1563 
76.0000 29.0000 42.8648 19.6260 11.0296 
77.0000 20.0000 17.9871 24.9023 13.2640 
78.0000 99.0000 10.8569 32.2235 7.7959 
79.0000 31.0000 36.1970 1.0283 6.7967 
80.0000 72.0000 5.5992 49.1939 6.5835 
81.0000 29.0000 41.7285 42.9662 10.3258 
82.0000 62.0000 1.1538 29.2129 7.1004 
83.0000 90.0000 34.1669 29.0196 9.0027 
84.0000 33.0000 34.1711 16.2952 8.6776 
85.0000 66.0000 21.8945 18.5919 5.9200 
86.0000 23.0000 0.4288 9.5500 9.9070 
87.0000 83.0000 15.7166 1.7091 13.0217 
88.0000 53.0000 26.4621 27.6843 11.4940 
89.0000 113.0000 19.9651 33.2146 7.6230 
90.0000 110.0000 3.2384 40.3954 14.5479 
91.0000 69.0000 6.4869 48.3529 14.5960 
92.0000 119.0000 48.1125 45.3978 11.3359 
93.0000 83.0000 36.5839 20.3390 13.2218 
94.0000 70.0000 18.7125 7.5987 9.5185 
95.0000 66.0000 36.2632 2.4844 5.5064 
96.0000 47.0000 10.4017 0.5260 8.6452 
97.0000 71.0000 35.9424 21.1453 5.2525 
98.0000 29.0000 19.8494 44.2056 5.0859 
99.0000 86.0000 3.7909 0.0156 10.6084 
100.0000 104.0000 34.9179 23.4409 12.9325 
101.0000 42.0000 39.2966 36.3694 14.9639 
102.0000 59.0000 11.9903 0.4106 7.0649 
103.0000 23.0000 5.7853 25.6204 9.8920 
104.0000 34.0000 46.7981 23.5988 6.1346 
105.0000 106.0000 1.9937 48.3034 8.4661 
106.0000 91.0000 30.3599 4.8226 8.8354 
107.0000 105.0000 29.6761 44.6686 12.1598 
108.0000 21.0000 8.0408 34.9442 9.1390 
109.0000 22.0000 44.3617 19.2142 11.0896 
110.0000 110.0000 22.2738 47.0519 10.5948 
111.0000 76.0000 4.0624 26.6394 5.5999 
112.0000 23.0000 0.5536 9.8976 7.1044 
113.0000 22.0000 7.3758 31.9928 12.0624 
114.0000 116.0000 17.4935 22.7680 6.2417 
115.0000 111.0000 34.6290 37.1695 14.9069 
116.0000 65.0000 36.2409 21.6307 6.4134 
117.0000 85.0000 6.8489 9.8464 8.4069 
118.0000 108.0000 16.5044 43.7216 14.7355 
119.0000 55.0000 47.6323 33.7913 11.2645 
120.0000 28.0000 16.7799 0.0673 9.2172 
121.0000 103.0000 20.9636 39.6724 7.4260 
122.0000 102.0000 36.7793 28.3219 12.9459 
123.0000 35.0000 40.7648 28.7874 7.6343 
124.0000 25.0000 34.2220 45.3244 14.7201 
125.0000 71.0000 39.8776 42.3305 10.8224 
126.0000 44.0000 34.9436 34.9760 13.6296 
127.0000 52.0000 42.4711 38.5520 13.0823 
128.0000 115.0000 6.2712 19.5186 14.9210 
129.0000 36.0000 23.0813 49.1788 13.6772 
130.0000 104.0000 27.5675 25.1608 14.6378 
131.0000 95.0000 28.8244 32.0169 14.5088 
132.0000 86.0000 48.5070 0.9261 11.4540 
133.0000 66.0000 41.9010 42.0748 13.3861 
134.0000 119.0000 9.8137 21.0504 13.0984 
135.0000 93.0000 44.2064 5.0920 8.8673 
136.0000 55.0000 19.9534 6.0069 9.1682 
137.0000 46.0000 0.4582 31.6715 10.7927 
138.0000 120.0000 13.1327 23.9033 5.7938 
139.0000 87.0000 21.7531 18.1550 14.7483 
140.0000 92.0000 19.1190 1.1316 7.1022 
141.0000 112.0000 13.1898 3.9695 13.8748 
142.0000 25.0000 36.5320 37.7418 11.2787 
143.0000 68.0000 3.6601 2.7463 14.2974 
144.0000 120.0000 16.7648 38.5632 11.1777 
145.0000 100.0000 29.3873 5.8600 14.5054 
146.0000 39.0000 3.9724 4.2596 10.7708 
147.0000 23.0000 29.9150 31.1969 7.9146 
148.0000 70.0000 6.4700 32.4109 7.1639 
149.0000 68.0000 29.4866 14.6927 12.9552 
150.0000 108.0000 16.5926 42.1219 8.3545 
151.0000 32.0000 42.3346 10.1697 5.6075 
152.0000 94.0000 37.6747 17.3140 12.7982 
153.0000 30.0000 22.5596 26.3443 9.7411 
154.0000 95.0000 13.7681 1.2118 12.7000 
155.0000 71.0000 47.9929 30.4449 10.7394 
156.0000 50.0000 44.3801 46.3555 5.0377 
157.0000 59.0000 34.4324 36.0518 14.4278 
158.0000 108.0000 26.8553 49.0336 13.8152 
159.0000 117.0000 10.1251 28.1541 8.6640 
160.0000 47.0000 10.5651 43.8231 9.3900 
161.0000 62.0000 49.5011 32.4463 11.0049 
162.0000 29.0000 6.8617 46.1335 5.9135 
163.0000 119.0000 14.4638 27.0109 13.4043 
164.0000 29.0000 4.5272 20.4537 8.8357 
165.0000 44.0000 14.4332 13.5508 14.7831 
166.0000 28.0000 25.2360 42.3763 13.4857 
167.0000 33.0000 49.4044 42.3881 8.6855 
168.0000 53.0000 16.6334 0.3350 6.6173 
169.0000 37.0000 47.1435 47.2276 14.6117 
170.0000 64.0000 40.5638 16.0475 11.4409 
171.0000 66.0000 29.4853 5.1469 11.5573 
172.0000 38.0000 40.1055 40.1898 9.4032 
173.0000 35.0000 13.6823 39.5319 7.5212 
174.0000 98.0000 19.7055 35.9956 12.0600 
175.0000 66.0000 35.9176 16.8902 5.3455 
176.0000 119.0000 7.4676 5.1974 6.2947 
177.0000 46.0000 40.6497 32.3969 10.5021 
178.0000 117.0000 13.5812 13.3795 7.1214 
179.0000 53.0000 29.4546 21.0635 11.9190 
180.0000 24.0000 37.3933 18.4329 12.4972 
181.0000 100.0000 3.1888 39.5366 8.7715 
182.0000 88.0000 25.4945 1.3663 10.1269 
183.0000 21.0000 33.5712 0.8784 11.5007 
184.0000 87.0000 14.1454 31.3199 8.8773 
185.0000 117.0000 27.0731 2.1014 8.9888 
186.0000 66.0000 8.9807 28.0057 6.1398 
187.0000 70.0000 42.4023 49.7158 9.3453 
188.0000 69.0000 42.5132 8.2514 12.2530 
189.0000 89.0000 6.5422 43.5279 12.8507 
190.0000 72.0000 10.7799 41.2981 10.2203 
191.0000 71.0000 38.5447 49.1842 7.2002 
192.0000 88.0000 27.0074 22.5089 12.9207 
193.0000 52.0000 49.4595 48.6909 7.4801 
194.0000 120.0000 48.9657 40.0667 11.4579 
195.0000 30.0000 44.2770 30.0792 5.7721 
196.0000 107.0000 36.5128 42.8687 12.7471 
197.0000 33.0000 12.6852 2.9567 8.3865 
198.0000 36.0000 42.6588 25.7697 13.0567 
199.0000 90.0000 36.4674 26.8783 11.2270 
200.0000 67.0000 7.6683 23.6556 7.2438 
201.0000 101.0000 43.4694 14.5349 9.2950 
202.0000 113.0000 33.6181 4.2813 14.3705 
203.0000 37.0000 20.4491 36.6685 10.6814 
204.0000 67.0000 47.9656 22.5765 12.0977 
205.0000 119.0000 32.1692 4.7933 5.5141 
206.0000 60.0000 37.9917 44.5126 5.0213 
207.0000 96.0000 37.9941 16.5732 13.1316 
208.0000 22.0000 9.1445 0.7877 8.7300 
209.0000 37.0000 29.1600 38.1316 13.9721 
210.0000 46.0000 47.1736 12.9000 8.2661 
211.0000 117.0000 33.3433 8.4675 14.3012 
212.0000 96.0000 20.9271 36.3942 14.7465 
213.0000 27.0000 31.6844 4.2909 7.7568 
214.0000 51.0000 32.9022 32.0163 12.3507 
215.0000 113.0000 25.0465 0.5396 11.0273 
216.0000 71.0000 45.1462 12.6463 6.0752 
217.0000 76.0000 49.1556 19.0667 8.1251 
218.0000 110.0000 43.1334 30.0660 13.6620 
219.0000 93.0000 2.9853 43.9144 9.5326 
220.0000 95.0000 44.3955 17.5899 9.9704 
221.0000 96.0000 23.5849 37.5920 11.5336 
222.0000 116.0000 24.3467 6.2473 8.2499 
223.0000 102.0000 3.9609 5.6137 10.8063 
224.0000 92.0000 5.6685 30.2118 10.9473 
225.0000 52.0000 4.5949 44.4532 13.3392 
226.0000 63.0000 14.9905 29.0844 9.7550 
227.0000 97.0000 18.6850 7.9134 9.5832 
228.0000 118.0000 48.2444 26.1501 6.6250 
229.0000 63.0000 40.2432 0.6472 9.2988 
230.0000 47.0000 26.6395 7.3566 5.0664 
231.0000 54.0000 24.2714 49.2424 13.4290 
232.0000 98.0000 0.9620 10.4918 12.3759 
233.0000 57.0000 15.2299 16.7838 11.0877 
234.0000 43.0000 4.8468 35.0803 8.8234 
235.0000 104.0000 42.5392 33.7048 9.8134 
236.0000 118.0000 25.4420 32.9038 14.7576 
237.0000 34.0000 40.5676 20.1850 9.6607 
238.0000 83.0000 0.7467 6.0769 8.3794 
239.0000 61.0000 36.8223 39.9586 5.0323 
240.0000 84.0000 27.1489 42.5365 5.6888 
241.0000 85.0000 40.0167 4.4319 5.0462 
242.0000 88.0000 39.2779 6.0322 7.5583 
243.0000 107.0000 12.6170 19.2805 14.1552 
244.0000 115.0000 22.4206 40.1021 8.2227 
245.0000 24.0000 47.9734 3.2704 13.4305 
246.0000 100.0000 19.6491 8.5867 11.5885 
247.0000 57.0000 22.9318 43.9111 5.4412 
248.0000 118.0000 43.4322 15.7340 8.0703 
249.0000 111.0000 2.6948 28.9098 10.0501 
250.0000 37.0000 4.7743 25.3485 11.3849 
251.0000 57.0000 40.9129 31.6253 12.0348 
252.0000 53.0000 39.5981 12.4714 12.1133 
253.0000 95.0000 1.3503 32.1755 14.1184 
254.0000 109.0000 8.3756 21.4188 7.4786 
255.0000 26.0000 39.0708 46.5718 5.0086 
256.0000 89.0000 43.0100 37.1037 10.1370 
257.0000 81.0000 2.0227 38.5903 10.1305 
258.0000 57.0000 47.4032 42.8988 7.9337 
259.0000 84.0000 14.8906 10.7342 9.0321 
260.0000 113.0000 21.3545 3.6522 11.2294 
261.0000 113.0000 45.2424 47.1343 13.1485 
262.0000 79.0000 4.0542 38.2834 8.3048 
263.0000 47.0000 5.2453 49.9528 13.4985 
264.0000 69.0000 45.3352 36.7337 7.8424 
265.0000 55.0000 28.0037 41.6947 12.5080 
266.0000 119.0000 39.0815 29.4937 8.8575 
267.0000 40.0000 12.6001 4.6297 7.3560 
268.0000 62.0000 39.7073 3.1745 10.7646 
269.0000 114.0000 3.6536 31.7954 8.5998 
270.0000 48.0000 32.1733 15.2527 9.5093 
271.0000 84.0000 40.6245 41.9971 7.8913 
272.0000 34.0000 30.4985 39.1590 12.4206 
273.0000 70.0000 37.5768 7.4789 8.0017 
274.0000 88.0000 48.8875 4.7242 13.3237 
275.0000 38.0000 39.3589 9.1162 6.2628 
276.0000 117.0000 47.6317 38.0706 5.9791 
277.0000 73.0000 1.5904 24.9336 7.6606 
278.0000 85.0000 39.0901 44.6368 14.3464 
279.0000 93.0000 18.9134 22.6900 14.3282 
280.0000 54.0000 8.7947 1.8915 5.0201 
281.0000 70.0000 5.9356 48.6248 14.4048 
282.0000 110.0000 29.6206 4.6631 14.4082 
283.0000 46.0000 4.7024 36.2285 7.4168 
284.0000 109.0000 45.3805 21.8416 13.0386 
285.0000 117.0000 1.1148 37.4407 6.3528 
286.0000 115.0000 40.7132 34.2809 7.5393 
287.0000 80.0000 14.1193 12.3038 13.1990 
288.0000 115.0000 31.1742 3.7635 13.9891 
289.0000 49.0000 3.0880 20.9841 12.3572 
290.0000 109.0000 11.1282 21.7358 12.2454 
291.0000 78.0000 40.5392 27.9232 11.1405 
292.0000 68.0000 31.3174 2.0122 12.5844 
293.0000 21.0000 30.4189 17.2625 6.6392 
294.0000 91.0000 26.9239 15.2333 12.8393 
295.0000 113.0000 42.4732 26.0344 11.0947 
296.0000 119.0000 9.1604 9.3652 13.9982 
297.0000 51.0000 13.4897 10.0304 10.8631 
298.0000 67.0000 19.5400 38.1785 13.5324 
299.0000 86.0000 9.9579 9.6412 13.7774 
300.0000 55.0000 7.5252 33.1546 11.9224 
301.0000 36.0000 16.3717 3.5028 13.3571 
302.0000 90.0000 40.5213 48.5356 8.0011 
303.0000 73.0000 23.1859 16.4202 9.8502 
304.0000 118.0000 31.0141 6.9410 9.3620 
305.0000 56.0000 14.9889 34.2004 7.3519 
306.0000 86.0000 35.7674 12.4803 6.1724 
307.0000 93.0000 21.8101 18.7042 7.4294 
308.0000 74.0000 43.9875 39.2469 9.1387 
309.0000 111.0000 31.4225 45.0623 5.0422 
310.0000 53.0000 41.6552 7.0546 12.8732 
311.0000 78.0000 14.4486 1.4872 9.3922 
312.0000 49.0000 29.8949 18.6202 13.1569 
313.0000 80.0000 7.9027 7.8399 9.7838 
314.0000 36.0000 0.2369 0.2525 9.7165 
315.0000 107.0000 32.6617 21.3485 12.5934 
316.0000 68.0000 46.8358 13.2771 12.4984 
317.0000 117.0000 1.8781 46.1438 7.3768 
318.0000 78.0000 22.2109 2.4866 13.8303 
319.0000 115.0000 43.7095 43.6278 12.9194 
320.0000 119.0000 18.9886 6.9886 13.2911 
321.0000 45.0000 35.3481 32.8516 13.3101 
322.0000 92.0000 9.8826 27.8571 13.2737 
323.0000 75.0000 17.1931 28.2411 9.0181 
324.0000 114.0000 34.3431 41.5070 13.7750 
325.0000 120.0000 3.7412 7.5646 10.9473 
326.0000 109.0000 3.5254 0.6429 14.5985 
327.0000 93.0000 34.6208 7.6792 8.8110 
328.0000 50.0000 14.7553 39.6939 14.8052 
329.0000 23.0000 9.6821 31.6308 6.5130 
330.0000 120.0000 46.7850 3.7241 13.8527 
331.0000 86.0000 25.5309 3.4561 8.3321 
332.0000 52.0000 28.7196 34.6235 9.7204 
333.0000 114.0000 27.2703 22.7860 10.3904 
334.0000 118.0000 25.2954 46.7828 6.6606 
335.0000 91.0000 13.5541 25.6744 11.2395 
336.0000 38.0000 19.0432 25.8371 6.7632 
337.0000 28.0000 42.5366 47.6485 11.2305 
338.0000 23.0000 40.2771 25.2494 8.2240 
339.0000 49.0000 46.3898 5.7659 8.9020 
340.0000 22.0000 30.9792 40.1548 6.0881 
341.0000 75.0000 27.8197 37.9985 11.5511 
342.0000 86.0000 13.3139 10.2438 6.0421 
343.0000 93.0000 39.5236 3.7342 13.2241 
344.0000 114.0000 41.3839 34.2287 5.9101 
345.0000 99.0000 34.2424 37.9503 14.8256 
346.0000 33.0000 41.1106 13.3573 12.5262 
347.0000 111.0000 35.5734 28.8313 12.7011 
348.0000 83.0000 27.1123 25.6750 8.7403 
349.0000 70.0000 39.3683 47.7326 8.6823 
350.0000 77.0000 40.7040 29.3369 13.6846 
351.0000 80.0000 42.2619 41.5866 8.8048 
352.0000 50.0000 31.1045 14.6141 10.3115 
353.0000 27.0000 5.7282 21.2714 9.9654 
354.0000 42.0000 31.7012 15.1913 9.3939 
355.0000 104.0000 48.3884 41.3684 13.1078 
356.0000 71.0000 0.8002 26.7740 13.1226 
357.0000 28.0000 0.3826 3.5948 14.3608 
358.0000 119.0000 19.2262 15.4871 12.7276 
359.0000 24.0000 20.7690 37.9049 12.3561 
360.0000 80.0000 35.9631 11.5177 9.3158 
361.0000 32.0000 11.0365 40.6326 7.0747 
362.0000 113.0000 40.7923 4.4893 14.4943 
363.0000 39.0000 45.5385 23.2875 9.9893 
364.0000 112.0000 5.1393 36.3354 7.5149 
365.0000 116.0000 49.2840 43.1487 13.8047 
366.0000 58.0000 46.9956 4.4485 8.3585 
367.0000 78.0000 28.0432 33.6904 5.8792 
368.0000 107.0000 15.2054 38.2536 12.9362 
369.0000 21.0000 30.1002 34.1075 9.1587 
370.0000 83.0000 19.7326 21.9839 11.6940 
371.0000 55.0000 20.5318 33.9710 7.3742 
372.0000 114.0000 13.6053 35.0530 8.2467 
373.0000 79.0000 13.5192 46.3296 14.4871 
374.0000 83.0000 48.5828 2.1609 5.5431 
375.0000 69.0000 6.9818 3.7418 12.0044 
376.0000 72.0000 32.5175 36.4440 10.7487 
377.0000 42.0000 20.8271 10.3491 7.3156 
378.0000 26.0000 14.2221 17.6011 12.0273 
379.0000 35.0000 3.4730 14.2002 8.7196 
380.0000 85.0000 23.1702 48.9407 9.5642 
381.0000 41.0000 16.8468 17.0023 7.3213 
382.0000 82.0000 36.5448 19.9708 13.9450 
383.0000 99.0000 24.0009 15.6888 14.0787 
384.0000 86.0000 25.4088 22.4789 5.4877 
385.0000 80.0000 27.0981 16.5710 10.7541 
386.0000 55.0000 44.0146 46.3748 8.9891 
387.0000 75.0000 17.5486 6.8269 9.4701 
388.0000 53.0000 5.4814 32.1294 5.4827 
389.0000 26.0000 21.2130 9.2841 13.1606 
390.0000 78.0000 9.3099 41.1034 6.0805 
391.0000 23.0000 2.1036 9.4480 14.2629 
392.0000 106.0000 0.9968 12.7795 6.8726 
393.0000 106.0000 14.3018 40.5024 8.8141 
394.0000 48.0000 20.4351 47.8983 11.5392 
395.0000 28.0000 37.0951 10.4640 7.4240 
396.0000 71.0000 9.3861 29.4381 5.3211 
397.0000 66.0000 49.9190 22.5811 9.1111 
398.0000 70.0000 25.3391 26.0651 13.8092 
399.0000 112.0000 1.6459 40.0969 12.6914 
400.0000 87.0000 16.6839 47.4009 6.8183 
