0.0000 0.0000 25.0000 25.0000 0.0000 
1.0000 174.0000 4.2762 37.1115 13.3627 
2.0000 107.0000 32.8791 35.8317 10.4571 
3.0000 151.0000 38.7750 4.1477 11.1673 
4.0000 105.0000 44.1006 49.3481 6.2991 
5.0000 151.0000 39.5202 32.7111 8.3808 
6.0000 124.0000 20.8148 15.1857 8.3916 
7.0000 167.0000 12.6439 5.1110 11.2036 
8.0000 124.0000 0.3006 37.5062 13.5301 
9.0000 179.0000 35.8465 49.4862 10.8825 
10.0000 180.0000 29.6179 18.0930 9.7592 
11.0000 167.0000 14.7858 35.6457 9.9842 
12.0000 93.0000 27.4892 32.5119 14.2801 
13.0000 133.0000 38.6487 2.8844 6.8637 
14.0000 128.0000 38.1488 32.0557 5.3546 
15.0000 117.0000 21.9229 37.8118 12.1757 
16.0000 174.0000 16.5805 8.1325 11.9944 
17.0000 147.0000 15.4515 45.0092 9.3049 
18.0000 177.0000 9.5253 35.4554 5.7670 
19.0000 91.0000 48.0012 11.0112 10.3535 
20.0000 158.0000 40.7285 13.9773 13.1654 
21.0000 159.0000 1.3864 33.6895 6.4901 
22.0000 128.0000 31.1006 34.0815 5.5232 
23.0000 92.0000 9.2712 23.6091 12.1506 
24.0000 132.0000 17.2844 40.9984 5.6977 
25.0000 172.0000 22.7215 46.2923 14.3949 
26.0000 180.0000 9.2769 12.3312 5.7194 
27.0000 173.0000 37.7984 37.8625 7.4576 
28.0000 146.0000 39.6464 2.1924 11.1791 
29.0000 134.0000 20.1394 49.2944 8.9128 
30.0000 174.0000 20.6622 45.0496 14.4984 
31.0000 139.0000 19.9185 6.6605 7.5342 
32.0000 132.0000 40.6352 12.9451 11.1143 
33.0000 134.0000 29.4689 32.1153 10.1168 
34.0000 160.0000 32.3430 27.2092 11.1761 
35.0000 152.0000 37.2139 42.0445 8.9308 
36.0000 129.0000 48.9295 25.2543 14.1456 
37.0000 90.0000 45.7428 15.3306 12.6883 
38.0000 134.0000 3.8374 44.4942 8.6947 
39.0000 150.0000 42.1783 32.1210 12.7480 
40.0000 102.0000 7.4947 34.0788 5.7438 
41.0000 106.0000 41.5434 16.1746 8.1429 
42.0000 117.0000 30.3338 18.4789 5.5339 
43.0000 154.0000 44.5259 2.4207 7.1892 
44.0000 100.0000 39.4380 41.4497 9.2870 
45.0000 131.0000 6.4334 19.2369 7.8332 
46.0000 100.0000 16.7046 13.2248 8.2547 
47.0000 120.0000 22.0994 48.8074 12.7197 
48.0000 164.0000 6.0390 38.1847 12.4387 
49.0000 141.0000 49.2955 28.3213 5.2950 
50.0000 180.0000 47.2829 11.0591 11.4206 
51.0000 108.0000 46.6904 14.8731 10.8110 
52.0000 136.0000 42.4151 11.9921 11.9960 
53.0000 148.0000 48.9560 42.4257 8.3710 
54.0000 165.0000 20.1577 11.7909 14.3134 
55.0000 148.0000 41.2361 12.3163 9.4529 
56.0000 180.0000 1.8511 19.5851 14.0717 
57.0000 169.0000 46.3749 0.4876 5.2576 
58.0000 160.0000 22.5798 19.5910 7.0465 
59.0000 105.0000 1.7794 29.4116 6.5396 
60.0000 103.0000 25.3636 37.9800 7.4659 
61.0000 107.0000 41.3811 11.3119 7.7484 
62.0000 166.0000 0.8773 49.0012 13.5098 
63.0000 98.0000 20.0466 1.4077 6.9789 
64.0000 103.0000 42.6651 23.8976 6.4662 
65.0000 95.0000 29.3234 31.3059 7.4544 
66.0000 145.0000 17.1604 29.2082 6.2696 
67.0000 134.0000 19.8264 23.4182 7.4505 
68.0000 171.0000 9.5052 20.7042 14.8547 
69.0000 164.0000 35.2839 10.4341 6.9073 
70.0000 166.0000 6.4145 0.4120 5.9321 
71.0000 142.0000 31.4307 40.0383 6.5284 
72.0000 161.0000 43.5431 34.8644 8.7993 
73.0000 170.0000 32.0619 31.7551 7.2522 
74.0000 123.0000 11.9866 11.9906 13.2912 
75.0000 168.0000 38.0755 30.8657 5.8805 
76.0000 111.0000 11.9846 25.8616 7.6086 
77.0000 141.0000 14.9982 35.2615 7.1841 
78.0000 148.0000 23.6080 45.3819 13.1837 
79.0000 167.0000 5.7434 22.9640 9.4604 
80.0000 113.0000 36.9276 34.0490 13.5252 
81.0000 126.0000 35.9240 14.2398 11.8009 
82.0000 155.0000 19.9847 44.6641 11.9019 
83.0000 166.0000 27.3780 30.3197 7.7217 
84.0000 135.0000 34.7226 46.5597 5.0681 
85.0000 152.0000 19.0350 33.3314 9.4030 
86.0000 113.0000 20.5559 23.3172 13.3899 
87.0000 104.0000 27.4244 9.1410 8.0056 
88.0000 104.0000 1.4658 31.6106 11.0144 
89.0000 132.0000 25.0831 9.7678 12.3914 
90.0000 164.0000 1.4505 10.9460 8.5010 
91.0000 136.0000 33.6848 36.3052 5.9329 
92.0000 115.0000 33.8449 45.8457 8.3423 
93.0000 160.0000 1.7195 46.1840 14.8001 
94.0000 151.0000 43.7744 24.6890 10.7373 
95.0000 154.0000 37.7573 10.0910 12.2257 
96.0000 133.0000 27.7422 32.2099 14.7742 
97.0000 156.0000 1.9756 2.9079 8.9924 
98.0000 105.0000 22.2692 33.8964 13.5161 
99.0000 180.0000 20.1526 27.2312 8.1165 
100.0000 90.0000 48.3643 0.5653 9.5452 
101.0000 112.0000 21.5441 22.0136 6.8130 
102.0000 104.0000 27.3131 38.1964 10.6407 
103.0000 170.0000 14.1935 20.0288 7.4228 
104.0000 172.0000 27.1011 39.0466 8.9003 
105.0000 141.0000 12.3078 16.9964 6.4509 
106.0000 107.0000 10.7385 4.0638 8.8569 
107.0000 117.0000 21.4043 11.1689 14.2883 
108.0000 98.0000 17.4227 49.3474 12.0705 
109.0000 122.0000 12.6604 23.2373 7.5155 
110.0000 162.0000 12.6316 20.6096 14.2845 
111.0000 151.0000 21.5645 2.9000 10.7099 
112.0000 162.0000 25.8387 0.0052 5.9718 
113.0000 130.0000 33.7633 44.3829 11.3914 
114.0000 177.0000 1.2952 43.9588 10.3910 
115.0000 143.0000 34.3593 25.7021 13.8572 
116.0000 123.0000 26.2266 25.0283 14.3557 
117.0000 96.0000 21.0874 7.5910 14.3362 
118.0000 95.0000 5.2995 10.0316 5.5825 
119.0000 123.0000 14.5306 4.2326 12.1874 
120.0000 98.0000 5.1776 43.7371 10.8951 
121.0000 97.0000 24.9760 23.7731 9.3130 
122.0000 110.0000 20.7319 19.8123 5.0467 
123.0000 170.0000 31.0588 33.1158 8.4387 
124.0000 176.0000 41.2587 40.1444 5.1623 
125.0000 113.0000 9.5960 11.9116 6.3614 
126.0000 179.0000 14.1845 41.0062 12.4234 
127.0000 91.0000 29.6185 20.1868 9.0214 
128.0000 114.0000 45.5840 46.1163 9.8529 
129.0000 160.0000 11.1683 47.9027 9.8728 
130.0000 150.0000 1.0385 18.3013 11.9979 
131.0000 148.0000 0.1820 46.1967 14.0237 
132.0000 100.0000 6.4699 39.1699 10.2245 
133.0000 160.0000 4.6477 1.9924 9.9348 
134.0000 111.0000 17.5951 7.6260 5.2116 
135.0000 139.0000 24.5906 12.5849 7.9705 
136.0000 141.0000 38.5387 5.3145 12.3896 
137.0000 128.0000 5.9559 31.0204 11.5137 
138.0000 126.0000 14.5431 36.9722 6.8115 
139.0000 155.0000 11.8209 24.1259 5.0203 
140.0000 96.0000 17.8619 15.5383 11.3609 
141.0000 128.0000 31.5847 5.6207 11.7513 
142.0000 92.0000 5.3237 18.3012 9.5897 
143.0000 150.0000 43.9457 47.4795 13.9832 
144.0000 104.0000 9.6071 16.4474 5.6910 
145.0000 131.0000 45.7841 30.0137 5.4481 
146.0000 104.0000 4.1590 23.1667 9.1951 
147.0000 163.0000 41.2636 38.5753 12.3741 
148.0000 145.0000 6.6182 24.0682 10.0963 
149.0000 104.0000 17.2297 21.6266 6.9840 
150.0000 180.0000 6.6295 44.3648 12.7605 
151.0000 101.0000 0.1248 19.4850 10.4693 
152.0000 157.0000 42.6623 13.5929 7.4382 
153.0000 122.0000 6.4422 37.2985 5.5383 
154.0000 152.0000 43.7812 1.0466 8.5965 
155.0000 100.0000 33.5366 28.8636 6.5606 
156.0000 165.0000 6.3017 49.7035 14.9849 
157.0000 175.0000 4.2924 29.3211 5.6787 
158.0000 179.0000 16.6606 7.4574 10.2839 
159.0000 92.0000 35.4116 21.3131 14.7004 
160.0000 103.0000 13.9202 29.2827 6.3639 
161.0000 124.0000 11.8009 32.7855 12.8571 
162.0000 101.0000 9.0062 2.3339 5.2200 
163.0000 144.0000 32.1957 44.0718 10.9666 
164.0000 113.0000 14.1424 45.4189 13.5584 
165.0000 164.0000 10.6205 29.4545 12.3218 
166.0000 106.0000 32.7744 6.5206 14.8710 
167.0000 157.0000 2.6530 16.0183 10.2605 
168.0000 178.0000 21.0160 23.4084 7.1196 
169.0000 122.0000 38.6123 40.0285 9.3641 
170.0000 134.0000 46.0957 30.4310 5.7372 
171.0000 151.0000 45.0618 2.2781 9.8811 
172.0000 90.0000 19.2743 7.9351 5.2355 
173.0000 178.0000 27.2054 19.1054 6.2988 
174.0000 135.0000 42.7505 0.7796 12.3195 
175.0000 172.0000 4.0928 44.3984 14.6106 
176.0000 146.0000 24.1602 16.0476 7.9424 
177.0000 119.0000 35.7698 26.0894 8.1279 
178.0000 153.0000 5.8127 38.1164 8.8876 
179.0000 168.0000 3.2406 3.4574 8.0355 
180.0000 140.0000 7.4989 30.0871 11.7934 
181.0000 131.0000 41.1394 0.6091 7.4123 
182.0000 170.0000 44.2179 35.4031 11.7405 
183.0000 140.0000 42.3311 12.8870 5.2433 
184.0000 171.0000 29.8450 28.9021 9.3979 
185.0000 126.0000 43.0549 0.2888 5.2696 
186.0000 146.0000 25.0353 8.9609 14.5458 
187.0000 96.0000 31.5294 27.7505 5.8175 
188.0000 149.0000 3.0947 11.3176 11.6942 
189.0000 137.0000 42.5302 41.2235 7.7688 
190.0000 169.0000 10.5658 0.7457 10.8534 
191.0000 155.0000 26.7475 24.7019 6.7083 
192.0000 129.0000 35.8698 19.3105 11.5025 
193.0000 120.0000 1.3584 24.9465 8.3737 
194.0000 165.0000 46.6123 10.0865 8.7608 
195.0000 180.0000 17.2524 9.9056 10.4982 
196.0000 168.0000 48.8279 5.7270 11.4078 
197.0000 158.0000 6.7128 46.2283 5.7544 
198.0000 130.0000 34.7483 1.5648 12.9761 
199.0000 172.0000 44.5442 40.8829 9.4379 
200.0000 167.0000 39.8829 33.7576 8.7708 
