0.0000 0.0000 25.0000 25.0000 0.0000 
1.0000 50.0000 12.8142 47.8838 14.8471 
2.0000 93.0000 39.7387 44.9859 12.7114 
3.0000 30.0000 37.1330 44.4450 13.0439 
4.0000 32.0000 44.5421 35.5783 5.6139 
5.0000 35.0000 19.7071 26.6326 9.1462 
6.0000 54.0000 8.5320 44.4257 9.7925 
7.0000 94.0000 6.9084 28.8536 12.9130 
8.0000 116.0000 7.8144 23.7999 5.1032 
9.0000 54.0000 5.5408 3.5455 9.4050 
10.0000 31.0000 10.5604 34.2995 13.9376 
11.0000 59.0000 45.8959 45.9985 9.7389 
12.0000 98.0000 14.9437 25.6340 5.2627 
13.0000 69.0000 43.2444 32.9107 5.8201 
14.0000 108.0000 19.6218 21.8139 12.5851 
15.0000 55.0000 49.5108 25.0016 11.1062 
16.0000 90.0000 44.8491 6.6357 8.8474 
17.0000 108.0000 1.0293 29.5625 11.8242 
18.0000 53.0000 36.9191 9.4357 13.2357 
19.0000 60.0000 42.3965 42.9317 11.5119 
20.0000 118.0000 7.4128 1.1611 5.1140 
21.0000 72.0000 24.2701 5.2244 10.0671 
22.0000 107.0000 49.1333 43.5135 9.6033 
23.0000 39.0000 20.6339 14.9062 14.8537 
24.0000 76.0000 37.1722 35.3743 5.3707 
25.0000 37.0000 46.4233 32.1528 14.3289 
26.0000 86.0000 0.3163 40.2424 8.6290 
27.0000 66.0000 17.9593 22.4537 14.9385 
28.0000 120.0000 42.7415 29.4072 7.0623 
29.0000 57.0000 34.8517 9.2931 12.6945 
30.0000 91.0000 47.0185 17.4069 12.3727 
31.0000 73.0000 21.7427 40.0489 9.7035 
32.0000 76.0000 3.1573 24.2925 6.6052 
33.0000 113.0000 48.1520 41.3963 6.0830 
34.0000 59.0000 23.4048 38.8746 12.2602 
35.0000 104.0000 6.0567 37.7744 11.3767 
36.0000 98.0000 34.7674 25.7030 11.7529 
37.0000 84.0000 6.0094 36.1896 6.8515 
38.0000 86.0000 40.9405 3.0013 9.8328 
39.0000 43.0000 34.4737 0.5861 6.8278 
40.0000 74.0000 10.5323 7.3147 14.6509 
41.0000 90.0000 21.0955 42.8115 7.0861 
42.0000 66.0000 2.5484 12.8548 7.0050 
43.0000 111.0000 32.5948 11.2405 9.7078 
44.0000 54.0000 9.7581 21.7407 8.6242 
45.0000 75.0000 24.0076 19.3598 14.1804 
46.0000 105.0000 5.9608 27.9145 14.3315 
47.0000 93.0000 25.1833 29.2845 8.8043 
48.0000 73.0000 25.4291 48.6297 12.2666 
49.0000 82.0000 36.2421 42.7027 12.5334 
50.0000 63.0000 15.2418 2.3682 11.8108 
51.0000 60.0000 43.8187 32.2517 6.3653 
52.0000 44.0000 22.0402 39.5885 7.7265 
53.0000 99.0000 21.0089 0.1766 12.0422 
54.0000 68.0000 40.0919 34.9778 12.3010 
55.0000 67.0000 31.0691 22.9962 13.6018 
56.0000 105.0000 46.3008 46.8754 13.0833 
57.0000 70.0000 12.9984 5.0719 8.9835 
58.0000 84.0000 40.9679 24.0537 13.0082 
59.0000 81.0000 38.8601 46.1845 10.6469 
60.0000 72.0000 41.3861 0.9048 13.2693 
61.0000 109.0000 7.1725 30.3538 5.3009 
62.0000 109.0000 44.9835 16.8658 9.2267 
63.0000 72.0000 1.6397 20.4908 8.9525 
64.0000 42.0000 48.4025 47.4665 10.3495 
65.0000 79.0000 19.6014 18.4006 13.8791 
66.0000 79.0000 8.6223 18.2802 11.1441 
67.0000 46.0000 46.6984 29.1384 8.6405 
68.0000 65.0000 14.6435 12.3971 5.4312 
69.0000 104.0000 12.7489 21.5230 14.5622 
70.0000 72.0000 15.4857 38.7885 14.5246 
71.0000 89.0000 47.1990 17.2252 12.7056 
72.0000 51.0000 38.8206 25.6411 13.7041 
73.0000 103.0000 4.8549 29.2608 10.5884 
74.0000 113.0000 6.9700 32.9566 8.5829 
75.0000 93.0000 36.8248 9.2845 7.4176 
