0.0000 0.0000 25.0000 25.0000 0.0000 
1.0000 94.0000 0.4914 42.8847 9.6847 
2.0000 96.0000 16.9053 1.9171 9.1552 
3.0000 68.0000 14.8901 8.7299 8.1211 
4.0000 138.0000 30.4423 32.7210 13.3107 
5.0000 126.0000 43.7829 29.4517 8.0864 
6.0000 104.0000 33.8436 36.5583 8.3540 
7.0000 104.0000 2.0950 4.6762 13.3590 
8.0000 66.0000 42.4741 44.7462 11.9423 
9.0000 68.0000 10.1641 11.0593 14.4725 
10.0000 140.0000 5.5652 39.0023 14.3353 
11.0000 62.0000 15.0218 29.8645 6.5172 
12.0000 87.0000 40.0852 15.5917 8.2356 
13.0000 136.0000 49.5642 28.3098 9.4074 
14.0000 139.0000 37.1795 35.5669 6.8811 
15.0000 141.0000 35.9756 1.7021 6.9630 
16.0000 61.0000 34.0774 1.5484 8.7474 
17.0000 137.0000 12.8260 33.5227 6.4127 
18.0000 71.0000 28.4670 45.0805 11.1871 
19.0000 113.0000 17.5569 1.0008 13.3033 
20.0000 86.0000 47.3479 33.7443 9.6324 
21.0000 85.0000 1.0635 41.0067 12.6923 
22.0000 124.0000 31.3432 3.6990 6.2870 
23.0000 112.0000 27.1179 5.5436 6.0966 
24.0000 82.0000 40.9494 26.3812 13.8800 
25.0000 135.0000 15.8815 8.5068 12.4110 
26.0000 104.0000 24.2389 45.0990 5.0674 
27.0000 74.0000 21.1059 39.4774 11.3343 
28.0000 96.0000 47.2746 12.0288 10.3966 
29.0000 86.0000 18.0941 20.4514 8.2579 
30.0000 102.0000 30.3463 37.5683 10.0477 
31.0000 62.0000 5.1761 17.0954 14.2882 
32.0000 61.0000 44.3602 20.6989 10.0171 
33.0000 108.0000 49.8856 34.1531 9.0729 
34.0000 63.0000 14.8922 40.0603 10.1963 
35.0000 124.0000 20.7660 25.4422 9.4849 
36.0000 103.0000 5.2504 40.5424 9.9150 
37.0000 148.0000 40.6209 35.1123 5.1811 
38.0000 135.0000 45.9059 30.0567 14.9802 
39.0000 83.0000 19.3670 42.7994 10.3526 
40.0000 116.0000 33.9220 14.1177 10.6438 
41.0000 70.0000 32.5677 17.9558 5.0369 
42.0000 83.0000 19.9632 8.4306 6.6808 
43.0000 116.0000 22.1686 28.5746 5.6768 
44.0000 90.0000 9.8361 24.7777 5.9950 
45.0000 63.0000 30.3485 44.6666 14.5302 
46.0000 104.0000 29.9206 22.4407 8.0231 
47.0000 125.0000 39.8611 48.5047 9.5312 
48.0000 102.0000 6.6334 17.1030 11.4544 
49.0000 118.0000 20.4235 17.2630 8.3884 
50.0000 126.0000 5.9112 49.9930 14.6849 
51.0000 106.0000 46.3195 1.0560 5.9893 
52.0000 94.0000 35.1460 4.2265 13.7222 
53.0000 89.0000 6.9855 33.9251 11.0057 
54.0000 101.0000 10.5660 22.8555 5.4635 
55.0000 146.0000 35.7200 3.0505 12.6021 
56.0000 144.0000 32.6578 3.4116 10.9405 
57.0000 65.0000 20.5283 49.0493 11.8994 
58.0000 142.0000 25.8530 23.3831 13.8689 
59.0000 60.0000 3.6109 39.5156 6.2429 
60.0000 113.0000 21.6852 39.2315 5.0317 
61.0000 137.0000 28.7532 38.7644 12.0658 
62.0000 138.0000 30.2865 46.4209 11.2640 
63.0000 103.0000 31.5340 1.3841 9.9445 
64.0000 88.0000 32.1489 18.1453 14.4526 
65.0000 76.0000 30.2852 38.1235 13.0420 
66.0000 115.0000 6.0901 23.3304 10.2484 
67.0000 98.0000 28.6906 25.7548 13.9814 
68.0000 142.0000 46.3999 42.6516 10.0944 
69.0000 69.0000 9.7108 34.0936 9.1120 
70.0000 90.0000 6.4975 13.7397 9.4981 
71.0000 69.0000 7.7785 41.6836 8.3831 
72.0000 129.0000 34.2014 7.7242 14.0235 
73.0000 98.0000 40.7993 2.7345 7.9773 
74.0000 110.0000 37.6772 42.5474 5.5116 
75.0000 108.0000 28.9471 41.7837 9.8721 
76.0000 139.0000 25.3204 11.9783 6.9344 
77.0000 95.0000 26.2594 3.1495 10.0017 
78.0000 131.0000 39.2185 20.9892 14.6059 
79.0000 132.0000 23.5796 21.8620 7.0876 
80.0000 75.0000 30.8626 13.4041 5.3903 
81.0000 70.0000 11.7892 9.3816 7.6008 
82.0000 70.0000 43.4816 1.8205 7.9896 
83.0000 61.0000 9.1977 43.7638 7.6092 
84.0000 129.0000 12.0126 49.4456 7.8651 
85.0000 147.0000 26.0824 47.1673 9.0894 
86.0000 72.0000 36.3567 7.8679 8.8881 
87.0000 78.0000 18.0441 0.4762 9.3499 
88.0000 140.0000 20.5376 31.0200 11.7177 
89.0000 100.0000 29.3540 27.7050 7.4227 
90.0000 142.0000 38.8849 47.4869 10.8840 
91.0000 139.0000 35.7230 48.8913 7.5964 
92.0000 65.0000 24.0336 3.8398 5.7753 
93.0000 88.0000 47.9106 12.7834 11.5451 
94.0000 72.0000 39.7298 23.4242 6.5593 
95.0000 73.0000 19.8754 7.1870 9.9580 
96.0000 141.0000 11.4473 1.6982 13.5953 
97.0000 108.0000 13.1292 24.2801 14.9772 
98.0000 122.0000 16.2537 25.2647 10.1321 
99.0000 98.0000 42.1888 17.7876 7.2512 
100.0000 83.0000 10.1080 13.3456 8.7379 
101.0000 61.0000 16.6853 38.6040 10.2508 
102.0000 145.0000 19.7193 16.8947 10.6427 
103.0000 128.0000 11.3785 22.8172 8.3962 
104.0000 85.0000 10.4044 19.6875 8.3375 
105.0000 61.0000 26.9945 5.5888 14.3629 
106.0000 131.0000 45.2626 18.5548 10.8451 
107.0000 134.0000 45.9730 31.7235 7.1550 
108.0000 65.0000 32.9039 27.9701 7.3589 
109.0000 67.0000 4.8503 20.0371 9.0745 
110.0000 126.0000 17.3451 7.8434 7.8725 
111.0000 65.0000 47.0014 7.3982 5.9031 
112.0000 69.0000 3.8732 36.0157 5.0914 
113.0000 87.0000 42.4921 40.9469 12.1917 
114.0000 88.0000 12.4569 18.3193 6.1764 
115.0000 87.0000 20.8720 46.0053 13.5729 
116.0000 122.0000 34.0457 22.0616 14.1738 
117.0000 116.0000 36.3677 8.4407 12.6112 
118.0000 81.0000 9.5267 16.3930 8.4644 
119.0000 72.0000 40.5685 3.5287 12.7539 
120.0000 78.0000 9.4506 3.2765 12.4252 
121.0000 147.0000 35.0657 49.5595 8.5436 
122.0000 130.0000 14.5635 40.9778 13.0211 
123.0000 90.0000 32.3431 49.8459 13.4760 
124.0000 129.0000 7.1612 3.2848 5.1760 
125.0000 92.0000 45.5841 19.0864 12.7473 
126.0000 86.0000 25.4823 22.7024 13.9551 
127.0000 79.0000 41.3137 1.5551 9.1454 
128.0000 105.0000 1.5848 47.2049 7.1483 
129.0000 128.0000 32.6891 38.9757 11.3142 
130.0000 82.0000 5.2707 48.7767 8.6881 
131.0000 87.0000 24.1628 2.6016 12.1528 
132.0000 131.0000 28.9720 9.6254 6.2220 
133.0000 123.0000 47.3648 11.7762 5.0571 
134.0000 66.0000 14.8378 37.5020 11.6260 
135.0000 136.0000 37.5530 12.8737 9.8971 
136.0000 102.0000 18.0212 45.7618 10.4181 
137.0000 139.0000 20.8170 21.2141 7.3646 
138.0000 140.0000 42.9315 21.3845 12.9969 
139.0000 136.0000 26.8076 27.5184 9.3393 
140.0000 142.0000 17.5373 17.2099 7.9813 
141.0000 66.0000 41.3553 20.4450 7.5404 
142.0000 115.0000 6.8789 10.7177 8.1688 
143.0000 99.0000 17.5925 22.3361 10.7236 
144.0000 102.0000 16.5836 48.1425 5.4673 
145.0000 123.0000 29.6089 18.3173 5.3880 
146.0000 105.0000 39.0426 48.3746 5.8742 
147.0000 116.0000 43.0063 11.0494 7.6180 
148.0000 115.0000 48.9277 1.2226 11.0091 
149.0000 118.0000 7.3671 41.6122 10.0581 
150.0000 140.0000 20.6839 3.9708 11.0686 
151.0000 121.0000 49.2229 41.9485 14.6821 
152.0000 76.0000 3.3672 41.0027 7.3926 
153.0000 118.0000 0.2982 20.0644 6.5721 
154.0000 66.0000 46.3223 47.5159 9.1592 
155.0000 92.0000 22.2029 9.2318 7.6233 
156.0000 118.0000 39.4975 7.4156 11.4376 
157.0000 96.0000 36.5830 0.4022 11.4711 
158.0000 85.0000 39.8310 4.9277 7.4756 
159.0000 74.0000 47.0899 41.6524 8.5125 
160.0000 129.0000 8.2057 36.8588 9.4802 
161.0000 99.0000 42.3867 47.6193 14.1631 
162.0000 122.0000 19.2908 12.9355 11.7568 
163.0000 135.0000 45.4911 38.8367 14.0214 
164.0000 121.0000 32.0635 10.4650 5.2558 
165.0000 138.0000 25.9074 20.3512 6.5559 
166.0000 130.0000 29.6693 1.1482 11.6678 
167.0000 111.0000 1.6253 23.1547 11.5465 
168.0000 61.0000 9.9725 7.8015 6.9493 
169.0000 63.0000 13.2678 2.0486 9.0322 
170.0000 96.0000 32.0366 21.8384 6.5619 
171.0000 112.0000 25.5449 27.4326 13.7756 
172.0000 84.0000 41.6729 45.4354 6.6488 
173.0000 114.0000 8.3300 43.6564 7.1057 
174.0000 95.0000 31.4301 49.9049 6.9629 
175.0000 102.0000 14.6561 48.8230 11.7330 
176.0000 147.0000 44.6819 48.5942 13.1508 
177.0000 91.0000 49.1710 46.0924 8.9874 
178.0000 121.0000 35.4229 26.0318 14.1915 
179.0000 133.0000 30.3679 34.3947 11.3535 
180.0000 77.0000 11.4389 46.3613 12.8681 
181.0000 70.0000 3.1930 22.1551 14.7668 
182.0000 62.0000 29.0550 47.8138 5.5074 
183.0000 129.0000 41.7901 35.2326 8.8307 
184.0000 104.0000 20.6541 8.9353 14.8005 
185.0000 122.0000 31.4646 46.7316 13.1265 
186.0000 124.0000 13.1021 21.7525 6.2367 
187.0000 115.0000 37.5441 3.7567 5.6415 
188.0000 108.0000 49.3989 11.9049 12.1761 
189.0000 63.0000 14.1355 32.7338 13.4536 
190.0000 149.0000 40.7314 41.1327 9.1278 
191.0000 141.0000 15.3578 16.5348 14.0721 
192.0000 72.0000 38.7144 30.0371 10.9199 
193.0000 112.0000 33.5775 31.4514 13.8999 
194.0000 129.0000 41.3403 0.8481 11.2025 
195.0000 125.0000 2.3913 13.8598 8.6628 
196.0000 132.0000 27.7093 11.5146 11.8693 
197.0000 71.0000 14.1815 41.3884 13.3643 
198.0000 91.0000 17.1665 47.4684 14.8241 
199.0000 95.0000 1.5245 32.5786 9.0715 
200.0000 86.0000 28.9148 30.3647 6.0447 
201.0000 88.0000 5.0361 21.3684 14.3553 
202.0000 86.0000 41.3698 42.7167 6.5380 
203.0000 105.0000 34.3024 41.0277 12.2041 
204.0000 90.0000 14.7669 23.5708 13.5542 
205.0000 60.0000 1.1979 2.6445 12.5979 
206.0000 132.0000 20.4324 36.6965 5.2066 
207.0000 124.0000 2.1247 12.1666 12.8964 
208.0000 92.0000 8.4610 8.3882 9.5772 
209.0000 123.0000 11.3197 7.4946 8.2057 
210.0000 61.0000 12.3746 39.9596 8.6518 
211.0000 118.0000 9.9745 27.2898 11.1999 
212.0000 76.0000 2.3997 25.3294 11.2741 
213.0000 129.0000 31.4611 24.9095 9.1538 
214.0000 90.0000 20.6837 30.4835 6.5597 
215.0000 141.0000 47.6925 39.1583 14.8861 
216.0000 130.0000 15.9630 12.0857 9.6866 
217.0000 148.0000 38.2765 11.1694 7.7404 
218.0000 137.0000 12.2630 39.4291 14.5867 
219.0000 64.0000 20.6108 20.6715 11.5770 
220.0000 141.0000 22.8905 1.4957 12.2880 
221.0000 75.0000 20.7590 29.8736 12.7941 
222.0000 138.0000 19.3630 38.0057 10.5999 
223.0000 111.0000 25.1482 7.8681 13.8052 
224.0000 150.0000 42.9181 23.6933 9.3773 
225.0000 106.0000 10.3930 45.9660 9.4766 
226.0000 104.0000 28.0856 44.3928 12.8884 
227.0000 77.0000 22.9657 33.6928 6.3505 
228.0000 140.0000 49.4021 36.6537 7.3778 
229.0000 65.0000 1.7075 4.6490 14.0379 
230.0000 60.0000 27.1642 24.9109 8.8785 
231.0000 74.0000 27.0719 9.8684 9.2306 
232.0000 141.0000 23.8448 30.1600 5.3135 
233.0000 145.0000 35.6043 33.4849 7.3828 
234.0000 118.0000 6.9000 47.6381 13.2536 
235.0000 96.0000 44.3928 18.1369 8.8637 
236.0000 148.0000 47.5953 7.8109 7.1594 
237.0000 83.0000 32.8941 43.8489 14.7986 
238.0000 74.0000 37.6914 25.1208 13.9207 
239.0000 77.0000 16.8071 7.1506 14.2251 
240.0000 84.0000 21.7186 47.2204 9.0362 
241.0000 150.0000 36.3112 24.6798 7.6404 
242.0000 88.0000 16.9239 35.4813 7.7069 
243.0000 80.0000 15.1724 19.2314 9.3140 
244.0000 108.0000 38.7190 39.2498 10.7323 
245.0000 77.0000 48.8876 46.6763 5.4525 
246.0000 75.0000 36.8159 33.9398 14.5256 
247.0000 135.0000 31.1842 8.5450 10.8230 
248.0000 140.0000 2.8679 5.2234 14.4959 
249.0000 78.0000 45.9784 4.5767 13.4468 
250.0000 125.0000 16.5834 19.4778 5.2463 
251.0000 88.0000 10.0584 43.5989 14.2712 
252.0000 123.0000 0.1514 15.8737 13.8705 
253.0000 96.0000 22.9790 39.7789 7.1080 
254.0000 130.0000 40.4780 45.4668 10.2650 
255.0000 123.0000 12.1931 49.6610 13.4219 
256.0000 141.0000 5.4041 24.7853 6.0038 
257.0000 150.0000 8.0917 44.4139 11.6023 
258.0000 64.0000 31.8620 21.1145 14.2495 
259.0000 117.0000 38.9684 0.6263 9.2697 
260.0000 105.0000 32.0651 38.5871 12.8317 
261.0000 109.0000 16.2959 44.5380 10.6594 
262.0000 135.0000 2.4716 39.6735 6.3868 
263.0000 144.0000 6.8078 12.1346 13.9053 
264.0000 96.0000 33.1908 3.1709 8.5231 
265.0000 74.0000 7.9682 21.6623 10.2860 
266.0000 106.0000 21.7095 28.4699 8.3886 
267.0000 124.0000 48.2016 49.8261 8.1460 
268.0000 89.0000 8.6450 3.2379 12.7948 
269.0000 148.0000 44.7058 41.8675 9.5527 
270.0000 147.0000 42.1475 29.1583 5.9893 
271.0000 98.0000 0.9003 1.3059 12.4826 
272.0000 60.0000 2.9541 48.2194 9.2611 
273.0000 98.0000 27.0427 18.0856 12.0971 
274.0000 123.0000 46.3740 25.5338 7.7633 
275.0000 79.0000 23.4470 7.7814 7.7922 
276.0000 78.0000 6.2034 22.9590 7.6272 
277.0000 121.0000 27.0909 13.3121 12.1853 
278.0000 134.0000 43.7439 35.0168 8.5356 
279.0000 113.0000 6.3394 35.6775 9.4382 
280.0000 123.0000 41.5709 10.5355 11.6208 
281.0000 142.0000 35.3600 16.1550 12.4273 
282.0000 132.0000 32.6158 37.9705 8.3220 
283.0000 101.0000 35.7831 26.9670 13.0968 
284.0000 142.0000 8.1758 31.4254 9.1056 
285.0000 132.0000 15.4627 30.4170 11.2940 
286.0000 141.0000 32.9610 10.7904 8.9419 
287.0000 69.0000 23.2850 45.3802 10.0729 
288.0000 84.0000 43.7042 6.1291 12.8825 
289.0000 110.0000 10.5287 48.0374 9.0522 
290.0000 137.0000 4.7462 14.1442 7.8930 
291.0000 91.0000 10.4199 30.8729 6.5985 
292.0000 103.0000 35.2608 3.9073 7.1009 
293.0000 149.0000 42.2348 20.0335 10.6935 
294.0000 130.0000 14.9379 30.5345 6.0999 
295.0000 80.0000 27.0274 34.5095 10.3981 
296.0000 143.0000 15.4602 17.0661 5.0685 
297.0000 85.0000 15.5835 45.0263 12.1491 
298.0000 129.0000 9.5645 40.7479 10.5700 
299.0000 95.0000 39.8565 5.1512 10.3965 
300.0000 71.0000 34.3265 30.8049 14.1671 
