0.0000 0.0000 25.0000 25.0000 0.0000 
1.0000 127.0000 37.7374 33.0776 11.2332 
2.0000 123.0000 14.8521 42.6400 9.1812 
3.0000 113.0000 33.4898 4.6300 8.6644 
4.0000 127.0000 36.5231 42.7060 14.0239 
5.0000 145.0000 29.5372 21.0062 5.5114 
6.0000 82.0000 15.9160 27.1813 13.0488 
7.0000 131.0000 30.9044 4.9317 7.1755 
8.0000 108.0000 16.7369 43.0557 5.4785 
9.0000 62.0000 30.6549 13.4268 10.6994 
10.0000 134.0000 3.9539 28.0662 12.0975 
11.0000 101.0000 30.1776 44.1773 5.4485 
12.0000 71.0000 6.6570 18.6976 5.0986 
13.0000 115.0000 47.9978 18.7747 6.7502 
14.0000 87.0000 30.8966 41.6872 11.5219 
15.0000 85.0000 17.6368 27.6759 10.1253 
16.0000 91.0000 42.4113 49.7199 6.2616 
17.0000 127.0000 30.3991 23.6356 11.6589 
18.0000 60.0000 36.5821 33.4595 7.8033 
19.0000 98.0000 4.7598 14.6251 7.0615 
20.0000 86.0000 17.9311 29.4855 6.6899 
21.0000 71.0000 33.3568 15.9171 13.3950 
22.0000 70.0000 11.9315 21.9368 6.1426 
23.0000 146.0000 25.5901 48.6935 5.5091 
24.0000 95.0000 41.5583 10.9140 11.9148 
25.0000 100.0000 33.4984 11.2188 7.7757 
26.0000 148.0000 44.7744 22.8785 12.1247 
27.0000 136.0000 39.2893 11.0160 8.4392 
28.0000 131.0000 1.6750 20.9456 6.7717 
29.0000 83.0000 17.2970 19.0253 7.2908 
30.0000 137.0000 14.9217 1.4998 8.3124 
31.0000 113.0000 26.9391 6.9552 5.6964 
32.0000 142.0000 8.8783 30.2265 6.2203 
33.0000 86.0000 2.4812 27.2581 14.0024 
34.0000 132.0000 41.9886 43.4950 11.8988 
35.0000 100.0000 34.9414 28.4053 13.7220 
36.0000 119.0000 17.3407 13.6390 5.1194 
37.0000 81.0000 7.8340 24.6977 5.1805 
38.0000 114.0000 18.8242 41.2905 7.0966 
39.0000 103.0000 21.2398 0.6709 11.0104 
40.0000 126.0000 23.3828 35.1733 8.4104 
41.0000 135.0000 23.8854 29.6873 5.3865 
42.0000 91.0000 48.6472 40.0954 13.8337 
43.0000 96.0000 26.5051 45.9767 10.2080 
44.0000 145.0000 45.1440 18.2656 11.5898 
45.0000 117.0000 39.9923 19.8501 13.5234 
46.0000 110.0000 4.4006 23.3907 13.1968 
47.0000 94.0000 24.9111 6.1374 9.5256 
48.0000 96.0000 46.6450 41.7853 12.4548 
49.0000 93.0000 34.6084 29.6888 9.6328 
50.0000 131.0000 20.9611 45.8537 12.3826 
51.0000 104.0000 18.5624 17.4876 14.6913 
52.0000 149.0000 34.0436 2.3016 10.1190 
53.0000 116.0000 16.5152 10.8388 5.8797 
54.0000 104.0000 19.6469 40.2079 14.6040 
55.0000 74.0000 14.4192 42.2097 13.5369 
56.0000 119.0000 1.7916 18.4578 12.9284 
57.0000 140.0000 41.6037 23.8669 13.9079 
58.0000 71.0000 3.5244 8.0351 9.4817 
59.0000 74.0000 14.0624 44.3706 12.7508 
60.0000 85.0000 2.4440 31.2721 8.8998 
61.0000 78.0000 14.1636 39.7070 6.3385 
62.0000 89.0000 46.4756 21.4611 5.4661 
63.0000 127.0000 19.4513 42.1907 7.3616 
64.0000 77.0000 23.0524 40.7994 6.7760 
65.0000 134.0000 25.6261 8.5992 14.2640 
66.0000 109.0000 36.3676 34.6003 14.4837 
67.0000 133.0000 15.7532 34.8096 5.0486 
68.0000 108.0000 35.0090 37.7406 6.9227 
69.0000 108.0000 13.1117 36.8278 6.2516 
70.0000 111.0000 2.0303 35.2702 7.2604 
71.0000 135.0000 38.3601 2.4321 13.2247 
72.0000 122.0000 26.1108 36.8951 13.2583 
73.0000 140.0000 43.7430 43.3200 14.5008 
74.0000 141.0000 4.7974 49.5238 10.2545 
75.0000 144.0000 40.4768 17.1845 7.1155 
76.0000 74.0000 13.8730 47.8527 12.5207 
77.0000 70.0000 24.3216 3.6998 9.2034 
78.0000 121.0000 14.0052 19.7663 9.5904 
79.0000 75.0000 13.5354 13.9915 7.9720 
80.0000 81.0000 29.4538 17.2044 8.9219 
81.0000 86.0000 46.7396 18.6754 6.9324 
82.0000 105.0000 44.0085 18.2696 11.1919 
83.0000 140.0000 39.7445 37.2223 14.7237 
84.0000 74.0000 3.9532 5.5450 10.1265 
85.0000 77.0000 2.2638 31.6925 13.7255 
86.0000 150.0000 0.9882 48.7879 12.5846 
87.0000 88.0000 5.4391 36.5237 9.1174 
88.0000 94.0000 9.6398 34.2740 12.3865 
89.0000 104.0000 27.6984 29.4889 7.9172 
90.0000 120.0000 35.2641 49.2998 8.9571 
91.0000 67.0000 38.5997 0.1013 14.7472 
92.0000 105.0000 25.6926 47.3902 9.1885 
93.0000 133.0000 19.9499 33.0034 9.3145 
94.0000 133.0000 49.9569 7.6431 12.0652 
95.0000 102.0000 46.3439 19.7076 11.9420 
96.0000 74.0000 33.9422 14.7947 12.9226 
97.0000 124.0000 45.3663 8.0396 9.2290 
98.0000 133.0000 1.1112 37.7133 14.3528 
99.0000 135.0000 40.0416 34.9163 7.0305 
100.0000 126.0000 26.6298 36.9476 12.7380 
101.0000 67.0000 42.1046 36.8818 10.2770 
102.0000 111.0000 6.3097 42.7279 8.4688 
103.0000 94.0000 38.7490 38.2425 7.9712 
104.0000 62.0000 2.7423 49.6439 7.8137 
105.0000 79.0000 48.1285 13.0375 10.0418 
106.0000 96.0000 43.4189 7.0688 14.8340 
107.0000 104.0000 48.2435 35.4179 8.5578 
108.0000 79.0000 30.8870 11.0673 12.2751 
109.0000 88.0000 40.5424 11.1981 13.7526 
110.0000 127.0000 8.0542 18.6542 12.3768 
111.0000 98.0000 17.1755 45.2304 12.4650 
112.0000 129.0000 19.0654 19.0386 8.2807 
113.0000 89.0000 14.2945 0.7660 12.3557 
114.0000 75.0000 34.1026 14.2527 5.3542 
115.0000 99.0000 31.9250 36.2267 14.1134 
116.0000 138.0000 28.8387 32.3221 12.6161 
117.0000 80.0000 22.0135 26.7842 13.3931 
118.0000 86.0000 39.9791 41.6451 7.8408 
119.0000 136.0000 14.2475 21.5172 11.1265 
120.0000 136.0000 37.5298 37.4925 6.4324 
121.0000 109.0000 6.9804 29.5723 14.3069 
122.0000 88.0000 12.2232 0.4582 10.6889 
123.0000 88.0000 20.5564 18.3069 11.5183 
124.0000 129.0000 33.8155 15.2629 12.8241 
125.0000 91.0000 15.6617 27.9934 12.4522 
126.0000 139.0000 6.5448 41.3343 11.8421 
127.0000 143.0000 20.6947 32.0156 7.1551 
128.0000 132.0000 3.3784 40.2789 7.0671 
129.0000 82.0000 39.6650 30.7318 7.2740 
130.0000 98.0000 14.5163 11.8127 5.6406 
131.0000 122.0000 32.2574 16.3385 14.2345 
132.0000 113.0000 12.1410 43.4030 7.5865 
133.0000 119.0000 34.8306 20.7762 10.6102 
134.0000 122.0000 22.0025 34.4138 14.5770 
135.0000 118.0000 33.0798 49.9198 7.4885 
136.0000 129.0000 22.2924 4.0358 8.3421 
137.0000 72.0000 28.9747 26.8882 5.8582 
138.0000 101.0000 42.5117 14.9985 7.1283 
139.0000 94.0000 10.9505 16.5578 13.3810 
140.0000 89.0000 40.2147 43.6300 7.4447 
141.0000 73.0000 34.4943 46.2310 9.0123 
142.0000 147.0000 37.0172 29.7929 5.2141 
143.0000 92.0000 33.9097 4.4525 8.5003 
144.0000 78.0000 13.2449 26.6090 10.5760 
145.0000 88.0000 1.3828 20.3664 10.2240 
146.0000 87.0000 30.1857 44.6848 10.0470 
147.0000 69.0000 5.9633 16.5648 6.3891 
148.0000 84.0000 10.8679 47.4836 6.5713 
149.0000 83.0000 7.8212 8.7519 9.3353 
150.0000 79.0000 45.9730 37.1206 10.4917 
151.0000 105.0000 43.1833 0.7328 5.3576 
152.0000 66.0000 32.0330 38.2903 9.9992 
153.0000 96.0000 25.1194 6.0987 10.6837 
154.0000 108.0000 19.4574 18.3351 6.7589 
155.0000 91.0000 35.1917 7.4083 13.2989 
156.0000 105.0000 48.9195 36.1900 8.5601 
157.0000 85.0000 12.6582 1.0313 9.6386 
158.0000 116.0000 38.6860 13.0922 12.7205 
159.0000 64.0000 24.7847 19.9666 13.4814 
160.0000 82.0000 12.5604 10.9268 7.7338 
161.0000 139.0000 30.6182 49.9314 8.8059 
162.0000 144.0000 23.9335 8.6350 12.1940 
163.0000 68.0000 6.3437 9.4005 11.4639 
164.0000 143.0000 34.4729 45.9910 13.0330 
165.0000 78.0000 41.1590 3.9507 14.8919 
166.0000 98.0000 7.8049 21.4604 6.2205 
167.0000 98.0000 36.5745 48.3845 11.6038 
168.0000 103.0000 0.7494 36.6997 6.4362 
169.0000 86.0000 37.7753 12.0454 9.2991 
170.0000 85.0000 48.2221 36.0857 12.6023 
171.0000 118.0000 6.3692 7.1480 7.3494 
172.0000 101.0000 9.2770 29.6097 5.1015 
173.0000 76.0000 19.1859 2.8550 10.2444 
174.0000 61.0000 32.6257 22.8172 5.3045 
175.0000 134.0000 25.3880 33.4697 11.6189 
176.0000 61.0000 29.6810 32.7330 8.2536 
177.0000 117.0000 23.5311 44.8150 7.7661 
178.0000 71.0000 9.1211 30.8281 9.1133 
179.0000 77.0000 25.3694 30.2643 10.7994 
180.0000 105.0000 9.6432 46.6266 11.0334 
181.0000 128.0000 7.8490 26.0495 6.8040 
182.0000 66.0000 44.9975 20.6329 5.9872 
183.0000 87.0000 0.1877 10.1534 14.3234 
184.0000 96.0000 8.0989 33.1793 11.6861 
185.0000 66.0000 11.6883 15.9389 7.0203 
186.0000 145.0000 35.6084 33.7317 9.9529 
187.0000 62.0000 47.5279 32.1611 12.4669 
188.0000 105.0000 16.2676 23.4696 11.5602 
189.0000 131.0000 35.1443 42.0578 9.6498 
190.0000 126.0000 33.1480 1.0169 7.6953 
191.0000 111.0000 42.7829 5.5539 8.6914 
192.0000 87.0000 8.1212 48.6633 13.6257 
193.0000 98.0000 49.9696 16.5847 12.5077 
194.0000 145.0000 13.9762 10.7853 13.8727 
195.0000 112.0000 17.6581 9.3808 8.1301 
196.0000 77.0000 34.2424 23.0388 7.2708 
197.0000 76.0000 38.2980 38.2754 8.4683 
198.0000 84.0000 22.3296 3.8555 6.5284 
199.0000 122.0000 39.7142 12.3495 5.2356 
200.0000 81.0000 17.3566 21.9638 6.3936 
201.0000 60.0000 30.1426 37.1904 14.1343 
202.0000 106.0000 6.4117 6.3970 12.5081 
203.0000 99.0000 35.5309 18.3728 13.6795 
204.0000 111.0000 0.6159 25.2092 5.1878 
205.0000 101.0000 12.3717 28.2286 8.6174 
206.0000 87.0000 14.0577 43.5016 9.5693 
207.0000 76.0000 46.5165 1.6198 6.3580 
208.0000 114.0000 15.8786 6.9047 9.0088 
209.0000 150.0000 1.8432 20.7009 9.3876 
210.0000 118.0000 9.9299 29.0230 5.0652 
211.0000 61.0000 34.7414 6.1718 6.3837 
212.0000 145.0000 9.1376 27.5772 11.2587 
213.0000 102.0000 3.0394 10.2242 7.3338 
214.0000 143.0000 4.3695 26.8111 6.8777 
215.0000 145.0000 22.3907 35.2399 14.5443 
216.0000 143.0000 17.7465 10.4123 5.6952 
217.0000 94.0000 44.6365 18.8441 13.6027 
218.0000 88.0000 13.6249 22.1833 14.7536 
219.0000 77.0000 25.2746 13.7686 6.3558 
220.0000 147.0000 13.5407 12.9220 11.0230 
221.0000 76.0000 13.2235 6.8381 6.5469 
222.0000 146.0000 41.8413 36.8190 10.3379 
223.0000 62.0000 4.8154 3.1227 9.1094 
224.0000 137.0000 6.8829 21.8059 13.6207 
225.0000 148.0000 42.9644 38.2881 11.8498 
226.0000 65.0000 13.6497 26.1631 8.3047 
227.0000 139.0000 13.2362 7.7132 13.6361 
228.0000 80.0000 34.0124 2.6781 11.9928 
229.0000 133.0000 32.8792 28.1386 7.3009 
230.0000 144.0000 28.2386 17.5016 6.2566 
231.0000 95.0000 14.3251 34.4728 13.6609 
232.0000 65.0000 43.9687 15.1550 6.0002 
233.0000 93.0000 0.6121 22.2091 7.8882 
234.0000 79.0000 21.7748 10.6685 9.4135 
235.0000 125.0000 11.0593 31.1969 12.8952 
236.0000 124.0000 31.0859 24.8808 6.5789 
237.0000 111.0000 20.3345 34.5386 9.9624 
238.0000 85.0000 43.3856 30.2966 9.7218 
239.0000 98.0000 15.0225 15.5204 5.2244 
240.0000 96.0000 1.0460 41.0650 8.2388 
241.0000 104.0000 3.1911 1.0039 10.1345 
242.0000 138.0000 24.1207 39.3164 12.9676 
243.0000 113.0000 17.7714 41.5175 14.7848 
244.0000 92.0000 7.9135 35.0936 5.5292 
245.0000 146.0000 37.2337 2.2311 9.4213 
246.0000 114.0000 42.7609 34.0219 13.2635 
247.0000 134.0000 3.3864 15.2935 6.9825 
248.0000 140.0000 38.5138 38.3828 7.8289 
249.0000 65.0000 27.2364 17.1164 7.2901 
250.0000 148.0000 32.0188 13.3484 6.3736 
251.0000 134.0000 5.5984 43.8905 9.7009 
252.0000 70.0000 25.5589 23.2211 14.3878 
253.0000 82.0000 26.4243 15.5345 7.0965 
254.0000 106.0000 29.4475 14.0779 10.9663 
255.0000 119.0000 5.8495 2.1752 13.7948 
256.0000 147.0000 13.9642 0.4818 14.6944 
257.0000 64.0000 48.4394 7.2993 6.6892 
258.0000 73.0000 48.4739 47.2347 6.9001 
259.0000 115.0000 41.5102 27.7209 13.3144 
260.0000 118.0000 37.9567 15.9401 5.6233 
261.0000 82.0000 47.4060 24.2585 5.2427 
262.0000 131.0000 39.8616 48.3415 6.0857 
263.0000 124.0000 28.2351 41.6378 13.0314 
264.0000 99.0000 21.8692 0.0781 11.3008 
265.0000 72.0000 44.4164 33.6330 14.3381 
266.0000 81.0000 12.2339 43.7977 10.0363 
267.0000 142.0000 32.0659 45.6150 6.1314 
268.0000 85.0000 41.6009 48.0431 13.7335 
269.0000 76.0000 29.4427 43.9921 9.4194 
270.0000 98.0000 37.9711 18.9322 9.5622 
271.0000 125.0000 5.7562 22.2517 7.3723 
272.0000 120.0000 12.6433 33.7633 10.6312 
273.0000 75.0000 13.3139 32.0339 12.5006 
274.0000 140.0000 21.6990 27.0069 10.8132 
275.0000 97.0000 46.1140 1.5418 13.4532 
276.0000 122.0000 1.3085 6.8653 14.8070 
277.0000 76.0000 30.8346 4.7136 11.4211 
278.0000 92.0000 11.1501 25.4073 8.6813 
279.0000 82.0000 3.5534 42.6059 9.2668 
280.0000 116.0000 23.1971 31.7835 5.2216 
281.0000 90.0000 14.8552 30.9507 12.6531 
282.0000 83.0000 42.9972 26.2473 7.9587 
283.0000 70.0000 40.8779 18.2212 6.8054 
284.0000 83.0000 6.3867 42.2457 10.6079 
285.0000 67.0000 42.1267 48.9178 8.5830 
286.0000 116.0000 23.6713 26.4750 7.0492 
287.0000 105.0000 18.7072 46.9624 5.7017 
288.0000 93.0000 0.6191 24.8596 10.8261 
289.0000 90.0000 35.9273 6.0567 12.8660 
290.0000 104.0000 23.9345 46.4565 10.9166 
291.0000 67.0000 2.2916 6.1455 8.9152 
292.0000 116.0000 27.5747 6.4843 10.4477 
293.0000 68.0000 10.8574 3.3431 14.6130 
294.0000 146.0000 48.1125 44.0263 12.1777 
295.0000 114.0000 43.3939 22.6446 13.7671 
296.0000 60.0000 3.9235 19.8207 12.6343 
297.0000 111.0000 49.2331 3.3047 7.4796 
298.0000 78.0000 20.7487 43.4161 8.6052 
299.0000 87.0000 20.2157 4.6917 8.2272 
300.0000 127.0000 17.1364 23.7357 9.5704 
301.0000 115.0000 41.4132 15.4085 10.4670 
302.0000 67.0000 6.1872 5.5252 6.3408 
303.0000 74.0000 7.0103 47.9009 7.3866 
304.0000 94.0000 37.5169 31.6021 6.4542 
305.0000 140.0000 49.0170 23.3368 12.4525 
306.0000 128.0000 4.5927 9.4749 7.5975 
307.0000 86.0000 36.0660 16.0558 12.0541 
308.0000 82.0000 34.5989 41.9773 11.1613 
309.0000 72.0000 21.3746 46.2560 14.5132 
310.0000 131.0000 49.7054 19.1332 7.2307 
311.0000 103.0000 35.2442 39.0452 5.5277 
312.0000 91.0000 11.7332 48.8359 6.3796 
313.0000 73.0000 21.7783 45.1739 5.8487 
314.0000 95.0000 25.6796 16.7754 5.7236 
315.0000 101.0000 31.2186 26.9976 5.9295 
316.0000 101.0000 5.1792 46.4275 7.3225 
317.0000 138.0000 32.7979 26.8393 8.8362 
318.0000 60.0000 44.1713 3.7470 14.8691 
319.0000 125.0000 3.3452 42.3903 7.3836 
320.0000 80.0000 2.4591 14.8747 14.6033 
321.0000 104.0000 49.9812 44.7174 5.5657 
322.0000 143.0000 43.3632 32.8083 7.4193 
323.0000 84.0000 8.2236 3.2776 10.6813 
324.0000 68.0000 10.7964 2.6765 5.9050 
325.0000 82.0000 14.7503 22.6691 10.5942 
326.0000 66.0000 5.4836 36.1138 8.2208 
327.0000 60.0000 37.4377 26.8588 14.7060 
328.0000 144.0000 3.9563 22.0781 9.2619 
329.0000 73.0000 39.5413 11.7752 8.0753 
330.0000 86.0000 21.9856 11.6146 6.6741 
331.0000 141.0000 13.0210 22.5962 5.4886 
332.0000 121.0000 29.5740 2.7775 9.1327 
333.0000 73.0000 30.9094 20.5130 11.2119 
334.0000 93.0000 4.8847 26.5456 6.1431 
335.0000 97.0000 49.1500 25.8876 13.9378 
336.0000 74.0000 37.3628 2.1778 8.4229 
337.0000 117.0000 27.3325 7.5333 13.1163 
338.0000 138.0000 23.7799 46.5317 11.6827 
339.0000 62.0000 4.7006 9.4674 10.9971 
340.0000 86.0000 40.5191 15.7839 14.5316 
341.0000 64.0000 44.3970 5.0705 14.7854 
342.0000 73.0000 14.4415 36.3923 13.3219 
343.0000 124.0000 28.5183 45.3922 7.3522 
344.0000 119.0000 43.1435 46.9194 6.0361 
345.0000 91.0000 14.8668 32.5428 10.2805 
346.0000 133.0000 10.5287 34.3897 12.8134 
347.0000 106.0000 36.9976 35.7523 9.4041 
348.0000 84.0000 30.6472 42.6204 9.7626 
349.0000 87.0000 33.3281 45.5739 9.0072 
350.0000 103.0000 15.1374 2.9433 14.0540 
