0.0000 0.0000 25.0000 25.0000 0.0000 
1.0000 180.0000 40.8434 13.8719 7.2049 
2.0000 144.0000 6.9853 37.4880 10.0964 
3.0000 110.0000 24.5833 40.8219 10.4130 
4.0000 91.0000 45.7182 6.5806 5.4652 
5.0000 114.0000 47.7674 33.1774 6.3717 
6.0000 140.0000 33.9948 38.9050 12.8663 
7.0000 166.0000 7.8904 19.3603 14.3450 
8.0000 176.0000 21.7759 45.8460 14.9649 
9.0000 115.0000 24.5936 11.8116 7.2988 
10.0000 135.0000 39.6403 42.0431 14.6266 
11.0000 157.0000 45.3359 0.5830 11.8810 
12.0000 119.0000 18.6995 3.7114 13.9388 
13.0000 124.0000 28.5993 44.0330 11.0139 
14.0000 122.0000 5.8554 24.1780 7.5422 
15.0000 150.0000 1.4175 21.3831 7.7177 
16.0000 162.0000 49.9619 24.2169 6.2034 
17.0000 180.0000 42.7855 1.8876 13.2433 
18.0000 110.0000 36.3797 29.3337 12.3561 
19.0000 116.0000 10.0453 37.5832 13.1589 
20.0000 150.0000 14.4004 2.8402 7.7813 
21.0000 115.0000 48.0796 16.6476 9.7327 
22.0000 164.0000 30.2751 24.4149 8.7100 
23.0000 174.0000 34.0034 23.0944 5.8512 
24.0000 123.0000 16.5722 35.0552 14.3119 
25.0000 157.0000 27.3023 27.9124 8.0734 
26.0000 160.0000 39.1465 14.8340 11.1283 
27.0000 138.0000 30.3007 19.1753 13.6145 
28.0000 175.0000 25.0282 29.1634 9.8959 
29.0000 92.0000 35.1603 24.3875 13.3946 
30.0000 155.0000 7.7148 39.8928 9.8832 
31.0000 154.0000 37.9243 14.1332 13.6079 
32.0000 106.0000 34.5438 34.0096 12.7116 
33.0000 159.0000 34.8740 39.2712 13.8873 
34.0000 95.0000 42.1052 48.0051 12.0741 
35.0000 147.0000 28.1963 38.4065 13.4282 
36.0000 169.0000 31.9850 33.7383 7.1879 
37.0000 154.0000 49.3089 33.7971 5.0594 
38.0000 137.0000 36.9616 47.5982 12.6467 
39.0000 95.0000 11.5788 15.0873 9.3285 
40.0000 106.0000 38.3450 43.9151 7.1197 
41.0000 95.0000 13.4628 20.7875 14.4478 
42.0000 151.0000 39.5717 23.6445 11.2859 
43.0000 140.0000 30.3465 25.1643 11.8146 
44.0000 91.0000 31.6634 23.8119 10.3082 
45.0000 115.0000 24.5009 28.9484 6.5007 
46.0000 157.0000 16.8601 46.4837 14.9333 
47.0000 144.0000 31.0794 1.6790 14.9670 
48.0000 100.0000 2.2703 6.8793 6.6152 
49.0000 177.0000 34.1212 25.5734 9.2500 
50.0000 141.0000 38.0462 39.9447 10.9833 
51.0000 105.0000 18.6212 46.5011 10.1831 
52.0000 134.0000 47.3763 26.9725 10.3369 
53.0000 133.0000 30.6768 10.5930 6.5746 
54.0000 144.0000 3.2196 18.8886 10.1556 
55.0000 161.0000 7.4072 23.0921 6.4465 
56.0000 173.0000 0.4444 45.5854 9.8814 
57.0000 179.0000 14.7208 20.8500 6.9849 
58.0000 171.0000 35.8812 38.0671 10.1972 
59.0000 95.0000 47.6691 9.2887 10.7844 
60.0000 106.0000 47.0944 35.2974 7.9897 
61.0000 100.0000 16.0068 42.8086 8.3473 
62.0000 130.0000 12.5081 41.8177 13.2666 
63.0000 103.0000 21.3990 46.5061 13.7539 
64.0000 126.0000 32.9230 32.1067 7.3913 
65.0000 151.0000 14.2604 39.9609 12.6833 
66.0000 180.0000 35.8876 19.1974 6.7689 
67.0000 163.0000 11.6406 33.3078 10.4794 
68.0000 118.0000 27.8346 14.6284 5.5546 
69.0000 168.0000 16.7605 12.9451 8.7638 
70.0000 172.0000 38.8413 24.8748 13.0528 
71.0000 168.0000 39.6454 33.0342 13.6295 
72.0000 95.0000 13.1267 13.4794 11.1630 
73.0000 123.0000 46.2824 4.9901 11.8963 
74.0000 152.0000 43.4745 49.2235 5.7031 
75.0000 167.0000 24.4376 18.8093 11.1551 
76.0000 172.0000 35.0906 23.3220 6.1038 
77.0000 177.0000 32.6329 17.0698 11.9285 
78.0000 171.0000 36.9605 1.6048 5.7431 
79.0000 156.0000 20.6732 49.7819 9.8311 
80.0000 145.0000 48.5877 17.7519 6.6596 
81.0000 146.0000 9.6835 21.0652 13.0562 
82.0000 152.0000 49.9181 5.9859 10.0027 
83.0000 176.0000 32.5471 33.6807 11.3557 
84.0000 125.0000 28.5632 37.6560 10.8041 
85.0000 99.0000 42.9260 2.9826 8.4844 
86.0000 106.0000 0.7330 25.4409 9.3541 
87.0000 117.0000 8.1221 49.3707 8.7871 
88.0000 99.0000 17.8801 20.4004 11.2091 
89.0000 142.0000 16.5738 16.5947 7.0400 
90.0000 96.0000 38.6269 45.1002 5.4295 
91.0000 118.0000 31.8434 15.1682 11.6589 
92.0000 99.0000 2.4630 14.1103 6.1428 
93.0000 172.0000 39.4243 5.2056 6.6745 
94.0000 140.0000 7.8736 32.0052 10.9319 
95.0000 150.0000 21.5333 4.3078 6.5494 
96.0000 169.0000 3.5028 6.5569 11.1619 
97.0000 92.0000 41.1391 1.4678 13.7366 
98.0000 137.0000 9.3777 13.7141 9.4046 
99.0000 108.0000 39.6849 44.8544 9.4905 
100.0000 106.0000 4.1623 35.4083 9.3229 
101.0000 178.0000 35.0960 17.7501 13.8472 
102.0000 99.0000 44.1178 36.3268 9.3565 
103.0000 94.0000 32.2986 48.1560 13.4132 
104.0000 146.0000 47.5406 9.2292 12.6663 
105.0000 138.0000 28.8288 26.6360 8.2092 
106.0000 164.0000 41.4311 46.7985 13.3448 
107.0000 168.0000 45.3919 21.6273 10.7604 
108.0000 97.0000 11.4264 3.0864 13.9109 
109.0000 109.0000 21.1590 13.9435 6.3859 
110.0000 91.0000 28.8881 7.3631 5.2471 
111.0000 106.0000 11.4509 19.3978 14.9066 
112.0000 105.0000 24.2062 26.4162 9.5920 
113.0000 96.0000 7.2447 4.7959 9.6225 
114.0000 105.0000 24.6753 25.2586 10.6524 
115.0000 178.0000 48.2577 33.9253 12.5725 
116.0000 106.0000 40.1155 0.4431 9.3891 
117.0000 117.0000 41.8389 42.7364 5.9526 
118.0000 111.0000 32.2460 34.2269 8.1989 
119.0000 120.0000 35.7072 1.7552 6.1238 
120.0000 163.0000 19.0827 46.6970 6.5590 
121.0000 144.0000 22.1690 8.1100 10.8274 
122.0000 131.0000 15.6464 38.7429 9.4726 
123.0000 102.0000 5.4367 2.1192 9.6108 
124.0000 130.0000 29.0456 0.8571 12.3077 
125.0000 124.0000 38.8434 26.6189 7.3566 
126.0000 151.0000 7.7876 8.0867 14.6292 
127.0000 179.0000 44.8574 10.9999 10.6363 
128.0000 95.0000 38.0216 16.5873 9.4087 
129.0000 161.0000 45.8662 47.3378 7.0206 
130.0000 108.0000 14.4696 8.1723 9.1910 
131.0000 157.0000 19.8516 33.0074 8.3355 
132.0000 125.0000 25.3856 6.6739 7.9728 
133.0000 144.0000 24.4222 0.8574 9.3666 
134.0000 180.0000 19.4663 27.3799 11.5746 
135.0000 150.0000 11.6603 36.7779 6.1196 
136.0000 171.0000 30.0518 32.6425 10.6220 
137.0000 123.0000 48.5617 35.3001 5.1958 
138.0000 100.0000 21.9929 36.1218 6.5538 
139.0000 157.0000 0.8978 3.5165 5.1549 
140.0000 108.0000 35.0811 22.9241 8.5987 
141.0000 177.0000 42.7175 22.0014 9.4652 
142.0000 105.0000 42.6306 13.2770 5.6349 
143.0000 174.0000 22.2055 7.3085 5.4588 
144.0000 178.0000 16.5695 44.5119 8.7153 
145.0000 107.0000 41.7541 6.2337 10.7876 
146.0000 118.0000 27.1134 31.2223 9.2387 
147.0000 171.0000 39.5708 34.6763 12.7179 
148.0000 159.0000 24.6718 11.1693 13.3754 
149.0000 151.0000 24.6414 18.9626 5.0725 
150.0000 139.0000 43.1304 32.2128 14.8222 
151.0000 169.0000 26.6922 0.6978 6.3097 
152.0000 97.0000 34.4511 30.0066 6.8704 
153.0000 119.0000 31.7437 39.7818 9.1924 
154.0000 103.0000 22.7083 14.5622 7.1920 
155.0000 148.0000 5.0841 7.3605 11.7264 
156.0000 150.0000 14.5267 46.3151 12.7094 
157.0000 122.0000 15.8687 48.8291 5.0556 
158.0000 126.0000 37.2898 48.2866 10.7334 
159.0000 171.0000 46.9254 22.7974 6.2634 
160.0000 157.0000 24.2010 34.5443 8.4776 
161.0000 139.0000 6.1777 8.2770 7.1996 
162.0000 135.0000 0.5088 29.4146 11.2652 
163.0000 172.0000 28.2827 36.9887 6.5639 
164.0000 163.0000 42.0329 43.4501 11.0490 
165.0000 106.0000 4.6602 10.1402 8.9788 
166.0000 92.0000 5.9406 25.3545 10.6621 
167.0000 157.0000 6.5021 3.4316 9.9531 
168.0000 138.0000 17.3284 34.3529 7.6064 
169.0000 104.0000 45.6986 0.1695 9.3046 
170.0000 171.0000 36.0121 28.8448 6.1113 
171.0000 122.0000 46.7028 18.1750 14.5040 
172.0000 96.0000 36.2235 5.9081 5.8778 
173.0000 111.0000 10.7679 23.1923 11.2464 
174.0000 162.0000 46.9749 2.7440 9.7590 
175.0000 96.0000 23.8083 47.7456 6.0415 
176.0000 126.0000 15.2506 5.2180 7.4647 
177.0000 94.0000 29.6624 44.6201 11.2391 
178.0000 96.0000 18.4608 41.4994 13.6499 
179.0000 168.0000 1.7490 0.8540 8.8669 
180.0000 164.0000 5.1752 6.6720 12.9193 
181.0000 125.0000 16.2829 48.9883 14.9535 
182.0000 148.0000 5.3723 22.0298 7.1621 
183.0000 119.0000 20.7817 14.9565 8.0975 
184.0000 115.0000 7.9010 10.0714 11.4782 
185.0000 121.0000 35.0266 25.4860 8.5272 
186.0000 156.0000 20.2395 17.4585 11.9140 
187.0000 113.0000 15.7170 37.0182 6.9451 
188.0000 125.0000 30.6802 10.3192 9.3568 
189.0000 127.0000 14.7113 0.3877 11.3114 
190.0000 170.0000 26.0734 27.4524 10.6019 
191.0000 112.0000 21.6852 40.3007 10.0217 
192.0000 123.0000 12.3100 46.1794 7.1803 
193.0000 168.0000 17.8820 15.7605 11.6904 
194.0000 175.0000 23.8565 34.5578 13.2931 
195.0000 172.0000 38.0903 33.2828 11.3134 
196.0000 100.0000 40.2680 16.9305 9.9848 
197.0000 180.0000 5.8979 30.5970 14.8770 
198.0000 167.0000 47.5938 47.4421 14.1073 
199.0000 173.0000 7.9197 4.3521 9.3815 
200.0000 172.0000 3.7323 11.4397 13.4627 
201.0000 109.0000 29.2588 34.0203 10.7947 
202.0000 148.0000 14.4280 14.2505 8.3022 
203.0000 112.0000 35.7182 35.6173 8.4534 
204.0000 133.0000 1.3567 15.2648 10.2742 
205.0000 143.0000 32.4067 45.6706 10.5379 
206.0000 120.0000 1.2467 16.9430 14.1495 
207.0000 134.0000 41.6385 6.2702 8.6699 
208.0000 98.0000 11.8232 34.0906 8.5558 
209.0000 97.0000 28.7693 38.5710 5.3099 
210.0000 126.0000 43.8456 49.1022 12.8313 
211.0000 172.0000 27.6955 23.3848 12.6081 
212.0000 114.0000 28.7979 42.9002 12.8153 
213.0000 157.0000 47.6174 15.0938 8.7846 
214.0000 115.0000 19.4356 26.7500 14.5196 
215.0000 114.0000 31.6872 42.2472 12.9517 
216.0000 110.0000 46.5277 49.1701 9.3667 
217.0000 166.0000 2.4446 3.9292 9.0644 
218.0000 124.0000 14.9227 46.2110 8.7738 
219.0000 100.0000 26.9608 4.5274 7.3211 
220.0000 148.0000 41.9119 15.5781 6.7261 
221.0000 169.0000 2.2305 47.9733 14.2402 
222.0000 142.0000 30.2259 11.9022 6.3028 
223.0000 179.0000 21.6159 42.5845 7.4939 
224.0000 92.0000 12.7745 32.7815 11.0388 
225.0000 167.0000 47.7919 36.8692 9.4653 
226.0000 107.0000 17.2901 43.1363 7.5649 
227.0000 158.0000 38.0046 16.5328 10.3027 
228.0000 134.0000 49.3272 5.5218 10.8930 
229.0000 156.0000 44.5851 45.5575 14.3645 
230.0000 129.0000 30.6206 25.9698 14.3920 
231.0000 107.0000 23.9138 5.6553 5.8596 
232.0000 109.0000 34.9173 14.9838 5.3299 
233.0000 129.0000 1.4977 28.1542 14.6643 
234.0000 119.0000 12.5008 20.0108 12.4304 
235.0000 120.0000 25.5684 9.9673 8.7837 
236.0000 118.0000 2.6782 9.7743 7.8472 
237.0000 168.0000 8.5866 43.0126 11.7403 
238.0000 157.0000 28.5334 23.8893 6.1176 
239.0000 110.0000 17.1742 37.3448 7.6596 
240.0000 117.0000 3.5498 36.4658 10.0337 
241.0000 121.0000 38.7390 32.9509 13.9623 
242.0000 111.0000 27.7207 38.8230 5.9592 
243.0000 108.0000 18.7310 18.3702 8.6022 
244.0000 129.0000 28.5865 4.0469 7.3499 
245.0000 122.0000 23.1507 9.9202 8.2626 
246.0000 153.0000 46.7602 31.1449 11.4921 
247.0000 116.0000 26.9553 27.8841 10.9037 
248.0000 177.0000 16.5845 11.6987 14.0747 
249.0000 170.0000 21.6487 22.0165 9.2382 
250.0000 90.0000 35.9804 46.9221 8.9439 
251.0000 148.0000 38.4059 48.8482 9.8292 
252.0000 93.0000 48.5186 14.8623 8.9107 
253.0000 159.0000 40.7659 41.4180 12.5310 
254.0000 127.0000 38.9557 26.7875 7.1054 
255.0000 119.0000 15.0224 32.5486 13.0524 
256.0000 145.0000 3.0138 6.8189 10.2453 
257.0000 111.0000 20.8117 23.0659 13.0318 
258.0000 101.0000 15.4029 1.0720 10.2217 
259.0000 164.0000 45.9800 32.1864 11.6885 
260.0000 171.0000 4.8310 2.5925 9.8030 
261.0000 162.0000 19.0757 41.6004 7.4989 
262.0000 118.0000 23.9610 28.3066 10.9515 
263.0000 175.0000 31.2514 10.2572 6.2204 
264.0000 166.0000 39.2927 21.3187 11.9594 
265.0000 171.0000 10.5856 39.2418 5.0394 
266.0000 148.0000 30.0357 17.6088 12.2293 
267.0000 94.0000 25.6803 25.8330 8.5542 
268.0000 162.0000 28.2494 41.9393 9.4747 
269.0000 113.0000 38.6004 31.1390 13.0135 
270.0000 102.0000 1.4946 39.0336 6.1388 
271.0000 176.0000 39.6699 35.0390 14.8901 
272.0000 156.0000 8.6538 23.4347 13.0039 
273.0000 105.0000 36.9002 16.0969 9.7128 
274.0000 124.0000 15.9415 24.9303 9.4522 
275.0000 129.0000 3.5799 46.4906 9.8188 
276.0000 169.0000 19.8170 43.9314 5.1399 
277.0000 134.0000 5.0184 0.1719 12.2020 
278.0000 171.0000 42.4778 3.9315 7.9553 
279.0000 127.0000 8.7757 28.2728 11.3471 
280.0000 129.0000 5.5448 2.2444 8.7256 
281.0000 132.0000 43.1806 16.1003 7.6675 
282.0000 134.0000 11.4961 27.3136 11.3621 
283.0000 150.0000 23.2473 36.7044 14.7212 
284.0000 124.0000 18.7499 35.2433 9.8645 
285.0000 122.0000 39.2477 14.9777 10.7804 
286.0000 178.0000 47.4932 46.1168 8.3583 
287.0000 151.0000 12.7954 18.0288 10.1901 
288.0000 154.0000 15.8301 40.4243 11.4823 
289.0000 153.0000 43.9532 9.3646 13.5249 
290.0000 175.0000 13.7382 2.9938 12.9588 
291.0000 150.0000 16.2634 32.1838 7.5513 
292.0000 135.0000 24.2465 32.3305 11.5699 
293.0000 135.0000 36.0896 33.6805 6.0751 
294.0000 149.0000 15.1329 14.4379 8.6826 
295.0000 153.0000 18.4567 2.4155 8.7374 
296.0000 127.0000 45.4452 43.3553 9.1300 
297.0000 118.0000 48.2264 23.4065 11.5269 
298.0000 156.0000 27.7504 44.3935 12.7467 
299.0000 126.0000 18.6426 15.9122 7.3396 
300.0000 121.0000 3.5611 31.3830 5.2457 
301.0000 160.0000 13.7050 6.0006 5.1341 
302.0000 159.0000 32.8546 33.7173 6.9622 
303.0000 128.0000 34.0712 5.3481 12.8979 
304.0000 157.0000 28.9598 36.2352 8.6574 
305.0000 154.0000 42.6100 34.0449 13.2467 
306.0000 113.0000 22.9331 48.4657 9.1091 
307.0000 149.0000 44.1508 39.3138 14.7484 
308.0000 115.0000 40.6862 38.5618 5.9141 
309.0000 136.0000 44.2926 1.4426 9.5755 
310.0000 98.0000 1.0618 21.5476 8.1615 
311.0000 98.0000 20.0914 0.1536 9.0160 
312.0000 151.0000 14.4345 39.2851 9.9409 
313.0000 91.0000 9.3539 39.0910 8.9241 
314.0000 142.0000 38.8935 7.3399 10.9328 
315.0000 158.0000 0.0374 23.2926 12.9875 
316.0000 122.0000 36.6238 47.3662 10.4601 
317.0000 165.0000 35.2189 32.0267 11.0787 
318.0000 140.0000 6.6459 29.6136 8.1472 
319.0000 144.0000 44.1714 16.0006 13.4846 
320.0000 123.0000 28.7187 4.2074 12.0759 
321.0000 149.0000 26.3834 6.8268 5.7478 
322.0000 150.0000 13.0383 29.2991 11.8719 
323.0000 159.0000 30.4991 41.0481 5.6897 
324.0000 164.0000 0.0040 12.2103 10.6507 
325.0000 148.0000 19.7387 10.0356 14.2496 
326.0000 155.0000 20.1109 33.4028 14.3683 
327.0000 176.0000 24.1003 28.8624 11.2495 
328.0000 122.0000 11.7261 16.4493 12.3863 
329.0000 155.0000 49.6729 29.8855 10.2994 
330.0000 130.0000 21.8264 35.3643 9.4115 
331.0000 118.0000 17.7371 12.4920 5.7707 
332.0000 140.0000 42.8831 36.7539 6.0044 
333.0000 131.0000 29.0235 46.1189 10.9669 
334.0000 175.0000 35.7910 49.6132 14.0727 
335.0000 110.0000 31.1001 44.1732 5.2830 
336.0000 172.0000 28.6341 5.3959 14.3138 
337.0000 162.0000 24.2590 13.4304 9.7793 
338.0000 169.0000 19.3367 46.6629 7.7549 
339.0000 92.0000 19.6914 43.3718 8.1393 
340.0000 162.0000 21.2688 13.5327 10.9209 
341.0000 120.0000 10.3333 9.3802 10.5269 
342.0000 127.0000 43.9545 22.1399 14.2729 
343.0000 130.0000 35.9520 24.4970 10.2420 
344.0000 154.0000 21.4292 18.9847 9.4502 
345.0000 164.0000 17.9198 17.9366 8.3015 
346.0000 148.0000 46.2258 25.1035 10.1521 
347.0000 106.0000 15.7007 37.9664 8.5408 
348.0000 168.0000 42.3523 41.2670 12.1717 
349.0000 176.0000 21.3415 3.5517 6.9008 
350.0000 143.0000 26.8904 36.5158 13.7104 
351.0000 166.0000 40.4902 16.2040 10.4897 
352.0000 116.0000 0.3483 22.1162 12.6738 
353.0000 160.0000 35.0608 12.7798 10.4094 
354.0000 118.0000 14.5482 4.5277 10.7501 
355.0000 124.0000 17.8056 44.3052 6.4403 
356.0000 143.0000 23.6813 43.1523 14.3358 
357.0000 92.0000 5.8731 12.1387 8.0775 
358.0000 146.0000 30.7185 21.0448 10.1643 
359.0000 128.0000 37.7779 18.2709 11.2861 
360.0000 92.0000 40.2558 5.0365 11.6114 
361.0000 100.0000 28.2844 24.1803 5.1328 
362.0000 118.0000 23.4038 16.2914 13.5580 
363.0000 147.0000 31.1647 27.2942 6.5628 
364.0000 90.0000 26.9189 3.4870 9.6034 
365.0000 167.0000 11.9247 10.1985 10.7371 
366.0000 106.0000 9.6072 19.0791 12.8969 
367.0000 147.0000 7.8936 12.8375 13.4404 
368.0000 111.0000 47.6667 37.4701 9.3564 
369.0000 94.0000 9.2243 2.5007 8.8428 
370.0000 123.0000 9.5402 23.6426 7.8875 
371.0000 166.0000 34.6778 40.8202 10.7624 
372.0000 108.0000 22.7577 29.7241 13.5910 
373.0000 104.0000 28.1904 0.0100 10.4828 
374.0000 103.0000 19.2072 10.8314 10.2377 
375.0000 163.0000 13.6556 49.5298 12.1987 
376.0000 162.0000 47.6392 46.8436 6.8210 
377.0000 164.0000 16.2551 13.3630 6.0702 
378.0000 95.0000 45.2497 40.2178 6.4637 
379.0000 136.0000 48.0108 28.0318 5.0948 
380.0000 143.0000 20.0144 49.2369 14.4086 
381.0000 172.0000 45.8077 21.8632 13.9102 
382.0000 162.0000 20.0170 46.4209 11.2251 
383.0000 157.0000 4.6267 41.5269 13.2257 
384.0000 168.0000 6.6027 26.1226 13.3971 
385.0000 158.0000 5.4365 48.9350 6.7317 
386.0000 145.0000 40.8021 6.7347 10.2682 
387.0000 170.0000 37.3677 33.2153 11.5239 
388.0000 113.0000 3.4899 41.5952 7.0810 
389.0000 162.0000 26.2316 8.6131 12.3333 
390.0000 132.0000 19.4106 45.3908 7.5967 
391.0000 159.0000 41.5098 46.8904 8.9128 
392.0000 112.0000 41.2857 18.8611 7.9203 
393.0000 165.0000 0.9279 43.1112 8.8719 
394.0000 171.0000 20.5475 47.0517 10.7987 
395.0000 167.0000 7.3638 18.0580 14.2864 
396.0000 155.0000 7.0987 46.9499 6.3823 
397.0000 128.0000 41.9428 47.1635 10.5892 
398.0000 91.0000 39.0426 2.5991 7.8580 
399.0000 151.0000 43.6909 24.5009 12.5556 
400.0000 171.0000 3.8025 35.5210 8.4606 
