0.0000 0.0000 25.0000 25.0000 0.0000 
1.0000 30.0000 35.1059 45.4466 6.2182 
2.0000 25.0000 35.1520 10.6964 10.1829 
3.0000 65.0000 43.8801 2.7200 8.4757 
4.0000 83.0000 43.9187 13.4893 5.2991 
5.0000 21.0000 22.4092 8.1017 9.2278 
6.0000 85.0000 5.5750 45.4591 13.2496 
7.0000 67.0000 7.2542 28.4513 12.1238 
8.0000 112.0000 45.8767 36.1788 5.0307 
9.0000 42.0000 26.5226 43.9728 12.2271 
10.0000 67.0000 23.0670 13.2542 9.5030 
11.0000 69.0000 39.5621 36.6523 10.2015 
12.0000 67.0000 25.3316 35.0894 14.8827 
13.0000 48.0000 4.6890 42.6178 11.1337 
14.0000 69.0000 15.6564 34.8598 9.4896 
15.0000 110.0000 32.6572 23.5079 7.6001 
16.0000 84.0000 26.3238 7.3164 6.1906 
17.0000 28.0000 6.3393 38.5477 9.0906 
18.0000 62.0000 26.2649 0.3958 14.3530 
19.0000 26.0000 5.0116 20.4368 9.7723 
20.0000 47.0000 10.9935 10.6139 7.2013 
21.0000 77.0000 41.6578 20.9396 9.1460 
22.0000 95.0000 44.6956 4.8908 9.4185 
23.0000 67.0000 7.9461 1.3692 11.9368 
24.0000 41.0000 18.5669 42.0156 13.0236 
25.0000 88.0000 25.7837 43.9601 14.7169 
26.0000 23.0000 40.1439 42.4237 14.4355 
27.0000 50.0000 37.5074 48.9215 5.8459 
28.0000 93.0000 8.0970 17.4090 5.4687 
29.0000 61.0000 28.2025 23.1106 11.4650 
30.0000 30.0000 12.2050 49.1146 5.5069 
31.0000 24.0000 36.0676 20.4809 13.8582 
32.0000 41.0000 15.6973 34.7959 7.0905 
33.0000 22.0000 14.7234 42.3581 6.2848 
34.0000 81.0000 33.8152 20.6809 8.7982 
35.0000 86.0000 49.3488 17.1442 9.2501 
36.0000 43.0000 29.1810 32.4777 14.9833 
37.0000 111.0000 48.2884 6.6116 13.2145 
38.0000 58.0000 12.3744 33.5108 13.3242 
39.0000 118.0000 1.3958 38.3018 12.2926 
40.0000 90.0000 25.1082 41.3924 7.3987 
41.0000 106.0000 17.2737 21.2656 7.2228 
42.0000 52.0000 11.1096 26.4091 5.3331 
43.0000 46.0000 35.9956 24.0236 10.8968 
44.0000 46.0000 23.2669 46.9426 11.3831 
45.0000 43.0000 10.9815 42.9077 7.5756 
46.0000 23.0000 8.6818 32.2708 8.8782 
47.0000 58.0000 23.6779 16.4176 9.2875 
48.0000 118.0000 15.9392 35.0047 14.9858 
49.0000 78.0000 31.3291 32.7317 9.3125 
50.0000 99.0000 19.6386 34.2327 12.4614 
51.0000 93.0000 42.8332 46.3179 6.6023 
52.0000 67.0000 22.6432 12.1694 11.4670 
53.0000 61.0000 49.0967 46.2843 6.2908 
54.0000 47.0000 20.1163 17.1924 13.4298 
55.0000 95.0000 36.8664 34.2535 5.9040 
56.0000 112.0000 40.7857 40.5730 13.6842 
57.0000 92.0000 14.4806 17.7883 13.6213 
58.0000 97.0000 34.3933 29.2656 9.4397 
59.0000 20.0000 38.3502 20.2023 14.4987 
60.0000 42.0000 2.2242 33.2607 8.0739 
61.0000 28.0000 48.4193 0.2029 12.9047 
62.0000 83.0000 30.7171 10.4448 8.1079 
63.0000 25.0000 17.4421 29.6679 9.3650 
64.0000 113.0000 49.4561 20.3241 11.3079 
65.0000 116.0000 13.8407 18.2499 10.0103 
66.0000 114.0000 37.4730 16.4574 6.6409 
67.0000 24.0000 44.3752 18.0048 7.0701 
68.0000 50.0000 0.1113 12.2521 6.9964 
69.0000 117.0000 39.4624 10.1457 13.4135 
70.0000 49.0000 41.1096 36.5084 14.7366 
71.0000 94.0000 17.0262 10.5740 12.4876 
72.0000 49.0000 3.1047 26.5497 10.2341 
73.0000 90.0000 27.8533 0.9273 5.8720 
74.0000 72.0000 39.8427 38.8225 5.5693 
75.0000 79.0000 25.4311 1.1439 13.7268 
76.0000 32.0000 41.5486 1.6654 9.4425 
77.0000 33.0000 38.8492 29.9787 14.4523 
78.0000 61.0000 49.0116 35.3128 5.3660 
79.0000 63.0000 44.8384 1.0257 12.7391 
80.0000 42.0000 4.4974 14.0564 9.2040 
81.0000 88.0000 43.8799 46.4807 11.0731 
82.0000 89.0000 25.2319 22.0328 11.9612 
83.0000 102.0000 40.8922 41.4633 10.2039 
84.0000 54.0000 26.2400 45.5547 10.8507 
85.0000 90.0000 28.8483 8.0476 12.4034 
86.0000 106.0000 31.5695 5.3711 6.9159 
87.0000 23.0000 28.9252 20.4037 12.1680 
88.0000 37.0000 5.5575 18.3704 13.5030 
89.0000 39.0000 13.5245 4.1854 10.1910 
90.0000 33.0000 10.4146 26.8704 11.4774 
91.0000 92.0000 43.3502 1.0767 6.0120 
92.0000 66.0000 33.0036 11.4642 8.5221 
93.0000 29.0000 3.1220 17.9506 12.0801 
94.0000 20.0000 7.8419 33.1863 7.1195 
95.0000 96.0000 32.5024 34.2122 14.8888 
96.0000 73.0000 36.2560 43.3326 10.2723 
97.0000 96.0000 22.6890 18.1405 5.6601 
98.0000 75.0000 43.3690 31.8350 7.4561 
99.0000 69.0000 35.3855 15.0244 13.2279 
100.0000 25.0000 6.5341 38.1293 5.4488 
101.0000 120.0000 41.4530 22.2157 8.6284 
102.0000 54.0000 17.6983 33.5377 11.1711 
103.0000 65.0000 44.7607 26.0180 14.3675 
104.0000 51.0000 18.6668 37.2722 6.1084 
105.0000 87.0000 4.5773 10.1906 5.5456 
106.0000 79.0000 31.8699 37.3307 10.1586 
107.0000 82.0000 8.0466 24.4017 7.0247 
108.0000 61.0000 40.5951 30.0901 10.0149 
109.0000 91.0000 5.5967 30.6935 9.8636 
110.0000 47.0000 24.0834 30.0811 12.5833 
111.0000 60.0000 49.1627 12.2659 7.8877 
112.0000 74.0000 16.3569 7.7353 9.2356 
113.0000 70.0000 27.7483 49.4784 12.6481 
114.0000 107.0000 28.5821 10.2242 9.5461 
115.0000 85.0000 45.1649 21.4740 10.2585 
116.0000 23.0000 38.7830 32.2850 12.8744 
117.0000 63.0000 34.4270 20.0394 8.5906 
118.0000 22.0000 2.8447 28.0706 7.1804 
119.0000 24.0000 13.2570 21.2851 7.4799 
120.0000 82.0000 17.1273 6.8174 9.4402 
121.0000 114.0000 5.1494 10.0709 13.2127 
122.0000 115.0000 39.1634 8.8218 10.2061 
123.0000 70.0000 3.3297 38.7066 7.5402 
124.0000 77.0000 20.2177 25.6372 5.9389 
125.0000 33.0000 9.7501 38.6687 7.2977 
126.0000 107.0000 21.5481 11.1625 7.1140 
127.0000 34.0000 29.1417 27.6062 11.8135 
128.0000 113.0000 33.3218 18.2644 14.5358 
129.0000 90.0000 39.2446 29.1411 10.7685 
130.0000 75.0000 40.3559 6.8005 11.8038 
131.0000 51.0000 24.2907 45.7441 9.8315 
132.0000 32.0000 49.5247 5.3141 12.0827 
133.0000 55.0000 38.7638 6.0698 8.7843 
134.0000 23.0000 22.0926 8.9839 10.5674 
135.0000 117.0000 37.3259 24.6764 7.1127 
136.0000 37.0000 25.1432 48.1002 7.6109 
137.0000 30.0000 44.8465 12.0539 5.7912 
138.0000 118.0000 38.3281 35.2556 5.6071 
139.0000 69.0000 38.0787 25.9445 6.3515 
140.0000 39.0000 48.0774 21.0649 8.7702 
141.0000 59.0000 22.7776 27.5739 8.5493 
142.0000 98.0000 1.0054 8.1628 5.9544 
143.0000 60.0000 38.2575 29.7132 9.1674 
144.0000 110.0000 30.5729 18.7387 13.1628 
145.0000 117.0000 44.5819 11.6275 13.6007 
146.0000 42.0000 30.2355 46.8331 11.5217 
147.0000 70.0000 22.9724 41.1505 13.3670 
148.0000 76.0000 43.1874 44.8672 13.4233 
149.0000 33.0000 46.8490 25.6813 14.6286 
150.0000 74.0000 27.4575 29.3144 9.4823 
151.0000 26.0000 41.7902 12.4381 9.5122 
152.0000 110.0000 13.7619 22.6167 13.0478 
153.0000 58.0000 23.9433 36.5364 14.1387 
154.0000 20.0000 33.9020 19.8152 12.4301 
155.0000 63.0000 28.0466 49.8750 11.8878 
156.0000 62.0000 7.5011 10.8949 7.9683 
157.0000 23.0000 14.1705 27.4119 7.8481 
158.0000 56.0000 21.7347 14.9894 9.7717 
159.0000 42.0000 32.1448 48.5683 14.6099 
160.0000 23.0000 26.3521 28.7301 7.5456 
161.0000 94.0000 44.6447 0.9406 11.0313 
162.0000 56.0000 5.1447 33.6345 13.1866 
163.0000 47.0000 15.4985 36.4975 10.7378 
164.0000 30.0000 30.8059 10.2404 12.9118 
165.0000 116.0000 10.3389 38.0842 10.2909 
166.0000 89.0000 10.9660 47.1345 9.1912 
167.0000 61.0000 35.0891 16.6481 7.7982 
168.0000 62.0000 48.5727 25.3161 5.4732 
169.0000 21.0000 5.4610 2.1780 7.6464 
170.0000 44.0000 3.5167 42.3531 6.1298 
171.0000 49.0000 25.5041 22.3813 9.0597 
172.0000 66.0000 20.0292 18.5489 11.7164 
173.0000 25.0000 10.3537 39.0150 11.3392 
174.0000 84.0000 31.9951 38.7807 5.6459 
175.0000 117.0000 18.9159 18.2028 8.2460 
176.0000 50.0000 49.6100 15.6331 11.5556 
177.0000 20.0000 41.2560 12.3656 12.0447 
178.0000 27.0000 14.6211 14.7968 14.5847 
179.0000 46.0000 17.4614 33.0419 14.1702 
180.0000 62.0000 8.1119 22.7015 10.5425 
181.0000 51.0000 31.2519 37.4145 11.0282 
182.0000 75.0000 0.0196 28.1714 9.9751 
183.0000 116.0000 19.5413 27.8240 10.4762 
184.0000 74.0000 4.3339 41.5054 8.7149 
185.0000 62.0000 25.1807 46.0582 7.2908 
186.0000 110.0000 35.4751 2.7155 7.5278 
187.0000 68.0000 36.7972 8.9688 12.1195 
188.0000 95.0000 15.3642 12.8327 12.0193 
189.0000 79.0000 46.4536 9.9821 14.0454 
190.0000 103.0000 14.6695 43.2641 11.1873 
191.0000 78.0000 7.8804 1.1314 7.8726 
192.0000 62.0000 27.5578 49.4357 9.4471 
193.0000 64.0000 5.2530 36.1691 10.7684 
194.0000 116.0000 8.3586 48.1208 12.0911 
195.0000 75.0000 10.6097 25.4197 13.5543 
196.0000 46.0000 49.2587 9.2508 12.3896 
197.0000 93.0000 16.9976 33.8868 13.2761 
198.0000 54.0000 18.1666 28.6252 14.7998 
199.0000 29.0000 42.6042 4.4699 13.2891 
200.0000 45.0000 19.9779 11.6922 13.1400 
201.0000 36.0000 3.6736 7.9315 11.0289 
202.0000 113.0000 40.1593 2.3237 6.8833 
203.0000 112.0000 36.6709 48.5679 12.3334 
204.0000 56.0000 21.2981 18.1527 14.2944 
205.0000 117.0000 38.9708 29.8149 7.8057 
206.0000 23.0000 16.1374 1.8791 14.2270 
207.0000 88.0000 41.9822 22.0751 14.7268 
208.0000 32.0000 5.3090 9.5801 13.9702 
209.0000 98.0000 33.9921 11.4940 13.0446 
210.0000 46.0000 10.3612 38.7614 12.5368 
211.0000 60.0000 23.9455 34.9417 8.7188 
212.0000 74.0000 40.1467 41.6568 11.7156 
213.0000 71.0000 10.5321 20.8306 5.5778 
214.0000 21.0000 34.4626 49.5306 13.7345 
215.0000 26.0000 5.6363 40.9942 13.1210 
216.0000 66.0000 5.4011 46.3347 10.8808 
217.0000 80.0000 24.4191 20.3680 12.1416 
218.0000 38.0000 17.0184 26.9762 9.1373 
219.0000 102.0000 0.6560 47.9306 9.7546 
220.0000 115.0000 14.9039 38.1139 11.5827 
221.0000 37.0000 41.3953 22.0053 8.6546 
222.0000 33.0000 31.0789 23.0542 8.1025 
223.0000 106.0000 20.0084 22.4530 12.0478 
224.0000 105.0000 11.8598 11.7111 7.7506 
225.0000 68.0000 25.0703 32.5281 10.2940 
226.0000 114.0000 19.3244 30.8826 13.3976 
227.0000 90.0000 39.4415 43.5286 6.7665 
228.0000 90.0000 46.3024 17.7107 10.6520 
229.0000 41.0000 13.8739 2.9735 8.0128 
230.0000 96.0000 6.9540 45.2647 13.7740 
231.0000 83.0000 1.3081 37.2612 12.8887 
232.0000 43.0000 10.0405 0.9293 5.7573 
233.0000 97.0000 13.6155 8.6085 6.3605 
234.0000 24.0000 34.9172 29.2103 5.6681 
235.0000 60.0000 41.8868 36.0976 10.5356 
236.0000 87.0000 23.7362 36.8912 5.4973 
237.0000 68.0000 15.9487 32.1227 8.0298 
238.0000 39.0000 0.1194 0.1514 13.3010 
239.0000 54.0000 48.6083 14.3598 12.0379 
240.0000 101.0000 30.6999 37.8224 14.2468 
241.0000 40.0000 23.8915 15.3575 10.3539 
242.0000 64.0000 16.7611 14.1741 7.7299 
243.0000 45.0000 47.1117 35.2213 8.9211 
244.0000 40.0000 30.7677 29.4843 7.5352 
245.0000 81.0000 20.0437 19.1001 12.3104 
246.0000 28.0000 0.7115 28.1919 5.9106 
247.0000 84.0000 5.1491 16.5907 12.2709 
248.0000 49.0000 46.8864 7.0615 6.0456 
249.0000 34.0000 24.0791 9.1610 5.1821 
250.0000 82.0000 41.3019 28.6368 11.8910 
251.0000 104.0000 13.8541 13.7037 12.8825 
252.0000 36.0000 5.4506 32.1684 7.1318 
253.0000 106.0000 24.8623 37.9614 12.4664 
254.0000 48.0000 23.7705 29.8805 9.6051 
255.0000 61.0000 4.3513 10.0566 6.6246 
256.0000 51.0000 12.1520 49.7123 5.3712 
257.0000 71.0000 26.8906 12.7267 8.9514 
258.0000 87.0000 16.0185 23.0457 7.5830 
259.0000 39.0000 15.0655 18.5670 6.4047 
260.0000 90.0000 10.7276 22.7331 13.7130 
261.0000 108.0000 18.2005 5.5011 12.1721 
262.0000 71.0000 13.6307 40.4647 6.2553 
263.0000 27.0000 27.7555 8.2445 6.5082 
264.0000 33.0000 21.7120 3.4917 8.8567 
265.0000 114.0000 30.1727 37.4750 8.8521 
266.0000 54.0000 31.7361 45.9948 14.7085 
267.0000 108.0000 35.3739 44.7254 10.5137 
268.0000 117.0000 48.6432 12.6006 11.3121 
269.0000 116.0000 11.4679 15.5962 5.7178 
270.0000 62.0000 24.3944 29.3658 10.0590 
271.0000 109.0000 15.0085 11.6595 8.1298 
272.0000 77.0000 23.3277 9.8998 8.5829 
273.0000 76.0000 17.9613 2.0368 11.3753 
274.0000 95.0000 32.2530 4.5250 11.2115 
275.0000 102.0000 24.5938 3.5694 9.6513 
276.0000 63.0000 3.0906 4.0024 9.3847 
277.0000 58.0000 40.2936 32.6825 5.3734 
278.0000 22.0000 4.1344 8.1269 13.0055 
279.0000 109.0000 0.5450 7.0618 7.2096 
280.0000 28.0000 47.6562 36.8336 14.9302 
281.0000 46.0000 41.9030 46.8283 12.7544 
282.0000 38.0000 45.2326 23.7236 13.0234 
283.0000 114.0000 7.6433 17.6867 8.0317 
284.0000 103.0000 47.8851 45.8481 14.1341 
285.0000 47.0000 38.4281 1.1379 9.2295 
286.0000 41.0000 10.8542 8.1271 13.8941 
287.0000 85.0000 14.9525 49.8441 5.0266 
288.0000 110.0000 0.5892 29.6674 11.4052 
289.0000 53.0000 9.5082 46.6498 14.3963 
290.0000 49.0000 22.8215 28.5222 13.5972 
291.0000 108.0000 22.2887 39.2643 6.4638 
292.0000 47.0000 9.0158 17.9147 5.6158 
293.0000 75.0000 7.4756 18.0323 14.2312 
294.0000 94.0000 42.8902 20.8792 13.9796 
295.0000 56.0000 11.3100 23.1257 13.1609 
296.0000 107.0000 4.7277 35.5517 14.3898 
297.0000 43.0000 31.5703 41.4311 6.4190 
298.0000 85.0000 34.1115 23.7352 5.1490 
299.0000 60.0000 23.3100 0.7862 13.1631 
300.0000 91.0000 47.5893 43.1087 10.8086 
301.0000 28.0000 34.4893 35.1185 13.2773 
302.0000 107.0000 1.9388 17.7056 10.9364 
303.0000 32.0000 45.1188 41.1136 7.7441 
304.0000 94.0000 5.9935 43.0923 8.5169 
305.0000 119.0000 17.2942 10.4328 12.1922 
306.0000 38.0000 49.0631 31.1783 5.7953 
307.0000 61.0000 37.6819 37.1807 11.1189 
308.0000 87.0000 47.3425 0.6425 10.0846 
309.0000 106.0000 43.3280 1.1901 9.6857 
310.0000 112.0000 3.3280 22.0723 5.9441 
311.0000 36.0000 19.9817 43.9024 5.9805 
312.0000 39.0000 49.6034 47.3268 10.5772 
313.0000 85.0000 22.4643 21.8061 10.6439 
314.0000 43.0000 4.8126 13.9466 7.6257 
315.0000 39.0000 38.9387 1.9573 6.5321 
316.0000 97.0000 45.6341 49.0898 13.7106 
317.0000 106.0000 13.2088 40.4136 8.1524 
318.0000 43.0000 15.3755 17.4556 11.5169 
319.0000 46.0000 7.3130 12.0207 14.1852 
320.0000 108.0000 16.6589 29.1204 12.7649 
321.0000 75.0000 4.6441 33.1516 9.6500 
322.0000 69.0000 30.8228 17.2196 10.3425 
323.0000 103.0000 47.3032 4.7842 6.5003 
324.0000 50.0000 10.3875 44.9929 9.5590 
325.0000 88.0000 9.3922 30.1742 6.3084 
326.0000 26.0000 28.3690 37.7050 14.6925 
327.0000 119.0000 1.9072 6.6883 14.5629 
328.0000 79.0000 45.7133 33.0956 13.7957 
329.0000 77.0000 38.1575 31.3772 10.8393 
330.0000 110.0000 16.0633 17.1488 6.2892 
331.0000 27.0000 46.0055 47.2051 6.9176 
332.0000 117.0000 37.4306 18.2083 13.1374 
333.0000 51.0000 31.6745 34.2040 8.2968 
334.0000 33.0000 47.2714 27.8926 9.2533 
335.0000 99.0000 39.7504 18.8210 12.2023 
336.0000 63.0000 45.7763 49.4895 13.7576 
337.0000 26.0000 4.9520 45.4963 8.8654 
338.0000 101.0000 2.5406 0.5136 8.6781 
339.0000 72.0000 19.7761 25.6173 9.8710 
340.0000 120.0000 13.2409 40.7931 6.3920 
341.0000 28.0000 28.9854 38.2753 13.0074 
342.0000 64.0000 5.9831 39.2215 6.1391 
343.0000 25.0000 31.0436 49.1450 11.7699 
344.0000 96.0000 40.2501 25.3701 9.6663 
345.0000 93.0000 25.8288 1.1895 5.9992 
346.0000 66.0000 32.9163 41.8433 5.0941 
347.0000 68.0000 48.4321 12.4620 9.3533 
348.0000 109.0000 6.5980 17.7475 6.6873 
349.0000 90.0000 8.4063 23.6870 6.4133 
350.0000 90.0000 31.4117 43.1591 13.5933 
351.0000 104.0000 29.1081 48.5727 14.9429 
352.0000 28.0000 0.5722 6.5939 13.0892 
353.0000 116.0000 30.0683 36.3927 6.3566 
354.0000 70.0000 36.2805 25.7440 12.4066 
355.0000 55.0000 30.6996 2.2197 13.5106 
356.0000 27.0000 26.2657 41.7185 10.4489 
357.0000 69.0000 40.0610 33.6043 10.8737 
358.0000 108.0000 40.4154 14.6762 7.2463 
359.0000 77.0000 43.6466 20.5687 7.7387 
360.0000 61.0000 27.4012 15.2538 8.3371 
361.0000 89.0000 25.6756 36.1397 6.6306 
362.0000 30.0000 10.5488 27.8008 8.8151 
363.0000 59.0000 46.9989 0.8709 9.9614 
364.0000 109.0000 44.5603 6.9922 14.6548 
365.0000 86.0000 1.3612 7.1555 13.3301 
366.0000 88.0000 47.1551 22.6647 8.3980 
367.0000 67.0000 40.1471 40.3427 8.8195 
368.0000 87.0000 13.5547 1.0053 6.6254 
369.0000 99.0000 24.1618 0.6823 9.6306 
370.0000 49.0000 28.0977 8.5312 9.9808 
371.0000 65.0000 41.2595 0.0364 5.2245 
372.0000 58.0000 42.1022 31.3103 9.0111 
373.0000 37.0000 21.8092 25.0382 10.5765 
374.0000 48.0000 35.2586 16.2999 13.8445 
375.0000 27.0000 10.2647 38.6238 8.8070 
376.0000 109.0000 15.0925 22.9121 11.4625 
377.0000 73.0000 31.9940 31.5423 11.3486 
378.0000 37.0000 15.0286 13.7587 8.8522 
379.0000 79.0000 34.9708 23.5824 7.2310 
380.0000 74.0000 44.5925 30.4147 12.8885 
381.0000 78.0000 41.5756 16.1892 8.8201 
382.0000 109.0000 7.6929 40.6430 10.3517 
383.0000 40.0000 26.7166 22.1834 11.6725 
384.0000 108.0000 48.3909 47.9810 14.0281 
385.0000 64.0000 25.7671 35.7641 7.2694 
386.0000 109.0000 21.1527 38.5542 8.4905 
387.0000 39.0000 11.8991 33.3776 5.8273 
388.0000 21.0000 22.9551 44.9149 14.4887 
389.0000 45.0000 39.2265 34.2856 10.2311 
390.0000 41.0000 36.5573 46.6473 7.3880 
391.0000 89.0000 42.8405 45.0226 6.1729 
392.0000 32.0000 15.2308 25.7556 14.0548 
393.0000 37.0000 49.1116 32.5180 7.8925 
394.0000 84.0000 23.2348 9.7560 6.1459 
395.0000 85.0000 17.0088 35.3835 13.0448 
396.0000 87.0000 44.5379 7.8517 13.1798 
397.0000 58.0000 3.4875 39.2249 7.2757 
398.0000 31.0000 12.5617 1.6768 9.4391 
399.0000 74.0000 19.1078 49.0225 11.7479 
400.0000 44.0000 19.6012 37.6405 14.1469 
401.0000 22.0000 32.9293 32.9074 5.7567 
402.0000 59.0000 10.1988 6.9513 11.9432 
403.0000 114.0000 33.9758 24.8034 6.7584 
404.0000 34.0000 20.1462 18.7160 12.2219 
405.0000 42.0000 29.7917 11.6300 6.9267 
406.0000 41.0000 33.5594 44.9751 13.2870 
407.0000 24.0000 16.5628 45.7867 9.1088 
408.0000 46.0000 9.6279 14.8638 11.2111 
409.0000 74.0000 32.4045 26.5375 7.1635 
410.0000 63.0000 29.9122 6.5203 5.9363 
411.0000 62.0000 19.3678 4.6618 13.8367 
412.0000 25.0000 24.4713 26.5140 8.8319 
413.0000 36.0000 13.5856 30.6838 12.8587 
414.0000 33.0000 26.6920 3.9778 5.2069 
415.0000 73.0000 44.1032 20.7965 14.7310 
416.0000 22.0000 23.1676 45.6149 8.4924 
417.0000 34.0000 3.2387 45.3323 12.4572 
418.0000 80.0000 33.4766 4.6212 12.6276 
419.0000 56.0000 44.0582 39.4215 10.3693 
420.0000 68.0000 35.8161 45.3520 5.5952 
421.0000 71.0000 47.3045 45.3965 9.8880 
422.0000 69.0000 31.1197 3.2522 11.3391 
423.0000 70.0000 49.0178 35.8928 14.4618 
424.0000 58.0000 17.6571 30.6204 14.0505 
425.0000 47.0000 24.1887 11.2582 5.1642 
426.0000 48.0000 8.2155 16.7858 11.0565 
427.0000 35.0000 45.3606 48.6317 7.6484 
428.0000 33.0000 34.2947 45.2303 9.2009 
429.0000 65.0000 19.5462 2.9321 11.0691 
430.0000 98.0000 43.4618 47.5991 12.9759 
431.0000 114.0000 49.7386 32.5494 8.1741 
432.0000 103.0000 1.6075 13.7026 6.4129 
433.0000 46.0000 25.2102 41.7491 5.9696 
434.0000 39.0000 28.2523 0.1004 11.6024 
435.0000 106.0000 39.3047 13.9980 11.2759 
436.0000 103.0000 12.9674 32.0725 11.3366 
437.0000 81.0000 8.3859 1.2916 14.3270 
438.0000 24.0000 0.0717 7.5650 6.3255 
439.0000 97.0000 38.2482 15.4633 6.4410 
440.0000 103.0000 39.4100 31.7729 13.3146 
441.0000 33.0000 22.0057 0.5272 5.0441 
442.0000 76.0000 45.9328 41.5235 11.9715 
443.0000 79.0000 1.5108 14.0248 14.5358 
444.0000 95.0000 40.1015 41.9242 14.9476 
445.0000 22.0000 11.1641 8.2021 13.2898 
446.0000 30.0000 41.6967 15.5518 14.0153 
447.0000 46.0000 40.0995 33.3855 5.3087 
448.0000 52.0000 27.6923 45.5225 12.1273 
449.0000 28.0000 45.9068 44.0227 11.6020 
450.0000 79.0000 6.9009 8.5019 14.4832 
