0.0000 0.0000 25.0000 25.0000 0.0000 
1.0000 134.0000 23.0216 47.4888 14.1711 
2.0000 118.0000 42.6975 33.6428 5.8152 
3.0000 81.0000 38.2174 14.8918 7.4782 
4.0000 96.0000 42.9990 18.8663 5.4659 
5.0000 90.0000 36.4995 22.7831 7.0057 
6.0000 88.0000 45.3262 13.6545 6.1726 
7.0000 69.0000 9.2881 15.1734 8.9809 
8.0000 86.0000 43.7178 14.4522 14.0576 
9.0000 60.0000 12.4727 17.5017 14.0259 
10.0000 56.0000 42.1142 47.2192 13.3422 
11.0000 64.0000 45.9348 9.5924 6.7259 
12.0000 64.0000 25.7157 7.9358 6.6865 
13.0000 135.0000 23.3973 45.6047 14.2096 
14.0000 95.0000 9.3921 23.8142 9.9479 
15.0000 58.0000 22.0561 41.4412 11.1592 
16.0000 62.0000 6.6624 29.5879 5.0845 
17.0000 67.0000 18.6073 48.8919 13.6866 
18.0000 90.0000 11.2658 18.7710 6.7221 
19.0000 120.0000 45.1779 3.6657 12.9345 
20.0000 132.0000 15.0162 19.7716 5.7703 
21.0000 91.0000 33.5799 7.9797 12.3639 
22.0000 132.0000 11.1933 11.1370 5.7410 
23.0000 79.0000 34.8024 32.6848 7.1343 
24.0000 96.0000 3.0936 42.8975 11.4082 
25.0000 96.0000 48.6970 33.5805 13.0596 
26.0000 62.0000 18.6875 11.7733 5.0168 
27.0000 133.0000 40.4379 13.3610 9.2398 
28.0000 118.0000 43.3412 1.3444 14.7086 
29.0000 110.0000 31.6719 46.9997 9.6575 
30.0000 100.0000 18.5189 25.0457 10.7241 
31.0000 55.0000 4.6627 0.8701 13.3356 
32.0000 97.0000 7.0792 0.0861 14.0645 
33.0000 127.0000 36.2506 47.7147 9.0024 
34.0000 138.0000 11.9613 0.6957 5.7064 
35.0000 95.0000 43.8511 24.9025 7.3132 
36.0000 63.0000 15.5194 18.0164 8.3428 
37.0000 119.0000 11.8233 11.2515 8.7740 
38.0000 111.0000 46.8118 15.7128 10.0661 
39.0000 80.0000 25.2487 1.1298 14.6650 
40.0000 69.0000 6.5320 48.8271 5.9900 
41.0000 118.0000 9.6420 3.3254 7.8952 
42.0000 81.0000 14.4604 4.7688 9.4737 
43.0000 101.0000 2.8906 37.9328 5.9778 
44.0000 111.0000 0.4921 43.3788 13.9809 
45.0000 59.0000 42.5614 3.0895 9.2649 
46.0000 90.0000 43.6900 39.7162 9.8380 
47.0000 88.0000 27.8030 34.7391 12.3491 
48.0000 53.0000 24.0206 7.0872 12.8476 
49.0000 78.0000 24.3528 25.3122 7.1665 
50.0000 115.0000 4.3584 42.9931 10.0807 
51.0000 127.0000 38.7684 45.1002 5.6124 
52.0000 117.0000 2.6390 15.3375 10.2501 
53.0000 130.0000 2.7578 0.1167 10.6103 
54.0000 99.0000 24.6843 15.9109 14.3160 
55.0000 77.0000 38.5143 2.6520 8.3582 
56.0000 99.0000 9.2733 11.1576 7.0101 
57.0000 129.0000 24.4301 10.2000 6.7456 
58.0000 97.0000 27.4583 1.4150 14.3265 
59.0000 68.0000 49.3927 1.3455 14.7858 
60.0000 78.0000 47.6139 49.2297 12.2815 
61.0000 89.0000 20.3486 25.8795 10.3156 
62.0000 128.0000 1.1272 26.3647 7.4962 
63.0000 140.0000 14.7626 9.1161 12.3326 
64.0000 73.0000 20.4973 3.8847 10.8771 
65.0000 89.0000 33.0578 24.4415 7.1319 
66.0000 99.0000 31.7562 10.1129 5.9727 
67.0000 52.0000 33.3043 14.5144 9.5431 
68.0000 115.0000 14.6106 43.7144 13.5892 
69.0000 117.0000 43.6710 42.2396 11.0996 
70.0000 61.0000 25.0308 11.9166 6.8814 
71.0000 83.0000 12.8725 9.5109 11.0570 
72.0000 77.0000 19.6961 36.3099 7.7114 
73.0000 72.0000 11.2206 6.4633 12.8997 
74.0000 92.0000 41.9916 12.8622 11.0187 
75.0000 60.0000 24.9092 11.5246 10.1456 
