0.0000 0.0000 25.0000 25.0000 0.0000 
1.0000 120.0000 18.7455 41.8328 13.1331 
2.0000 180.0000 48.5441 43.7958 6.5676 
3.0000 106.0000 44.4344 26.6197 11.6859 
4.0000 129.0000 21.3460 0.4531 5.9173 
5.0000 132.0000 33.8448 45.0888 8.8048 
6.0000 156.0000 40.8950 21.2735 7.1042 
7.0000 122.0000 18.5551 21.0951 10.4086 
8.0000 169.0000 15.0031 36.5732 10.6242 
9.0000 169.0000 43.5052 25.4393 6.8960 
10.0000 118.0000 33.2572 36.2156 11.7485 
11.0000 174.0000 21.8853 48.5268 7.5566 
12.0000 107.0000 48.9914 6.7423 7.5707 
13.0000 152.0000 41.7486 39.1995 10.1574 
14.0000 178.0000 44.3006 37.9690 6.6670 
15.0000 142.0000 3.3712 29.1363 7.4945 
16.0000 144.0000 46.4437 43.7805 11.5693 
17.0000 137.0000 29.3737 45.2918 7.4526 
18.0000 109.0000 23.4028 20.5526 10.0155 
19.0000 126.0000 34.7698 15.4748 12.1289 
20.0000 135.0000 41.2161 6.4452 10.5739 
21.0000 108.0000 41.3278 23.4279 5.3630 
22.0000 130.0000 14.5178 35.4868 7.9457 
23.0000 170.0000 43.0356 41.6983 11.9001 
24.0000 140.0000 42.5313 8.2108 11.9016 
25.0000 118.0000 39.3672 8.3439 12.2182 
26.0000 101.0000 38.5183 15.8930 7.0225 
27.0000 101.0000 29.9269 39.4434 12.4454 
28.0000 176.0000 20.5016 45.7194 12.6605 
29.0000 175.0000 3.5776 16.7999 6.3436 
30.0000 147.0000 39.7151 15.3468 14.0734 
31.0000 110.0000 42.3087 42.0137 9.0983 
32.0000 162.0000 24.6508 27.0639 11.5959 
33.0000 102.0000 17.2231 44.1995 6.6398 
34.0000 164.0000 27.5248 7.4265 14.0112 
35.0000 91.0000 31.5008 31.9594 14.7172 
36.0000 177.0000 35.1296 24.7005 8.5320 
37.0000 171.0000 32.7172 13.4178 12.6883 
38.0000 119.0000 24.6587 25.4169 10.5338 
39.0000 165.0000 6.7564 36.5167 8.2358 
40.0000 98.0000 4.3730 11.8728 13.3964 
41.0000 131.0000 27.2753 9.6107 10.3140 
42.0000 127.0000 41.6215 37.0684 13.3317 
43.0000 162.0000 20.3554 7.4213 9.1699 
44.0000 144.0000 8.0852 31.0965 12.1014 
45.0000 103.0000 8.7628 26.8352 13.4494 
46.0000 97.0000 7.4381 9.5644 9.9691 
47.0000 169.0000 36.6116 23.2188 14.7388 
48.0000 116.0000 44.2800 20.4732 5.1470 
49.0000 173.0000 24.9149 5.9643 11.4534 
50.0000 106.0000 28.3257 43.7221 9.7304 
51.0000 148.0000 28.4712 0.0732 11.9187 
52.0000 101.0000 14.7257 15.1563 8.1027 
53.0000 150.0000 46.5120 45.4428 11.5032 
54.0000 124.0000 26.4634 10.6956 7.9678 
55.0000 171.0000 24.1740 44.9231 9.1506 
56.0000 106.0000 2.7806 45.3204 5.9292 
57.0000 130.0000 39.6234 24.6749 9.2434 
58.0000 103.0000 31.0766 15.4304 6.9624 
59.0000 117.0000 44.1361 7.3715 10.4166 
60.0000 147.0000 27.4335 16.9425 12.4756 
61.0000 174.0000 46.9025 22.2656 6.3852 
62.0000 163.0000 19.7510 44.3577 11.1688 
63.0000 146.0000 2.8195 44.7797 6.0120 
64.0000 154.0000 19.0716 34.0976 7.3229 
65.0000 136.0000 11.7776 20.5767 5.3191 
66.0000 99.0000 4.3515 47.3757 8.3838 
67.0000 150.0000 37.4784 46.2570 5.3571 
68.0000 108.0000 14.2851 15.0535 8.6432 
69.0000 102.0000 39.5439 23.9707 7.7259 
70.0000 163.0000 17.4820 35.2617 10.6640 
71.0000 94.0000 47.3457 42.6252 13.0572 
72.0000 157.0000 0.8603 3.3995 8.4416 
73.0000 162.0000 36.0705 41.4057 6.4004 
74.0000 145.0000 36.7965 7.9463 9.6916 
75.0000 165.0000 21.4049 12.4784 13.3049 
76.0000 110.0000 29.0639 46.0147 6.2585 
77.0000 107.0000 31.6334 32.4505 8.2614 
78.0000 154.0000 37.7444 39.9664 11.8522 
79.0000 147.0000 3.7542 44.6364 14.2368 
80.0000 165.0000 36.7658 4.3034 14.4108 
81.0000 175.0000 32.3896 38.6737 11.6569 
82.0000 166.0000 49.6059 30.1075 7.6696 
83.0000 126.0000 29.9947 3.8100 12.1732 
84.0000 172.0000 34.1501 35.7645 9.7371 
85.0000 116.0000 47.9347 17.7778 10.4168 
86.0000 122.0000 15.7326 3.1193 11.0571 
87.0000 166.0000 1.8023 7.6748 10.5663 
88.0000 142.0000 40.4871 31.4447 8.1258 
89.0000 128.0000 21.8986 42.5514 7.4710 
90.0000 166.0000 18.4353 8.2474 6.9245 
91.0000 176.0000 35.2458 29.9306 7.3568 
92.0000 152.0000 1.8941 27.8837 12.3845 
93.0000 119.0000 40.1558 23.6499 8.8082 
94.0000 138.0000 23.7472 18.1106 5.3030 
95.0000 144.0000 32.7973 36.4165 14.3907 
96.0000 106.0000 17.7983 41.2938 12.4018 
97.0000 108.0000 26.7318 37.4341 5.3464 
98.0000 91.0000 15.8384 42.0596 8.1656 
99.0000 171.0000 32.2484 16.8462 9.0593 
100.0000 120.0000 23.5313 35.7245 14.8569 
101.0000 134.0000 33.1701 25.2557 8.9395 
102.0000 136.0000 44.8283 26.0814 6.7774 
103.0000 154.0000 13.7594 12.6143 8.5828 
104.0000 137.0000 24.2351 1.8101 10.4892 
105.0000 175.0000 10.0500 48.1289 10.3087 
106.0000 131.0000 9.8517 8.5816 10.0816 
107.0000 127.0000 19.7502 29.3785 14.3484 
108.0000 117.0000 47.8040 29.6899 12.2881 
109.0000 115.0000 10.2900 47.7354 7.3557 
110.0000 161.0000 40.4413 46.0503 13.1736 
111.0000 129.0000 17.4419 26.7321 9.3892 
112.0000 95.0000 29.4308 37.3128 13.3466 
113.0000 132.0000 5.4194 16.0646 10.3369 
114.0000 93.0000 7.0107 40.0099 13.8700 
115.0000 114.0000 15.5864 39.9797 6.6308 
116.0000 176.0000 14.1272 31.6654 7.1932 
117.0000 148.0000 16.6545 15.2134 12.3581 
118.0000 113.0000 31.5206 48.0226 10.7616 
119.0000 165.0000 20.4663 0.1673 10.2989 
120.0000 177.0000 0.2555 24.2342 6.4923 
121.0000 171.0000 20.4596 30.7484 11.9123 
122.0000 141.0000 15.0656 17.2490 9.0202 
123.0000 158.0000 38.3867 11.8337 6.6956 
124.0000 153.0000 44.7638 42.2590 5.9586 
125.0000 146.0000 5.4829 23.9810 14.9439 
126.0000 124.0000 39.2245 1.2408 9.6917 
127.0000 155.0000 32.9940 35.7992 12.8636 
128.0000 153.0000 9.6285 44.4503 12.2886 
129.0000 156.0000 41.8365 30.8431 10.3163 
130.0000 154.0000 19.5403 43.2094 11.8320 
131.0000 134.0000 7.8597 30.4828 10.2909 
132.0000 123.0000 36.1019 27.1196 5.9125 
133.0000 147.0000 30.6496 34.8567 10.2441 
134.0000 146.0000 8.4902 25.9694 9.9961 
135.0000 100.0000 34.9891 1.6186 11.8160 
136.0000 111.0000 31.9745 41.3076 5.9298 
137.0000 104.0000 41.6598 26.3794 5.7858 
138.0000 128.0000 4.0287 25.0918 5.3746 
139.0000 164.0000 21.6370 35.5640 13.5450 
140.0000 179.0000 21.2614 19.9100 7.4732 
141.0000 160.0000 1.8201 17.9387 5.2579 
142.0000 116.0000 9.0338 30.6176 6.8688 
143.0000 93.0000 21.2979 2.3268 10.5627 
144.0000 147.0000 34.5574 7.3047 14.5760 
145.0000 95.0000 16.0235 3.5580 6.1300 
146.0000 171.0000 17.3793 32.0443 5.3776 
147.0000 111.0000 39.5889 20.5029 13.0977 
148.0000 114.0000 0.0087 33.0066 9.5853 
149.0000 103.0000 24.7495 37.7486 10.8873 
150.0000 143.0000 12.3574 28.1201 8.9225 
