0.0000 0.0000 25.0000 25.0000 0.0000 
1.0000 78.0000 25.7554 45.8748 11.1954 
2.0000 64.0000 35.8979 34.6856 11.0602 
3.0000 97.0000 16.9108 21.6691 12.9714 
4.0000 123.0000 11.9714 47.3577 14.8567 
5.0000 73.0000 9.4880 28.7628 11.7469 
6.0000 96.0000 12.0593 32.0305 8.8293 
7.0000 122.0000 23.8872 2.9523 11.2305 
8.0000 138.0000 39.9606 14.4739 6.8731 
9.0000 101.0000 23.2280 11.3023 11.6095 
10.0000 140.0000 36.3719 36.2198 9.9225 
11.0000 102.0000 22.2025 44.8886 11.2314 
12.0000 104.0000 0.1615 27.3428 11.1224 
13.0000 69.0000 11.8915 39.3752 13.2236 
14.0000 94.0000 3.3541 28.0480 5.3856 
15.0000 79.0000 26.7796 18.1798 7.3422 
16.0000 126.0000 23.6083 31.8810 6.8413 
17.0000 101.0000 14.2645 45.0445 9.0908 
18.0000 113.0000 48.0415 47.9492 13.9480 
19.0000 80.0000 20.1886 30.2726 7.6724 
20.0000 113.0000 7.2455 20.4038 12.4884 
21.0000 68.0000 27.8488 45.2676 13.0173 
22.0000 137.0000 20.6828 16.8745 11.3010 
23.0000 136.0000 13.1311 1.6856 5.4854 
24.0000 86.0000 38.1195 6.1670 13.2068 
25.0000 75.0000 32.2647 2.1762 10.1707 
26.0000 82.0000 15.6161 5.0859 7.2277 
27.0000 91.0000 23.1134 36.8698 12.8081 
28.0000 114.0000 23.0203 25.9742 5.3835 
29.0000 125.0000 25.8569 40.9574 10.5890 
30.0000 59.0000 20.6930 49.4208 8.5917 
31.0000 75.0000 34.2394 37.6010 5.8672 
32.0000 122.0000 18.6932 7.1470 11.1541 
33.0000 113.0000 39.5694 45.2466 12.0183 
34.0000 56.0000 5.3065 18.4189 6.8678 
35.0000 120.0000 27.8896 31.6858 12.8378 
36.0000 110.0000 39.3142 15.6154 10.1304 
37.0000 84.0000 36.1227 27.7953 14.9488 
38.0000 81.0000 5.1310 28.0154 10.2986 
39.0000 139.0000 38.1278 37.5833 12.2898 
40.0000 138.0000 18.2964 19.0663 12.4173 
41.0000 89.0000 31.5912 45.4002 5.6708 
42.0000 87.0000 49.1092 43.9110 8.2200 
43.0000 94.0000 17.5776 39.6832 9.1696 
44.0000 86.0000 48.9586 33.0272 11.6451 
45.0000 74.0000 36.4063 24.5991 7.8746 
46.0000 117.0000 27.0906 35.2634 6.2693 
47.0000 136.0000 42.8636 20.2429 9.0266 
48.0000 109.0000 14.6768 1.5076 14.8258 
49.0000 125.0000 25.6676 0.1353 5.7334 
50.0000 108.0000 14.2485 47.5639 14.1886 
51.0000 91.0000 26.6030 36.8369 6.6382 
52.0000 65.0000 13.4943 10.8168 13.6326 
53.0000 76.0000 36.7759 38.9995 7.7882 
54.0000 83.0000 40.1027 10.1366 11.6133 
55.0000 138.0000 15.5793 42.8314 11.3768 
56.0000 68.0000 9.7008 43.5476 11.3647 
57.0000 89.0000 17.3915 2.9423 14.2061 
58.0000 67.0000 0.9515 5.2137 8.4903 
59.0000 73.0000 20.0439 31.1734 13.3433 
60.0000 82.0000 18.2354 42.0106 9.8504 
61.0000 76.0000 26.1373 7.5805 12.7729 
62.0000 58.0000 47.1796 11.2760 13.9408 
63.0000 116.0000 4.6378 33.2857 13.9049 
64.0000 67.0000 25.3298 39.6631 9.9743 
65.0000 125.0000 41.9052 33.1738 6.5874 
66.0000 139.0000 27.0829 44.2540 7.4958 
67.0000 68.0000 1.9429 39.5694 8.1755 
68.0000 107.0000 17.4196 12.2472 9.2099 
69.0000 110.0000 24.7733 11.5302 12.2864 
70.0000 138.0000 49.5731 22.7102 7.4106 
71.0000 85.0000 34.2661 5.6255 5.5480 
72.0000 131.0000 15.4688 22.2494 7.1407 
73.0000 82.0000 24.8941 23.4465 10.7887 
74.0000 59.0000 14.3289 43.1981 11.9131 
75.0000 125.0000 41.6013 36.6563 7.4138 
76.0000 125.0000 29.8794 3.6472 11.5729 
77.0000 93.0000 39.3173 28.5762 12.2369 
78.0000 90.0000 45.8659 2.6271 9.7140 
79.0000 87.0000 7.2852 20.8791 11.2173 
80.0000 72.0000 0.0142 22.6376 8.8287 
81.0000 101.0000 21.0388 24.5732 9.6569 
82.0000 65.0000 29.2196 3.5155 10.1223 
83.0000 118.0000 22.3075 36.5263 7.7489 
84.0000 57.0000 39.1180 17.2799 5.8456 
85.0000 72.0000 6.5938 44.7027 6.6338 
86.0000 83.0000 43.7994 17.0324 13.2819 
87.0000 90.0000 47.7029 30.5664 13.4610 
88.0000 55.0000 10.9053 9.6242 10.8215 
89.0000 94.0000 46.4773 1.7041 12.3265 
90.0000 60.0000 2.9233 24.3478 8.4318 
91.0000 113.0000 27.8439 18.9805 10.2514 
92.0000 74.0000 16.2454 23.7238 9.6837 
93.0000 64.0000 20.0836 5.9477 11.8039 
94.0000 120.0000 13.4193 17.3896 8.3189 
95.0000 56.0000 46.0574 14.3911 7.8069 
96.0000 103.0000 33.7629 45.1850 9.3785 
97.0000 132.0000 36.4846 33.5461 14.6399 
98.0000 96.0000 26.0593 47.2319 9.4255 
99.0000 133.0000 33.1288 33.5184 14.8879 
100.0000 130.0000 2.7562 4.9136 13.1439 
