0.0000 0.0000 25.0000 25.0000 0.0000 
1.0000 133.0000 1.1170 9.4684 14.8082 
2.0000 164.0000 9.9256 39.4166 9.0353 
3.0000 170.0000 12.3877 24.5551 5.1927 
4.0000 116.0000 29.1133 12.5296 14.0638 
5.0000 93.0000 12.9025 33.9348 8.8457 
6.0000 165.0000 7.5975 44.1328 5.0091 
7.0000 94.0000 18.9840 14.7882 12.2652 
8.0000 155.0000 25.5109 3.2541 8.8421 
9.0000 144.0000 33.3913 33.4235 6.4083 
10.0000 100.0000 48.7608 16.8168 11.7004 
11.0000 110.0000 41.8080 15.9360 12.8912 
12.0000 151.0000 20.3864 16.5122 10.8222 
13.0000 150.0000 22.9171 12.9102 9.5418 
14.0000 154.0000 49.2756 11.7342 9.4571 
15.0000 151.0000 6.6665 36.4956 9.5640 
16.0000 142.0000 17.9937 35.0199 7.3618 
17.0000 97.0000 12.1948 16.6071 10.5353 
18.0000 128.0000 0.0037 19.5341 11.0125 
19.0000 155.0000 4.9100 9.2928 13.3843 
20.0000 158.0000 14.6061 4.2740 12.9204 
21.0000 160.0000 19.1522 22.6229 14.9953 
22.0000 117.0000 39.1795 37.3427 14.0007 
23.0000 96.0000 19.0179 19.6848 7.7506 
24.0000 143.0000 17.2381 9.7155 9.5760 
25.0000 153.0000 38.7839 13.7838 13.0670 
26.0000 125.0000 36.0933 15.5425 13.4598 
27.0000 92.0000 32.3089 5.6825 8.6161 
28.0000 116.0000 22.1736 23.5069 9.3376 
29.0000 120.0000 14.0261 48.1532 10.5059 
30.0000 113.0000 7.2782 4.9991 11.5544 
31.0000 100.0000 6.9075 42.0193 8.4495 
32.0000 136.0000 34.8712 35.0650 10.4462 
33.0000 119.0000 37.2923 7.6883 11.6971 
34.0000 153.0000 33.3747 18.6038 10.1425 
35.0000 179.0000 40.4384 49.9221 10.3325 
36.0000 110.0000 43.3444 28.5651 5.5340 
37.0000 157.0000 40.1710 3.0127 8.0815 
38.0000 142.0000 37.1366 48.1347 10.7951 
39.0000 155.0000 20.7465 36.2642 13.3168 
40.0000 162.0000 12.7722 47.2477 14.2469 
41.0000 161.0000 35.4863 2.1570 10.0271 
42.0000 118.0000 28.3103 48.7661 11.6116 
43.0000 149.0000 46.3658 4.9540 12.6116 
44.0000 159.0000 25.3554 25.4851 5.1222 
45.0000 157.0000 26.0431 8.3390 7.1850 
46.0000 110.0000 20.7904 25.4720 5.4717 
47.0000 126.0000 25.6947 46.3781 14.5282 
48.0000 177.0000 20.0242 31.4147 8.7660 
49.0000 121.0000 16.5564 5.8381 5.2030 
50.0000 107.0000 32.8669 9.4583 7.5010 
51.0000 147.0000 21.8018 12.7533 6.2285 
52.0000 164.0000 5.7971 17.5017 7.8948 
53.0000 163.0000 16.8542 15.5729 12.7570 
54.0000 161.0000 37.4980 1.3181 11.4123 
55.0000 117.0000 26.2176 36.0998 13.0326 
56.0000 175.0000 21.5559 15.8233 6.3688 
57.0000 100.0000 1.3521 6.7390 11.9886 
58.0000 124.0000 32.3456 7.7527 9.0666 
59.0000 169.0000 18.1837 23.9392 14.8891 
60.0000 102.0000 21.7250 25.9311 14.9532 
61.0000 130.0000 15.3925 30.0818 6.2157 
62.0000 115.0000 31.3769 12.5333 7.4177 
63.0000 166.0000 46.6973 20.1736 6.9375 
64.0000 128.0000 15.5136 4.0537 12.6594 
65.0000 128.0000 34.0684 40.8639 5.8905 
66.0000 96.0000 14.1341 23.5613 8.1454 
67.0000 176.0000 27.8209 2.5251 10.5690 
68.0000 137.0000 35.2347 42.9427 11.6510 
69.0000 103.0000 4.1272 19.7833 8.3786 
70.0000 142.0000 39.1571 7.4733 11.2140 
71.0000 172.0000 32.4894 3.7374 11.5984 
72.0000 93.0000 39.4198 40.4823 7.4512 
73.0000 144.0000 49.6666 24.8219 8.5908 
74.0000 172.0000 12.0662 44.1968 14.9969 
75.0000 97.0000 41.0063 8.7955 14.3943 
76.0000 166.0000 43.3305 22.1456 9.7908 
77.0000 132.0000 4.6793 33.8079 10.0518 
78.0000 151.0000 34.5289 28.5171 13.7840 
79.0000 119.0000 4.1292 21.3513 9.4659 
80.0000 169.0000 9.3104 15.8650 10.4356 
81.0000 153.0000 3.7835 36.2094 9.4797 
82.0000 134.0000 5.6195 26.7703 14.7785 
83.0000 176.0000 29.3028 8.9402 7.3868 
84.0000 125.0000 20.9597 8.2056 13.0755 
85.0000 143.0000 41.1844 1.1877 8.5274 
86.0000 144.0000 4.8302 22.5008 12.3999 
87.0000 164.0000 32.2382 20.4103 5.3726 
88.0000 107.0000 27.8953 41.5985 12.2053 
89.0000 158.0000 7.9043 25.8606 6.5588 
90.0000 159.0000 4.4127 32.0132 10.8925 
91.0000 169.0000 47.5781 24.4082 11.2077 
92.0000 156.0000 7.8800 42.7508 5.3085 
93.0000 179.0000 8.0134 29.8039 12.7046 
94.0000 114.0000 18.0802 49.8936 5.5100 
95.0000 97.0000 3.5901 40.6910 5.1551 
96.0000 172.0000 8.5848 0.3331 14.2046 
97.0000 165.0000 43.5608 22.1988 13.4875 
98.0000 158.0000 8.1777 44.2275 9.6959 
99.0000 132.0000 46.8385 36.6006 5.5519 
100.0000 106.0000 20.2843 0.0663 13.9271 
101.0000 173.0000 21.1249 9.0684 12.8645 
102.0000 129.0000 8.7675 13.2304 11.2794 
103.0000 92.0000 33.4334 47.4717 7.7610 
104.0000 166.0000 48.9103 26.7546 10.2230 
105.0000 169.0000 12.2929 22.7147 14.0136 
106.0000 113.0000 5.2684 43.2375 9.7378 
107.0000 138.0000 12.8161 26.3389 10.7956 
108.0000 117.0000 6.9144 42.3745 14.3831 
109.0000 122.0000 20.0766 10.9540 8.5741 
110.0000 126.0000 39.9109 6.0752 5.8938 
111.0000 132.0000 5.3761 5.6076 9.8323 
112.0000 139.0000 13.0222 2.6648 7.3522 
113.0000 105.0000 35.3900 4.6276 6.9262 
114.0000 110.0000 41.3987 2.2829 10.6702 
115.0000 174.0000 12.2286 11.2366 6.6018 
116.0000 157.0000 14.3968 17.2431 14.2167 
117.0000 148.0000 21.6828 37.3077 10.7417 
118.0000 167.0000 42.1448 33.9036 5.1414 
119.0000 140.0000 43.3946 48.2722 8.1281 
120.0000 166.0000 47.5658 17.4080 10.0782 
121.0000 127.0000 19.9357 37.3619 6.3898 
122.0000 151.0000 8.6054 39.2324 5.8170 
123.0000 94.0000 40.0005 6.2078 5.5127 
124.0000 166.0000 26.1994 36.7391 13.1733 
125.0000 156.0000 5.1722 25.1133 7.5295 
126.0000 133.0000 31.5091 5.6269 5.5408 
127.0000 170.0000 39.7454 10.1615 14.3019 
128.0000 161.0000 6.7992 36.9778 5.5630 
129.0000 90.0000 0.6924 26.5678 5.6846 
130.0000 113.0000 10.1609 33.4212 11.9417 
131.0000 134.0000 33.6891 11.3569 12.9501 
132.0000 123.0000 18.9946 10.0399 8.1729 
133.0000 175.0000 49.6894 2.9496 9.1680 
134.0000 118.0000 2.6130 17.2409 7.4637 
135.0000 169.0000 3.5574 44.2303 12.6719 
136.0000 133.0000 19.4594 45.4691 8.5856 
137.0000 142.0000 33.5529 11.1768 14.9095 
138.0000 129.0000 15.5596 48.9961 12.9457 
139.0000 161.0000 23.0695 31.8697 8.0879 
140.0000 152.0000 31.4681 23.2328 11.0494 
141.0000 110.0000 36.0154 46.7675 5.0874 
142.0000 168.0000 17.5439 26.9725 9.6941 
143.0000 114.0000 24.2076 12.3747 11.6199 
144.0000 156.0000 44.6385 12.8957 11.5645 
145.0000 159.0000 34.7802 0.9372 8.5696 
146.0000 116.0000 43.1453 38.1315 7.3840 
147.0000 94.0000 41.8558 32.3633 5.1195 
148.0000 167.0000 7.5190 40.3023 13.8989 
149.0000 130.0000 36.9894 12.3296 5.6925 
150.0000 101.0000 42.7880 5.8199 10.6449 
151.0000 108.0000 2.6364 24.3966 5.2752 
152.0000 102.0000 15.5337 37.3925 7.5460 
153.0000 156.0000 49.9961 4.1820 8.3151 
154.0000 178.0000 24.6132 15.1342 5.2676 
155.0000 101.0000 26.4187 16.9173 9.8859 
156.0000 100.0000 48.1135 47.5761 13.6467 
157.0000 174.0000 49.8831 24.7493 9.6377 
158.0000 111.0000 4.9632 6.6362 6.5997 
159.0000 116.0000 13.7818 23.9150 9.6956 
160.0000 162.0000 23.7761 32.8368 12.4433 
161.0000 93.0000 14.1859 47.1522 9.8665 
162.0000 114.0000 36.1441 35.6094 10.5544 
163.0000 96.0000 7.5342 47.5231 7.3765 
164.0000 113.0000 18.1923 35.7130 5.1595 
165.0000 179.0000 34.7979 35.9868 10.6427 
166.0000 95.0000 47.5532 3.9667 8.6715 
167.0000 143.0000 36.1419 11.2730 14.6729 
168.0000 99.0000 22.1024 5.3156 5.1338 
169.0000 102.0000 14.3268 24.9847 6.8329 
170.0000 128.0000 26.8778 37.5190 6.9088 
171.0000 153.0000 14.0342 2.6026 9.5464 
172.0000 133.0000 17.4524 36.0603 7.1505 
173.0000 162.0000 30.6936 25.1253 5.8860 
174.0000 174.0000 36.6678 7.9837 14.8675 
175.0000 122.0000 32.8503 7.5416 6.3904 
176.0000 146.0000 0.1371 49.5742 14.0541 
177.0000 117.0000 24.9022 3.5717 6.7350 
178.0000 92.0000 28.8046 8.8572 8.4053 
179.0000 118.0000 49.0182 36.0530 9.0508 
180.0000 175.0000 6.7124 28.3413 14.6016 
181.0000 177.0000 27.0324 36.7882 9.2712 
182.0000 113.0000 30.6647 2.5064 6.7232 
183.0000 177.0000 13.7710 26.1334 11.8905 
184.0000 101.0000 9.1608 15.7970 9.0063 
185.0000 101.0000 17.9542 42.5762 8.1914 
186.0000 160.0000 14.6527 8.3041 7.4226 
187.0000 114.0000 43.7983 35.5845 12.7508 
188.0000 124.0000 41.3174 15.3257 10.2598 
189.0000 176.0000 44.4265 41.0618 8.1793 
190.0000 155.0000 39.2032 13.4672 5.2012 
191.0000 117.0000 8.5533 37.3177 6.6357 
192.0000 103.0000 28.5620 44.2323 12.3717 
193.0000 118.0000 14.2568 12.6652 13.1928 
194.0000 133.0000 29.7749 19.3672 14.6074 
195.0000 167.0000 24.8129 25.7005 10.8962 
196.0000 102.0000 19.4054 18.3226 9.5400 
197.0000 164.0000 45.2786 12.9698 14.4805 
198.0000 130.0000 44.7051 0.5718 6.7022 
199.0000 124.0000 8.5392 29.3525 6.4765 
200.0000 136.0000 26.2842 6.2318 8.3046 
201.0000 152.0000 2.3669 10.3990 8.2929 
202.0000 161.0000 22.3355 45.9782 5.9343 
203.0000 176.0000 38.8937 29.6803 7.7141 
204.0000 100.0000 28.9959 17.6420 8.7710 
205.0000 129.0000 23.8582 48.1414 14.5411 
206.0000 153.0000 18.3213 16.3529 10.3876 
207.0000 153.0000 49.2137 8.0704 14.6168 
208.0000 175.0000 46.0769 2.6271 5.7673 
209.0000 140.0000 33.7430 2.7116 7.6385 
210.0000 147.0000 36.8312 15.1548 6.9881 
211.0000 178.0000 6.0172 7.7328 10.7005 
212.0000 164.0000 22.2603 30.0906 11.0409 
213.0000 155.0000 32.8230 45.1041 5.6787 
214.0000 113.0000 29.3533 24.8980 7.5479 
215.0000 103.0000 47.9514 5.8455 8.1604 
216.0000 174.0000 35.3049 2.8374 12.2393 
217.0000 129.0000 46.9761 46.5869 10.1740 
218.0000 159.0000 36.3834 36.1981 12.1143 
219.0000 124.0000 16.1880 44.5040 11.4711 
220.0000 143.0000 38.6474 17.9151 13.4418 
221.0000 103.0000 26.0046 32.1032 12.0759 
222.0000 116.0000 6.8252 0.2776 14.1255 
223.0000 145.0000 33.3004 26.5970 10.3959 
224.0000 116.0000 31.5274 25.7662 7.1110 
225.0000 155.0000 36.1030 25.2371 8.0930 
226.0000 170.0000 41.2769 35.4510 7.8555 
227.0000 149.0000 8.3189 26.7609 12.9936 
228.0000 96.0000 18.8124 0.4078 5.8961 
229.0000 91.0000 13.0648 13.7314 12.6050 
230.0000 149.0000 0.4367 40.5114 5.7518 
231.0000 116.0000 2.9220 36.8260 8.6742 
232.0000 142.0000 36.8050 33.0516 14.9229 
233.0000 155.0000 39.6502 33.0363 13.0564 
234.0000 170.0000 43.4604 47.4385 14.9092 
235.0000 164.0000 2.9079 17.4160 9.4207 
236.0000 127.0000 31.0903 29.2133 11.6263 
237.0000 130.0000 41.0620 32.9028 12.9888 
238.0000 102.0000 4.8142 5.0305 11.0337 
239.0000 122.0000 18.8952 21.1442 8.5768 
240.0000 162.0000 23.0043 38.5667 14.5292 
241.0000 94.0000 23.2052 34.6714 8.4146 
242.0000 122.0000 25.6748 0.4772 12.7539 
243.0000 155.0000 40.5515 1.5508 12.4615 
244.0000 120.0000 38.4187 23.1406 8.8152 
245.0000 140.0000 12.6410 31.5431 6.5533 
246.0000 134.0000 16.6867 40.4704 9.9581 
247.0000 150.0000 43.1886 42.9680 10.1695 
248.0000 170.0000 33.9642 25.3281 14.3568 
249.0000 108.0000 42.3411 8.1682 7.2873 
250.0000 112.0000 42.3507 30.9611 13.0814 
251.0000 127.0000 48.2364 48.7669 9.0282 
252.0000 128.0000 36.8926 4.5449 7.9973 
253.0000 159.0000 19.1858 29.8907 12.9348 
254.0000 104.0000 25.5649 43.2959 6.1483 
255.0000 140.0000 44.8989 43.2876 5.6725 
256.0000 101.0000 16.5596 17.3493 5.2351 
257.0000 162.0000 21.5740 13.8212 10.0628 
258.0000 124.0000 25.2827 22.2817 8.0726 
259.0000 94.0000 11.3009 7.2654 8.1203 
260.0000 122.0000 45.5286 25.0177 10.1265 
261.0000 151.0000 36.5223 17.6157 9.0369 
262.0000 92.0000 9.3602 8.2873 14.9796 
263.0000 145.0000 19.1341 10.8316 12.4828 
264.0000 160.0000 12.8969 15.2919 10.4500 
265.0000 162.0000 30.8401 32.9540 7.6732 
266.0000 129.0000 34.0195 7.7453 14.3693 
267.0000 132.0000 22.5044 45.1569 5.0139 
268.0000 120.0000 37.6757 21.7365 10.5893 
269.0000 176.0000 43.3374 30.1521 14.7645 
270.0000 172.0000 38.3863 31.0638 7.6537 
271.0000 110.0000 30.7880 47.4478 14.2191 
272.0000 144.0000 42.9047 33.4434 14.3166 
273.0000 121.0000 22.9045 20.5078 12.0132 
274.0000 138.0000 14.6195 18.3085 14.5891 
275.0000 146.0000 14.7417 3.5182 5.9192 
276.0000 156.0000 25.9960 39.3993 12.2545 
277.0000 123.0000 3.4617 41.8506 10.1435 
278.0000 136.0000 28.4390 21.3987 5.4554 
279.0000 97.0000 29.1685 25.8683 8.6562 
280.0000 119.0000 6.5379 31.4753 7.8439 
281.0000 162.0000 42.6145 27.0109 12.0624 
282.0000 130.0000 48.3698 5.1633 14.2002 
283.0000 169.0000 30.2749 32.3059 13.2268 
284.0000 91.0000 19.0790 32.9448 7.5037 
285.0000 103.0000 49.5099 38.7011 5.3887 
286.0000 103.0000 12.4994 46.2875 11.8800 
287.0000 168.0000 19.7819 40.1471 11.9267 
288.0000 129.0000 0.4776 35.6982 13.9441 
289.0000 179.0000 46.2193 0.3089 7.1203 
290.0000 125.0000 27.0653 9.9064 7.4485 
291.0000 156.0000 28.3070 24.3622 7.0287 
292.0000 112.0000 43.1420 47.9621 12.8273 
293.0000 180.0000 11.5805 3.1444 14.1844 
294.0000 155.0000 16.6956 25.5835 14.0616 
295.0000 106.0000 42.9834 26.1257 10.0795 
296.0000 100.0000 4.9325 25.4580 13.1632 
297.0000 128.0000 35.1285 13.6140 12.2162 
298.0000 176.0000 14.4089 22.1686 11.9125 
299.0000 166.0000 28.5775 41.9449 10.0781 
300.0000 158.0000 47.0531 0.9282 7.9315 
301.0000 118.0000 8.9876 31.0550 11.6220 
302.0000 166.0000 21.4666 26.2034 12.2984 
303.0000 108.0000 23.1596 6.3519 5.5813 
304.0000 169.0000 5.6073 11.1770 11.6647 
305.0000 155.0000 30.2938 3.6983 12.1394 
306.0000 174.0000 14.9461 27.3704 14.8530 
307.0000 178.0000 24.8735 13.6167 10.0246 
308.0000 154.0000 34.9119 0.1872 9.1337 
309.0000 158.0000 46.3542 17.3216 8.2691 
310.0000 163.0000 15.4056 28.3919 12.8585 
311.0000 156.0000 20.1637 32.9252 14.7841 
312.0000 139.0000 40.8406 47.5728 8.4265 
313.0000 95.0000 23.9077 34.0458 7.2836 
314.0000 168.0000 48.3868 27.5732 11.0312 
315.0000 153.0000 23.2403 13.4983 10.9938 
316.0000 139.0000 49.1958 20.3748 10.7101 
317.0000 172.0000 32.2913 19.7225 10.3782 
318.0000 146.0000 2.5878 29.6623 10.7741 
319.0000 121.0000 10.8586 7.5747 13.2510 
320.0000 171.0000 39.9902 43.6149 12.9898 
321.0000 171.0000 44.7263 41.7723 9.8096 
322.0000 171.0000 30.9317 16.5433 11.6100 
323.0000 178.0000 45.5276 15.7130 13.8616 
324.0000 131.0000 24.9362 11.3888 12.5678 
325.0000 161.0000 1.5649 7.0512 14.5853 
326.0000 115.0000 48.6075 8.1327 11.6793 
327.0000 171.0000 23.1349 0.3421 5.3845 
328.0000 149.0000 14.4617 24.2462 11.0306 
329.0000 173.0000 16.1048 42.3221 11.5818 
330.0000 99.0000 35.3024 43.1709 13.4557 
331.0000 129.0000 38.8086 20.0843 12.5345 
332.0000 179.0000 40.3764 11.7289 7.0849 
333.0000 180.0000 29.6195 19.8663 9.1326 
334.0000 174.0000 17.5225 46.3762 12.2743 
335.0000 164.0000 29.1300 0.0891 11.3180 
336.0000 151.0000 35.7734 16.0442 5.4092 
337.0000 139.0000 26.4443 37.4286 5.4377 
338.0000 121.0000 49.5268 48.3118 11.4416 
339.0000 129.0000 22.6544 33.1767 12.2009 
340.0000 120.0000 10.0368 7.1877 11.8949 
341.0000 97.0000 32.7113 31.9651 6.7554 
342.0000 127.0000 23.5183 1.7141 9.5868 
343.0000 159.0000 49.0110 14.0927 8.2222 
344.0000 96.0000 48.3187 49.1866 6.7252 
345.0000 174.0000 9.8034 31.7353 11.3362 
346.0000 100.0000 18.6547 32.0728 5.4867 
347.0000 118.0000 6.2482 46.6017 10.9061 
348.0000 114.0000 36.3048 11.6488 10.9523 
349.0000 94.0000 20.9162 14.7535 13.9837 
350.0000 146.0000 8.1515 9.1282 12.2302 
351.0000 99.0000 15.0894 29.1028 11.6099 
352.0000 117.0000 19.5252 3.3918 13.8210 
353.0000 114.0000 35.5175 31.6301 7.3521 
354.0000 99.0000 39.5419 40.5789 11.3029 
355.0000 132.0000 9.9653 46.5293 7.1627 
356.0000 131.0000 45.4244 32.6309 12.2071 
357.0000 101.0000 39.5112 36.1715 11.9989 
358.0000 92.0000 49.0137 41.4508 5.1677 
359.0000 162.0000 8.3488 37.7059 5.0443 
360.0000 142.0000 47.0490 45.8933 11.0579 
361.0000 106.0000 10.6382 15.6770 11.9567 
362.0000 107.0000 10.4652 21.0106 12.3262 
363.0000 140.0000 32.1907 41.1212 13.8007 
364.0000 170.0000 9.8622 37.6497 13.0320 
365.0000 106.0000 29.3044 27.5632 6.3174 
366.0000 160.0000 28.8449 43.2833 5.8153 
367.0000 96.0000 7.1466 47.9474 5.9152 
368.0000 137.0000 44.7100 18.2343 9.1752 
369.0000 104.0000 38.2321 48.3758 5.8791 
370.0000 168.0000 32.6379 0.2364 7.7769 
371.0000 127.0000 5.6772 7.1602 5.5007 
372.0000 92.0000 23.5137 4.7557 10.5714 
373.0000 108.0000 28.8939 30.0039 6.2701 
374.0000 165.0000 41.4621 41.8538 7.5910 
375.0000 170.0000 2.4192 29.5804 9.2719 
376.0000 140.0000 4.2562 29.3188 5.4315 
377.0000 166.0000 47.1566 46.1144 14.4487 
378.0000 101.0000 20.3500 32.1739 7.8765 
379.0000 114.0000 1.9718 46.0993 5.9512 
380.0000 165.0000 42.1511 28.3307 6.2427 
381.0000 149.0000 1.3627 11.8459 8.7190 
382.0000 107.0000 28.7512 6.2397 10.1514 
383.0000 158.0000 46.8941 32.7007 12.2030 
384.0000 93.0000 1.0793 15.5035 13.1036 
385.0000 145.0000 36.6167 9.5217 13.1031 
386.0000 90.0000 38.1696 43.3582 14.6649 
387.0000 167.0000 38.5274 42.0191 6.1047 
388.0000 123.0000 3.7451 36.7303 9.5448 
389.0000 119.0000 5.5004 39.0768 8.9920 
390.0000 168.0000 4.1178 35.1984 7.1268 
391.0000 90.0000 2.2523 18.2682 12.3011 
392.0000 93.0000 20.4888 35.7579 6.5189 
393.0000 173.0000 29.9180 48.0334 5.0061 
394.0000 129.0000 48.3581 4.6189 6.8516 
395.0000 110.0000 21.2552 4.5363 13.6497 
396.0000 128.0000 42.6259 37.1211 13.0311 
397.0000 128.0000 5.4969 34.4718 10.9188 
398.0000 104.0000 0.8936 29.5956 5.3584 
399.0000 123.0000 44.6584 48.4957 8.4376 
400.0000 141.0000 12.1652 12.7017 7.0589 
401.0000 117.0000 32.4573 0.6272 9.3266 
402.0000 148.0000 9.8552 0.7093 10.4811 
403.0000 165.0000 29.4499 22.4195 13.7402 
404.0000 179.0000 19.5570 32.0751 14.5517 
405.0000 145.0000 24.0220 2.9226 10.2293 
406.0000 178.0000 32.2473 9.3877 7.1831 
407.0000 91.0000 22.1770 31.0505 7.3480 
408.0000 132.0000 36.9106 27.3239 7.7356 
409.0000 180.0000 25.1325 12.5631 6.2338 
410.0000 130.0000 26.4013 31.0977 12.3442 
411.0000 170.0000 5.2281 6.1619 14.1746 
412.0000 124.0000 12.5773 2.7020 7.2643 
413.0000 151.0000 10.9661 31.3903 6.6503 
414.0000 161.0000 36.5261 25.9272 9.2293 
415.0000 93.0000 19.8594 30.4549 9.5379 
416.0000 146.0000 0.0494 35.1687 8.1715 
417.0000 119.0000 11.4860 18.7683 5.1752 
418.0000 116.0000 4.6234 17.3269 7.1756 
419.0000 172.0000 10.2253 21.8713 10.5070 
420.0000 94.0000 25.8495 11.3839 7.1594 
421.0000 158.0000 10.2773 0.1983 14.4208 
422.0000 171.0000 46.1201 25.5377 10.1463 
423.0000 146.0000 45.2454 7.3824 14.2689 
424.0000 168.0000 36.0265 39.8757 12.1106 
425.0000 121.0000 27.9852 27.8674 6.4391 
426.0000 178.0000 8.4238 36.0048 13.5412 
427.0000 124.0000 49.1215 35.8327 13.7919 
428.0000 138.0000 23.1342 8.5076 7.0950 
429.0000 101.0000 30.0448 32.0641 10.6896 
430.0000 102.0000 22.1226 20.6677 5.0542 
431.0000 165.0000 15.9513 44.8458 7.6286 
432.0000 162.0000 0.3164 1.3330 7.7125 
433.0000 161.0000 34.4302 32.8796 8.4549 
434.0000 149.0000 27.6721 7.9565 5.1847 
435.0000 133.0000 20.8041 27.5706 14.3550 
436.0000 162.0000 0.7488 24.9714 7.8895 
437.0000 92.0000 23.7930 34.6917 5.0924 
438.0000 150.0000 38.1093 25.5640 6.3771 
439.0000 171.0000 42.3325 40.9158 10.7799 
440.0000 160.0000 21.3127 28.0517 8.0511 
441.0000 175.0000 38.4538 12.2857 14.7014 
442.0000 104.0000 15.6445 5.3991 6.8668 
443.0000 178.0000 16.7698 32.0150 8.3483 
444.0000 177.0000 37.9720 13.2558 11.5601 
445.0000 163.0000 29.1379 48.2804 12.6381 
446.0000 112.0000 34.4534 31.5922 10.7777 
447.0000 150.0000 49.3971 4.4722 11.9340 
448.0000 148.0000 2.9813 35.9534 10.2643 
449.0000 157.0000 45.3470 25.5335 12.3860 
450.0000 138.0000 6.6125 23.1427 9.9963 
451.0000 105.0000 15.1075 33.5652 8.4997 
452.0000 110.0000 6.4426 48.2702 10.3532 
453.0000 171.0000 19.3142 47.8302 11.1489 
454.0000 112.0000 10.1905 47.8483 6.6684 
455.0000 103.0000 2.1185 30.5442 5.3536 
456.0000 117.0000 24.0968 45.1988 9.1716 
457.0000 157.0000 39.0418 3.1395 6.2692 
458.0000 136.0000 28.9008 41.3450 13.7209 
459.0000 97.0000 1.5297 31.8621 8.0468 
460.0000 120.0000 30.6263 38.7489 8.0407 
461.0000 110.0000 38.1918 1.9877 7.6949 
462.0000 156.0000 17.4745 46.2156 14.6379 
463.0000 178.0000 13.3445 21.8440 14.7084 
464.0000 157.0000 26.7483 27.3531 8.3863 
465.0000 163.0000 10.3064 42.9343 13.1140 
466.0000 163.0000 43.2640 23.6220 7.1810 
467.0000 167.0000 35.6016 20.8697 11.0639 
468.0000 129.0000 7.1578 49.0910 14.8503 
469.0000 141.0000 12.6069 20.1561 13.1647 
470.0000 151.0000 1.3514 45.4097 7.1780 
471.0000 141.0000 26.1030 1.8031 5.0761 
472.0000 172.0000 3.8410 31.5132 10.6622 
473.0000 113.0000 16.5137 22.6163 5.1350 
474.0000 157.0000 24.7706 7.8880 13.2993 
475.0000 168.0000 32.0783 29.6860 10.8486 
476.0000 132.0000 2.7507 4.6431 9.8164 
477.0000 93.0000 33.1358 18.0569 9.8665 
478.0000 171.0000 22.7056 19.6793 9.8769 
479.0000 130.0000 25.9939 38.1392 9.1817 
480.0000 99.0000 31.0981 9.0714 9.7813 
481.0000 132.0000 23.5787 42.9155 7.1622 
482.0000 127.0000 20.8378 3.4430 9.8736 
483.0000 169.0000 26.6600 22.5528 11.1014 
484.0000 152.0000 13.1627 32.5194 14.9993 
485.0000 125.0000 38.0693 25.0546 14.6952 
486.0000 100.0000 18.9251 41.3904 11.1576 
487.0000 168.0000 25.8783 32.8050 14.5713 
488.0000 97.0000 31.5419 41.7056 14.6447 
489.0000 122.0000 32.4285 1.8965 9.8989 
490.0000 140.0000 28.8237 1.9201 10.8791 
491.0000 111.0000 37.7370 13.6718 9.3670 
492.0000 137.0000 14.9028 23.2891 8.4283 
493.0000 136.0000 5.2493 7.4069 9.0551 
494.0000 92.0000 16.4684 34.1299 7.8021 
495.0000 173.0000 47.3015 21.0761 14.4802 
496.0000 162.0000 32.5650 12.5611 13.1531 
497.0000 91.0000 13.0630 13.8425 14.2460 
498.0000 126.0000 23.2872 3.3749 11.0087 
499.0000 106.0000 11.2736 21.9134 10.4360 
500.0000 174.0000 46.6852 42.8338 13.5293 
