0   0   50   50
1   79   14   74
2   16   41   0
3   55   89   19
4   14   84   50
5   25   14   14
6   176   93   47
7   55   82   56
8   12   55   20
9   49   28   27
10   43   96   88
11   51   29   16
12   33   18   93
13   19   49   77
14   56   63   49
15   11   31   98
16   75   82   62
17   47   63   54
18   175   27   88
19   107   84   89
20   3   32   54
21   80   30   13
22   44   19   24
23   46   30   75
24   94   8   6
25   77   91   45
26   66   12   12
27   13   80   6
28   19   27   29
29   36   64   34
30   26   86   58
31   37   5   82
32   72   80   27
33   35   35   30
34   30   59   47
35   55   81   7
36   46   94   89
37   12   59   81
38   26   59   4
39   148   0   56
40   3   29   83
41   70   74   84
42   100   72   45
43   45   30   90
44   113   74   74
45   47   97   32
46   68   85   79
47   172   34   3
48   47   21   93
49   48   53   15
50   52   17   45
51   59   35   40
52   3   49   0
53   22   69   61
54   98   44   62
55   14   65   90
56   131   7   79
57   45   38   46
58   135   51   91
59   24   23   32
60   34   53   95
61   64   16   43
62   21   54   3
63   24   64   28
64   15   58   38
65   9   39   7
66   19   24   91
67   40   68   75
68   15   4   61
69   46   70   9
70   20   32   8
71   10   42   5
72   3   93   26
73   37   45   37
74   218   96   45
75   7   39   23
76   48   44   52
77   61   11   73
78   14   23   79
79   87   44   86
80   25   39   91
81   29   50   33
82   18   84   45
83   33   60   25
84   10   58   36
85   1   94   59
86   64   70   52
87   99   63   64
88   7   45   55
89   13   43   43
90   108   45   67
91   61   95   71
92   10   91   22
93   206   30   74
94   1   41   24
95   34   83   90
96   178   68   4
97   93   97   62
98   105   99   4
99   7   52   32
100   23   53   82
101   10   57   49
102   12   8   53
103   57   20   9
104   65   68   95
105   17   77   64
106   14   29   17
107   107   47   0
108   65   21   70
109   56   65   65
110   33   94   98
111   168   75   69
112   19   13   11
113   184   95   20
114   146   25   14
115   24   51   2
116   32   17   79
117   25   5   0
118   3   76   49
119   66   64   17
120   18   26   39
121   123   12   4
122   31   49   4
123   82   22   42
124   3   83   9
125   26   31   83
126   14   11   72
127   7   85   72
128   3   85   74
129   11   73   42
130   57   13   98
131   11   32   43
132   41   61   5
133   22   71   40
134   87   39   4
135   6   13   16
136   0   63   69
137   19   23   19
138   81   41   65
139   52   86   19
140   41   66   33
141   27   38   95
142   16   64   54
143   27   98   61
144   40   1   63
145   3   90   9
146   6   9   88
147   80   30   18
148   72   75   32
149   237   70   95
150   5   41   56
151   79   66   61
152   46   66   46
153   58   34   60
154   26   55   60
155   14   56   43
156   27   75   19
157   32   19   53
158   71   78   76
159   74   31   35
160   81   86   48
161   18   19   82
162   2   61   4
163   33   19   21
164   10   21   26
165   88   6   47
166   1   97   64
167   107   35   57
168   4   57   22
169   37   47   70
170   59   97   52
171   6   23   77
172   54   2   80
173   108   46   39
174   12   26   36
175   97   27   29
176   35   40   15
177   72   37   62
178   86   46   83
179   10   45   61
180   20   56   66
181   2   68   58
182   33   26   57
183   64   27   67
184   131   16   44
185   42   31   6
186   54   96   99
187   32   69   20
188   59   30   77
189   68   25   1
190   37   26   76
191   54   12   39
192   1   29   17
193   57   33   87
194   18   69   42
195   203   35   27
196   80   35   65
197   54   82   17
198   83   60   67
199   45   55   55
200   209   24   55
201   45   90   47
202   10   15   1
203   122   19   76
204   46   89   55
205   105   94   52
206   22   80   86
207   92   77   6
208   135   43   75
209   13   91   76
210   158   7   87
211   23   62   66
212   26   17   65
213   37   66   94
214   118   3   23
215   38   96   11
216   21   10   59
217   83   40   18
218   41   71   68
219   4   30   15
220   89   43   99
221   70   48   41
222   55   51   62
223   37   6   1
224   144   0   15
225   1   84   19
226   33   54   90
227   39   73   19
228   64   2   96
229   103   62   33
230   107   40   82
231   8   59   58
232   10   46   46
233   8   92   75
234   66   8   60
235   1   95   65
236   24   12   24
237   33   26   53
238   34   77   25
239   66   0   49
240   30   84   95
241   3   54   20
242   125   13   64
243   20   8   80
244   215   89   39
245   1   60   73
246   272   19   7
247   79   99   45
248   15   60   94
249   106   15   13
250   12   8   70
251   188   37   27
252   74   6   29
253   219   58   82
254   32   88   8
255   2   63   34
256   22   25   64
257   64   50   12
258   30   15   53
259   88   0   50
260   149   76   69
261   8   13   97
262   63   21   23
263   98   73   92
264   93   4   94
265   61   78   38
266   161   99   72
267   55   36   5
268   30   81   58
269   16   78   25
270   57   45   96
271   5   4   47
272   9   84   23
273   51   62   58
274   62   34   13
275   57   75   32
276   4   45   9
277   36   94   91
278   31   87   46
279   69   61   90
280   41   54   95
281   34   19   6
282   36   62   27
283   10   27   60
284   205   65   1
285   4   72   15
286   3   92   37
287   2   78   89
288   13   11   22
289   28   9   71
290   19   88   83
291   14   18   41
292   32   17   90
293   90   29   91
294   1   69   38
295   5   57   61
296   101   75   87
297   58   15   78
298   17   3   73
299   47   4   22
300   6   58   24
301   12   73   21
302   7   44   32
303   32   83   12
304   49   60   83
305   13   89   33
306   14   35   27
307   35   94   5
308   6   20   83
309   69   53   51
310   20   41   25
311   164   63   18
312   42   31   55
313   3   17   56
314   99   45   41
315   17   53   86
316   0   22   87
317   58   93   13
318   24   43   18
319   2   95   84
320   80   72   94
321   6   76   29
322   96   53   1
323   7   62   39
324   116   25   95
325   27   77   75
326   71   93   73
327   98   42   36
328   0   90   9
329   30   90   34
330   29   17   79
331   73   16   19
332   164   48   92
333   56   19   69
334   11   69   36
335   75   89   27
336   10   15   71
337   38   5   71
338   32   29   33
339   33   78   65
340   13   8   22
341   6   86   9
342   61   63   88
343   28   90   71
344   6   0   84
345   23   59   43
346   81   98   68
347   75   71   75
348   29   87   83
349   201   51   19
350   140   70   42
351   2   51   88
352   48   40   17
353   36   82   59
354   14   41   59
355   3   14   21
356   61   5   64
357   61   40   59
358   112   58   84
359   16   94   9
360   23   6   26
361   0   16   96
362   17   55   9
363   48   74   73
364   16   83   75
365   25   72   33
366   79   78   33
367   28   48   27
368   20   74   87
369   7   84   39
370   47   43   90
371   11   44   12
372   30   15   81
373   44   53   64
374   49   49   37
375   8   26   37
376   67   77   59
377   10   5   72
378   18   75   48
379   14   5   64
380   90   3   86
381   187   84   53
382   2   77   30
383   25   22   48
384   7   46   4
385   29   51   87
386   0   48   13
387   28   62   24
388   81   56   31
389   69   18   17
390   76   82   98
391   7   13   57
392   21   60   65
393   247   99   69
394   155   39   73
395   19   40   75
396   218   83   60
397   15   18   20
398   36   17   94
399   17   68   44
400   168   23   32
