0   0   50   50
1   108   3   60
2   0   73   61
3   41   24   54
4   6   72   93
5   115   24   29
6   38   37   10
7   39   16   16
8   36   99   0
9   29   12   76
10   123   88   21
11   85   60   33
12   37   19   24
13   0   9   2
14   80   84   82
15   220   28   61
16   117   59   36
17   36   55   88
18   6   31   53
19   78   96   8
20   91   86   74
21   12   32   99
22   54   22   51
23   89   76   10
24   18   46   91
25   16   6   98
26   139   34   65
27   82   61   0
28   4   67   61
29   0   13   30
30   29   46   94
31   24   93   93
32   16   80   23
33   45   27   70
34   47   99   10
35   68   87   31
36   5   56   47
37   6   42   6
38   42   80   36
39   113   43   88
40   72   29   59
41   15   68   68
42   0   55   30
43   2   70   39
44   126   28   78
45   7   29   29
46   78   90   71
47   39   64   79
48   43   88   99
49   7   62   84
50   81   96   21
51   8   83   9
52   2   8   24
53   107   48   64
54   46   93   91
55   7   66   0
56   5   7   96
57   73   65   7
58   3   22   50
59   49   48   94
60   76   43   98
61   111   95   52
62   9   48   72
63   0   44   73
64   174   79   28
65   3   44   38
66   66   43   19
67   69   60   93
68   57   80   30
69   113   33   23
70   7   41   26
71   101   17   56
72   221   24   80
73   42   44   30
74   69   61   79
75   61   40   40
76   86   72   19
77   41   95   72
78   24   39   71
79   27   11   53
80   79   50   17
81   56   48   22
82   41   18   19
83   73   67   77
84   16   63   55
85   10   72   81
86   10   23   28
87   8   9   31
88   38   40   77
89   45   42   28
90   15   43   9
91   0   14   83
92   39   57   1
93   18   69   84
94   14   77   72
95   13   96   14
96   6   17   74
97   14   73   98
98   30   1   96
99   56   2   16
100   5   49   7
101   199   38   62
102   30   34   67
103   50   54   92
104   57   98   44
105   11   99   0
106   20   54   28
107   30   20   53
108   67   48   91
109   26   92   82
110   2   84   63
111   73   77   92
112   16   82   48
113   74   83   22
114   10   79   23
115   7   80   11
116   25   21   68
117   20   1   86
118   77   77   84
119   41   53   62
120   78   85   38
121   21   1   80
122   7   13   50
123   27   16   2
124   22   8   3
125   1   68   35
126   38   76   49
127   29   2   78
128   71   42   95
129   2   15   20
130   0   93   32
131   1   87   15
132   52   23   34
133   23   70   16
134   47   49   58
135   20   20   48
136   59   77   39
137   7   51   27
138   32   70   63
139   3   52   99
140   3   57   59
141   28   87   60
142   9   4   26
143   32   16   79
144   21   18   50
145   5   97   77
146   40   71   94
147   61   35   50
148   97   72   81
149   68   35   29
150   8   4   5
151   85   71   24
152   45   12   21
153   93   85   21
154   75   88   93
155   24   50   91
156   38   51   32
157   124   16   20
158   4   43   15
159   31   50   96
160   7   52   62
161   2   69   71
162   31   73   76
163   0   54   78
164   33   14   37
165   70   76   52
166   238   98   96
167   115   41   80
168   3   10   13
169   54   88   23
170   42   59   97
171   100   18   99
172   47   33   89
173   1   25   78
174   75   47   27
175   22   12   35
176   27   48   55
177   48   27   76
178   0   84   11
179   32   14   47
180   23   25   16
181   144   77   59
182   163   49   5
183   6   54   59
184   9   10   40
185   13   92   92
186   10   18   80
187   0   71   89
188   28   86   30
189   5   26   98
190   24   61   84
191   0   31   15
192   64   49   70
193   112   68   20
194   127   38   77
195   86   76   46
196   5   39   50
197   82   8   0
198   139   28   93
199   53   22   66
200   9   83   7
