0   0   50   50
1   56   32   21
2   42   22   55
3   39   71   6
4   43   15   74
5   46   21   26
6   52   82   27
7   63   78   6
8   55   46   92
9   42   73   36
10   48   90   19
11   40   60   35
12   47   69   35
13   47   23   89
14   50   56   26
15   49   11   25
16   59   99   62
17   51   48   82
18   51   63   2
19   49   87   26
20   52   31   65
21   50   79   40
22   52   30   74
23   51   48   19
24   50   25   89
25   49   5   75
26   39   82   21
27   44   14   27
28   49   72   33
29   49   6   93
30   47   68   82
31   52   67   42
32   50   71   59
33   60   82   74
34   43   47   8
35   46   30   92
36   51   97   11
37   51   32   71
38   46   69   74
39   45   4   63
40   62   93   47
41   43   28   60
42   44   66   80
43   52   36   55
44   55   62   73
45   46   18   77
46   55   23   69
47   48   1   98
48   51   93   58
49   50   95   88
50   41   37   0
51   46   46   18
52   50   78   76
53   50   6   25
54   44   73   6
55   45   96   93
56   52   87   89
57   40   18   92
58   43   13   57
59   50   77   94
60   30   73   97
61   47   83   44
62   56   10   4
63   54   11   76
64   45   72   92
65   41   5   97
66   48   49   66
67   56   25   47
68   55   38   2
69   56   11   29
70   41   76   38
71   57   28   5
72   51   34   99
73   48   75   34
74   59   79   10
75   48   28   33
76   66   58   66
77   52   59   27
78   55   64   20
79   37   22   97
80   55   78   41
81   43   1   13
82   43   79   10
83   51   85   51
84   52   86   82
85   54   58   41
86   40   17   14
87   55   4   60
88   43   24   98
89   65   52   84
90   49   48   38
91   46   63   29
92   38   81   10
93   54   38   60
94   53   9   23
95   55   41   78
96   49   12   69
97   56   26   20
98   44   95   17
99   51   37   55
100   55   85   82
101   50   71   83
102   44   29   43
103   44   62   68
104   51   67   39
105   44   86   91
106   46   43   63
107   48   96   9
108   47   9   4
109   44   4   99
110   56   49   55
111   49   71   88
112   42   90   49
113   38   70   43
114   51   67   6
115   50   61   74
116   59   27   93
117   50   29   78
118   34   65   28
119   53   66   32
120   33   3   57
121   52   11   49
122   38   97   25
123   55   79   82
124   48   14   76
125   48   9   53
126   38   70   43
127   61   60   36
128   41   51   25
129   57   84   47
130   46   60   37
131   53   8   70
132   51   73   63
133   48   97   7
134   47   83   45
135   51   44   86
136   48   96   44
137   54   17   90
138   48   83   87
139   46   21   64
140   38   48   65
141   50   72   31
142   51   67   57
143   45   1   53
144   47   62   24
145   40   49   79
146   55   68   0
147   54   4   62
148   63   70   78
149   45   30   61
150   58   42   41
151   66   50   29
152   55   97   45
153   56   13   46
154   49   12   42
155   46   26   60
156   51   5   37
157   52   86   66
158   44   65   48
159   45   57   60
160   35   37   7
161   53   4   46
162   67   71   18
163   46   66   51
164   54   25   91
165   43   45   81
166   48   31   67
167   56   42   56
168   58   6   27
169   43   25   51
170   52   13   33
171   44   82   13
172   41   34   41
173   48   21   95
174   53   95   95
175   46   97   43
176   52   24   2
177   52   83   45
178   64   75   10
179   47   3   97
180   56   63   93
181   51   86   32
182   56   67   50
183   46   77   41
184   51   53   28
185   54   39   31
186   61   56   17
187   42   70   84
188   38   2   87
189   45   81   36
190   40   26   18
191   51   61   63
192   52   39   87
193   50   7   2
194   48   70   19
195   41   56   88
196   47   23   3
197   66   32   74
198   40   89   96
199   50   52   68
200   52   55   61
201   42   94   50
202   62   71   3
203   49   76   9
204   45   21   92
205   54   95   60
206   48   94   55
207   47   35   81
208   48   37   56
209   45   5   38
210   53   21   47
211   50   67   85
212   47   40   36
213   47   94   58
214   70   32   14
215   56   99   76
216   62   11   62
217   45   65   32
218   62   69   34
219   48   66   17
220   53   18   53
221   51   79   97
222   55   21   79
223   34   1   66
224   55   83   13
225   48   92   48
226   59   87   29
227   55   76   12
228   47   73   78
229   50   29   90
230   50   66   99
231   55   34   17
232   49   74   91
233   39   96   74
234   42   25   65
235   48   65   92
236   41   46   56
237   60   10   81
238   55   79   90
239   42   17   35
240   49   63   77
241   43   8   42
242   56   16   24
243   51   70   88
244   53   61   27
245   56   90   2
246   39   53   16
247   51   51   31
248   43   98   25
249   59   86   13
250   76   33   88
251   48   37   21
252   47   91   25
253   46   96   25
254   46   68   55
255   58   67   72
256   62   63   37
257   53   52   30
258   51   8   32
259   47   54   2
260   53   89   97
261   48   33   63
262   44   15   22
263   38   57   67
264   60   46   62
265   56   9   63
266   55   5   46
267   59   82   61
268   53   3   52
269   49   35   68
270   52   98   26
271   47   77   46
272   61   71   63
273   49   4   89
274   60   58   86
275   52   7   15
276   49   3   83
277   56   77   16
278   61   78   81
279   55   88   90
280   55   89   70
281   64   62   89
282   50   3   22
283   53   48   15
284   47   23   16
285   46   75   27
286   44   37   33
287   50   33   29
288   36   55   27
289   51   89   35
290   31   34   62
291   46   18   78
292   42   59   34
293   53   59   89
294   65   10   53
295   50   82   46
296   58   37   40
297   52   24   25
298   48   37   35
299   47   36   18
300   54   27   51
301   44   25   15
302   50   17   15
303   54   14   6
304   58   33   46
305   54   55   59
306   57   60   65
307   54   6   32
308   47   75   25
309   58   96   63
310   49   9   96
311   45   89   63
312   50   44   64
313   46   58   86
314   52   91   18
315   45   89   49
316   46   25   71
317   44   38   28
318   46   37   72
319   67   28   54
320   62   74   89
321   42   98   70
322   52   61   11
323   47   92   53
324   46   44   89
325   53   71   16
326   56   95   48
327   46   13   12
328   56   10   87
329   46   53   41
330   60   7   52
331   59   23   10
332   45   72   9
333   40   85   23
334   49   13   96
335   41   73   74
336   46   67   71
337   53   49   60
338   55   91   11
339   36   0   3
340   41   96   0
341   50   92   64
342   41   42   23
343   48   69   85
344   46   96   86
345   58   24   79
346   49   12   88
347   44   67   70
348   51   25   33
349   54   71   22
350   41   51   93
351   53   21   81
352   42   49   21
353   50   29   47
354   45   44   23
355   64   51   55
356   51   19   84
357   59   84   67
358   60   7   69
359   51   57   75
360   54   3   55
361   53   47   89
362   61   6   28
363   46   18   64
364   41   57   27
365   49   40   17
366   42   81   25
367   61   27   1
368   52   20   78
369   56   83   40
370   54   53   4
371   52   61   65
372   34   57   34
373   40   22   42
374   59   65   13
375   49   16   88
376   38   16   20
377   50   91   64
378   48   87   30
379   58   54   89
380   42   19   65
381   54   41   44
382   65   48   6
383   42   25   6
384   58   98   29
385   51   58   90
386   53   29   77
387   43   27   47
388   37   97   21
389   45   20   6
390   53   93   75
391   46   48   39
392   59   50   50
393   41   80   17
394   45   56   51
395   61   51   44
396   51   24   73
397   60   9   50
398   52   14   49
399   47   7   33
400   48   10   85
