0   0   50   50
1   54   67   31
2   59   0   19
3   46   78   3
4   52   98   19
5   51   32   90
6   50   44   71
7   51   13   98
8   35   42   0
9   52   77   14
10   38   55   16
11   47   5   25
12   48   9   47
13   57   3   55
14   44   65   83
15   66   48   75
16   46   9   74
17   55   40   25
18   39   41   32
19   54   61   2
20   44   72   65
21   50   63   50
22   60   23   34
23   58   17   12
24   44   22   45
25   53   63   77
26   51   21   1
27   49   78   97
28   47   3   51
29   48   22   68
30   60   22   48
31   35   10   70
32   51   38   19
33   41   59   98
34   51   31   59
35   56   98   43
36   51   89   95
37   41   57   34
38   64   11   50
39   55   61   31
40   40   24   3
41   47   16   82
42   51   66   7
43   51   21   60
44   52   17   15
45   65   54   85
46   48   33   2
47   54   12   66
48   52   87   52
49   54   11   22
50   38   22   83
51   51   16   48
52   46   99   41
53   42   72   60
54   42   38   48
55   49   8   81
56   59   82   57
57   57   15   32
58   49   97   20
59   56   33   60
60   54   72   62
61   64   3   32
62   54   5   28
63   51   5   79
64   51   40   39
65   58   81   39
66   45   77   38
67   43   55   31
68   40   28   71
69   55   35   4
70   53   28   11
71   49   82   92
72   43   52   94
73   57   54   33
74   47   28   31
75   52   28   63
76   52   2   26
77   48   26   37
78   57   69   54
79   51   69   33
80   60   91   70
81   59   45   82
82   46   4   72
83   64   95   24
84   54   74   9
85   53   46   5
86   52   34   90
87   60   78   54
88   53   47   86
89   58   31   2
90   49   7   59
91   55   83   70
92   54   16   38
93   47   98   29
94   53   64   78
95   51   46   22
96   47   68   70
97   50   68   86
98   42   82   58
99   62   89   14
100   56   66   4
101   54   67   22
102   69   49   62
103   52   4   57
104   43   4   41
105   64   82   75
106   42   2   71
107   43   7   10
108   54   53   55
109   36   89   58
110   52   12   34
111   52   21   79
112   43   54   56
113   51   42   67
114   41   32   30
115   55   99   12
116   47   2   58
117   53   42   89
118   50   25   33
119   44   4   0
120   50   28   23
121   46   22   96
122   48   83   70
123   46   46   8
124   57   36   84
125   49   72   62
126   45   83   12
127   60   65   38
128   52   42   1
129   50   12   19
130   54   24   34
131   46   72   90
132   51   71   58
133   52   69   81
134   58   37   65
135   47   39   11
136   46   40   62
137   49   51   85
138   39   83   51
139   47   31   54
140   57   92   29
141   57   95   60
142   54   87   69
143   44   18   14
144   49   29   51
145   38   96   85
146   37   30   15
147   54   53   62
148   48   27   31
149   54   97   65
150   54   63   13
151   56   60   99
152   51   86   0
153   40   7   84
154   47   92   75
155   58   20   51
156   45   60   43
157   57   44   41
158   48   17   78
159   57   21   80
160   52   97   24
161   53   68   58
162   58   14   29
163   41   57   62
164   55   27   30
165   35   26   41
166   46   27   86
167   42   6   6
168   51   50   67
169   50   52   41
170   51   28   49
171   45   98   45
172   49   67   52
173   44   2   79
174   50   90   59
175   52   72   95
176   47   27   74
177   36   46   70
178   48   33   22
179   55   0   45
180   44   86   20
181   52   15   93
182   56   90   73
183   52   88   82
184   46   29   50
185   46   43   21
186   47   60   91
187   61   87   92
188   54   54   92
189   39   79   97
190   55   60   71
191   71   19   23
192   49   63   14
193   51   75   38
194   53   87   9
195   60   84   32
196   44   17   27
197   58   22   81
198   57   55   1
199   54   4   95
200   53   63   22
201   60   61   42
202   37   50   52
203   55   36   36
204   64   96   53
205   48   68   55
206   61   61   52
207   52   61   58
208   57   1   98
209   43   36   17
210   59   93   8
211   64   37   53
212   43   88   69
213   48   3   71
214   48   56   26
215   41   79   81
216   48   6   24
217   56   68   82
218   50   7   69
219   49   50   1
220   60   36   69
221   57   24   44
222   44   49   92
223   41   78   64
224   49   91   8
225   54   95   72
226   45   86   14
227   42   26   20
228   50   86   59
229   42   75   92
230   38   89   76
231   51   74   21
232   50   4   69
233   55   3   35
234   48   16   62
235   48   2   7
236   53   51   65
237   41   6   6
238   49   49   18
239   43   42   85
240   53   45   90
241   58   27   18
242   43   34   49
243   62   16   56
244   52   55   86
245   48   76   29
246   53   32   26
247   46   98   58
248   53   84   19
249   57   75   85
250   60   84   75
251   39   84   94
252   51   88   61
253   51   63   58
254   46   88   25
255   59   49   93
256   44   62   31
257   49   89   82
258   54   53   90
259   52   53   77
260   54   0   23
261   60   61   2
262   56   59   12
263   45   6   96
264   47   4   91
265   47   35   56
266   54   82   33
267   41   65   48
268   51   67   41
269   42   27   2
270   52   16   25
271   51   95   41
272   65   80   57
273   52   68   27
274   53   10   62
275   39   6   41
276   54   53   78
277   49   30   67
278   46   88   6
279   51   77   16
280   47   84   35
281   45   52   67
282   43   48   15
283   60   83   32
284   62   93   5
285   45   41   95
286   43   62   69
287   42   19   82
288   50   93   43
289   47   74   49
290   50   72   92
291   51   46   99
292   43   82   70
293   55   30   83
294   54   63   82
295   45   85   63
296   39   45   29
297   53   13   85
298   45   84   29
299   53   74   90
300   41   83   92
301   36   2   11
302   41   23   42
303   48   35   28
304   62   19   34
305   66   13   24
306   57   34   63
307   56   75   76
308   52   4   57
309   51   27   29
310   38   74   31
311   48   12   7
312   63   86   46
313   57   99   77
314   57   31   97
315   47   50   95
316   57   45   3
317   41   2   34
318   40   21   9
319   54   54   62
320   56   21   45
321   48   42   61
322   57   65   47
323   49   83   15
324   41   12   40
325   54   58   12
326   39   93   55
327   59   92   73
328   41   42   7
329   52   19   82
330   45   25   95
331   56   81   66
332   57   23   78
333   38   96   63
334   53   71   76
335   52   0   67
336   48   42   45
337   46   41   69
338   40   22   17
339   62   76   88
340   54   22   5
341   44   79   42
342   49   68   79
343   50   52   36
344   48   6   61
345   47   64   16
346   48   83   90
347   55   9   66
348   50   3   16
349   56   64   27
350   60   13   39
351   45   22   30
352   45   5   84
353   43   66   99
354   36   51   97
355   41   68   58
356   51   54   36
357   60   36   71
358   45   81   7
359   51   7   8
360   52   56   67
361   65   44   23
362   46   38   69
363   49   18   55
364   44   65   7
365   58   15   56
366   48   61   7
367   61   12   12
368   45   24   99
369   49   85   3
370   52   73   85
371   40   32   38
372   44   43   35
373   42   62   56
374   40   9   28
375   55   56   19
376   54   77   20
377   46   65   56
378   50   19   6
379   37   13   16
380   51   36   76
381   53   53   19
382   47   33   46
383   64   76   54
384   43   9   26
385   46   61   76
386   44   18   91
387   42   19   83
388   66   9   73
389   48   71   91
390   53   50   86
391   53   90   6
392   51   89   8
393   68   50   31
394   49   3   18
395   52   11   4
396   60   8   55
397   48   19   7
398   43   0   48
399   57   56   47
400   59   10   71
401   50   94   65
402   65   52   65
403   57   96   57
404   49   22   66
405   39   37   97
406   47   69   59
407   46   33   53
408   56   40   92
409   35   77   9
410   46   44   89
411   45   34   33
412   50   69   82
413   59   64   2
414   57   94   32
415   65   86   98
416   39   8   77
417   65   6   80
418   48   89   3
419   46   98   6
420   46   42   70
421   66   74   8
422   59   5   63
423   55   70   58
424   48   88   82
425   46   27   7
426   61   73   99
427   48   19   81
428   50   17   36
429   46   33   86
430   44   83   90
431   46   74   35
432   45   67   14
433   63   2   26
434   53   72   35
435   53   50   94
436   38   26   65
437   46   99   32
438   50   2   58
439   54   69   11
440   56   56   17
441   43   37   67
442   48   35   61
443   42   26   87
444   52   38   61
445   32   83   20
446   50   58   54
447   45   75   88
448   52   61   10
449   54   43   39
450   50   55   38
451   56   42   84
452   60   72   85
453   52   30   43
454   62   3   36
455   44   13   39
456   48   33   81
457   43   79   92
458   52   48   49
459   54   72   13
460   43   54   60
461   48   17   49
462   68   41   94
463   62   75   16
464   49   93   77
465   56   0   5
466   57   13   17
467   52   14   72
468   61   32   48
469   46   37   99
470   54   3   6
471   51   20   90
472   59   55   72
473   53   13   95
474   50   34   20
475   57   79   35
476   56   66   44
477   47   56   4
478   50   25   69
479   53   77   90
480   56   30   80
481   45   26   48
482   46   28   20
483   42   66   56
484   42   59   23
485   54   19   50
486   36   56   31
487   53   69   53
488   56   43   42
489   51   33   44
490   43   43   57
491   35   40   53
492   67   6   31
493   43   16   93
494   40   90   71
495   62   75   48
496   47   49   66
497   51   32   86
498   46   52   13
499   44   14   84
500   56   6   1
501   45   54   69
502   48   33   49
503   62   99   30
504   38   93   86
505   32   77   26
506   43   93   69
507   51   50   34
508   43   56   55
509   56   47   53
510   55   85   55
511   54   87   53
512   45   4   44
513   49   61   36
514   65   68   78
515   58   99   83
516   46   61   86
517   32   79   46
518   53   43   45
519   65   62   41
520   55   16   76
521   49   52   70
522   49   12   68
523   61   11   95
524   40   75   65
525   62   31   67
526   52   4   73
527   54   99   74
528   61   89   17
529   39   94   26
530   46   4   11
531   47   13   18
532   48   14   90
533   46   86   7
534   58   52   85
535   34   5   50
536   56   89   66
537   57   90   3
538   58   84   28
539   57   91   27
540   43   42   52
541   56   26   66
542   50   62   62
543   45   13   6
544   58   77   80
545   50   5   94
546   42   89   49
547   42   15   51
548   43   71   99
549   52   87   15
550   57   91   45
551   44   23   9
552   48   16   61
553   53   36   82
554   37   12   88
555   51   18   98
556   53   59   2
557   42   23   26
558   47   39   9
559   56   10   97
560   49   53   75
561   48   97   46
562   40   31   33
563   53   31   61
564   41   2   72
565   33   29   7
566   41   18   21
567   51   53   95
568   63   21   40
569   42   39   42
570   59   53   3
571   46   91   1
572   62   95   10
573   43   24   34
574   46   31   1
575   45   89   84
576   43   63   60
577   54   70   74
578   63   79   14
579   49   20   32
580   55   70   85
581   52   7   46
582   40   93   47
583   57   9   87
584   48   73   19
585   35   73   4
586   45   30   11
587   47   23   60
588   49   57   77
589   47   89   49
590   45   48   57
591   41   97   64
592   47   29   84
593   55   54   73
594   41   27   98
595   59   56   34
596   64   88   48
597   50   15   75
598   55   77   61
599   50   62   48
600   56   98   67
601   38   68   50
602   43   75   33
603   47   59   0
604   61   21   81
605   49   63   83
606   50   52   32
607   37   20   32
608   46   68   32
609   64   43   78
610   67   74   6
611   48   45   57
612   49   28   15
613   54   95   96
614   54   52   37
615   72   75   18
616   51   78   40
617   43   23   29
618   44   6   36
619   38   16   41
620   56   99   35
621   39   32   1
622   42   6   32
623   39   49   50
624   62   28   81
625   52   16   52
626   58   52   48
627   50   83   39
628   40   36   94
629   57   51   41
630   53   39   85
631   42   83   29
632   41   96   65
633   57   76   63
634   51   34   84
635   51   27   11
636   49   83   68
637   61   96   9
638   43   31   83
639   52   31   11
640   56   75   62
641   47   13   72
642   48   88   60
643   41   72   91
644   47   41   19
645   41   50   74
646   39   71   88
647   36   18   54
648   44   7   35
649   50   6   96
650   54   6   98
651   47   24   66
652   54   39   35
653   42   82   54
654   54   31   93
655   47   68   70
656   51   75   68
657   51   59   66
658   39   80   21
659   58   0   0
660   50   6   67
661   47   77   90
662   65   61   83
663   46   19   5
664   45   46   77
665   33   86   52
666   70   7   71
667   56   44   50
668   58   23   73
669   65   9   89
670   51   51   71
671   60   15   41
672   53   46   97
673   63   86   58
674   44   77   50
675   66   96   63
676   48   84   92
677   42   34   34
678   47   94   66
679   54   46   57
680   44   41   41
681   53   3   70
682   42   78   53
683   39   78   96
684   58   26   33
685   51   28   72
686   39   86   2
687   43   72   68
688   54   58   3
689   59   61   26
690   44   15   82
691   55   43   93
692   49   19   53
693   51   37   34
694   50   27   2
695   60   80   34
696   55   44   86
697   47   52   69
698   52   85   56
699   65   89   40
700   49   93   98
701   54   9   81
702   53   28   73
703   52   98   46
704   59   29   66
705   52   19   16
706   37   43   14
707   51   51   18
708   42   31   64
709   48   68   21
710   48   45   77
711   60   40   52
712   53   62   16
713   53   77   37
714   45   70   44
715   46   63   9
716   47   5   52
717   54   31   33
718   48   6   11
719   47   64   24
720   49   86   51
721   53   13   86
722   45   25   31
723   59   54   95
724   38   13   89
725   62   63   80
726   47   93   70
727   59   89   4
728   52   58   79
729   43   68   53
730   48   11   35
731   51   25   97
732   49   62   91
733   46   92   34
734   48   96   95
735   47   55   18
736   61   33   11
737   45   74   93
738   59   44   2
739   53   1   56
740   41   74   0
741   47   8   97
742   54   21   43
743   42   59   41
744   59   22   15
745   50   68   44
746   56   77   60
747   42   59   83
748   58   6   73
749   58   13   59
750   54   0   6
751   47   24   40
752   51   54   19
753   51   8   64
754   46   91   13
755   44   22   43
756   65   5   3
757   54   89   72
758   50   14   61
759   53   52   74
760   38   32   9
761   60   70   92
762   56   79   90
763   54   20   47
764   49   46   99
765   56   12   65
766   45   72   0
767   45   20   63
768   51   8   51
769   47   97   4
770   43   88   84
771   44   17   20
772   46   43   47
773   45   48   34
774   63   4   80
775   47   73   98
776   64   14   75
777   50   49   67
778   39   46   93
779   52   84   8
780   52   0   81
781   54   57   9
782   48   83   74
783   54   77   28
784   51   76   55
785   50   37   20
786   58   14   18
787   51   82   5
788   51   2   42
789   44   84   40
790   63   0   92
791   38   12   2
792   50   18   42
793   60   12   41
794   42   12   85
795   58   59   87
796   58   49   61
797   39   23   8
798   46   33   47
799   55   64   35
800   47   71   53
801   52   42   90
802   45   62   99
803   46   13   60
804   65   46   6
805   70   27   47
806   44   20   27
807   53   11   11
808   49   68   20
809   59   59   98
810   46   74   85
811   52   2   94
812   46   65   66
813   53   28   42
814   59   64   50
815   44   98   46
816   44   68   56
817   54   43   55
818   50   80   50
819   43   92   17
820   47   30   97
821   45   81   32
822   47   50   42
823   58   46   90
824   56   23   25
825   63   14   32
826   48   73   58
827   64   6   33
828   61   94   48
829   56   35   97
830   49   19   46
831   52   2   72
832   65   23   0
833   43   18   16
834   38   52   27
835   55   45   24
836   51   59   93
837   53   31   72
838   56   57   10
839   60   57   32
840   44   47   40
841   44   74   18
842   60   36   96
843   50   1   7
844   54   60   40
845   57   36   26
846   39   9   28
847   53   54   56
848   53   7   75
849   69   96   72
850   45   89   21
851   57   43   12
852   51   12   85
853   49   86   51
854   53   75   46
855   66   51   24
856   51   76   97
857   45   83   45
858   43   68   87
859   46   38   99
860   62   79   49
861   45   81   26
862   44   70   5
863   40   68   47
864   48   83   65
865   51   35   55
866   57   9   1
867   56   51   69
868   49   29   18
869   57   34   40
870   49   60   83
871   64   60   74
872   56   38   9
873   51   27   50
874   35   19   81
875   52   65   74
876   57   31   64
877   65   47   51
878   51   9   60
879   53   79   18
880   55   86   63
881   48   97   10
882   43   81   3
883   43   69   3
884   45   4   87
885   49   54   19
886   55   49   10
887   53   87   66
888   46   55   58
889   54   77   92
890   48   39   17
891   52   44   34
892   46   68   78
893   54   7   44
894   42   97   27
895   55   88   33
896   60   32   59
897   59   63   1
898   54   8   0
899   62   41   33
900   55   3   20
