0   0   50   50
1   38   55   29
2   41   51   79
3   52   89   89
4   52   45   51
5   37   32   91
6   44   14   60
7   55   41   19
8   44   98   46
9   34   52   8
10   64   53   0
11   38   28   67
12   60   71   7
13   52   89   17
14   62   79   68
15   54   68   94
16   52   49   56
17   36   29   69
18   45   93   42
19   56   37   86
20   63   94   52
21   59   33   41
22   49   45   8
23   40   11   72
24   50   1   75
25   47   0   56
26   43   83   63
27   51   62   87
28   43   20   38
29   40   9   36
30   40   17   7
31   61   59   48
32   43   59   81
33   53   69   80
34   54   86   26
35   58   41   53
36   40   26   97
37   44   35   65
38   52   45   29
39   55   90   76
40   43   8   33
41   56   85   11
42   46   31   79
43   56   13   27
44   53   99   38
45   52   32   7
46   63   2   90
47   49   3   83
48   57   15   25
49   47   13   19
50   41   15   33
51   47   36   60
52   49   50   43
53   59   78   31
54   69   41   12
55   46   84   46
56   39   72   70
57   58   36   15
58   51   15   57
59   56   16   28
60   59   0   86
61   56   14   36
62   35   24   98
63   51   32   70
64   42   6   35
65   55   22   94
66   58   6   44
67   59   6   27
68   45   38   89
69   65   79   24
70   49   45   24
71   49   71   26
72   44   12   46
73   44   36   10
74   58   24   70
75   47   97   80
76   54   5   93
77   33   19   84
78   51   27   3
79   40   78   1
80   55   20   77
81   63   4   88
82   48   21   3
83   50   31   13
84   42   1   93
85   48   11   17
86   43   30   98
87   46   6   98
88   60   47   39
89   56   62   50
90   45   63   49
91   48   59   94
92   55   60   17
93   41   62   43
94   41   73   89
95   64   46   92
96   57   99   30
97   53   3   87
98   51   25   62
99   49   11   15
100   57   90   17
101   56   53   12
102   40   39   27
103   43   94   22
104   51   17   43
105   53   34   5
106   55   48   36
107   39   84   50
108   54   68   10
109   48   44   76
110   47   8   96
111   53   86   40
112   64   92   35
113   49   26   48
114   48   80   24
115   49   26   53
116   48   38   39
117   44   79   64
118   40   57   81
119   45   23   22
120   42   79   7
121   53   44   58
122   41   92   37
123   34   9   67
124   52   11   23
125   60   72   30
126   48   90   27
127   37   28   76
128   41   83   81
129   45   95   43
130   48   52   74
131   39   66   76
132   63   64   0
133   34   21   89
134   39   10   56
135   59   33   54
136   54   20   1
137   62   69   66
138   64   10   81
139   44   8   3
140   52   74   2
141   46   78   99
142   62   11   28
143   50   14   64
144   46   11   55
145   44   16   55
146   54   99   87
147   64   24   38
148   44   94   25
149   53   73   89
150   58   5   52
151   46   36   91
152   62   78   22
153   45   78   9
154   37   79   28
155   42   44   87
156   55   81   60
157   54   58   74
158   38   33   90
159   58   36   93
160   45   80   74
161   43   62   49
162   41   83   26
163   42   36   42
164   52   32   61
165   39   20   76
166   49   16   26
167   50   25   45
168   62   72   85
169   46   56   36
170   47   18   78
171   42   93   81
172   58   13   46
173   50   48   1
174   54   52   64
175   47   96   15
176   48   39   21
177   61   38   0
178   60   32   84
179   59   34   45
180   49   35   0
181   66   49   54
182   52   69   44
183   52   13   61
184   57   42   29
185   51   26   13
186   46   20   46
187   54   49   18
188   47   26   47
189   45   5   69
190   56   21   78
191   53   74   7
192   40   76   81
193   39   28   0
194   44   69   76
195   48   17   46
196   51   94   74
197   39   11   81
198   49   10   75
199   42   33   14
200   42   48   5
201   36   87   74
202   49   91   92
203   43   23   5
204   60   1   9
205   37   42   58
206   52   75   63
207   48   43   96
208   38   26   99
209   44   34   29
210   48   34   39
211   51   92   65
212   57   61   62
213   52   68   94
214   48   66   90
215   59   35   32
216   38   88   29
217   60   73   40
218   55   61   32
219   45   86   1
220   43   71   96
221   40   46   30
222   61   99   39
223   41   48   97
224   49   24   95
225   66   80   90
226   45   55   42
227   54   82   84
228   60   18   14
229   42   35   58
230   46   52   59
231   60   50   34
232   60   22   43
233   45   73   70
234   51   91   0
235   47   95   83
236   53   7   48
237   50   14   34
238   54   47   11
239   46   95   53
240   49   75   45
241   47   96   18
242   54   46   82
243   48   34   35
244   57   26   43
245   49   60   80
246   58   67   36
247   62   4   4
248   45   25   48
249   51   96   26
250   61   10   10
251   33   50   67
252   51   17   46
253   61   41   63
254   56   81   84
255   53   81   79
256   56   26   84
257   44   16   87
258   59   78   17
259   58   98   3
260   38   78   90
261   49   37   40
262   39   85   13
263   51   74   25
264   43   66   66
265   66   65   78
266   48   28   73
267   56   7   79
268   47   98   47
269   59   28   30
270   29   15   81
271   55   90   54
272   57   9   9
273   36   45   96
274   49   29   36
275   61   84   8
276   58   88   62
277   40   12   48
278   46   83   36
279   44   34   34
280   44   27   63
281   51   94   33
282   53   54   84
283   43   16   82
284   36   46   83
285   54   14   55
286   54   80   63
287   50   5   94
288   51   93   91
289   58   79   52
290   58   57   73
291   53   44   58
292   47   30   0
293   48   14   2
294   49   0   11
295   56   71   24
296   52   49   0
297   52   75   14
298   63   92   79
299   48   24   57
300   57   25   66
301   48   69   92
302   53   64   45
303   56   71   14
304   55   9   34
305   62   10   47
306   55   19   54
307   41   37   99
308   57   49   16
309   48   23   29
310   62   73   68
311   56   63   97
312   55   5   21
313   66   37   51
314   44   47   44
315   52   79   20
316   44   83   64
317   52   23   21
318   60   28   24
319   41   0   50
320   57   52   9
321   45   47   24
322   54   2   66
323   48   35   87
324   56   59   52
325   52   33   10
326   57   85   58
327   43   26   9
328   59   74   8
329   50   30   61
330   52   43   60
331   44   23   13
332   47   71   94
333   48   43   76
334   42   57   77
335   69   29   52
336   53   57   41
337   50   20   6
338   47   4   48
339   46   58   27
340   39   80   16
341   55   62   50
342   47   70   82
343   50   0   30
344   62   56   41
345   62   77   46
346   45   38   10
347   31   86   71
348   56   94   54
349   50   16   27
350   50   31   89
351   53   30   52
352   51   33   7
353   49   97   8
354   41   59   82
355   47   1   11
356   44   36   63
357   42   2   38
358   49   44   71
359   42   82   75
360   56   66   28
361   55   62   14
362   62   32   77
363   43   80   44
364   41   98   65
365   52   83   46
366   67   99   17
367   39   73   82
368   59   1   5
369   46   65   80
370   43   60   3
371   73   8   59
372   52   82   0
373   43   14   43
374   47   28   14
375   49   34   1
376   45   85   73
377   46   70   32
378   47   2   5
379   56   90   32
380   45   33   22
381   45   80   96
382   62   51   36
383   64   87   87
384   60   51   49
385   57   23   70
386   66   3   56
387   49   68   26
388   40   20   61
389   53   57   76
390   44   52   38
391   51   23   88
392   50   96   68
393   52   9   58
394   60   99   4
395   42   24   49
396   43   80   79
397   55   37   77
398   58   0   37
399   43   88   65
400   68   21   16
401   41   20   33
402   59   69   80
403   50   23   36
404   42   15   9
405   49   36   66
406   62   84   2
407   41   52   72
408   54   96   35
409   52   60   71
410   42   89   87
411   47   71   55
412   43   30   29
413   53   14   96
414   56   80   94
415   54   87   58
416   44   4   25
417   62   23   65
418   51   12   82
419   56   75   7
420   58   32   30
421   45   18   41
422   48   37   87
423   55   2   20
424   45   50   68
425   45   41   65
426   46   44   49
427   47   48   95
428   52   1   14
429   54   46   67
430   52   89   34
431   51   93   83
432   42   39   5
433   56   45   94
434   44   71   30
435   59   78   19
436   43   40   52
437   38   42   66
438   50   37   34
439   46   68   24
440   41   36   82
441   48   59   61
442   49   99   70
443   55   51   28
444   49   46   78
445   51   83   98
446   54   20   7
447   51   83   62
448   55   31   91
449   50   89   63
450   63   7   94
451   49   56   54
452   52   39   32
453   47   13   11
454   52   62   10
455   46   64   96
456   51   89   59
457   56   11   11
458   54   53   64
459   48   49   66
460   65   51   48
461   43   76   24
462   47   96   52
463   50   14   28
464   57   93   70
465   46   99   45
466   36   57   1
467   42   26   95
468   42   64   75
469   46   44   8
470   54   18   78
471   50   28   25
472   41   22   63
473   51   82   55
474   51   88   45
475   45   82   93
476   43   43   23
477   52   20   20
478   44   9   38
479   41   67   69
480   58   85   6
481   63   3   91
482   48   92   39
483   52   91   7
484   50   56   61
485   52   73   54
486   49   42   13
487   41   54   26
488   44   11   50
489   53   66   87
490   34   46   59
491   44   86   49
492   47   90   88
493   42   90   95
494   39   6   43
495   55   86   96
496   46   29   72
497   55   2   89
498   47   61   54
499   46   7   38
500   60   97   68
501   46   15   89
502   52   35   65
503   51   24   47
504   47   9   79
505   61   74   51
506   47   17   54
507   45   68   87
508   49   28   79
509   56   27   27
510   52   77   70
511   42   6   93
512   48   87   58
513   49   46   88
514   49   45   58
515   52   19   8
516   36   93   80
517   52   20   27
518   54   82   30
519   45   1   31
520   49   37   87
521   55   14   83
522   53   78   20
523   50   58   9
524   46   32   77
525   42   78   4
526   40   76   19
527   46   81   13
528   50   71   23
529   47   23   55
530   54   79   84
531   38   49   52
532   62   36   13
533   54   94   95
534   44   40   79
535   35   73   94
536   41   93   72
537   61   42   19
538   50   42   81
539   49   31   82
540   56   66   25
541   46   42   29
542   43   29   95
543   50   35   10
544   54   17   39
545   46   80   49
546   53   21   86
547   48   10   62
548   47   17   85
549   48   37   78
550   43   88   60
551   55   52   90
552   54   34   97
553   48   5   89
554   43   82   15
555   56   99   7
556   45   44   20
557   39   43   41
558   56   50   80
559   38   39   54
560   50   84   69
561   47   70   56
562   54   17   9
563   51   64   29
564   49   34   11
565   54   92   24
566   57   9   38
567   45   33   61
568   61   64   46
569   53   30   80
570   40   84   60
571   48   26   26
572   53   66   74
573   55   56   33
574   58   65   60
575   55   20   50
576   61   63   25
577   50   14   51
578   55   91   12
579   54   83   75
580   59   68   62
581   40   72   33
582   44   72   5
583   57   34   25
584   53   7   45
585   55   77   72
586   53   88   52
587   44   63   56
588   46   17   19
589   58   69   43
590   59   88   64
591   64   45   64
592   62   50   97
593   46   31   54
594   47   94   59
595   49   81   45
596   37   69   14
597   60   72   68
598   45   99   3
599   48   44   7
600   47   4   44
601   57   64   43
602   58   99   47
603   54   1   65
604   45   35   57
605   46   43   10
606   53   8   21
607   55   92   91
608   41   0   61
609   45   34   68
610   59   45   61
611   54   89   94
612   57   60   70
613   34   79   30
614   44   58   81
615   47   79   20
616   57   2   37
617   57   31   5
618   56   43   10
619   40   49   84
620   54   87   33
621   43   50   69
622   56   47   75
623   57   92   15
624   51   86   75
625   43   32   74
626   46   56   1
627   53   87   91
628   54   62   78
629   44   93   76
630   62   15   26
631   48   33   82
632   52   55   38
633   56   36   85
634   49   77   1
635   62   99   14
636   49   87   56
637   58   80   14
638   42   48   36
639   44   51   14
640   47   5   28
641   63   57   63
642   53   42   31
643   50   11   75
644   49   6   31
645   54   91   88
646   49   44   48
647   48   81   73
648   56   35   25
649   54   29   70
650   45   99   79
651   41   94   20
652   45   61   67
653   44   75   10
654   54   47   50
655   53   22   25
656   48   23   34
657   54   2   16
658   61   81   53
659   60   14   48
660   49   3   50
661   40   75   96
662   38   8   47
663   40   32   62
664   47   32   73
665   52   58   55
666   60   79   37
667   48   1   16
668   49   7   93
669   53   38   41
670   48   6   58
671   50   15   79
672   50   28   79
673   41   59   81
674   46   78   29
675   39   81   47
676   47   56   42
677   36   91   79
678   45   93   3
679   53   74   9
680   52   26   96
681   60   53   93
682   39   88   56
683   49   13   87
684   39   74   31
685   52   19   32
686   48   97   52
687   56   19   83
688   47   76   60
689   54   64   28
690   44   95   83
691   49   51   24
692   47   11   97
693   49   46   15
694   48   60   17
695   45   91   38
696   47   57   29
697   47   25   1
698   59   69   35
699   49   69   94
700   61   74   86
