0   0   50   50
1   41   63   5
2   53   77   92
3   38   68   14
4   43   7   39
5   52   19   95
6   38   53   71
7   44   89   90
8   53   50   85
9   61   11   28
10   50   87   97
11   46   19   51
12   46   75   6
13   44   98   59
14   47   43   77
15   52   65   36
16   50   6   84
17   43   30   9
18   46   14   84
19   58   54   90
20   49   0   23
21   55   72   46
22   44   20   3
23   49   76   23
24   53   87   69
25   40   27   80
26   49   99   25
27   51   81   82
28   61   42   1
29   52   26   66
30   52   50   73
31   55   6   73
32   50   23   27
33   64   84   75
34   49   14   2
35   44   39   26
36   52   45   13
37   73   19   40
38   40   86   1
39   51   20   47
40   43   7   34
41   51   68   58
42   52   12   7
43   52   28   16
44   50   66   60
45   50   84   70
46   65   12   54
47   53   6   19
48   69   40   9
49   57   75   66
50   62   0   68
