0   0   50   50
1   47   71   4
2   64   62   85
3   55   79   14
4   61   3   89
5   43   51   92
6   35   58   65
7   32   73   81
8   52   24   20
9   42   80   66
10   48   11   13
11   45   16   13
12   52   86   3
13   55   55   61
14   61   9   64
15   59   29   59
16   56   62   55
17   52   13   5
18   41   81   80
19   56   65   64
20   72   93   16
21   48   32   37
22   47   7   96
23   49   64   75
24   41   60   2
25   47   71   6
26   48   7   81
27   47   82   53
28   62   99   9
29   43   54   82
30   48   13   77
31   47   5   80
32   57   63   16
33   49   96   18
34   40   23   21
35   40   49   56
36   46   66   37
37   58   63   35
38   52   22   85
39   56   0   86
40   50   18   98
41   49   11   90
42   48   93   24
43   54   93   99
44   54   25   78
45   48   1   52
46   57   66   63
47   44   96   95
48   40   68   72
49   55   89   20
50   50   75   87
51   50   21   19
52   54   35   16
53   46   71   68
54   46   99   37
55   52   87   73
56   59   22   30
57   42   42   23
58   41   84   2
59   53   27   18
60   38   86   84
61   56   88   87
62   44   68   77
63   59   29   98
64   53   63   80
65   55   8   61
66   54   5   30
67   53   16   20
68   55   63   33
69   56   65   53
70   55   97   34
71   51   15   84
72   50   57   31
73   47   33   37
74   49   86   43
75   58   47   59
76   49   34   81
77   60   53   62
78   50   25   5
79   53   75   34
80   44   63   44
81   54   80   73
82   42   41   81
83   44   74   14
84   59   55   64
85   50   73   16
86   49   42   90
87   51   54   8
88   40   68   50
89   38   24   46
90   42   68   6
91   44   79   70
92   46   87   95
93   62   98   54
94   41   34   8
95   55   71   11
96   44   21   47
97   38   21   62
98   68   16   42
99   45   84   97
100   49   50   8
101   34   50   9
102   67   36   24
103   64   6   36
104   38   62   72
105   50   8   80
106   47   5   25
107   50   14   3
108   40   69   21
109   49   83   2
110   44   39   27
111   39   40   11
112   52   12   78
113   52   48   11
114   41   82   2
115   43   47   51
116   41   14   29
117   40   84   56
118   55   64   38
119   45   46   59
120   51   1   89
121   57   90   2
122   50   15   99
123   44   12   62
124   49   28   48
125   57   83   17
126   39   44   50
127   54   36   68
128   50   85   34
129   41   15   5
130   42   18   60
131   50   91   49
132   56   19   98
133   56   52   41
134   52   97   65
135   61   64   36
136   66   52   33
137   44   31   55
138   65   10   65
139   57   67   15
140   50   26   13
141   50   65   96
142   34   68   69
143   51   68   29
144   41   30   86
145   45   74   56
146   50   13   52
147   55   16   32
148   40   3   2
149   53   30   81
150   36   66   23
151   49   2   45
152   47   89   47
153   50   53   59
154   47   33   44
155   51   73   52
156   44   87   8
157   42   89   39
158   50   63   98
159   39   99   47
160   56   44   38
161   51   99   96
162   44   42   39
163   54   75   88
164   53   34   12
165   49   97   27
166   56   58   16
167   55   9   33
168   60   20   96
169   43   73   15
170   52   27   16
171   45   67   49
172   57   47   39
173   50   43   67
174   53   40   47
175   44   98   92
176   42   88   24
177   55   10   58
178   47   11   51
179   32   29   16
180   53   7   98
181   50   95   37
182   43   75   34
183   55   98   26
184   53   79   78
185   51   17   68
186   51   88   44
187   48   38   75
188   52   5   59
189   43   62   99
190   47   76   45
191   48   51   77
192   48   90   61
193   50   44   48
194   45   87   6
195   55   69   95
196   47   91   95
197   48   94   88
198   58   49   80
199   46   73   83
200   44   49   17
201   46   48   69
202   35   39   97
203   46   47   33
204   65   76   60
205   60   83   73
206   44   31   21
207   44   49   82
208   43   23   14
209   44   3   75
210   39   94   33
211   40   9   36
212   59   76   85
213   52   95   81
214   42   86   78
215   62   97   7
216   47   45   73
217   60   56   56
218   50   26   96
219   44   82   11
220   50   76   81
221   57   57   87
222   51   26   1
223   37   57   50
224   39   33   88
225   65   44   38
226   56   46   57
227   47   92   32
228   54   19   68
229   42   86   0
230   37   16   59
231   54   72   64
232   39   64   51
233   59   73   8
234   55   16   46
235   64   25   30
236   53   58   52
237   48   59   9
238   45   12   15
239   57   61   20
240   67   35   59
241   53   5   99
242   40   33   78
243   53   91   1
244   45   56   0
245   51   86   51
246   53   16   18
247   47   81   95
248   47   88   36
249   42   42   11
250   38   53   22
251   41   62   52
252   48   14   94
253   40   4   48
254   44   69   1
255   52   4   88
256   39   63   74
257   58   81   79
258   44   37   5
259   51   98   13
260   53   43   17
261   54   78   49
262   52   38   47
263   47   39   19
264   57   54   62
265   43   90   77
266   43   91   32
267   54   54   43
268   65   42   50
269   51   78   44
270   60   29   22
271   56   39   76
272   53   63   32
273   51   81   55
274   56   20   41
275   54   16   67
276   43   47   80
277   61   53   23
278   48   80   85
279   54   50   32
280   53   61   86
281   61   27   22
282   45   84   76
283   45   64   50
284   48   7   44
285   47   99   46
286   51   9   8
287   41   43   29
288   59   3   7
289   60   85   50
290   51   87   95
291   48   35   18
292   50   59   3
293   56   23   3
294   49   59   77
295   59   68   97
296   59   29   58
297   47   85   78
298   52   5   83
299   51   13   51
300   56   90   80
301   41   40   14
302   59   28   41
303   48   69   15
304   52   32   5
305   53   99   54
306   46   46   75
307   41   42   21
308   45   52   36
309   55   6   86
310   48   87   30
311   52   63   38
312   61   24   81
313   47   62   49
314   46   73   52
315   55   30   91
316   44   36   1
317   60   43   56
318   48   10   93
319   44   64   74
320   65   40   57
321   43   91   29
322   61   22   23
323   54   71   41
324   54   17   10
325   51   84   3
326   44   19   92
327   39   35   24
328   57   46   16
329   64   51   96
330   59   6   45
331   51   22   70
332   48   34   21
333   57   26   42
334   39   75   64
335   52   71   41
336   51   11   18
337   60   82   47
338   67   61   7
339   27   42   94
340   47   97   51
341   55   84   59
342   47   97   59
343   44   27   32
344   60   78   11
345   49   85   49
346   50   37   63
347   48   59   6
348   50   70   30
349   52   28   81
350   49   13   49
351   58   82   34
352   53   59   64
353   46   4   51
354   46   91   77
355   51   96   89
356   47   2   85
357   62   54   46
358   55   57   54
359   48   40   81
360   61   50   60
361   49   17   84
362   47   72   96
363   53   39   68
364   57   16   30
365   48   75   42
366   51   30   76
367   47   66   44
368   54   42   41
369   51   77   64
370   56   48   32
371   66   63   49
372   64   12   22
373   47   41   98
374   50   97   68
375   55   34   3
376   53   87   68
377   43   11   3
378   53   4   90
379   58   21   37
380   52   89   86
381   59   45   9
382   57   12   85
383   56   95   26
384   46   11   73
385   46   82   81
386   59   69   0
387   51   60   34
388   51   53   41
389   48   89   32
390   45   46   77
391   51   22   56
392   55   25   28
393   55   28   72
394   46   82   88
395   38   23   31
396   51   18   11
397   54   33   52
398   45   88   73
399   48   0   25
400   48   70   5
401   39   81   45
402   42   68   82
403   44   94   16
404   46   99   40
405   52   24   57
406   63   36   1
407   40   46   25
408   54   7   37
409   36   90   94
410   41   73   62
411   49   61   73
412   54   22   86
413   48   4   45
414   65   59   45
415   47   17   2
416   55   31   26
417   54   94   63
418   56   12   39
419   43   1   7
420   49   15   87
421   56   55   80
422   52   34   36
423   58   50   99
424   57   6   75
425   49   25   16
426   52   62   6
427   46   73   8
428   49   29   61
429   53   76   31
430   56   73   81
431   41   47   53
432   50   61   4
433   54   27   15
434   50   41   50
435   56   17   75
436   56   66   41
437   46   19   2
438   51   0   11
439   52   65   69
440   52   12   88
441   40   58   50
442   39   55   82
443   42   41   34
444   43   47   73
445   50   95   17
446   57   82   4
447   57   11   80
448   56   15   41
449   42   18   53
450   50   35   39
451   56   92   29
452   57   57   6
453   56   83   9
454   45   7   59
455   48   40   66
456   60   81   59
457   57   83   58
458   39   65   13
459   41   9   19
460   52   61   42
461   63   72   43
462   70   29   90
463   53   17   77
464   47   44   59
465   52   34   77
466   59   17   12
467   58   94   25
468   44   26   78
469   57   99   77
470   54   82   75
471   50   48   74
472   31   53   41
473   59   1   42
474   57   14   73
475   58   56   74
476   47   26   31
477   57   64   0
478   47   41   32
479   56   7   88
480   57   30   33
481   40   86   73
482   41   30   44
483   35   63   31
484   56   92   13
485   51   97   13
486   49   66   17
487   46   91   13
488   49   10   42
489   46   82   42
490   68   42   16
491   50   18   20
492   48   60   91
493   48   8   86
494   48   43   79
495   53   89   42
496   51   20   94
497   57   35   7
498   53   84   79
499   53   92   37
500   56   77   15
