0   0   50   50
1   45   95   5
2   58   74   73
3   48   37   48
4   64   48   81
5   56   90   4
6   52   32   54
7   50   47   32
8   47   70   44
9   42   69   54
10   37   69   50
11   49   28   0
12   45   4   92
13   42   75   28
14   53   94   9
15   53   27   1
16   49   35   41
17   56   14   36
18   41   30   27
19   43   36   74
20   55   84   22
21   37   98   69
22   44   6   52
23   42   3   62
24   53   35   31
25   58   26   35
26   56   10   6
27   38   79   98
28   63   37   50
29   48   97   85
30   53   53   71
31   63   55   1
32   48   72   94
33   60   58   40
34   39   94   14
35   58   69   28
36   50   17   56
37   59   76   43
38   47   77   40
39   46   93   4
40   66   15   83
41   61   77   45
42   42   57   86
43   52   37   13
44   51   93   71
45   44   34   9
46   55   99   34
47   58   49   83
48   52   52   28
49   51   45   53
50   62   87   18
51   42   21   69
52   54   15   44
53   40   43   16
54   32   18   24
55   33   43   67
56   52   15   66
57   56   33   57
58   44   42   16
59   44   29   20
60   56   32   4
61   55   3   67
62   51   31   28
63   44   25   4
64   56   35   22
65   53   66   51
66   55   95   19
67   63   72   45
68   49   29   53
69   61   43   32
70   59   42   56
71   47   10   52
72   49   69   40
73   61   6   14
74   48   56   40
75   45   11   71
76   49   5   68
77   62   6   54
78   57   75   85
79   54   38   50
80   47   67   53
81   49   48   14
82   52   13   87
83   48   6   59
84   58   70   13
85   55   45   94
86   64   60   49
87   51   6   25
88   44   45   29
89   56   30   66
90   45   75   27
91   58   84   90
92   50   76   18
93   45   14   40
94   46   2   61
95   58   47   33
96   44   31   39
97   43   42   92
98   41   54   63
99   46   59   27
100   58   96   93
101   59   41   63
102   49   44   64
103   66   68   34
104   45   97   36
105   54   24   21
106   49   11   98
107   49   18   71
108   52   73   71
109   58   91   44
110   59   39   75
111   50   13   28
112   44   55   41
113   52   68   93
114   40   83   5
115   45   97   85
116   42   44   31
117   50   73   32
118   42   95   11
119   58   61   99
120   52   56   29
121   47   72   52
122   47   27   14
123   50   33   63
124   60   67   84
125   56   91   3
126   47   79   85
127   52   89   70
128   49   52   49
129   54   85   7
130   58   48   65
131   53   39   91
132   43   71   24
133   50   91   85
134   59   90   82
135   54   27   0
136   49   88   13
137   42   61   4
138   43   93   15
139   53   27   74
140   45   79   55
141   51   5   70
142   52   90   24
143   53   30   91
144   48   5   15
145   59   62   90
146   52   82   29
147   43   70   69
148   40   97   45
149   43   30   92
150   55   21   97
151   48   48   26
152   55   35   88
153   50   99   19
154   45   40   82
155   61   98   53
156   62   47   59
157   59   29   3
158   43   56   40
159   66   69   93
160   63   54   13
161   44   95   66
162   43   80   82
163   40   66   21
164   57   13   81
165   53   10   58
166   60   6   79
167   58   91   13
168   45   73   28
169   57   28   26
170   53   53   34
171   43   50   49
172   49   88   70
173   51   94   47
174   54   31   33
175   46   69   8
176   53   56   51
177   49   52   78
178   54   3   20
179   55   89   29
180   38   77   48
181   50   55   44
182   44   24   3
183   45   59   69
184   45   78   38
185   51   15   45
186   51   55   69
187   50   84   65
188   39   85   30
189   48   93   74
190   58   76   95
191   53   41   2
192   57   38   9
193   45   84   92
194   37   67   20
195   56   63   26
196   41   7   96
197   51   24   94
198   50   15   37
199   55   88   84
200   53   43   9
201   54   26   91
202   63   32   81
203   51   46   13
204   57   69   13
205   59   34   99
206   60   83   31
207   50   44   99
208   43   98   31
209   51   35   80
210   47   90   40
211   42   65   9
212   47   60   88
213   57   52   46
214   67   36   69
215   53   51   67
216   56   74   84
217   33   90   27
218   63   76   10
219   45   8   51
220   47   23   95
221   61   11   55
222   48   75   46
223   39   2   9
224   53   36   61
225   43   6   88
226   50   47   39
227   47   67   60
228   46   48   21
229   49   5   83
230   49   54   73
231   57   10   57
232   60   95   26
233   42   22   28
234   56   4   50
235   44   13   63
236   49   20   22
237   58   80   6
238   50   50   49
239   47   40   14
240   53   30   89
241   47   67   13
242   54   80   38
243   38   84   35
244   65   41   20
245   53   15   23
246   52   47   85
247   54   14   84
248   57   65   82
249   64   6   64
250   50   40   39
251   52   57   68
252   50   55   2
253   57   81   80
254   58   89   97
255   49   51   6
256   56   93   34
257   56   60   85
258   43   99   98
259   52   40   67
260   53   71   85
261   56   95   31
262   62   18   88
263   45   56   51
264   62   79   36
265   51   78   83
266   44   1   33
267   57   18   23
268   56   58   25
269   73   42   94
270   48   32   23
271   54   48   70
272   52   60   6
273   49   74   44
274   64   95   98
275   46   51   0
276   46   61   53
277   36   27   96
278   37   54   63
279   46   81   55
280   57   46   28
281   46   26   68
282   52   63   17
283   57   13   97
284   47   92   10
285   49   71   39
286   34   8   98
287   44   81   85
288   51   48   33
289   43   10   94
290   51   67   14
291   49   6   83
292   48   56   81
293   43   45   0
294   42   74   96
295   51   46   10
296   44   19   78
297   52   91   51
298   39   48   75
299   45   77   40
300   48   13   30
301   55   5   63
302   54   86   63
303   50   54   70
304   47   65   55
305   48   77   15
306   45   44   37
307   52   46   58
308   46   64   45
309   57   47   25
310   53   37   52
311   51   47   88
312   50   96   7
313   53   77   87
314   39   43   60
315   49   56   29
316   42   44   13
317   48   32   89
318   58   55   43
319   49   94   21
320   43   46   80
321   44   81   1
322   34   98   99
323   56   50   11
324   54   62   35
325   47   22   7
326   51   48   12
327   43   23   51
328   52   71   60
329   42   15   82
330   51   96   0
331   45   98   49
332   56   38   90
333   53   54   62
334   48   47   0
335   44   63   43
336   57   11   78
337   56   20   23
338   48   76   27
339   35   97   35
340   50   54   27
341   39   71   31
342   49   92   13
343   49   26   47
344   48   15   73
345   54   94   70
346   50   80   0
347   46   53   74
348   52   84   12
349   54   64   23
350   53   42   13
351   41   15   34
352   42   57   38
353   51   2   78
354   42   13   55
355   50   47   93
356   67   68   66
357   52   58   60
358   56   56   30
359   39   90   90
360   43   2   5
361   52   29   22
362   49   35   28
363   67   49   1
364   37   50   99
365   52   47   37
366   56   31   86
367   47   76   23
368   73   57   18
369   53   93   87
370   53   90   8
371   47   99   24
372   47   93   41
373   37   17   1
374   45   35   35
375   46   38   68
376   49   18   5
377   56   12   79
378   50   78   55
379   48   4   74
380   56   50   75
381   58   35   7
382   55   42   40
383   56   81   24
384   56   15   25
385   42   69   79
386   58   8   59
387   57   64   41
388   45   16   10
389   56   38   12
390   42   27   91
391   58   89   4
392   59   41   7
393   45   84   8
394   51   55   85
395   46   82   89
396   51   50   63
397   57   46   48
398   59   78   28
399   47   83   25
400   57   36   56
401   47   85   4
402   45   42   47
403   47   25   59
404   60   49   16
405   53   53   34
406   58   60   0
407   48   85   31
408   54   17   29
409   46   77   89
410   46   74   38
411   42   46   85
412   46   3   78
413   55   10   80
414   50   64   69
415   56   99   58
416   52   40   38
417   43   27   77
418   55   79   11
419   44   83   42
420   50   42   48
421   52   11   57
422   58   6   17
423   42   30   27
424   46   12   47
425   51   61   70
426   51   5   27
427   44   78   77
428   51   51   29
429   37   51   82
430   48   78   83
431   53   0   22
432   36   86   10
433   50   58   91
434   56   88   29
435   49   12   28
436   48   64   79
437   62   68   61
438   49   32   39
439   56   42   99
440   55   83   99
441   50   31   25
442   51   22   75
443   55   72   45
444   44   6   74
445   46   94   71
446   45   23   77
447   47   32   31
448   61   78   86
449   47   21   12
450   50   71   0
451   58   16   92
452   53   91   90
453   60   28   80
454   61   99   20
455   47   88   92
456   49   90   7
457   39   19   53
458   47   35   88
459   40   63   21
460   35   50   47
461   51   97   92
462   48   59   85
463   58   25   67
464   48   75   12
465   60   2   79
466   46   10   26
467   60   68   17
468   54   97   63
469   42   72   86
470   52   56   5
471   49   11   79
472   44   79   88
473   46   81   35
474   48   23   41
475   42   28   91
476   49   91   80
477   56   20   89
478   52   57   64
479   49   92   22
480   46   63   16
481   43   13   75
482   43   79   62
483   53   45   64
484   41   22   81
485   64   49   15
486   50   45   70
487   50   57   63
488   50   6   24
489   40   12   66
490   46   5   18
491   61   21   79
492   53   54   82
493   58   1   74
494   59   6   35
495   51   53   99
496   61   54   92
497   56   65   73
498   47   83   17
499   48   13   60
500   51   45   64
501   49   33   69
502   45   27   56
503   49   5   30
504   46   3   68
505   54   3   16
506   43   77   5
507   46   96   86
508   53   89   58
509   46   14   61
510   52   60   64
511   60   93   7
512   48   71   46
513   52   33   10
514   42   27   71
515   39   70   8
516   39   13   16
517   44   29   30
518   56   34   95
519   53   73   77
520   46   58   75
521   45   70   60
522   55   30   84
523   44   48   48
524   53   38   70
525   49   25   45
526   54   52   17
527   63   58   72
528   49   15   21
529   48   38   32
530   59   26   89
531   46   77   61
532   58   10   77
533   46   76   62
534   51   63   93
535   51   16   88
536   52   64   41
537   55   71   98
538   43   69   62
539   44   57   93
540   51   32   0
541   41   68   37
542   51   63   3
543   45   91   74
544   45   44   95
545   53   53   5
546   62   58   22
547   52   67   63
548   64   82   63
549   37   62   66
550   56   5   49
551   43   87   3
552   51   38   87
553   45   33   55
554   56   49   60
555   52   18   3
556   47   11   96
557   43   2   8
558   63   6   34
559   58   78   42
560   42   9   62
561   55   42   34
562   53   10   45
563   47   4   67
564   42   40   24
565   68   9   31
566   51   56   4
567   40   75   94
568   39   6   70
569   56   62   59
570   45   32   47
571   46   89   99
572   55   67   14
573   64   44   17
574   48   32   41
575   46   76   55
576   43   36   77
577   45   59   4
578   49   94   50
579   54   20   43
580   58   2   70
581   54   47   53
582   53   4   5
583   60   59   63
584   55   95   86
585   44   29   75
586   42   72   52
587   43   70   48
588   54   24   77
589   41   59   76
590   55   34   21
591   54   9   87
592   51   93   41
593   48   19   30
594   54   19   28
595   57   75   27
596   48   25   0
597   56   83   17
598   38   90   61
599   47   16   11
600   44   50   38
601   53   59   19
602   53   78   55
603   54   69   16
604   49   87   53
605   44   95   78
606   38   12   11
607   34   45   35
608   56   31   70
609   45   13   67
610   59   56   9
611   54   95   48
612   51   54   34
613   34   65   26
614   54   86   73
615   41   62   59
616   32   41   96
617   57   80   83
618   38   15   47
619   50   73   62
620   41   11   95
621   58   61   48
622   56   9   72
623   55   18   33
624   52   27   64
625   50   23   66
626   49   1   19
627   52   44   19
628   42   83   76
629   50   80   58
630   39   62   53
631   35   94   74
632   52   69   45
633   56   36   5
634   49   80   5
635   56   78   41
636   47   44   12
637   52   75   69
638   49   37   78
639   51   24   63
640   54   87   77
641   40   70   16
642   61   53   25
643   47   25   90
644   52   7   27
645   49   87   79
646   57   88   21
647   50   88   7
648   68   65   29
649   43   80   14
650   43   91   64
651   45   34   45
652   46   72   93
653   44   71   91
654   59   67   15
655   53   31   20
656   54   17   67
657   66   88   39
658   66   12   24
659   57   1   30
660   40   93   95
661   45   30   26
662   48   66   93
663   45   91   44
664   57   28   15
665   46   40   1
666   42   1   40
667   56   64   84
668   55   40   54
669   49   84   61
670   56   73   28
671   56   69   60
672   45   15   27
673   50   56   93
674   54   75   50
675   61   39   25
676   47   30   99
677   49   11   32
678   46   11   52
679   55   21   76
680   45   72   3
681   57   41   93
682   56   55   82
683   48   31   85
684   55   77   43
685   44   35   46
686   63   49   60
687   57   89   78
688   46   61   44
689   44   63   27
690   58   40   86
691   43   71   11
692   55   70   33
693   46   22   11
694   41   92   47
695   45   84   94
696   59   53   9
697   43   16   88
698   57   49   68
699   57   15   33
700   43   56   19
701   52   8   40
702   57   54   18
703   55   44   71
704   49   38   59
705   38   53   90
706   46   63   38
707   51   4   27
708   50   82   27
709   42   52   11
710   61   97   46
711   58   27   51
712   43   74   78
713   59   35   59
714   62   11   38
715   61   92   91
716   41   6   26
717   49   73   54
718   46   34   37
719   49   34   66
720   70   20   29
721   58   99   5
722   35   87   21
723   44   66   19
724   48   43   66
725   51   48   27
726   36   66   84
727   47   42   13
728   55   98   47
729   57   23   20
730   38   81   41
731   40   17   41
732   48   56   54
733   54   15   95
734   54   19   98
735   45   11   46
736   46   71   91
737   32   37   73
738   44   60   80
739   55   60   60
740   53   56   73
741   53   19   79
742   42   0   88
743   63   94   88
744   61   92   49
745   56   33   97
746   50   62   59
747   54   55   11
748   48   3   67
749   49   41   83
750   38   48   83
751   61   74   5
752   46   90   39
753   44   64   19
754   46   76   97
755   57   85   77
756   39   6   97
757   60   91   69
758   36   13   26
759   43   36   52
760   49   23   71
761   50   69   14
762   41   68   65
763   62   2   71
764   49   56   98
765   32   32   21
766   49   13   72
767   64   68   0
768   56   67   58
769   50   37   68
770   50   69   26
771   57   51   79
772   53   39   85
773   42   6   1
774   53   92   30
775   56   96   44
776   54   10   76
777   51   78   18
778   56   2   91
779   64   97   16
780   49   13   97
781   43   78   99
782   56   19   31
783   50   99   16
784   34   69   69
785   62   81   47
786   42   50   46
787   53   73   70
788   48   20   8
789   52   75   61
790   53   25   67
791   55   33   77
792   54   18   33
793   45   65   92
794   49   22   88
795   46   41   43
796   40   51   71
797   56   55   66
798   53   94   19
799   57   9   62
800   46   38   65
801   53   8   45
802   51   69   73
803   43   93   96
804   60   11   54
805   59   11   34
806   57   88   41
807   45   43   81
808   49   99   36
809   48   74   71
810   50   33   22
811   46   8   18
812   45   82   69
813   40   92   47
814   45   84   70
815   50   72   78
816   45   73   41
817   42   89   95
818   41   88   42
819   52   51   32
820   38   15   31
821   49   94   39
822   51   34   59
823   53   30   83
824   64   16   33
825   53   23   63
826   52   60   2
827   53   51   72
828   45   73   82
829   45   87   60
830   46   45   47
831   56   72   13
832   60   26   29
833   44   9   39
834   41   98   40
835   45   36   5
836   33   94   76
837   61   58   91
838   37   40   63
839   46   24   3
840   57   12   27
841   44   16   74
842   55   2   77
843   53   14   1
844   52   93   13
845   56   5   83
846   38   16   84
847   47   90   87
848   47   89   97
849   54   9   54
850   59   93   16
851   50   79   95
852   45   40   66
853   66   98   5
854   55   37   15
855   54   22   1
856   52   1   88
857   43   80   88
858   46   93   19
859   51   82   48
860   62   38   55
861   58   80   58
862   51   6   58
863   38   37   87
864   51   45   97
865   42   15   58
866   50   37   93
867   62   20   13
868   35   11   94
869   45   79   63
870   59   77   33
871   43   13   30
872   44   8   4
873   34   30   91
874   48   90   83
875   55   24   62
876   49   18   73
877   62   40   21
878   51   15   30
879   42   81   11
880   63   10   48
881   67   82   39
882   57   59   63
883   34   28   76
884   62   72   35
885   57   58   77
886   55   3   59
887   43   20   93
888   45   93   54
889   55   97   61
890   46   2   77
891   41   34   94
892   53   48   31
893   49   54   42
894   58   32   59
895   57   22   2
896   44   10   88
897   50   51   31
898   62   95   84
899   58   24   24
900   53   2   65
901   51   25   23
902   49   96   38
903   55   76   50
904   43   73   2
905   44   38   37
906   48   79   10
907   44   31   7
908   50   80   83
909   61   32   7
910   62   4   27
911   57   48   69
912   52   15   78
913   40   40   3
914   46   12   19
915   35   86   17
916   54   23   49
917   55   68   87
918   44   23   85
919   46   93   17
920   48   28   97
921   47   5   67
922   63   48   1
923   47   31   15
924   45   9   27
925   42   26   9
926   53   36   61
927   63   41   87
928   48   35   86
929   52   44   47
930   54   61   85
931   52   15   33
932   62   7   66
933   45   80   1
934   38   56   73
935   56   29   47
936   46   33   83
937   46   90   76
938   38   63   8
939   50   45   32
940   50   34   56
941   57   66   49
942   52   53   32
943   59   61   79
944   41   30   72
945   35   37   38
946   45   30   98
947   42   91   47
948   35   42   29
949   52   79   11
950   52   79   23
951   61   92   50
952   37   5   39
953   45   70   29
954   49   76   48
955   37   19   80
956   57   8   33
957   47   59   51
958   49   77   93
959   40   22   65
960   58   47   98
961   46   24   85
962   53   21   1
963   51   76   82
964   49   18   61
965   55   47   11
966   53   22   19
967   53   72   56
968   48   34   55
969   45   79   72
970   45   33   28
971   41   46   75
972   62   28   79
973   40   0   75
974   39   91   94
975   56   19   7
976   46   62   97
977   55   88   36
978   43   52   1
979   51   44   30
980   64   85   19
981   56   25   91
982   44   83   21
983   57   86   75
984   48   94   28
985   41   34   86
986   50   8   85
987   45   25   12
988   42   1   41
989   58   76   23
990   59   10   19
991   62   15   82
992   50   63   38
993   40   98   58
994   62   78   95
995   53   44   62
996   53   26   91
997   48   7   50
998   48   16   24
999   48   77   88
1000   53   58   87
