0   0   50   50
1   49   52   97
2   54   65   84
3   44   1   10
4   54   77   21
5   67   0   81
6   52   51   69
7   64   64   82
8   56   95   31
9   47   57   58
10   53   70   27
11   53   20   84
12   59   10   75
13   56   94   59
14   48   24   39
15   50   40   90
16   30   14   9
17   54   46   7
18   62   79   21
19   51   11   56
20   50   41   57
21   59   12   85
22   48   96   98
23   43   14   5
24   64   90   91
25   51   63   2
26   47   32   38
27   41   6   15
28   47   56   18
29   55   51   26
30   42   60   66
31   53   36   90
32   55   40   36
33   45   96   99
34   43   17   64
35   49   61   35
36   43   45   53
37   51   82   78
38   33   27   55
39   63   4   87
40   44   66   85
41   37   20   43
42   49   64   84
43   52   96   13
44   48   96   6
45   42   88   20
46   49   50   6
47   56   3   75
48   37   73   24
49   48   39   22
50   53   66   18
51   51   10   99
52   51   41   57
53   54   84   10
54   43   62   9
55   59   10   86
56   56   55   10
57   44   61   31
58   44   94   99
59   52   22   20
60   61   60   0
61   46   5   51
62   37   59   37
63   53   15   14
64   51   63   99
65   49   54   85
66   37   6   68
67   56   68   57
68   50   30   6
69   64   31   62
70   53   54   9
71   50   65   79
72   43   35   2
73   51   44   24
74   47   20   25
75   60   11   37
76   52   72   76
77   47   6   26
78   48   94   57
79   41   82   68
80   47   41   73
81   53   23   66
82   54   31   37
83   45   4   58
84   53   15   6
85   47   65   90
86   59   78   77
87   55   43   6
88   55   39   26
89   47   74   1
90   59   47   15
91   59   85   83
92   53   41   64
93   40   88   21
94   45   45   99
95   49   2   54
96   41   14   82
97   55   91   0
98   55   35   76
99   53   25   15
100   48   26   18
101   45   87   64
102   47   3   4
103   44   15   80
104   51   50   92
105   62   25   50
106   45   63   4
107   50   3   86
108   54   22   3
109   34   27   23
110   53   76   89
111   50   5   9
112   51   68   42
113   50   55   59
114   45   43   95
115   43   38   9
116   55   90   63
117   38   71   29
118   49   42   55
119   54   58   81
120   49   42   35
121   51   44   70
122   43   89   94
123   44   5   37
124   56   22   40
125   47   86   75
126   58   26   60
127   50   73   97
128   40   37   15
129   57   96   92
130   55   72   78
131   41   92   17
132   47   48   72
133   50   35   78
134   48   78   38
135   60   34   96
136   53   57   36
137   62   31   86
138   53   84   91
139   39   98   2
140   68   34   35
141   55   54   52
142   48   94   46
143   60   51   30
144   52   28   71
145   48   77   55
146   53   7   33
147   64   79   32
148   61   16   13
149   42   48   76
150   44   13   15
151   44   81   15
152   43   5   20
153   35   31   14
154   46   21   1
155   61   48   2
156   35   20   64
157   53   64   87
158   53   21   57
159   64   9   8
160   50   30   46
161   50   20   99
162   62   59   59
163   49   38   41
164   55   47   26
165   60   52   33
166   52   79   52
167   40   69   42
168   50   65   34
169   62   56   18
170   50   81   13
171   55   40   79
172   31   39   4
173   50   66   53
174   39   71   81
175   50   35   7
176   45   76   89
177   39   63   50
178   44   97   73
179   51   78   63
180   48   28   63
181   66   30   48
182   44   10   8
183   48   7   45
184   51   55   52
185   65   92   47
186   57   5   12
187   38   62   71
188   48   57   74
189   45   1   86
190   46   61   79
191   46   8   74
192   53   21   94
193   59   95   82
194   42   96   38
195   58   44   81
196   53   85   49
197   63   17   84
198   38   14   25
199   55   83   36
200   57   67   58
201   46   35   38
202   48   7   1
203   62   14   30
204   55   65   55
205   50   89   50
206   34   53   36
207   55   28   21
208   58   95   81
209   56   25   47
210   57   57   81
211   50   75   2
212   43   47   77
213   45   97   65
214   47   49   91
215   29   84   42
216   46   75   0
217   47   81   13
218   61   47   36
219   55   58   16
220   54   96   7
221   48   52   73
222   56   29   79
223   56   25   14
224   55   78   56
225   61   44   59
226   50   66   15
227   45   68   11
228   55   40   29
229   38   11   23
230   43   79   88
231   67   53   73
232   46   36   85
233   45   64   53
234   51   61   30
235   54   52   64
236   43   48   38
237   52   31   38
238   52   57   30
239   52   36   52
240   55   68   52
241   63   47   70
242   40   66   41
243   63   77   1
244   49   83   76
245   36   60   13
246   54   38   26
247   48   46   11
248   52   93   31
249   39   1   13
250   44   83   79
251   40   98   16
252   58   76   70
253   54   69   28
254   43   56   35
255   55   48   83
256   53   35   41
257   39   11   87
258   46   41   99
259   42   65   64
260   43   70   31
261   50   21   51
262   47   4   95
263   58   35   34
264   63   14   16
265   63   6   79
266   47   83   8
267   55   0   90
268   49   99   30
269   59   13   13
270   55   66   63
271   44   9   43
272   60   51   33
273   43   18   39
274   45   34   26
275   43   73   84
276   52   50   45
277   55   29   37
278   46   85   83
279   53   39   17
280   56   90   7
281   42   18   67
282   56   81   72
283   36   2   30
284   57   88   2
285   40   59   90
286   48   81   57
287   59   79   89
288   49   13   36
289   44   14   51
290   53   60   40
291   52   33   6
292   41   11   77
293   40   9   98
294   47   71   84
295   53   83   89
296   42   10   73
297   50   92   16
298   47   96   26
299   56   98   19
300   43   44   64
301   31   9   87
302   47   73   46
303   50   10   40
304   50   83   14
305   60   50   33
306   54   13   60
307   41   41   35
308   61   24   4
309   54   27   49
310   47   83   89
311   47   23   70
312   56   8   57
313   51   79   96
314   44   19   12
315   45   29   39
316   54   96   6
317   45   52   87
318   36   47   29
319   67   9   0
320   52   5   61
321   61   77   17
322   48   16   79
323   50   5   79
324   49   48   52
325   52   94   0
326   48   41   72
327   44   20   41
328   54   16   46
329   45   17   43
330   37   26   20
331   61   45   32
332   43   83   76
333   55   37   38
334   52   80   68
335   41   60   28
336   50   94   88
337   49   99   46
338   55   76   11
339   48   19   37
340   38   64   34
341   62   99   29
342   39   64   8
343   59   68   17
344   55   60   60
345   58   51   78
346   49   80   85
347   42   51   36
348   40   41   79
349   41   3   70
350   49   95   76
