0   0   50   50
1   47   2   87
2   54   32   84
3   48   95   39
4   43   9   32
5   48   45   86
6   49   98   16
7   56   78   27
8   54   83   68
9   45   37   74
10   54   44   34
11   52   43   38
12   40   64   59
13   47   81   4
14   59   2   99
15   47   69   68
16   39   58   5
17   56   24   15
18   64   92   82
19   46   47   8
20   47   39   22
21   51   97   36
22   35   22   41
23   42   7   72
24   57   57   47
25   46   4   40
26   63   63   93
27   51   60   84
28   40   74   64
29   42   53   11
30   47   31   14
31   57   71   16
32   36   10   8
33   43   40   66
34   53   28   78
35   46   50   7
36   51   69   56
37   37   45   76
38   41   78   93
39   59   76   21
40   46   60   83
41   57   58   69
42   45   30   7
43   54   4   25
44   53   63   9
45   43   51   8
46   46   27   35
47   50   41   47
48   47   37   57
49   53   1   95
50   56   71   97
51   53   5   57
52   42   71   93
53   48   17   47
54   66   45   47
55   51   68   60
56   53   87   87
57   45   14   74
58   50   57   76
59   57   59   70
60   59   23   36
61   53   27   32
62   60   68   95
63   50   95   25
64   52   3   39
65   42   98   74
66   65   30   62
67   64   56   21
68   45   85   94
69   50   17   85
70   52   94   42
71   68   64   15
72   46   58   57
73   43   48   62
74   50   27   58
75   45   20   0
76   59   48   55
77   51   17   19
78   50   60   14
79   53   62   43
80   43   82   27
81   51   30   49
82   35   55   19
83   54   3   33
84   53   45   41
85   50   80   8
86   49   80   54
87   38   25   66
88   43   63   35
89   69   43   61
90   43   7   58
91   45   66   85
92   55   3   30
93   54   52   46
94   59   34   74
95   46   46   13
96   55   84   83
97   46   45   30
98   54   43   87
99   64   75   42
100   54   29   51
101   41   34   77
102   48   87   17
103   48   4   81
104   32   6   23
105   47   84   53
106   34   9   84
107   50   43   35
108   43   59   50
109   57   15   60
110   49   97   19
111   54   43   85
112   46   58   3
113   57   34   77
114   57   95   36
115   69   15   44
116   52   48   85
117   49   43   35
118   43   44   49
119   52   88   48
120   43   67   72
121   46   14   44
122   41   93   96
123   54   20   3
124   42   89   25
125   52   15   82
126   51   28   45
127   53   62   24
128   50   75   9
129   51   3   71
130   59   38   56
131   61   7   95
132   49   28   64
133   49   17   77
134   47   61   99
135   50   71   24
136   46   29   97
137   51   94   7
138   33   85   44
139   40   93   6
140   46   83   96
141   51   4   66
142   59   73   35
143   47   36   33
144   45   46   73
145   55   34   26
146   50   11   45
147   50   66   29
148   49   89   48
149   50   43   64
150   42   33   66
151   46   41   53
152   48   6   39
153   54   0   80
154   62   7   69
155   46   47   22
156   53   67   94
157   45   75   86
158   51   15   68
159   51   93   16
160   54   6   50
161   54   43   7
162   42   59   94
163   45   95   29
164   65   79   89
165   49   61   74
166   47   95   64
167   48   65   18
168   46   32   46
169   48   94   0
170   64   46   60
171   43   37   2
172   47   92   75
173   55   68   34
174   63   16   42
175   51   32   0
176   40   15   23
177   62   64   76
178   45   54   34
179   51   47   26
180   53   62   38
181   35   6   96
182   52   28   66
183   46   7   24
184   48   70   4
185   53   54   19
186   51   13   31
187   53   27   49
188   48   64   81
189   42   68   58
190   43   35   40
191   61   74   8
192   60   26   98
193   49   91   78
194   56   62   78
195   48   26   64
196   58   99   36
197   50   13   57
198   46   99   28
199   56   17   33
200   46   74   16
201   48   84   67
202   52   93   5
203   38   93   90
204   58   58   45
205   54   73   88
206   33   88   85
207   55   4   87
208   56   94   75
209   53   98   39
210   47   12   75
211   42   65   41
212   53   89   58
213   48   8   66
214   46   47   58
215   48   17   61
216   57   49   91
217   50   72   97
218   37   44   13
219   51   72   51
220   55   86   6
221   56   60   96
222   55   66   30
223   52   73   23
224   48   9   34
225   51   86   55
226   55   97   8
227   53   65   92
228   52   26   39
229   65   48   67
230   52   39   48
231   49   29   72
232   50   38   77
233   53   36   47
234   56   17   54
235   45   97   77
236   58   22   90
237   52   59   87
238   45   47   38
239   52   57   49
240   46   59   46
241   55   58   14
242   63   75   27
243   53   18   9
244   55   28   6
245   44   56   8
246   44   64   54
247   51   56   14
248   38   51   67
249   40   8   67
250   46   75   86
