0   0   50   50
1   61   54   51
2   55   8   75
3   45   82   67
4   49   31   54
5   53   36   94
6   48   70   16
7   48   52   10
8   45   7   74
9   44   49   41
10   53   2   66
11   65   36   73
12   51   9   50
13   56   53   9
14   48   60   49
15   55   12   67
16   45   4   4
17   58   21   97
18   46   86   27
19   45   39   73
20   48   5   58
21   61   22   86
22   46   79   95
23   46   41   72
24   59   96   91
25   46   56   8
26   59   82   45
27   57   71   72
28   57   64   12
29   37   44   29
30   47   16   60
31   51   35   6
32   52   37   5
33   61   43   33
34   60   46   1
35   54   76   33
36   51   89   42
37   48   80   26
38   33   60   92
39   42   85   33
40   46   97   59
41   48   63   73
42   40   43   69
43   43   46   3
44   50   62   25
45   42   26   30
46   57   56   10
47   63   53   79
48   49   25   36
49   57   7   77
50   41   46   9
51   35   58   85
52   43   5   10
53   50   9   59
54   58   31   15
55   61   96   66
56   64   82   92
57   51   24   33
58   49   77   4
59   44   74   77
60   55   47   26
61   49   21   86
62   47   1   88
63   56   65   33
64   48   3   95
65   39   4   35
66   41   14   79
67   42   5   71
68   58   5   56
69   59   16   29
70   56   23   43
71   59   42   69
72   60   56   40
73   51   55   27
74   52   23   44
75   59   49   12
76   42   84   43
77   50   31   74
78   52   64   14
79   56   82   15
80   59   59   63
81   46   27   2
82   41   87   79
83   40   56   27
84   54   64   41
85   65   26   31
86   63   25   39
87   44   82   22
88   57   20   7
89   56   41   20
90   47   71   40
91   55   27   26
92   71   44   23
93   39   97   3
94   47   27   89
95   59   55   65
96   47   15   92
97   43   26   47
98   47   12   55
99   44   85   59
100   50   85   78
101   49   76   77
102   47   44   46
103   49   26   14
104   51   85   79
105   52   55   68
106   54   98   28
107   57   49   71
108   51   2   1
109   42   25   59
110   51   87   71
111   55   37   30
112   54   64   14
113   55   79   15
114   45   5   80
115   50   34   22
116   58   87   79
117   57   39   61
118   61   2   66
119   43   43   79
120   47   0   2
121   57   70   97
122   55   25   64
123   59   47   83
124   43   4   96
125   58   0   29
126   42   77   71
127   53   79   48
128   45   88   33
129   47   50   35
130   45   44   2
131   52   89   30
132   65   41   76
133   50   30   77
134   47   54   0
135   52   94   11
136   34   67   87
137   48   48   71
138   55   84   78
139   43   90   66
140   54   1   66
141   41   5   37
142   52   31   71
143   42   18   3
144   49   3   98
145   51   92   87
146   41   27   91
147   56   23   49
148   44   57   34
149   55   0   28
150   35   3   23
151   61   96   93
152   52   47   53
153   33   64   83
154   37   91   19
155   48   35   72
156   56   23   89
157   38   87   23
158   53   61   43
159   45   97   83
160   42   68   52
161   49   18   38
162   52   91   38
163   46   42   35
164   65   32   46
165   45   63   44
166   62   44   8
167   61   33   50
168   52   40   68
169   44   6   5
170   52   7   81
171   60   78   49
172   48   40   23
173   54   72   64
174   56   85   99
175   45   41   90
176   58   89   76
177   49   35   63
178   41   37   46
179   54   63   99
180   38   31   78
181   52   53   39
182   52   33   79
183   42   31   24
184   41   15   58
185   65   54   40
186   53   31   74
187   40   13   38
188   50   74   34
189   65   68   60
190   35   22   83
191   46   52   5
192   49   42   20
193   51   26   63
194   51   72   20
195   54   20   53
196   51   89   45
197   55   74   21
198   58   82   90
199   46   51   7
200   43   98   76
201   46   74   20
202   56   83   55
203   44   58   15
204   52   5   36
205   42   42   29
206   37   30   92
207   58   87   71
208   50   63   59
209   57   96   19
210   42   79   2
211   56   83   3
212   40   72   64
213   58   82   22
214   42   78   76
215   48   60   57
216   43   55   55
217   53   17   45
218   52   27   39
219   39   73   70
220   51   59   50
221   46   63   78
222   58   70   77
223   49   45   41
224   46   72   53
225   43   77   60
226   39   14   86
227   34   30   91
228   44   79   57
229   69   97   24
230   45   67   55
231   48   71   62
232   42   53   61
233   45   53   60
234   60   91   55
235   37   5   60
236   55   68   51
237   52   59   95
238   49   77   58
239   49   41   24
240   48   20   49
241   57   32   0
242   56   68   2
243   44   3   13
244   32   92   92
245   51   47   43
246   42   40   28
247   50   19   19
248   47   63   94
249   47   63   64
250   52   9   5
251   60   4   87
252   45   91   98
253   53   7   35
254   51   84   46
255   49   79   82
256   48   71   19
257   46   23   58
258   40   33   33
259   56   13   98
260   53   50   96
261   53   12   73
262   44   99   67
263   40   65   77
264   55   25   84
265   49   58   89
266   54   17   34
267   40   71   8
268   45   18   36
269   45   31   39
270   55   57   32
271   51   6   60
272   43   94   15
273   49   80   15
274   47   4   8
275   51   60   96
276   52   54   5
277   48   77   30
278   41   66   99
279   53   99   59
280   38   12   72
281   57   56   26
282   48   68   9
283   49   61   85
284   37   81   44
285   42   61   59
286   49   69   65
287   49   18   97
288   58   73   74
289   53   49   90
290   51   99   38
291   52   68   90
292   39   75   1
293   60   12   17
294   57   10   12
295   49   7   33
296   53   27   14
297   56   42   88
298   60   12   95
299   58   46   86
300   47   12   70
