0   0   50   50
1   54   4   28
2   44   6   61
3   60   43   42
4   54   77   80
5   41   1   97
6   49   32   3
7   45   37   39
8   43   93   28
9   62   48   96
10   45   5   94
11   58   62   7
12   60   91   64
13   53   26   68
14   47   73   94
15   60   71   77
16   52   76   11
17   51   91   36
18   51   42   64
19   61   71   28
20   70   0   55
21   47   96   18
22   45   63   52
23   53   91   99
24   48   6   49
25   60   74   0
26   51   31   56
27   58   34   1
28   57   47   63
29   47   75   14
30   50   21   85
31   60   47   40
32   39   63   79
33   48   16   77
34   45   68   64
35   46   52   23
36   62   63   26
37   54   0   85
38   45   60   85
39   50   27   37
40   41   39   56
41   61   20   87
42   48   31   26
43   45   77   56
44   54   93   54
45   51   44   9
46   35   21   69
47   36   13   15
48   64   72   45
49   54   83   46
50   45   85   45
51   58   55   78
52   41   32   24
53   66   29   48
54   34   58   40
55   47   90   15
56   42   30   45
57   51   98   3
58   51   71   85
59   51   50   82
60   55   76   69
61   41   94   1
62   54   1   7
63   51   89   38
64   39   49   77
65   46   94   34
66   63   4   70
67   55   91   2
68   51   64   63
69   53   51   94
70   67   20   6
71   43   73   89
72   45   43   36
73   30   82   62
74   47   88   39
75   52   3   27
76   57   83   80
77   49   9   3
78   43   74   99
79   51   25   86
80   56   34   88
81   60   30   82
82   53   27   6
83   59   87   46
84   44   77   67
85   58   50   17
86   51   74   87
87   42   81   35
88   48   84   23
89   51   65   85
90   53   61   52
91   66   69   68
92   59   13   58
93   44   32   95
94   64   45   57
95   51   33   54
96   47   99   14
97   62   11   8
98   64   92   19
99   61   6   95
100   56   13   54
101   53   64   56
102   50   64   90
103   46   7   3
104   48   58   36
105   49   98   75
106   52   69   8
107   45   44   76
108   41   36   77
109   45   37   14
110   51   0   63
111   61   19   89
112   49   76   31
113   57   59   38
114   55   75   40
115   44   37   70
116   52   64   77
117   49   42   72
118   55   90   92
119   44   58   82
120   48   98   89
121   47   35   60
122   42   1   18
123   46   47   81
124   49   85   59
125   54   67   52
126   52   28   77
127   47   60   73
128   55   21   76
129   54   3   91
130   40   88   28
131   60   6   38
132   69   9   73
133   48   12   6
134   36   95   81
135   50   51   47
136   46   44   33
137   41   77   54
138   53   2   71
139   54   42   98
140   38   87   58
141   60   86   52
142   46   28   77
143   56   70   11
144   47   7   38
145   47   60   56
146   45   87   44
147   43   40   78
148   64   81   42
149   52   96   57
150   44   6   68
151   55   87   81
152   40   87   89
153   62   37   61
154   53   21   13
155   45   64   7
156   53   30   2
157   48   90   25
158   49   73   89
159   62   93   4
160   48   90   35
161   48   37   13
162   46   56   30
163   48   65   63
164   51   62   8
165   51   1   64
166   59   20   30
167   54   10   2
168   40   69   8
169   48   10   64
170   59   90   61
171   46   37   73
172   43   26   98
173   49   64   94
174   56   17   62
175   46   28   57
176   55   57   68
177   50   91   21
178   45   45   86
179   65   80   98
180   42   58   38
181   48   88   4
182   50   75   22
183   50   40   26
184   38   80   76
185   45   98   24
186   52   32   3
187   54   2   24
188   51   67   93
189   51   50   55
190   60   88   60
191   50   7   99
192   49   13   20
193   53   2   56
194   47   9   78
195   57   13   44
196   52   65   5
197   50   90   96
198   55   79   0
199   30   90   96
200   34   71   48
201   52   58   68
202   43   41   78
203   47   85   68
204   48   32   70
205   55   42   13
206   57   97   52
207   54   1   25
208   41   44   98
209   41   70   19
210   54   12   42
211   52   51   99
212   42   56   17
213   51   36   19
214   58   13   29
215   66   3   81
216   54   81   66
217   44   20   37
218   63   17   11
219   59   50   27
220   58   30   66
221   47   2   94
222   54   1   32
223   49   15   93
224   52   35   18
225   47   57   26
226   51   2   52
227   56   24   21
228   43   98   32
229   56   24   3
230   49   39   59
231   55   25   17
232   56   65   22
233   55   11   58
234   56   56   25
235   52   94   35
236   42   64   87
237   36   7   30
238   36   9   37
239   56   5   49
240   47   97   74
241   43   64   13
242   51   58   76
243   43   51   4
244   51   46   35
245   48   2   30
246   53   78   0
247   52   9   51
248   50   0   60
249   47   96   62
250   45   77   37
251   59   37   84
252   46   91   6
253   56   10   32
254   43   65   52
255   60   33   90
256   53   20   47
257   56   61   46
258   54   2   22
259   47   99   95
260   45   9   43
261   59   18   27
262   62   86   57
263   28   87   11
264   39   83   18
265   51   88   13
266   52   8   36
267   44   70   77
268   54   28   40
269   54   3   77
270   43   50   77
271   57   9   15
272   58   37   51
273   48   94   56
274   46   17   7
275   61   1   12
276   66   30   79
277   58   59   71
278   49   73   29
279   46   19   72
280   62   45   86
281   42   24   36
282   51   75   51
283   51   77   3
284   47   35   56
285   41   11   87
286   50   72   73
287   55   94   8
288   55   30   2
289   42   33   11
290   54   43   88
291   39   64   73
292   55   94   89
293   45   76   56
294   46   82   90
295   47   44   30
296   42   70   70
297   55   47   22
298   54   47   35
299   38   34   32
300   42   8   98
301   53   52   37
302   50   30   92
303   48   65   82
304   54   44   29
305   45   12   28
306   47   37   33
307   55   13   55
308   39   85   79
309   49   73   73
310   49   84   62
311   47   67   93
312   52   49   34
313   46   64   86
314   46   77   7
315   43   68   43
316   52   77   36
317   42   68   17
318   42   27   11
319   61   95   84
320   50   48   76
321   43   57   11
322   46   61   84
323   60   91   70
324   64   27   66
325   52   31   60
326   42   24   82
327   56   19   27
328   46   70   32
329   51   70   61
330   50   26   3
331   41   26   91
332   50   21   34
333   52   45   83
334   48   98   43
335   38   3   27
336   46   65   34
337   41   79   92
338   49   89   30
339   38   61   52
340   46   72   0
341   56   39   50
342   48   74   8
343   48   37   51
344   46   44   47
345   49   29   73
346   48   96   26
347   47   47   30
348   48   41   59
349   66   80   19
350   54   39   9
351   58   12   86
352   43   47   86
353   47   9   95
354   47   38   57
355   38   76   47
356   50   32   89
357   48   78   82
358   46   99   73
359   37   72   12
360   45   50   74
361   43   73   61
362   49   11   7
363   49   85   60
364   37   39   90
365   39   77   25
366   44   55   5
367   51   69   4
368   49   50   82
369   56   16   33
370   45   1   20
371   45   87   69
372   48   67   87
373   52   6   53
374   54   1   95
375   60   99   13
376   58   3   6
377   44   91   97
378   53   66   32
379   61   60   20
380   52   27   46
381   48   37   18
382   46   12   18
383   66   57   1
384   59   45   65
385   42   56   25
386   57   83   15
387   55   8   4
388   59   60   74
389   56   0   26
390   57   74   67
391   59   24   30
392   65   6   86
393   60   40   28
394   50   2   76
395   46   45   16
396   49   34   42
397   45   46   87
398   44   44   3
399   54   35   30
400   53   39   90
401   51   33   44
402   46   27   11
403   45   31   98
404   50   5   12
405   43   51   58
406   40   94   27
407   45   5   23
408   53   69   11
409   38   78   54
410   49   35   26
411   58   35   43
412   45   11   62
413   37   15   25
414   47   6   41
415   38   38   37
416   60   75   94
417   49   67   83
418   65   99   49
419   44   86   6
420   52   41   26
421   52   15   58
422   50   65   1
423   46   30   43
424   62   70   26
425   42   33   47
426   56   88   18
427   52   71   10
428   41   66   97
429   47   22   89
430   48   8   69
431   46   97   15
432   57   9   27
433   43   51   87
434   44   20   87
435   41   52   22
436   52   42   89
437   59   65   86
438   47   64   28
439   55   89   79
440   51   48   66
441   52   68   44
442   62   80   85
443   47   4   80
444   48   29   78
445   48   79   48
446   45   76   65
447   46   30   5
448   45   75   44
449   50   20   10
450   54   26   3
