0.0000   0.0000   0.0000   0.0000
1.0000   32.0000   41.8924   37.7279
2.0000   55.0000   35.8639   40.7363
3.0000   86.0000   27.1157   34.4331
4.0000   40.0000   49.3712   41.7311
5.0000   61.0000   34.1969   47.3838
6.0000   83.0000   12.6037   26.9304
7.0000   104.0000   7.1567   9.3749
8.0000   39.0000   22.2930   45.7681
9.0000   50.0000   15.6155   15.2616
10.0000   111.0000   24.6540   21.8515
11.0000   101.0000   48.4865   1.1914
12.0000   83.0000   0.0074   31.3230
13.0000   116.0000   6.6985   25.7853
14.0000   50.0000   43.5686   9.3295
15.0000   92.0000   40.9796   4.0369
16.0000   77.0000   11.1632   31.9790
17.0000   108.0000   28.3816   47.3972
18.0000   34.0000   35.6030   17.4336
19.0000   59.0000   34.9015   4.5786
20.0000   36.0000   40.2243   6.2626
21.0000   53.0000   30.7476   44.6158
22.0000   32.0000   36.6428   0.4145
23.0000   51.0000   39.9956   47.4223
24.0000   48.0000   28.0618   14.0117
25.0000   30.0000   40.1071   37.2152
26.0000   57.0000   0.2992   33.2781
27.0000   106.0000   28.5741   11.7008
28.0000   77.0000   20.9294   14.9547
29.0000   96.0000   8.9035   30.4002
30.0000   117.0000   41.1228   22.2501
31.0000   95.0000   3.4376   2.6341
32.0000   113.0000   9.9361   42.2775
33.0000   52.0000   36.4196   1.1781
34.0000   51.0000   49.6718   7.4882
35.0000   46.0000   37.0015   6.3861
36.0000   89.0000   49.8431   23.9628
37.0000   30.0000   43.0103   1.6633
38.0000   97.0000   6.5454   44.2704
39.0000   64.0000   18.9207   21.2335
40.0000   118.0000   19.0202   25.6467
41.0000   105.0000   33.3982   0.7179
42.0000   74.0000   20.1575   40.6799
43.0000   52.0000   32.2579   16.6570
44.0000   44.0000   4.8664   31.5580
45.0000   63.0000   30.2227   38.3859
46.0000   49.0000   37.3753   0.0234
47.0000   47.0000   20.2211   33.6586
48.0000   95.0000   31.0159   35.9066
49.0000   63.0000   12.5962   23.3361
50.0000   112.0000   3.7931   28.2353
51.0000   38.0000   12.8076   19.9277
52.0000   93.0000   3.0364   26.9018
53.0000   105.0000   44.9129   25.7077
54.0000   32.0000   41.7181   32.6168
55.0000   33.0000   0.1721   19.4130
56.0000   31.0000   39.8296   34.0690
57.0000   107.0000   22.9764   24.1977
58.0000   60.0000   13.9807   21.7563
59.0000   46.0000   41.7525   10.3986
60.0000   81.0000   35.2034   3.9477
61.0000   78.0000   20.2280   5.2586
62.0000   31.0000   12.5999   11.1053
63.0000   58.0000   9.4787   0.6031
64.0000   56.0000   19.9880   18.7683
65.0000   79.0000   11.4501   4.8048
66.0000   71.0000   20.5865   25.5120
67.0000   56.0000   40.2340   32.6518
68.0000   63.0000   26.9127   3.4784
69.0000   77.0000   24.6482   24.1671
70.0000   34.0000   4.5910   33.3988
71.0000   112.0000   21.1983   19.2568
72.0000   106.0000   21.1544   20.7218
73.0000   115.0000   13.1433   42.9183
74.0000   97.0000   34.8222   33.8774
75.0000   84.0000   27.4488   34.9502
76.0000   89.0000   20.7301   8.5845
77.0000   82.0000   49.8123   31.9305
78.0000   63.0000   14.6225   7.8645
79.0000   86.0000   48.4347   29.6906
80.0000   80.0000   48.7391   26.6259
81.0000   38.0000   23.5196   7.7512
82.0000   50.0000   8.6369   4.8808
83.0000   111.0000   29.7365   16.3136
84.0000   63.0000   21.2644   4.4567
85.0000   87.0000   19.8305   41.5647
86.0000   31.0000   38.2088   1.3223
87.0000   53.0000   0.5161   24.7869
88.0000   101.0000   36.8877   9.0236
89.0000   113.0000   30.4918   22.1581
90.0000   99.0000   41.4132   27.5959
91.0000   61.0000   31.3777   45.4196
92.0000   66.0000   2.2189   26.4734
93.0000   98.0000   1.6137   11.0683
94.0000   58.0000   13.7940   30.3251
95.0000   67.0000   19.1278   9.1253
96.0000   109.0000   45.3232   40.9174
97.0000   40.0000   39.8062   10.0909
98.0000   105.0000   0.6322   25.0158
99.0000   107.0000   0.0552   35.0371
100.0000   70.0000   35.7929   21.4159
101.0000   69.0000   44.7110   18.6936
102.0000   36.0000   32.8771   17.8545
103.0000   110.0000   28.5030   33.6978
104.0000   62.0000   26.1054   10.2431
105.0000   109.0000   2.8174   0.3134
106.0000   47.0000   8.3775   8.5940
107.0000   66.0000   29.0065   1.7182
108.0000   30.0000   14.6511   42.7214
109.0000   116.0000   21.9566   43.0331
110.0000   110.0000   32.8662   39.2770
111.0000   35.0000   35.0860   16.6950
112.0000   113.0000   20.8504   31.3089
113.0000   84.0000   29.6496   9.8147
114.0000   80.0000   42.9812   3.6691
115.0000   31.0000   27.5656   31.6754
116.0000   46.0000   8.4844   3.4364
117.0000   32.0000   4.6341   0.7705
118.0000   73.0000   18.6602   21.2173
119.0000   74.0000   1.2381   21.4706
120.0000   72.0000   28.9972   44.6169
121.0000   38.0000   21.6992   16.5409
122.0000   118.0000   18.7143   23.7224
123.0000   78.0000   45.8082   40.0064
124.0000   48.0000   40.1467   42.5040
125.0000   113.0000   29.4407   45.5962
126.0000   77.0000   24.2647   43.5067
127.0000   35.0000   18.5508   27.3430
128.0000   35.0000   30.3882   3.3048
129.0000   62.0000   19.1975   0.4982
130.0000   119.0000   9.6604   8.2466
131.0000   120.0000   6.3702   4.6173
132.0000   42.0000   45.2422   35.2732
133.0000   89.0000   49.4697   6.9800
134.0000   73.0000   1.3701   8.5805
135.0000   56.0000   40.1071   8.9080
136.0000   35.0000   33.0523   11.4021
137.0000   56.0000   21.9369   45.5177
138.0000   49.0000   8.0044   39.7384
139.0000   80.0000   12.9798   49.6706
140.0000   33.0000   16.9284   15.9844
141.0000   48.0000   24.8269   6.7806
142.0000   108.0000   42.2512   40.2145
143.0000   83.0000   28.9945   43.1406
144.0000   112.0000   46.6618   20.6643
145.0000   76.0000   29.7245   10.4649
146.0000   101.0000   40.6136   15.7798
147.0000   56.0000   45.1935   0.6298
148.0000   60.0000   16.1181   47.4662
149.0000   61.0000   0.6689   13.2008
150.0000   51.0000   43.4384   39.0105
