0.0000   0.0000   50.0000   50.0000
1.0000   42.0000   39.6516   63.4787
2.0000   2.0000   90.3239   30.3607
3.0000   62.0000   21.7688   14.3229
4.0000   58.0000   7.3933   1.0188
5.0000   36.0000   13.3370   76.8255
6.0000   88.0000   33.1869   28.2929
7.0000   62.0000   95.7255   3.9950
8.0000   4.0000   91.6567   92.6935
9.0000   38.0000   64.1436   70.5528
10.0000   22.0000   83.2596   83.9286
11.0000   99.0000   1.0577   50.5014
12.0000   23.0000   78.0820   99.8480
13.0000   64.0000   34.7194   93.0461
14.0000   27.0000   24.5090   65.6679
15.0000   81.0000   53.1596   37.2957
16.0000   30.0000   24.0881   12.9126
17.0000   16.0000   70.2824   64.3008
18.0000   33.0000   51.3049   36.5622
19.0000   20.0000   53.8546   72.7613
20.0000   74.0000   69.6438   13.5692
21.0000   49.0000   43.5022   89.1274
22.0000   11.0000   46.2416   96.9488
23.0000   75.0000   77.0086   95.7902
24.0000   38.0000   32.0710   89.7470
25.0000   64.0000   45.3332   71.3560
26.0000   58.0000   49.2615   90.3004
27.0000   75.0000   88.4222   41.3757
28.0000   2.0000   64.6913   58.6107
29.0000   88.0000   95.6378   86.3459
30.0000   57.0000   41.3710   92.9940
31.0000   45.0000   61.5533   29.7974
32.0000   8.0000   19.0021   36.4009
33.0000   75.0000   49.7689   59.1916
34.0000   60.0000   76.0757   30.3378
35.0000   17.0000   94.4757   58.1470
36.0000   77.0000   5.1334   42.1026
37.0000   7.0000   88.0171   37.7510
38.0000   9.0000   36.5757   17.3777
39.0000   80.0000   88.2561   81.2876
40.0000   54.0000   26.6851   26.4659
41.0000   80.0000   49.9590   91.6465
42.0000   90.0000   76.6894   95.3217
43.0000   80.0000   35.8877   93.0401
44.0000   74.0000   22.1048   39.5603
45.0000   72.0000   97.9679   68.5937
46.0000   61.0000   12.2702   22.9657
47.0000   100.0000   37.9446   97.6837
48.0000   46.0000   95.6883   56.7427
49.0000   58.0000   49.8962   15.9566
50.0000   8.0000   33.3721   45.2546
51.0000   45.0000   46.5491   72.1961
52.0000   60.0000   51.8263   17.7544
53.0000   60.0000   21.6859   16.2001
54.0000   3.0000   33.6141   2.8884
55.0000   14.0000   85.2120   83.6333
56.0000   19.0000   88.6710   28.6459
57.0000   100.0000   54.1304   41.3100
58.0000   13.0000   10.7252   18.2668
59.0000   39.0000   44.0281   28.8294
60.0000   79.0000   69.2099   18.9868
61.0000   76.0000   17.1795   2.9938
62.0000   7.0000   38.0219   19.4244
63.0000   4.0000   43.1129   86.2841
64.0000   30.0000   24.3865   92.0763
65.0000   16.0000   5.7856   17.1750
66.0000   91.0000   91.9886   70.9616
67.0000   91.0000   74.0815   3.2592
68.0000   13.0000   7.8741   99.8704
69.0000   54.0000   99.2426   8.8442
70.0000   43.0000   45.3421   97.8755
71.0000   31.0000   6.1439   43.0372
72.0000   83.0000   29.4229   51.4923
73.0000   80.0000   82.4788   66.0511
74.0000   76.0000   26.8257   36.3748
75.0000   58.0000   23.5949   64.1884
76.0000   73.0000   51.3809   24.8669
77.0000   87.0000   87.7888   76.5649
78.0000   76.0000   45.6988   14.2896
79.0000   73.0000   63.7558   39.0517
80.0000   54.0000   84.9974   44.8898
81.0000   63.0000   19.9609   22.7936
82.0000   81.0000   6.3273   48.0579
83.0000   20.0000   28.0211   76.8332
84.0000   99.0000   4.3434   4.4199
85.0000   99.0000   28.8951   83.4201
86.0000   20.0000   84.3663   80.1274
87.0000   66.0000   80.2892   56.7670
88.0000   80.0000   4.2890   41.0098
89.0000   75.0000   63.7365   82.3196
90.0000   9.0000   35.4762   53.8355
91.0000   28.0000   28.7467   46.2859
92.0000   16.0000   30.7993   54.3497
93.0000   2.0000   62.5455   19.5280
94.0000   64.0000   59.7422   20.1621
95.0000   30.0000   30.5322   96.3998
96.0000   58.0000   43.1610   14.8775
97.0000   25.0000   62.1494   80.7925
98.0000   77.0000   47.3574   27.6612
99.0000   6.0000   45.3958   43.2297
100.0000   67.0000   94.3387   87.8822
101.0000   35.0000   59.6096   0.7095
102.0000   99.0000   68.3831   34.1174
103.0000   72.0000   2.8176   49.8100
104.0000   24.0000   39.1290   25.5460
105.0000   27.0000   95.9716   33.7827
106.0000   59.0000   21.4360   85.6229
107.0000   75.0000   21.9496   63.3573
108.0000   87.0000   22.3212   66.9052
109.0000   27.0000   31.0197   79.9767
110.0000   42.0000   53.0813   66.4636
111.0000   22.0000   4.4461   65.8019
112.0000   22.0000   41.2917   78.8676
113.0000   42.0000   28.7506   38.1143
114.0000   58.0000   33.3377   70.3298
115.0000   76.0000   94.8295   31.0285
116.0000   58.0000   43.5486   26.9438
117.0000   78.0000   9.8070   51.5986
118.0000   96.0000   46.7745   33.1196
119.0000   61.0000   87.5622   30.5423
120.0000   48.0000   99.0124   5.6867
121.0000   11.0000   78.4402   45.3558
122.0000   41.0000   70.0714   83.9811
123.0000   53.0000   23.8010   20.1093
124.0000   71.0000   71.2896   66.4731
125.0000   67.0000   86.2658   55.4704
126.0000   16.0000   42.3201   29.5880
127.0000   40.0000   98.7998   53.0664
128.0000   24.0000   35.1988   35.1463
129.0000   71.0000   80.3896   96.2732
130.0000   74.0000   54.1489   87.4224
131.0000   21.0000   95.8832   36.9720
132.0000   46.0000   44.4063   27.0700
133.0000   31.0000   58.3495   37.3195
134.0000   96.0000   7.3267   13.1724
135.0000   44.0000   82.3297   46.0959
136.0000   59.0000   53.0324   93.7428
137.0000   13.0000   53.5717   78.3991
138.0000   20.0000   69.2492   45.6377
139.0000   30.0000   66.5468   24.0866
140.0000   71.0000   24.7584   46.6957
141.0000   49.0000   6.7799   46.8925
142.0000   73.0000   97.1219   12.7308
143.0000   32.0000   47.0100   39.9308
144.0000   54.0000   44.7076   16.4957
145.0000   75.0000   5.0051   57.0025
146.0000   71.0000   30.2359   21.7782
147.0000   54.0000   87.8246   18.1751
148.0000   65.0000   47.2852   19.7710
149.0000   24.0000   5.4616   14.6469
150.0000   25.0000   45.4763   9.6890
151.0000   59.0000   74.5007   45.2822
152.0000   45.0000   35.3326   91.6444
153.0000   69.0000   45.2877   4.5906
154.0000   86.0000   98.8126   91.0548
155.0000   23.0000   88.3910   82.9035
156.0000   81.0000   22.7066   8.0796
157.0000   78.0000   51.1600   35.7052
158.0000   25.0000   60.6226   92.0161
159.0000   22.0000   11.5278   80.3254
160.0000   30.0000   53.8852   79.3121
161.0000   56.0000   67.0816   43.7122
162.0000   27.0000   93.5586   56.2744
163.0000   21.0000   68.0510   47.8833
164.0000   81.0000   14.5012   50.3796
165.0000   41.0000   23.3570   39.6219
166.0000   93.0000   19.8568   46.1578
167.0000   88.0000   57.7386   74.2552
168.0000   62.0000   53.4753   96.0713
169.0000   58.0000   87.6657   79.4760
170.0000   41.0000   29.8880   60.1792
171.0000   92.0000   77.8225   62.7954
172.0000   57.0000   69.7470   78.0726
173.0000   18.0000   15.6808   34.7267
174.0000   83.0000   52.4545   76.9998
175.0000   28.0000   40.9226   22.3259
176.0000   7.0000   79.8505   57.4007
177.0000   47.0000   61.4345   82.8625
178.0000   87.0000   64.6015   44.5681
179.0000   24.0000   40.1407   28.3644
180.0000   95.0000   64.3494   47.3435
181.0000   57.0000   32.8178   83.3842
182.0000   10.0000   42.4285   25.2337
183.0000   40.0000   43.0699   28.7679
184.0000   46.0000   9.0346   23.4708
185.0000   99.0000   27.2299   65.0223
186.0000   63.0000   85.5699   86.1664
187.0000   5.0000   66.9983   79.8765
188.0000   20.0000   40.3930   10.2422
189.0000   68.0000   36.9824   10.4057
190.0000   83.0000   65.4126   99.8490
191.0000   42.0000   22.5683   80.8772
192.0000   40.0000   47.5219   16.8922
193.0000   90.0000   48.4298   83.8478
194.0000   90.0000   19.0472   95.2138
195.0000   80.0000   20.6121   48.7174
196.0000   84.0000   21.6693   94.5931
197.0000   8.0000   16.2586   42.4464
198.0000   89.0000   61.2089   8.5802
199.0000   15.0000   97.5878   52.8928
200.0000   35.0000   18.6876   30.5922
