0.0000   0.0000   0.0000   0.0000
1.0000   123.0000   18.6810   10.7751
2.0000   110.0000   9.3802   17.4808
3.0000   118.0000   1.5731   13.1533
4.0000   83.0000   4.0931   35.2597
5.0000   94.0000   28.3567   16.9362
6.0000   113.0000   2.4244   19.5901
7.0000   116.0000   42.7284   31.2038
8.0000   74.0000   13.9943   48.2328
9.0000   132.0000   48.0745   14.7015
10.0000   87.0000   10.6677   24.5664
11.0000   71.0000   48.8177   11.9429
12.0000   135.0000   48.3543   14.5441
13.0000   110.0000   11.5318   26.4674
14.0000   54.0000   15.1397   5.3745
15.0000   86.0000   26.7235   35.3342
16.0000   66.0000   3.9052   4.9095
17.0000   59.0000   45.8291   16.9652
18.0000   74.0000   38.0199   19.1457
19.0000   137.0000   24.5938   34.3259
20.0000   105.0000   43.3249   49.0081
21.0000   131.0000   4.3700   23.3375
22.0000   128.0000   38.9204   47.5023
23.0000   84.0000   23.6853   26.8447
24.0000   65.0000   10.2213   48.0514
25.0000   63.0000   28.1137   37.1784
26.0000   140.0000   42.0102   43.1263
27.0000   106.0000   27.2970   24.7555
28.0000   51.0000   39.2326   16.6566
29.0000   59.0000   5.0394   14.3026
30.0000   89.0000   15.8770   38.4676
31.0000   127.0000   41.8717   0.1230
32.0000   83.0000   25.5849   27.2276
33.0000   105.0000   31.8135   44.3435
34.0000   84.0000   9.5014   16.8377
35.0000   78.0000   17.0289   36.6567
36.0000   64.0000   44.4410   44.3431
37.0000   116.0000   19.6242   24.5245
38.0000   113.0000   29.7131   26.9069
39.0000   112.0000   21.3990   2.3100
40.0000   62.0000   24.3800   31.2344
41.0000   105.0000   36.8031   35.8627
42.0000   128.0000   32.1886   36.0621
43.0000   115.0000   40.7583   29.0632
44.0000   89.0000   5.1286   15.3001
45.0000   94.0000   3.4723   41.9420
46.0000   67.0000   8.8057   44.8207
47.0000   124.0000   48.8619   25.3055
48.0000   60.0000   24.0269   38.5088
49.0000   71.0000   16.0903   39.9311
50.0000   109.0000   23.9366   32.9329
51.0000   59.0000   14.5562   29.9344
52.0000   74.0000   8.4633   47.7907
53.0000   85.0000   47.8635   28.8636
54.0000   112.0000   18.6239   16.7377
55.0000   123.0000   46.3716   48.4054
56.0000   77.0000   34.1734   21.4133
57.0000   123.0000   15.8629   13.7059
58.0000   130.0000   11.5461   45.2778
59.0000   115.0000   27.7450   10.5787
60.0000   125.0000   17.5814   29.0281
61.0000   94.0000   2.7631   34.5496
62.0000   50.0000   42.4698   28.4054
63.0000   106.0000   49.1041   11.8795
64.0000   83.0000   13.1640   13.3729
65.0000   52.0000   29.1579   28.9155
66.0000   120.0000   11.4692   16.0576
67.0000   98.0000   11.9622   7.9980
68.0000   138.0000   3.5517   34.6705
69.0000   54.0000   46.5601   20.0869
70.0000   104.0000   5.7787   20.4588
71.0000   77.0000   16.9488   46.2095
72.0000   126.0000   43.1976   15.3243
73.0000   108.0000   5.1846   19.2562
74.0000   54.0000   25.8334   34.5569
75.0000   74.0000   42.1344   49.3786
76.0000   54.0000   19.3644   1.4324
77.0000   95.0000   17.5508   18.4046
78.0000   62.0000   41.0119   33.8960
79.0000   75.0000   28.9189   45.5281
80.0000   85.0000   44.3189   47.5213
81.0000   100.0000   14.4185   1.2826
82.0000   69.0000   10.0487   14.9875
83.0000   130.0000   8.6758   10.2356
84.0000   119.0000   37.7305   30.3839
85.0000   60.0000   8.5893   12.9469
86.0000   70.0000   11.3610   15.0153
87.0000   120.0000   18.5525   1.5600
88.0000   90.0000   42.9852   46.5867
89.0000   90.0000   5.9879   4.5397
90.0000   115.0000   44.9850   8.4043
91.0000   57.0000   38.9095   11.9629
92.0000   69.0000   23.8317   36.9593
93.0000   101.0000   7.1038   18.7681
94.0000   78.0000   6.3812   6.8890
95.0000   62.0000   7.8052   8.6445
96.0000   88.0000   12.1901   4.5100
97.0000   73.0000   48.4630   15.8484
98.0000   77.0000   23.1352   39.5550
99.0000   69.0000   35.1176   0.9940
100.0000   114.0000   28.6699   35.1109
101.0000   75.0000   38.2665   40.9143
102.0000   62.0000   34.1406   2.5039
103.0000   137.0000   30.6507   19.3004
104.0000   125.0000   48.0963   46.7903
105.0000   55.0000   35.8759   35.8762
106.0000   108.0000   13.2630   14.8089
107.0000   73.0000   17.5111   16.1609
108.0000   128.0000   35.0703   20.3736
109.0000   118.0000   16.2404   6.1087
110.0000   138.0000   41.0252   18.9012
111.0000   110.0000   8.3630   2.2120
112.0000   108.0000   6.3115   26.5925
113.0000   134.0000   28.1703   7.6815
114.0000   87.0000   24.9191   31.8424
115.0000   57.0000   12.9090   45.9641
116.0000   97.0000   15.6618   16.9661
117.0000   111.0000   7.9307   16.8628
118.0000   114.0000   40.1035   8.8701
119.0000   126.0000   11.2499   13.8747
120.0000   79.0000   41.3950   29.4678
121.0000   122.0000   25.5525   25.5744
122.0000   115.0000   46.9590   32.6498
123.0000   69.0000   33.7226   3.0221
124.0000   105.0000   48.2240   8.4191
125.0000   113.0000   21.0751   10.4040
126.0000   68.0000   2.4711   28.4200
127.0000   56.0000   7.9389   39.2926
128.0000   106.0000   7.2113   5.8179
129.0000   101.0000   49.2545   34.0573
130.0000   91.0000   9.1069   21.6946
131.0000   54.0000   44.7766   33.5447
132.0000   124.0000   44.6729   24.6409
133.0000   76.0000   21.1457   10.4793
134.0000   108.0000   43.1009   0.2215
135.0000   59.0000   43.5400   37.3329
136.0000   111.0000   28.8141   15.3344
137.0000   101.0000   33.0186   6.1660
138.0000   132.0000   47.0730   42.3163
139.0000   81.0000   18.2198   24.4440
140.0000   119.0000   17.1506   12.0596
141.0000   134.0000   31.5781   49.7954
142.0000   84.0000   49.4356   17.8792
143.0000   67.0000   0.4957   45.4374
144.0000   67.0000   7.9465   22.0518
145.0000   66.0000   45.5986   26.2486
146.0000   112.0000   39.1166   44.7644
147.0000   80.0000   9.4135   5.9648
148.0000   106.0000   18.1739   0.9139
149.0000   139.0000   6.9272   3.9983
150.0000   73.0000   42.5832   8.2423
151.0000   68.0000   7.6791   38.9101
152.0000   71.0000   39.9768   10.9896
153.0000   66.0000   14.4121   40.3474
154.0000   124.0000   37.0519   46.7649
155.0000   99.0000   17.0311   31.8818
156.0000   66.0000   34.5271   41.7932
157.0000   124.0000   35.9111   30.7179
158.0000   57.0000   20.8036   10.9783
159.0000   119.0000   26.9856   23.8643
160.0000   82.0000   45.2310   26.2380
161.0000   123.0000   13.5956   12.9594
162.0000   97.0000   31.5274   47.5229
163.0000   68.0000   28.0431   18.9134
164.0000   52.0000   3.9334   34.6578
165.0000   80.0000   33.1294   20.6862
166.0000   135.0000   42.5810   26.6160
167.0000   140.0000   3.7277   11.1426
168.0000   68.0000   5.4408   20.8784
169.0000   66.0000   35.8608   28.2903
170.0000   58.0000   20.0247   1.7424
171.0000   123.0000   21.2494   38.2341
172.0000   104.0000   9.6804   6.7736
173.0000   138.0000   39.0689   31.9285
174.0000   70.0000   13.6775   0.2785
175.0000   53.0000   21.9684   11.5115
176.0000   103.0000   0.8829   27.7838
177.0000   62.0000   13.8662   44.7380
178.0000   132.0000   4.7796   36.1698
179.0000   104.0000   7.6590   9.9014
180.0000   54.0000   34.5448   48.9063
181.0000   76.0000   3.4571   20.6394
182.0000   50.0000   23.2026   47.9925
183.0000   78.0000   32.4793   18.3118
184.0000   135.0000   24.8982   17.2961
185.0000   54.0000   14.6061   9.5395
186.0000   76.0000   43.7553   43.1304
187.0000   54.0000   8.2220   11.1246
188.0000   55.0000   20.7460   27.2748
189.0000   137.0000   9.5658   38.0714
190.0000   134.0000   38.6976   37.4787
191.0000   90.0000   24.0478   4.0963
192.0000   140.0000   7.2788   8.2183
193.0000   93.0000   45.5419   22.7149
194.0000   124.0000   46.2968   11.0227
195.0000   84.0000   43.8503   20.2510
196.0000   68.0000   21.5395   1.6512
197.0000   60.0000   25.8236   5.4230
198.0000   100.0000   34.7134   40.0984
199.0000   127.0000   36.0818   20.7849
200.0000   137.0000   15.3854   22.7541
201.0000   120.0000   35.2234   47.9143
202.0000   124.0000   4.3158   7.6713
203.0000   123.0000   13.0937   32.6298
204.0000   61.0000   17.5660   30.6588
205.0000   54.0000   41.0483   35.7026
206.0000   114.0000   5.7147   22.2042
207.0000   137.0000   47.9660   29.2843
208.0000   75.0000   31.7674   33.7041
209.0000   118.0000   1.3931   49.1920
210.0000   135.0000   27.7214   34.3177
211.0000   92.0000   30.4211   15.1280
212.0000   74.0000   38.7002   7.7498
213.0000   59.0000   39.3506   20.5061
214.0000   90.0000   0.2563   29.9361
215.0000   99.0000   2.4713   24.6201
216.0000   51.0000   13.0912   40.2069
217.0000   126.0000   3.8613   41.3789
218.0000   60.0000   0.1622   23.1180
219.0000   100.0000   24.7246   49.7525
220.0000   127.0000   41.5510   36.8994
221.0000   71.0000   29.4840   39.4620
222.0000   114.0000   28.0291   36.6821
223.0000   131.0000   44.0597   30.8202
224.0000   133.0000   22.9704   5.9056
225.0000   139.0000   47.4374   36.0221
226.0000   81.0000   41.0157   8.5309
227.0000   139.0000   28.9298   30.8612
228.0000   85.0000   20.8979   31.9176
229.0000   107.0000   41.0887   49.8041
230.0000   120.0000   40.4619   22.2075
231.0000   91.0000   48.9333   12.1734
232.0000   113.0000   22.9489   7.8724
233.0000   64.0000   2.8844   23.0197
234.0000   113.0000   32.1808   41.9295
235.0000   108.0000   13.9711   4.8610
236.0000   130.0000   44.5169   33.1824
237.0000   67.0000   27.3421   0.4165
238.0000   91.0000   24.1685   6.7379
239.0000   90.0000   37.3617   47.8522
240.0000   112.0000   26.3181   21.2732
241.0000   101.0000   40.8156   22.4116
242.0000   57.0000   36.2378   4.3605
243.0000   51.0000   19.5999   3.6199
244.0000   122.0000   14.3649   34.9132
245.0000   63.0000   5.2737   48.7944
246.0000   102.0000   11.6965   0.6717
247.0000   64.0000   6.6801   28.8415
248.0000   116.0000   30.5908   44.6196
249.0000   123.0000   17.8232   23.8895
250.0000   122.0000   20.2705   19.8091
251.0000   92.0000   0.2729   15.2555
252.0000   132.0000   44.6709   11.1213
253.0000   131.0000   15.6079   22.6449
254.0000   72.0000   49.8041   33.4305
255.0000   84.0000   15.6866   2.6695
256.0000   107.0000   29.9792   22.8995
257.0000   72.0000   21.3608   2.5880
258.0000   81.0000   22.2667   29.7081
259.0000   124.0000   38.2564   13.5745
260.0000   121.0000   19.5867   29.5160
261.0000   86.0000   9.0994   29.0885
262.0000   84.0000   39.5621   35.1325
263.0000   112.0000   29.3526   48.8727
264.0000   121.0000   6.9304   44.5551
265.0000   111.0000   1.8354   1.0170
266.0000   114.0000   13.0594   22.4850
267.0000   85.0000   29.7668   37.2814
268.0000   71.0000   41.0567   31.8650
269.0000   81.0000   30.8424   34.0845
270.0000   138.0000   13.1934   25.4492
271.0000   57.0000   43.3771   43.8744
272.0000   110.0000   9.4363   41.0398
273.0000   138.0000   4.9415   36.3491
274.0000   126.0000   31.1380   0.1063
275.0000   109.0000   15.0734   25.4896
276.0000   78.0000   18.7843   43.0047
277.0000   64.0000   14.2910   48.6433
278.0000   51.0000   14.1340   20.0250
279.0000   84.0000   43.2021   17.9027
280.0000   89.0000   4.3826   5.6123
281.0000   74.0000   5.4786   48.1293
282.0000   108.0000   30.4926   34.2034
283.0000   92.0000   23.7600   24.0727
284.0000   122.0000   41.6550   43.2037
285.0000   70.0000   28.9006   3.6493
286.0000   64.0000   2.2111   42.6033
287.0000   125.0000   18.0723   33.2796
288.0000   61.0000   48.6853   17.1409
289.0000   103.0000   10.4511   11.5654
290.0000   56.0000   4.3713   26.3466
291.0000   93.0000   8.5106   23.8743
292.0000   74.0000   35.7698   4.0177
293.0000   54.0000   7.0742   30.9046
294.0000   104.0000   2.8186   37.0673
295.0000   61.0000   39.8291   15.6401
296.0000   114.0000   43.1546   5.0136
297.0000   59.0000   26.1966   36.9150
298.0000   129.0000   47.7743   18.1328
299.0000   67.0000   44.0924   15.1456
300.0000   140.0000   31.4088   36.6323
