0.0000   0.0000   0.0000   0.0000
1.0000   47.0000   35.4318   10.2936
2.0000   21.0000   39.6116   34.1837
3.0000   118.0000   6.8431   37.5981
4.0000   109.0000   15.3493   29.5744
5.0000   45.0000   33.0988   41.7721
6.0000   54.0000   28.8391   28.5576
7.0000   54.0000   33.7015   15.5435
8.0000   70.0000   33.6303   37.8825
9.0000   32.0000   0.4942   41.7683
10.0000   61.0000   49.0306   23.2349
11.0000   44.0000   19.9529   22.9035
12.0000   116.0000   14.0892   3.5501
13.0000   25.0000   38.8590   13.1662
14.0000   50.0000   41.3851   30.1512
15.0000   91.0000   31.1589   40.0949
16.0000   27.0000   23.7104   34.2377
17.0000   44.0000   22.7966   23.1862
18.0000   25.0000   8.9441   7.5523
19.0000   28.0000   27.6514   49.7318
20.0000   32.0000   19.7754   21.9066
21.0000   38.0000   32.9898   47.3962
22.0000   112.0000   48.1405   26.8923
23.0000   94.0000   36.5761   41.1269
24.0000   111.0000   48.0622   41.3859
25.0000   71.0000   2.9451   41.6303
26.0000   61.0000   43.0062   19.2958
27.0000   49.0000   33.4178   29.6228
28.0000   91.0000   11.5286   10.3059
29.0000   115.0000   36.3813   30.0175
30.0000   46.0000   1.6755   17.4174
31.0000   69.0000   35.2742   49.3240
32.0000   34.0000   3.6774   28.0514
33.0000   105.0000   48.7072   42.7555
34.0000   88.0000   22.4533   40.7390
35.0000   63.0000   23.9527   38.0131
36.0000   35.0000   15.1646   33.9113
37.0000   112.0000   2.7178   23.4641
38.0000   66.0000   33.2411   16.2819
39.0000   56.0000   19.0932   20.1439
40.0000   114.0000   26.0735   13.9696
41.0000   120.0000   39.3955   30.6444
42.0000   42.0000   43.1338   29.5589
43.0000   58.0000   7.5475   44.5124
44.0000   32.0000   1.9625   9.7168
45.0000   36.0000   35.1384   24.0954
46.0000   80.0000   5.0217   47.6801
47.0000   95.0000   10.9101   19.3771
48.0000   32.0000   1.2872   8.6620
49.0000   102.0000   43.6780   14.2597
50.0000   24.0000   41.4327   29.5072
51.0000   96.0000   28.3808   36.4851
52.0000   61.0000   22.4126   3.1589
53.0000   84.0000   2.8692   29.3679
54.0000   108.0000   13.4455   33.0408
55.0000   120.0000   9.5162   10.6349
56.0000   45.0000   4.3378   49.8220
57.0000   112.0000   18.1781   4.5088
58.0000   26.0000   38.6472   37.1398
59.0000   68.0000   14.5130   12.1137
60.0000   34.0000   13.3467   16.6056
61.0000   110.0000   35.3729   27.2741
62.0000   49.0000   15.5256   28.4885
63.0000   98.0000   30.9973   46.5159
64.0000   59.0000   7.3592   32.8104
65.0000   33.0000   22.4964   32.9167
66.0000   39.0000   23.5322   41.2234
67.0000   22.0000   20.8384   8.3694
68.0000   72.0000   22.0467   24.0898
69.0000   51.0000   26.4252   11.1631
70.0000   59.0000   18.7220   32.2604
71.0000   43.0000   28.8852   5.0525
72.0000   81.0000   39.7816   4.3818
73.0000   40.0000   26.8403   48.3394
74.0000   105.0000   32.2239   10.2415
75.0000   73.0000   20.2828   5.8575
