0.0000   0.0000   0.0000   0.0000
1.0000   97.0000   16.4933   19.1713
2.0000   176.0000   40.8807   43.1114
3.0000   142.0000   30.9757   1.7167
4.0000   91.0000   37.6091   46.5218
5.0000   165.0000   26.4769   13.7774
6.0000   173.0000   44.0073   44.2536
7.0000   102.0000   23.3519   36.4838
8.0000   162.0000   13.5716   6.2948
9.0000   97.0000   45.1197   21.0535
10.0000   177.0000   14.9848   46.1979
11.0000   135.0000   31.9469   36.3800
12.0000   134.0000   5.3908   44.5977
13.0000   123.0000   7.6217   24.5069
14.0000   101.0000   39.7744   4.9588
15.0000   141.0000   49.5012   41.1385
16.0000   136.0000   44.4985   39.4452
17.0000   106.0000   27.8082   24.8443
18.0000   100.0000   1.2331   42.4998
19.0000   113.0000   27.2806   33.5010
20.0000   134.0000   3.4460   39.1564
21.0000   127.0000   31.3369   17.7318
22.0000   110.0000   30.6620   36.8476
23.0000   127.0000   37.0099   12.0324
24.0000   156.0000   4.8811   43.1948
25.0000   119.0000   20.9548   2.8491
26.0000   97.0000   33.8200   9.4220
27.0000   173.0000   4.0034   19.8925
28.0000   131.0000   19.3707   5.3016
29.0000   152.0000   31.0400   15.6416
30.0000   147.0000   16.5512   7.0944
31.0000   122.0000   16.1416   49.6030
32.0000   144.0000   46.4726   24.7663
33.0000   138.0000   22.3870   28.9482
34.0000   172.0000   1.3784   0.2235
35.0000   140.0000   28.3275   35.6716
36.0000   154.0000   27.2941   23.1652
37.0000   107.0000   25.2285   14.5961
38.0000   94.0000   0.6087   14.7197
39.0000   158.0000   37.5581   5.5730
40.0000   93.0000   31.6646   42.4692
41.0000   139.0000   47.4525   45.4333
42.0000   96.0000   16.4220   43.3178
43.0000   146.0000   6.3840   9.3105
44.0000   131.0000   49.2029   23.4254
45.0000   125.0000   8.6857   0.0698
46.0000   144.0000   43.6027   12.0742
47.0000   153.0000   16.2238   37.4057
48.0000   136.0000   26.3000   38.9554
49.0000   96.0000   40.3506   32.6003
50.0000   130.0000   46.2692   44.7576
51.0000   160.0000   31.8817   34.4259
52.0000   101.0000   8.3833   13.7041
53.0000   148.0000   5.8801   39.8131
54.0000   105.0000   0.8280   30.5516
55.0000   179.0000   44.7644   33.2452
56.0000   138.0000   47.9153   20.9798
57.0000   126.0000   21.1850   17.2838
58.0000   168.0000   47.5466   23.4719
59.0000   155.0000   9.2011   9.4984
60.0000   147.0000   26.7545   0.3534
61.0000   133.0000   33.5006   44.8756
62.0000   93.0000   4.1331   39.4735
63.0000   106.0000   48.2411   20.1719
64.0000   95.0000   30.1194   17.9008
65.0000   165.0000   9.7793   33.8066
66.0000   123.0000   49.4138   34.0446
67.0000   156.0000   18.7358   37.8089
68.0000   173.0000   7.5184   38.6272
69.0000   147.0000   27.4507   12.1249
70.0000   161.0000   12.2525   2.7305
71.0000   127.0000   38.5052   30.6647
72.0000   118.0000   46.9880   40.3420
73.0000   140.0000   18.9783   30.9140
74.0000   133.0000   26.4840   12.0343
75.0000   99.0000   14.8417   47.4035
