0.0000   0.0000   0.0000   0.0000
1.0000   138.0000   39.3295   4.9297
2.0000   103.0000   49.2707   16.3073
3.0000   98.0000   18.4808   44.2143
4.0000   123.0000   32.3126   49.1761
5.0000   96.0000   18.5104   41.0626
6.0000   98.0000   13.5532   17.4322
7.0000   159.0000   20.8089   36.5753
8.0000   127.0000   40.1408   10.3919
9.0000   132.0000   17.4552   24.1708
10.0000   99.0000   39.5682   11.7192
11.0000   140.0000   2.2009   9.0713
12.0000   112.0000   48.7695   39.9390
13.0000   143.0000   34.3406   12.8020
14.0000   142.0000   48.3656   2.4396
15.0000   146.0000   39.4810   6.2841
16.0000   110.0000   31.0918   47.6714
17.0000   177.0000   41.0622   24.9389
18.0000   151.0000   38.1369   30.2982
19.0000   117.0000   42.7774   34.2103
20.0000   166.0000   49.4675   8.4853
21.0000   179.0000   2.9406   13.6426
22.0000   92.0000   1.0505   47.4949
23.0000   117.0000   49.8562   34.3782
24.0000   160.0000   34.9328   37.2868
25.0000   139.0000   40.6585   5.7704
26.0000   174.0000   36.6368   1.9782
27.0000   172.0000   44.7176   36.9663
28.0000   123.0000   42.2336   44.1347
29.0000   135.0000   1.7383   34.3328
30.0000   177.0000   29.1662   31.3337
31.0000   138.0000   29.2494   27.6099
32.0000   110.0000   24.1848   3.5477
33.0000   116.0000   31.5909   40.1996
34.0000   175.0000   13.3764   24.5219
35.0000   144.0000   21.6890   1.2210
36.0000   103.0000   42.7766   14.2975
37.0000   161.0000   36.9541   10.9445
38.0000   107.0000   28.5983   15.0140
39.0000   136.0000   11.0958   20.9311
40.0000   169.0000   10.5849   3.5490
41.0000   144.0000   5.1767   25.8880
42.0000   137.0000   12.8455   46.3141
43.0000   176.0000   38.9948   46.1472
44.0000   95.0000   23.7041   2.4951
45.0000   140.0000   28.6860   15.3750
46.0000   107.0000   22.0887   11.7339
47.0000   91.0000   48.2100   37.2625
48.0000   122.0000   20.9030   46.4313
49.0000   146.0000   3.9506   42.7507
50.0000   116.0000   6.3871   46.4132
51.0000   92.0000   31.6333   49.0126
52.0000   160.0000   7.8846   12.7470
53.0000   156.0000   41.1614   12.0538
54.0000   103.0000   42.1052   7.6103
55.0000   155.0000   3.9532   48.9826
56.0000   124.0000   45.0099   14.2497
57.0000   136.0000   40.6999   31.7505
58.0000   152.0000   9.3354   28.4141
59.0000   108.0000   24.6290   36.5517
60.0000   121.0000   34.8955   9.3846
61.0000   170.0000   27.9458   47.0248
62.0000   174.0000   30.7668   23.3147
63.0000   126.0000   44.5968   6.8022
64.0000   148.0000   6.5282   26.4671
65.0000   123.0000   22.1826   14.3716
66.0000   122.0000   24.2258   24.8789
67.0000   161.0000   28.7243   49.2330
68.0000   93.0000   2.1252   8.5554
69.0000   131.0000   33.0747   22.2065
70.0000   162.0000   6.0352   14.2374
71.0000   109.0000   0.9291   48.0784
72.0000   147.0000   44.8039   33.3932
73.0000   121.0000   6.1637   37.1869
74.0000   134.0000   45.9097   24.9403
75.0000   92.0000   42.5142   18.4312
76.0000   123.0000   34.1964   48.2632
77.0000   119.0000   21.3116   30.6581
78.0000   179.0000   7.5439   35.8428
79.0000   142.0000   35.6435   36.3646
80.0000   135.0000   15.4732   33.5095
81.0000   143.0000   9.8579   6.2940
82.0000   145.0000   13.9855   4.3454
83.0000   129.0000   44.4403   45.3313
84.0000   142.0000   14.7984   39.7369
85.0000   143.0000   13.0713   37.4407
86.0000   127.0000   35.3820   48.0997
87.0000   114.0000   31.6360   4.8871
88.0000   130.0000   22.8004   21.0581
89.0000   160.0000   0.5296   7.3777
90.0000   101.0000   4.0389   49.6495
91.0000   140.0000   3.7029   13.1570
92.0000   148.0000   27.9502   0.2491
93.0000   149.0000   16.9769   47.0321
94.0000   113.0000   18.7226   6.3436
95.0000   113.0000   13.6926   45.2006
96.0000   179.0000   40.0434   13.9911
97.0000   162.0000   4.7520   33.6531
98.0000   151.0000   26.8212   0.2504
99.0000   95.0000   10.1590   7.5384
100.0000   126.0000   20.0478   11.1452
101.0000   105.0000   2.9407   33.1118
102.0000   127.0000   12.1863   42.3123
103.0000   101.0000   44.3210   22.9452
104.0000   165.0000   15.7684   10.5187
105.0000   163.0000   7.1896   8.3531
106.0000   93.0000   39.0766   6.4187
107.0000   161.0000   45.3717   11.2287
108.0000   140.0000   46.7091   36.2322
109.0000   150.0000   43.6637   36.3203
110.0000   173.0000   15.3503   41.0784
111.0000   159.0000   12.7214   26.8335
112.0000   131.0000   37.3269   14.2268
113.0000   100.0000   5.9376   21.4498
114.0000   132.0000   19.5174   13.1635
115.0000   173.0000   29.0029   14.9660
116.0000   146.0000   45.9857   33.8489
117.0000   101.0000   8.0251   8.1752
118.0000   167.0000   2.9935   27.6545
119.0000   165.0000   22.1941   19.0539
120.0000   160.0000   22.0557   21.4700
121.0000   169.0000   40.7863   32.2678
122.0000   173.0000   16.3602   21.9964
123.0000   137.0000   28.6955   39.1437
124.0000   131.0000   37.6385   40.7431
125.0000   144.0000   38.3407   31.9180
126.0000   163.0000   21.7745   18.3714
127.0000   145.0000   17.1614   47.9356
128.0000   123.0000   11.9583   35.0631
129.0000   166.0000   26.9421   39.5593
130.0000   117.0000   8.7875   12.1451
131.0000   178.0000   14.2376   48.2882
132.0000   150.0000   27.1556   28.3290
133.0000   119.0000   49.9080   16.9816
134.0000   103.0000   20.1847   7.7973
135.0000   126.0000   7.5933   9.4112
136.0000   130.0000   29.5380   35.1588
137.0000   138.0000   4.1104   22.7179
138.0000   142.0000   28.4016   32.8048
139.0000   119.0000   40.8341   3.0036
140.0000   144.0000   38.8361   45.6211
141.0000   152.0000   15.7331   35.4004
142.0000   147.0000   18.7228   41.0331
143.0000   129.0000   1.3944   34.3330
144.0000   161.0000   48.1562   29.3647
145.0000   134.0000   11.9913   45.6838
146.0000   146.0000   49.8719   49.6570
147.0000   121.0000   8.4392   48.8035
148.0000   104.0000   10.3266   46.7598
149.0000   159.0000   42.0391   33.8264
150.0000   170.0000   12.5664   24.2559
151.0000   93.0000   2.8053   9.9598
152.0000   123.0000   41.3303   27.9826
153.0000   110.0000   48.7156   39.5618
154.0000   129.0000   37.1134   18.3673
155.0000   132.0000   28.7472   34.1883
156.0000   106.0000   6.8827   12.4943
157.0000   114.0000   47.3410   34.4942
158.0000   129.0000   40.8963   25.2577
159.0000   133.0000   27.3595   38.8814
160.0000   132.0000   14.8349   15.1426
161.0000   156.0000   28.4704   40.5579
162.0000   127.0000   10.6662   40.9943
163.0000   149.0000   25.1708   49.1763
164.0000   163.0000   29.2468   18.8672
165.0000   115.0000   46.9898   7.8724
166.0000   143.0000   18.4747   34.9231
167.0000   100.0000   44.5753   15.3279
168.0000   180.0000   48.6640   22.7804
169.0000   144.0000   47.3550   24.6366
170.0000   110.0000   10.4550   11.3864
171.0000   163.0000   31.8559   16.3800
172.0000   133.0000   49.8204   15.2487
173.0000   117.0000   29.8105   41.9426
174.0000   157.0000   23.7214   33.3087
175.0000   154.0000   48.9651   11.2545
176.0000   146.0000   31.7338   24.1267
177.0000   116.0000   20.1847   34.5023
178.0000   97.0000   36.4077   19.8498
179.0000   143.0000   4.8518   30.0222
180.0000   153.0000   32.7069   42.7813
181.0000   144.0000   19.8019   19.0927
182.0000   169.0000   24.7501   3.5787
183.0000   116.0000   25.2786   28.6278
184.0000   160.0000   39.9836   3.5691
185.0000   156.0000   37.4574   17.5561
186.0000   135.0000   26.3581   29.3261
187.0000   180.0000   24.2239   48.5066
188.0000   91.0000   19.7687   5.4639
189.0000   142.0000   29.6961   3.6682
190.0000   121.0000   30.6576   24.3286
191.0000   104.0000   12.3350   24.1417
192.0000   92.0000   37.1061   46.0147
193.0000   100.0000   0.6909   38.9886
194.0000   98.0000   3.9929   22.4064
195.0000   156.0000   4.7403   19.9804
196.0000   154.0000   15.5441   29.3387
197.0000   93.0000   33.5407   20.8674
198.0000   129.0000   34.2065   21.5867
199.0000   138.0000   49.4543   5.7959
200.0000   120.0000   28.7648   27.7572
201.0000   91.0000   31.6597   47.2089
202.0000   120.0000   3.5977   12.1431
203.0000   94.0000   37.7992   14.0222
204.0000   146.0000   12.1795   9.8249
205.0000   96.0000   49.4767   33.7147
206.0000   136.0000   32.0941   38.1466
207.0000   110.0000   27.2447   17.2041
208.0000   137.0000   10.6418   2.9810
209.0000   148.0000   18.6269   24.4803
210.0000   162.0000   12.4638   41.1415
211.0000   132.0000   19.6122   3.7220
212.0000   177.0000   19.6286   44.6185
213.0000   94.0000   22.0744   36.3392
214.0000   143.0000   27.3769   30.7869
215.0000   155.0000   31.2433   35.0726
216.0000   167.0000   16.1559   21.5272
217.0000   115.0000   12.9894   49.4294
218.0000   137.0000   3.1167   45.7374
219.0000   169.0000   25.7031   5.8780
220.0000   111.0000   16.8540   41.1997
221.0000   164.0000   21.3272   39.0582
222.0000   155.0000   14.6029   16.2750
223.0000   102.0000   5.2142   4.3263
224.0000   94.0000   12.8512   41.9629
225.0000   167.0000   6.0103   10.7951
226.0000   94.0000   30.6982   36.9263
227.0000   133.0000   30.4250   49.1399
228.0000   111.0000   14.2716   0.1567
229.0000   116.0000   4.9913   12.6747
230.0000   157.0000   45.3556   25.5452
231.0000   147.0000   24.3378   4.4132
232.0000   129.0000   25.0926   24.8877
233.0000   170.0000   41.2866   42.7934
234.0000   94.0000   26.5503   42.0647
235.0000   113.0000   13.3511   39.3420
236.0000   144.0000   10.8970   7.0691
237.0000   162.0000   32.3178   40.1353
238.0000   97.0000   44.3280   44.7935
239.0000   159.0000   48.0458   2.1251
240.0000   166.0000   7.3803   26.8361
241.0000   114.0000   35.8924   11.3096
242.0000   116.0000   24.6442   27.4049
243.0000   100.0000   19.7075   36.1410
244.0000   155.0000   15.7394   31.9194
245.0000   143.0000   24.1081   17.5828
246.0000   112.0000   10.2821   8.7979
247.0000   165.0000   4.3224   1.1232
248.0000   134.0000   16.6277   43.8355
249.0000   154.0000   28.2830   7.8694
250.0000   112.0000   11.2530   32.1897
251.0000   136.0000   37.7083   14.8185
252.0000   165.0000   42.6634   27.8838
253.0000   139.0000   46.9604   15.7944
254.0000   133.0000   21.8693   36.2719
255.0000   177.0000   39.5953   10.0340
256.0000   120.0000   12.2168   1.3877
257.0000   138.0000   34.8361   8.6659
258.0000   94.0000   33.8924   13.6494
259.0000   148.0000   13.2582   49.8883
260.0000   179.0000   23.8267   45.3932
261.0000   116.0000   24.2806   41.5819
262.0000   120.0000   33.6925   3.8837
263.0000   138.0000   26.2801   13.7267
264.0000   140.0000   16.7915   5.5475
265.0000   177.0000   42.1704   40.9496
266.0000   150.0000   34.0621   40.0983
267.0000   148.0000   43.3934   3.2203
268.0000   180.0000   39.8389   9.3708
269.0000   147.0000   39.5336   26.4613
270.0000   116.0000   14.5327   35.7236
271.0000   95.0000   24.2253   35.4755
272.0000   95.0000   33.8045   21.0351
273.0000   90.0000   4.6567   25.7229
274.0000   143.0000   6.2029   22.5684
275.0000   122.0000   7.9026   27.2159
276.0000   173.0000   49.2929   45.5337
277.0000   158.0000   18.8196   40.3435
278.0000   125.0000   22.7822   18.6237
279.0000   163.0000   28.9533   33.1129
280.0000   94.0000   38.5997   7.8877
281.0000   133.0000   26.6307   28.4555
282.0000   104.0000   37.3390   38.5098
283.0000   153.0000   46.6945   9.5028
284.0000   121.0000   24.0015   18.9120
285.0000   120.0000   5.7857   8.7009
286.0000   90.0000   16.1058   14.5235
287.0000   162.0000   25.7770   9.0141
288.0000   131.0000   41.7266   39.6378
289.0000   128.0000   29.7362   8.3253
290.0000   180.0000   36.4908   26.4852
291.0000   147.0000   44.5689   39.8262
292.0000   112.0000   34.1369   43.0329
293.0000   145.0000   11.3185   20.5231
294.0000   120.0000   35.3740   11.6529
295.0000   107.0000   26.8783   43.0791
296.0000   173.0000   4.8358   29.5308
297.0000   101.0000   23.9559   12.5072
298.0000   109.0000   37.2139   26.8410
299.0000   143.0000   34.2180   19.4577
300.0000   165.0000   2.3203   4.2406
301.0000   175.0000   1.6106   15.5243
302.0000   160.0000   8.3137   49.7241
303.0000   139.0000   38.1555   9.9195
304.0000   155.0000   13.1767   13.3647
305.0000   116.0000   36.2219   27.7359
306.0000   164.0000   28.4070   12.8460
307.0000   159.0000   37.2609   2.4700
308.0000   154.0000   38.0844   28.2633
309.0000   138.0000   17.7345   21.2431
310.0000   172.0000   41.5324   31.9478
311.0000   137.0000   2.7595   26.2408
312.0000   118.0000   0.6574   28.1071
313.0000   118.0000   26.2691   7.3939
314.0000   162.0000   39.5759   47.4986
315.0000   150.0000   19.0927   42.3539
316.0000   160.0000   1.8371   26.7407
317.0000   101.0000   41.5397   39.2267
318.0000   139.0000   4.3973   11.0928
319.0000   94.0000   3.8311   10.1505
320.0000   112.0000   8.0227   13.4597
321.0000   169.0000   27.9191   3.9103
322.0000   134.0000   47.0449   0.7928
323.0000   120.0000   43.6767   22.2869
324.0000   121.0000   5.2509   37.1227
325.0000   173.0000   3.5107   45.7523
326.0000   137.0000   37.4946   19.6386
327.0000   111.0000   15.2292   5.0182
328.0000   173.0000   34.1165   7.3998
329.0000   165.0000   24.3134   28.8469
330.0000   139.0000   0.1476   30.8824
331.0000   115.0000   26.5529   29.8433
332.0000   158.0000   19.4577   29.1447
333.0000   102.0000   47.6881   46.6785
334.0000   145.0000   22.8449   41.2737
335.0000   91.0000   43.9366   31.7499
336.0000   179.0000   36.0632   18.1057
337.0000   127.0000   45.8343   34.0372
338.0000   146.0000   37.6856   49.3009
339.0000   112.0000   17.8338   28.3721
340.0000   178.0000   14.7118   1.9000
341.0000   136.0000   4.9698   38.8968
342.0000   117.0000   20.2927   49.2508
343.0000   102.0000   49.7488   47.0212
344.0000   151.0000   15.2031   37.5514
345.0000   152.0000   29.9289   23.3938
346.0000   167.0000   36.7526   30.1560
347.0000   106.0000   45.1781   30.1679
348.0000   106.0000   49.5021   1.1962
349.0000   170.0000   1.9562   17.0223
350.0000   94.0000   12.7451   3.8195
351.0000   176.0000   22.2588   20.8265
352.0000   92.0000   5.1608   43.3206
353.0000   131.0000   48.9464   27.7158
354.0000   136.0000   24.8210   15.4354
355.0000   121.0000   40.7388   33.7490
356.0000   141.0000   26.6667   2.2746
357.0000   174.0000   25.9435   16.9357
358.0000   137.0000   2.7765   26.4590
359.0000   92.0000   19.6795   35.4211
360.0000   104.0000   42.6660   32.2144
361.0000   135.0000   31.2984   44.8916
362.0000   141.0000   13.8117   18.4218
363.0000   131.0000   29.4732   38.1022
364.0000   165.0000   45.7570   13.1622
365.0000   125.0000   35.4299   36.3303
366.0000   170.0000   28.9166   27.4136
367.0000   93.0000   16.3169   3.2376
368.0000   120.0000   5.4823   5.3392
369.0000   167.0000   47.6432   27.6134
370.0000   104.0000   2.4099   17.5169
371.0000   154.0000   17.0462   6.6045
372.0000   96.0000   47.8059   2.0627
373.0000   100.0000   44.9837   34.4964
374.0000   164.0000   46.0854   37.3458
375.0000   126.0000   0.2446   26.1547
