0.0000   0.0000   50.0000   50.0000
1.0000   17.0000   49.7187   73.5554
2.0000   40.0000   34.3129   23.3977
3.0000   91.0000   61.7174   71.0029
4.0000   80.0000   42.0358   17.3279
5.0000   95.0000   97.2396   50.0963
6.0000   16.0000   34.6160   5.4591
7.0000   67.0000   98.3887   4.8817
8.0000   29.0000   98.9021   12.4295
9.0000   11.0000   70.8869   73.9841
10.0000   86.0000   62.0972   42.9448
11.0000   33.0000   29.8621   20.8538
12.0000   89.0000   10.0862   14.2918
13.0000   71.0000   97.6700   58.0656
14.0000   24.0000   86.2129   16.5356
15.0000   88.0000   20.8176   7.3812
16.0000   25.0000   28.5143   6.5849
17.0000   96.0000   15.0629   37.1156
18.0000   70.0000   95.5564   53.5663
19.0000   68.0000   8.8000   87.9241
20.0000   87.0000   44.2308   90.0396
21.0000   54.0000   70.3723   98.4554
22.0000   66.0000   74.7275   46.9811
23.0000   72.0000   79.5066   30.0643
24.0000   33.0000   84.1218   26.9260
25.0000   43.0000   9.0092   43.1207
26.0000   42.0000   84.9337   50.3315
27.0000   88.0000   32.6854   57.8546
28.0000   70.0000   9.4909   22.6392
29.0000   35.0000   35.9038   2.3984
30.0000   38.0000   48.0455   76.2622
31.0000   93.0000   22.8456   35.0175
32.0000   66.0000   47.9245   44.4607
33.0000   85.0000   60.7403   78.2707
34.0000   20.0000   51.1686   29.5210
35.0000   68.0000   76.1942   72.8336
36.0000   36.0000   66.9864   0.5088
37.0000   19.0000   52.2750   3.1974
38.0000   99.0000   32.4633   14.1375
39.0000   74.0000   72.5431   3.4104
40.0000   27.0000   92.9072   59.9889
41.0000   29.0000   45.7421   48.2348
42.0000   59.0000   94.8579   30.4318
43.0000   29.0000   27.1465   88.2581
44.0000   81.0000   72.2798   58.8315
45.0000   58.0000   81.7121   42.5441
46.0000   81.0000   70.9588   11.9079
47.0000   65.0000   4.5433   40.7224
48.0000   58.0000   16.3106   0.0786
49.0000   69.0000   28.0396   75.5971
50.0000   13.0000   57.3181   34.7208
51.0000   68.0000   99.6752   77.2953
52.0000   79.0000   95.7457   7.7685
53.0000   60.0000   25.7677   99.6841
54.0000   59.0000   30.2447   85.0084
55.0000   91.0000   96.1816   42.5487
56.0000   35.0000   87.9955   56.8790
57.0000   100.0000   19.5003   80.9342
58.0000   26.0000   85.6830   82.8613
59.0000   72.0000   3.4923   6.5656
60.0000   19.0000   43.0781   53.9834
61.0000   26.0000   77.9463   48.1751
62.0000   24.0000   58.7665   11.2019
63.0000   34.0000   20.5321   64.6375
64.0000   81.0000   6.9474   1.5892
65.0000   31.0000   73.3634   44.1950
66.0000   60.0000   57.3670   19.9880
67.0000   66.0000   30.0486   28.9117
68.0000   33.0000   7.4383   97.8027
69.0000   10.0000   69.0114   66.8727
70.0000   13.0000   62.6216   7.7203
71.0000   84.0000   38.8081   52.7163
72.0000   52.0000   31.3321   54.1296
73.0000   69.0000   50.1267   3.8713
74.0000   82.0000   46.0176   99.7238
75.0000   71.0000   12.6490   21.1183
76.0000   14.0000   64.8761   34.2315
77.0000   74.0000   4.6674   68.1745
78.0000   18.0000   40.1180   44.2550
79.0000   80.0000   41.6502   62.6911
80.0000   66.0000   29.1837   37.1810
81.0000   18.0000   70.0472   35.7594
82.0000   39.0000   6.0401   51.5407
83.0000   60.0000   44.7360   15.6710
84.0000   68.0000   74.3224   71.6891
85.0000   13.0000   79.2698   93.5016
86.0000   51.0000   80.5947   34.3515
87.0000   56.0000   92.5302   76.5796
88.0000   79.0000   32.4270   96.0967
89.0000   81.0000   30.4313   2.6092
90.0000   94.0000   12.3349   2.7659
91.0000   85.0000   32.2010   24.9092
92.0000   54.0000   89.3197   78.1460
93.0000   89.0000   56.6278   43.6563
94.0000   11.0000   56.2481   37.4019
95.0000   89.0000   86.9857   17.1462
96.0000   50.0000   16.4284   67.3904
97.0000   93.0000   49.1170   35.0934
98.0000   45.0000   83.7308   30.7000
99.0000   88.0000   21.9683   5.2417
100.0000   31.0000   75.7809   36.1715
101.0000   52.0000   0.3645   15.5666
102.0000   78.0000   64.8415   13.0246
103.0000   82.0000   51.4195   59.1554
104.0000   40.0000   57.4260   5.7498
105.0000   93.0000   91.7932   90.7377
106.0000   15.0000   18.1227   29.3694
107.0000   47.0000   24.8408   87.6293
108.0000   10.0000   54.9269   13.7802
109.0000   33.0000   48.7936   95.8786
110.0000   40.0000   74.7933   77.1491
111.0000   18.0000   34.6707   50.7075
112.0000   72.0000   67.9918   82.4192
113.0000   85.0000   94.5687   43.2631
114.0000   40.0000   74.4196   53.3464
115.0000   73.0000   46.3489   72.5076
116.0000   75.0000   87.7272   6.8381
117.0000   27.0000   68.9869   80.7609
118.0000   12.0000   62.7374   32.3470
119.0000   28.0000   59.6069   32.9525
120.0000   54.0000   23.0342   92.3341
121.0000   54.0000   59.9502   27.2156
122.0000   23.0000   40.9680   86.4069
123.0000   63.0000   87.8035   58.4750
124.0000   67.0000   19.0846   4.9407
125.0000   57.0000   65.5864   11.6122
126.0000   72.0000   21.1930   47.3181
127.0000   70.0000   96.0017   5.7059
128.0000   58.0000   65.7751   19.3262
129.0000   22.0000   86.1268   31.0725
130.0000   63.0000   9.6167   99.2148
131.0000   56.0000   98.3112   76.1286
132.0000   69.0000   3.6217   60.3262
133.0000   46.0000   86.4107   16.0324
134.0000   26.0000   89.0963   56.7484
135.0000   96.0000   73.0943   28.0495
136.0000   61.0000   69.7668   54.5191
137.0000   32.0000   19.2310   28.1542
138.0000   42.0000   52.1703   20.9205
139.0000   76.0000   20.5275   98.2244
140.0000   57.0000   37.4043   85.9261
141.0000   13.0000   58.8086   96.7762
142.0000   59.0000   34.7637   49.9770
143.0000   74.0000   34.0082   13.4328
144.0000   96.0000   53.5377   30.8352
145.0000   23.0000   51.3598   42.6718
146.0000   42.0000   12.3515   0.2302
147.0000   48.0000   8.4146   28.7434
148.0000   83.0000   62.2005   74.4713
149.0000   68.0000   50.9318   52.7474
150.0000   12.0000   70.6629   48.4188
151.0000   61.0000   84.2506   77.9644
152.0000   83.0000   9.8132   41.4884
153.0000   94.0000   83.5240   76.4860
154.0000   52.0000   13.6720   76.4500
155.0000   83.0000   89.8163   76.1712
156.0000   16.0000   58.1007   25.7325
157.0000   99.0000   30.6212   28.8289
158.0000   49.0000   96.0413   9.3788
159.0000   61.0000   85.2365   13.9800
160.0000   50.0000   32.5842   81.9847
161.0000   41.0000   44.7987   96.4763
162.0000   57.0000   29.2894   84.4105
163.0000   15.0000   88.3143   14.6022
164.0000   85.0000   0.1752   51.7384
165.0000   100.0000   29.6309   87.9582
166.0000   71.0000   49.7287   85.1201
167.0000   23.0000   70.3640   48.2614
168.0000   31.0000   17.1834   94.3620
169.0000   94.0000   41.2030   88.6695
170.0000   41.0000   59.7129   12.4496
171.0000   67.0000   2.2062   51.6010
172.0000   82.0000   0.0656   71.2076
173.0000   53.0000   15.6884   26.2824
174.0000   47.0000   13.9467   37.0112
175.0000   68.0000   75.6093   90.5630
176.0000   76.0000   16.2201   87.7941
177.0000   55.0000   2.2509   58.0251
178.0000   79.0000   95.3297   13.1732
179.0000   48.0000   78.8301   97.8836
180.0000   35.0000   3.0536   19.3636
181.0000   90.0000   35.0111   57.0836
182.0000   47.0000   33.0089   63.8556
183.0000   21.0000   35.4481   22.3828
184.0000   16.0000   76.9637   35.4562
185.0000   13.0000   12.8146   33.0609
186.0000   76.0000   42.6334   81.3489
187.0000   67.0000   96.8543   21.0110
188.0000   44.0000   89.2773   16.6133
189.0000   52.0000   26.5511   10.3226
190.0000   17.0000   33.6315   87.1155
191.0000   21.0000   76.4885   68.3812
192.0000   36.0000   1.9758   0.6388
193.0000   73.0000   69.0133   17.6335
194.0000   91.0000   30.8956   18.8993
195.0000   40.0000   42.2666   57.1903
196.0000   90.0000   12.3296   89.0457
197.0000   58.0000   31.1965   89.4272
198.0000   21.0000   13.7717   66.5497
199.0000   61.0000   92.3282   8.7013
200.0000   99.0000   77.8745   35.3095
201.0000   16.0000   92.7059   72.6557
202.0000   56.0000   56.2262   43.5304
203.0000   27.0000   29.4104   11.5761
204.0000   28.0000   70.0006   63.2348
205.0000   68.0000   97.9866   40.6661
206.0000   70.0000   90.7727   65.1121
207.0000   70.0000   89.1127   30.7477
208.0000   72.0000   1.3543   89.5923
209.0000   93.0000   65.3976   71.7478
210.0000   21.0000   68.3615   69.6634
211.0000   31.0000   41.4191   68.5820
212.0000   11.0000   90.9661   22.2718
213.0000   57.0000   33.0382   83.5093
214.0000   11.0000   66.0479   52.6189
215.0000   100.0000   67.3086   96.7320
216.0000   45.0000   77.2013   51.3852
217.0000   94.0000   63.2081   13.8714
218.0000   48.0000   25.0618   18.8604
219.0000   59.0000   14.2724   28.0030
220.0000   97.0000   69.0152   0.2998
221.0000   72.0000   53.2465   24.2081
222.0000   12.0000   82.8322   19.8218
223.0000   18.0000   18.5036   69.4328
224.0000   63.0000   60.2819   61.7949
225.0000   13.0000   95.2962   67.3325
226.0000   57.0000   76.9969   37.5537
227.0000   96.0000   59.5388   51.6859
228.0000   83.0000   31.3953   99.2500
229.0000   79.0000   24.8171   41.1918
230.0000   27.0000   18.2229   89.8264
231.0000   37.0000   75.0344   91.1685
232.0000   100.0000   86.9191   65.6623
233.0000   28.0000   91.5449   27.0177
234.0000   12.0000   3.6239   25.7238
235.0000   83.0000   12.4362   69.6187
236.0000   35.0000   0.4888   92.0359
237.0000   29.0000   13.9654   73.2806
238.0000   98.0000   70.6738   29.8879
239.0000   66.0000   31.7294   91.1308
240.0000   66.0000   28.9965   25.5051
241.0000   65.0000   77.2564   76.9800
242.0000   23.0000   38.5648   14.7879
243.0000   37.0000   70.7319   92.4688
244.0000   54.0000   66.4070   1.3735
245.0000   26.0000   6.6719   61.4862
246.0000   95.0000   56.5702   54.8990
247.0000   39.0000   50.2649   3.3179
248.0000   67.0000   43.8029   42.3455
249.0000   17.0000   72.8079   85.6769
250.0000   30.0000   49.3913   61.4279
251.0000   80.0000   69.1294   0.4783
252.0000   78.0000   79.1641   88.5218
253.0000   57.0000   29.6166   83.5373
254.0000   55.0000   39.1448   39.2820
255.0000   97.0000   93.5967   44.5737
256.0000   67.0000   12.4710   61.6940
257.0000   79.0000   85.5916   54.7380
258.0000   94.0000   26.6775   39.8639
259.0000   84.0000   94.9529   98.1131
260.0000   40.0000   12.6277   16.3626
261.0000   27.0000   45.6861   74.4538
262.0000   74.0000   51.7074   40.6533
263.0000   36.0000   4.8134   86.0070
264.0000   29.0000   45.4507   74.3472
265.0000   10.0000   54.2765   39.1734
266.0000   65.0000   90.6559   27.7027
267.0000   83.0000   99.1815   99.7958
268.0000   34.0000   42.7459   28.8991
269.0000   11.0000   1.6239   95.5700
270.0000   89.0000   55.2659   36.6709
271.0000   77.0000   88.2897   5.9771
272.0000   87.0000   11.9104   92.7147
273.0000   83.0000   95.9833   78.1265
274.0000   61.0000   28.7346   43.1561
275.0000   71.0000   50.4947   60.5078
276.0000   28.0000   68.1485   35.9571
277.0000   31.0000   63.0565   82.4757
278.0000   49.0000   31.6639   54.6217
279.0000   17.0000   60.1512   45.7861
280.0000   79.0000   73.8754   42.5977
281.0000   85.0000   39.7405   85.7647
282.0000   93.0000   18.8723   41.6595
283.0000   13.0000   57.6537   0.9527
284.0000   30.0000   32.0316   48.4667
285.0000   31.0000   76.6452   25.6969
286.0000   24.0000   46.1282   32.1798
287.0000   13.0000   71.8282   92.1552
288.0000   35.0000   45.5714   74.3933
289.0000   13.0000   34.4061   47.5394
290.0000   40.0000   39.9901   78.2640
291.0000   81.0000   72.3328   93.6671
292.0000   62.0000   41.0352   19.8592
293.0000   21.0000   54.9236   14.1492
294.0000   53.0000   29.6788   7.3354
295.0000   40.0000   74.4377   92.9461
296.0000   83.0000   81.6694   2.9306
297.0000   36.0000   33.9410   62.4355
298.0000   67.0000   6.4295   46.3372
299.0000   31.0000   78.3562   76.6828
300.0000   24.0000   23.7411   84.5800
301.0000   31.0000   79.4135   15.6875
302.0000   50.0000   88.7745   12.8976
303.0000   81.0000   76.0632   90.5630
304.0000   11.0000   64.2233   16.6353
305.0000   85.0000   28.6824   61.4151
306.0000   84.0000   36.1493   34.8674
307.0000   62.0000   47.1501   57.1276
308.0000   67.0000   0.9436   28.7030
309.0000   27.0000   85.3573   3.7719
310.0000   97.0000   73.0607   58.2185
311.0000   45.0000   82.2958   21.2878
312.0000   46.0000   45.8922   56.8784
313.0000   11.0000   14.9368   75.2527
314.0000   31.0000   16.4825   53.1459
315.0000   10.0000   81.7608   92.2720
316.0000   91.0000   19.6771   91.9087
317.0000   80.0000   2.1108   55.0390
318.0000   22.0000   83.7951   87.7141
319.0000   84.0000   48.9250   51.4456
320.0000   76.0000   23.9047   23.3170
321.0000   27.0000   11.8254   41.6858
322.0000   87.0000   67.9669   55.0517
323.0000   68.0000   89.1365   35.2509
324.0000   13.0000   23.4165   70.5075
325.0000   82.0000   64.7129   93.4820
326.0000   72.0000   11.2640   98.6886
327.0000   47.0000   8.5199   19.8234
328.0000   27.0000   41.9892   97.7370
329.0000   88.0000   20.6349   96.1629
330.0000   85.0000   93.3040   29.6505
331.0000   61.0000   48.2640   36.7601
332.0000   10.0000   20.4855   8.0200
333.0000   50.0000   64.2617   89.8682
334.0000   16.0000   76.6958   22.0434
335.0000   54.0000   9.0528   75.6282
336.0000   10.0000   59.0739   56.1078
337.0000   47.0000   24.2434   74.1313
338.0000   89.0000   77.9791   43.9537
339.0000   97.0000   85.5938   48.3560
340.0000   98.0000   93.2630   54.8866
341.0000   39.0000   15.8263   75.5765
342.0000   34.0000   5.8713   46.9941
343.0000   55.0000   96.3508   74.8254
344.0000   11.0000   97.9556   20.5294
345.0000   48.0000   43.2879   72.0579
346.0000   80.0000   47.8022   51.5226
347.0000   14.0000   30.2896   95.3201
348.0000   40.0000   29.9313   56.6874
349.0000   58.0000   11.8773   60.1424
350.0000   28.0000   64.3934   35.6280
