0.0000   0.0000   0.0000   0.0000
1.0000   122.0000   11.2105   1.6239
2.0000   76.0000   26.2903   43.6856
3.0000   124.0000   3.5319   36.9303
4.0000   62.0000   46.0635   15.1244
5.0000   74.0000   1.7134   2.3209
6.0000   99.0000   34.0228   43.2390
7.0000   113.0000   39.0931   15.2246
8.0000   133.0000   23.3185   10.4924
9.0000   76.0000   36.8715   37.5486
10.0000   117.0000   20.2209   22.1504
11.0000   114.0000   3.1369   33.6156
12.0000   118.0000   27.1270   5.4278
13.0000   93.0000   37.4534   49.3562
14.0000   109.0000   4.2408   23.5349
15.0000   109.0000   48.4177   45.0180
16.0000   113.0000   19.3629   7.1906
17.0000   124.0000   6.4766   45.8946
18.0000   79.0000   36.6892   48.2172
19.0000   92.0000   44.4439   17.0197
20.0000   76.0000   13.4346   16.0845
21.0000   103.0000   9.1747   38.4809
22.0000   118.0000   26.7861   3.8285
23.0000   131.0000   1.8094   34.7626
24.0000   50.0000   19.0023   13.6184
25.0000   70.0000   25.1935   14.5859
26.0000   58.0000   44.1962   36.6497
27.0000   102.0000   36.7241   35.4182
28.0000   59.0000   33.1561   38.4473
29.0000   52.0000   18.9837   24.3176
30.0000   95.0000   46.6916   49.6572
31.0000   112.0000   2.7566   19.2704
32.0000   68.0000   49.1560   8.6303
33.0000   62.0000   1.1684   36.8970
34.0000   94.0000   47.5777   43.3425
35.0000   91.0000   48.4604   46.1730
36.0000   110.0000   36.2824   43.8863
37.0000   68.0000   42.1854   17.9088
38.0000   64.0000   41.9208   18.6637
39.0000   99.0000   39.1304   1.9580
40.0000   74.0000   47.7517   28.4334
41.0000   138.0000   16.2807   28.3826
42.0000   110.0000   16.3174   28.6448
43.0000   54.0000   2.9645   10.9320
44.0000   85.0000   12.8846   22.8449
45.0000   55.0000   44.3073   35.1464
46.0000   84.0000   4.0531   7.0402
47.0000   89.0000   16.7425   39.2240
48.0000   90.0000   36.3279   16.6270
49.0000   138.0000   14.6784   16.6067
50.0000   137.0000   9.2353   49.4345
51.0000   79.0000   5.9576   16.6189
52.0000   139.0000   26.7315   21.2723
53.0000   106.0000   43.4789   27.4026
54.0000   64.0000   18.3295   29.9366
55.0000   67.0000   49.7061   49.6806
56.0000   93.0000   0.6502   24.0413
57.0000   89.0000   28.2422   40.1771
58.0000   116.0000   11.4865   24.4737
59.0000   116.0000   20.1022   41.2476
60.0000   84.0000   43.5548   4.9504
61.0000   90.0000   33.8986   2.8704
62.0000   128.0000   35.5550   6.4670
63.0000   96.0000   5.6590   34.5733
64.0000   78.0000   43.2477   22.6723
65.0000   87.0000   10.1833   8.8973
66.0000   90.0000   39.2765   10.0938
67.0000   51.0000   18.1784   2.4496
68.0000   92.0000   27.1559   7.7361
69.0000   70.0000   47.8483   29.4623
70.0000   116.0000   4.6381   14.1835
71.0000   133.0000   23.0937   31.8083
72.0000   91.0000   37.8565   30.3545
73.0000   140.0000   45.7764   36.7664
74.0000   82.0000   49.5093   45.3801
75.0000   81.0000   12.7750   43.8089
76.0000   98.0000   42.2580   45.2890
77.0000   66.0000   10.3226   49.9148
78.0000   57.0000   7.8333   38.1636
79.0000   125.0000   3.3508   25.1845
80.0000   72.0000   7.6850   10.3545
81.0000   55.0000   0.8739   4.2287
82.0000   67.0000   32.8721   3.4144
83.0000   68.0000   18.0394   42.2566
84.0000   86.0000   42.1430   38.9974
85.0000   99.0000   12.0205   16.9764
86.0000   63.0000   33.5975   32.9507
87.0000   105.0000   30.1986   37.1249
88.0000   100.0000   31.4863   4.3116
89.0000   98.0000   19.7486   34.3829
90.0000   102.0000   27.5797   48.8903
91.0000   71.0000   2.2390   22.1665
92.0000   67.0000   24.5691   39.8355
93.0000   69.0000   9.2594   48.0349
94.0000   119.0000   41.2966   12.6614
95.0000   67.0000   20.5359   5.9292
96.0000   113.0000   15.2041   10.5040
97.0000   131.0000   22.6298   18.8976
98.0000   69.0000   18.1178   24.0430
99.0000   76.0000   18.3410   44.1354
100.0000   98.0000   36.8570   16.1234
101.0000   95.0000   45.7279   20.8563
102.0000   87.0000   28.2409   17.7643
103.0000   128.0000   48.4614   27.9426
104.0000   88.0000   12.8492   44.5778
105.0000   106.0000   35.5531   43.9417
106.0000   78.0000   10.9649   47.1976
107.0000   50.0000   44.4324   12.0992
108.0000   77.0000   28.7977   12.0066
109.0000   103.0000   11.3279   2.9877
110.0000   61.0000   31.1474   21.2946
111.0000   108.0000   44.1747   45.7677
112.0000   95.0000   21.0008   25.5384
113.0000   59.0000   13.3648   28.0447
114.0000   60.0000   35.2260   11.9330
115.0000   125.0000   11.5272   11.7833
116.0000   124.0000   22.2580   44.2912
117.0000   89.0000   25.1904   10.2351
118.0000   90.0000   39.7839   29.9251
119.0000   83.0000   13.5115   19.2660
120.0000   95.0000   1.1932   38.5139
121.0000   83.0000   4.7303   6.2504
122.0000   121.0000   4.0361   41.6883
123.0000   57.0000   0.7051   16.9468
124.0000   86.0000   46.5966   1.6464
125.0000   61.0000   15.7300   18.6917
126.0000   100.0000   41.1631   26.9769
127.0000   112.0000   10.9565   21.7973
128.0000   85.0000   32.7216   31.4950
129.0000   113.0000   17.4832   17.5391
130.0000   62.0000   4.0456   39.1759
131.0000   54.0000   32.2908   23.3096
132.0000   123.0000   5.5993   25.4842
133.0000   104.0000   46.0831   16.9624
134.0000   115.0000   30.2570   39.6757
135.0000   83.0000   42.6637   38.9244
136.0000   124.0000   37.1772   34.0833
137.0000   83.0000   8.3957   30.9178
138.0000   139.0000   14.9459   16.1865
139.0000   130.0000   21.3478   3.0094
140.0000   66.0000   35.8485   4.3975
141.0000   107.0000   8.9653   24.2603
142.0000   127.0000   20.0626   19.2344
143.0000   128.0000   4.0142   28.0846
144.0000   50.0000   3.6342   33.4717
145.0000   97.0000   48.0486   5.8011
146.0000   77.0000   15.3983   28.9927
147.0000   81.0000   32.5469   17.8592
148.0000   120.0000   47.1450   15.3255
149.0000   87.0000   44.5043   40.1644
150.0000   131.0000   8.4723   31.6140
151.0000   62.0000   34.0063   24.8947
152.0000   73.0000   1.8812   37.1167
153.0000   99.0000   21.1439   43.9524
154.0000   126.0000   31.7293   32.9244
155.0000   138.0000   16.2533   34.5882
156.0000   54.0000   4.0680   22.3698
157.0000   113.0000   21.0687   14.7667
158.0000   118.0000   8.7436   46.3917
159.0000   140.0000   3.7117   28.9435
160.0000   91.0000   39.8920   42.0954
161.0000   123.0000   25.9746   31.8183
162.0000   132.0000   32.3586   32.6935
163.0000   56.0000   27.8051   27.3266
164.0000   60.0000   32.8727   33.2814
165.0000   66.0000   22.6043   22.4868
166.0000   115.0000   26.7502   1.9608
167.0000   122.0000   37.3871   26.4044
168.0000   138.0000   7.6248   9.9204
169.0000   97.0000   34.7781   23.4215
170.0000   94.0000   8.8383   31.6426
171.0000   113.0000   37.6888   17.9591
172.0000   87.0000   49.2334   11.8053
173.0000   57.0000   41.4874   28.2171
174.0000   90.0000   8.1776   10.5700
175.0000   135.0000   25.3646   27.9972
176.0000   117.0000   24.7066   6.7208
177.0000   107.0000   25.6755   36.9151
178.0000   71.0000   19.0705   25.7886
179.0000   137.0000   28.5006   28.1205
180.0000   125.0000   1.5163   15.9125
181.0000   120.0000   25.1595   0.9958
182.0000   115.0000   7.3429   3.1624
183.0000   109.0000   22.5513   16.0174
184.0000   73.0000   42.0643   44.2938
185.0000   70.0000   6.1771   41.3586
186.0000   76.0000   27.4282   23.3998
187.0000   132.0000   23.1305   39.5873
188.0000   134.0000   38.7914   5.1730
189.0000   92.0000   5.6198   36.9568
190.0000   131.0000   32.5818   40.5535
191.0000   103.0000   3.9361   18.8228
192.0000   64.0000   8.7571   26.8009
193.0000   79.0000   10.9360   17.8090
194.0000   52.0000   46.4964   26.3882
195.0000   104.0000   31.5540   2.0368
196.0000   110.0000   8.5073   32.7806
197.0000   82.0000   25.3026   43.9909
198.0000   139.0000   24.6768   39.9143
199.0000   54.0000   19.3977   0.9702
200.0000   90.0000   1.9895   7.9786
201.0000   75.0000   49.3512   35.3081
202.0000   82.0000   15.1476   5.3319
203.0000   137.0000   24.1857   28.5140
204.0000   129.0000   29.3652   27.1349
205.0000   114.0000   0.4074   42.8113
206.0000   91.0000   0.6011   1.8687
207.0000   122.0000   18.9993   3.0685
208.0000   54.0000   14.6429   16.6743
209.0000   70.0000   45.3071   30.5920
210.0000   78.0000   10.4519   17.2025
211.0000   65.0000   10.5566   15.2771
212.0000   115.0000   40.4675   49.0934
213.0000   82.0000   13.2996   11.5400
214.0000   102.0000   27.1121   23.5919
215.0000   78.0000   39.0562   14.0334
216.0000   106.0000   16.2523   36.2222
217.0000   135.0000   43.7360   48.5700
218.0000   82.0000   2.7529   19.7147
219.0000   63.0000   47.1732   8.2572
220.0000   50.0000   22.1963   46.9343
221.0000   76.0000   26.1250   10.6267
222.0000   128.0000   21.3536   31.4902
223.0000   91.0000   38.8633   27.5961
224.0000   107.0000   44.7054   12.9859
225.0000   95.0000   19.4388   23.6399
226.0000   112.0000   0.3838   31.2315
227.0000   57.0000   27.4888   10.1519
228.0000   131.0000   25.4140   38.8791
229.0000   60.0000   46.5347   47.5457
230.0000   50.0000   9.7905   15.4192
231.0000   64.0000   38.4077   43.0100
232.0000   140.0000   23.1544   28.7184
233.0000   108.0000   37.9141   36.8114
234.0000   129.0000   36.8921   32.7433
235.0000   100.0000   29.8535   26.5876
236.0000   110.0000   49.9210   42.1055
237.0000   122.0000   0.4574   12.9562
238.0000   78.0000   0.3305   18.3777
239.0000   122.0000   22.1128   10.5691
240.0000   57.0000   8.4865   27.4152
241.0000   88.0000   32.5387   19.1703
242.0000   81.0000   9.0198   41.8509
243.0000   113.0000   41.6730   28.3434
244.0000   73.0000   29.9426   15.7070
245.0000   80.0000   45.0572   36.8345
246.0000   96.0000   49.3050   44.2720
247.0000   99.0000   21.6629   43.9546
248.0000   75.0000   45.5601   14.9053
249.0000   130.0000   2.4607   13.4259
250.0000   67.0000   31.8304   4.9109
251.0000   132.0000   39.9924   30.5196
252.0000   85.0000   29.7640   32.9809
253.0000   97.0000   26.9695   15.9157
254.0000   106.0000   17.6492   13.7862
255.0000   78.0000   32.1374   33.7058
256.0000   50.0000   10.1141   15.6584
257.0000   61.0000   33.0469   18.2045
258.0000   50.0000   36.9082   27.1345
259.0000   82.0000   26.4712   7.3732
260.0000   110.0000   28.6590   43.6335
261.0000   54.0000   17.0819   20.5601
262.0000   64.0000   12.0670   20.8440
263.0000   63.0000   26.4728   18.8377
264.0000   65.0000   12.7173   21.2874
265.0000   50.0000   29.4879   25.7240
266.0000   57.0000   10.0404   8.8539
267.0000   87.0000   49.7580   24.1726
268.0000   127.0000   46.6500   17.0002
269.0000   89.0000   8.1606   22.0053
270.0000   132.0000   33.3352   9.3870
271.0000   85.0000   6.7123   14.1825
272.0000   121.0000   48.1202   4.6329
273.0000   140.0000   27.6289   26.7804
274.0000   50.0000   5.5848   19.4218
275.0000   132.0000   17.1422   48.1644
276.0000   113.0000   15.9039   34.2517
277.0000   112.0000   41.1236   30.2495
278.0000   73.0000   43.8482   2.7624
279.0000   79.0000   6.7712   13.2421
280.0000   91.0000   11.6415   47.9378
281.0000   53.0000   25.1595   35.5951
282.0000   104.0000   14.9782   24.7643
283.0000   51.0000   38.6651   20.0854
284.0000   139.0000   44.3609   0.7423
285.0000   92.0000   1.1057   45.3359
286.0000   126.0000   45.4134   20.2946
287.0000   69.0000   27.2766   22.0822
288.0000   135.0000   5.8422   40.1734
289.0000   95.0000   10.7292   30.1697
290.0000   70.0000   8.0562   5.6005
291.0000   101.0000   17.9418   19.9943
292.0000   135.0000   2.8492   15.5664
293.0000   98.0000   15.5931   24.6730
294.0000   108.0000   7.9245   38.8433
295.0000   110.0000   0.2921   37.0459
296.0000   68.0000   25.5703   0.0963
297.0000   59.0000   6.4689   36.1102
298.0000   105.0000   14.8755   31.5939
299.0000   51.0000   42.1613   7.0992
300.0000   59.0000   47.8460   8.8237
301.0000   84.0000   44.0339   33.9794
302.0000   101.0000   42.6258   22.6029
303.0000   103.0000   7.0485   33.4820
304.0000   70.0000   13.9441   25.7811
305.0000   125.0000   21.7039   18.8256
306.0000   118.0000   1.8781   21.5279
307.0000   59.0000   44.1590   45.4985
308.0000   127.0000   33.3395   8.5761
309.0000   122.0000   45.7304   5.8787
310.0000   102.0000   5.9880   15.9934
311.0000   55.0000   33.3608   14.0591
312.0000   119.0000   32.3412   44.9599
313.0000   105.0000   17.1808   34.9605
314.0000   128.0000   46.8334   38.8989
315.0000   60.0000   45.0412   21.0058
316.0000   74.0000   4.3446   25.5469
317.0000   130.0000   12.7402   48.8660
318.0000   75.0000   4.9869   24.7626
319.0000   85.0000   44.8698   2.1674
320.0000   138.0000   37.0017   30.9686
321.0000   112.0000   20.6067   16.3643
322.0000   90.0000   13.0135   20.5223
323.0000   128.0000   34.2328   1.7077
324.0000   134.0000   33.9538   5.0379
325.0000   102.0000   2.8789   19.2775
326.0000   97.0000   4.5343   14.1875
327.0000   104.0000   36.9486   41.4634
328.0000   100.0000   36.8751   3.4975
329.0000   132.0000   47.8462   24.8715
330.0000   81.0000   41.0309   30.1374
331.0000   137.0000   30.9189   41.9621
332.0000   67.0000   28.3596   40.8123
333.0000   89.0000   23.7220   35.6170
334.0000   78.0000   27.4995   38.6634
335.0000   76.0000   27.1625   46.7025
336.0000   80.0000   13.1301   47.4137
337.0000   99.0000   37.8494   7.1576
338.0000   73.0000   7.7667   15.5299
339.0000   116.0000   45.4619   21.3204
340.0000   132.0000   33.0499   3.4282
341.0000   95.0000   47.8398   14.6870
342.0000   97.0000   10.0411   43.1942
343.0000   134.0000   31.6474   41.0238
344.0000   59.0000   47.1700   8.8186
345.0000   77.0000   29.8973   28.8756
346.0000   81.0000   11.6984   24.0079
347.0000   96.0000   28.7218   33.7079
348.0000   70.0000   48.3474   49.0265
349.0000   89.0000   21.3672   32.7299
350.0000   66.0000   21.3551   36.7445
351.0000   137.0000   23.6519   14.2064
352.0000   64.0000   39.6655   34.5782
353.0000   126.0000   6.6764   45.2216
354.0000   51.0000   6.4221   29.9822
355.0000   136.0000   25.7609   31.2015
356.0000   77.0000   45.4778   43.2683
357.0000   81.0000   27.6680   2.0399
358.0000   114.0000   41.8551   6.6132
359.0000   60.0000   39.1006   19.1527
360.0000   81.0000   8.2759   46.5097
361.0000   129.0000   25.3966   36.4232
362.0000   61.0000   22.7455   42.0377
363.0000   87.0000   31.1931   8.0348
364.0000   123.0000   4.3041   20.4574
365.0000   136.0000   21.2297   23.3486
366.0000   137.0000   31.8213   12.1073
367.0000   119.0000   21.1426   11.6507
368.0000   130.0000   15.4365   14.9551
369.0000   116.0000   43.5968   32.3546
370.0000   132.0000   24.6447   11.0939
371.0000   61.0000   41.9212   49.2534
372.0000   126.0000   49.1159   29.5423
373.0000   140.0000   47.3579   37.2931
374.0000   83.0000   37.4232   43.0554
375.0000   53.0000   10.1935   21.7151
376.0000   140.0000   44.5404   39.2584
377.0000   71.0000   18.9456   2.6438
378.0000   59.0000   33.8797   16.4403
379.0000   59.0000   16.0489   33.9584
380.0000   57.0000   16.7179   9.0676
381.0000   72.0000   7.0098   38.1875
382.0000   106.0000   36.8689   33.1398
383.0000   91.0000   31.6479   2.0233
384.0000   60.0000   0.1471   18.6141
385.0000   110.0000   27.3528   14.5119
386.0000   130.0000   3.1160   20.7803
387.0000   98.0000   1.9363   37.2078
388.0000   116.0000   3.2201   32.9776
389.0000   71.0000   27.6811   31.8808
390.0000   80.0000   35.0445   19.3961
391.0000   81.0000   0.6972   39.6417
392.0000   108.0000   42.2650   19.9655
393.0000   121.0000   20.3041   43.7991
394.0000   120.0000   35.9109   36.9428
395.0000   82.0000   30.1743   35.8124
396.0000   119.0000   21.8688   38.7423
397.0000   127.0000   20.5140   11.3192
398.0000   136.0000   30.1094   46.9139
399.0000   85.0000   30.7535   5.5584
400.0000   72.0000   47.0615   41.5336
401.0000   98.0000   4.8453   21.4460
402.0000   86.0000   9.6243   10.5556
403.0000   113.0000   28.6264   20.6447
404.0000   70.0000   49.7910   19.2712
405.0000   81.0000   38.8863   35.8899
406.0000   123.0000   36.0210   29.8664
407.0000   135.0000   36.7953   43.2843
408.0000   136.0000   35.0090   34.7024
409.0000   59.0000   0.4304   24.0812
410.0000   75.0000   3.3023   0.3439
411.0000   76.0000   17.5150   2.8537
412.0000   64.0000   7.5619   37.2262
413.0000   85.0000   19.5086   47.4409
414.0000   67.0000   20.1670   24.8856
415.0000   86.0000   29.4393   6.1697
416.0000   138.0000   4.7455   32.6633
417.0000   123.0000   32.3998   21.5808
418.0000   71.0000   33.8209   34.2289
419.0000   112.0000   34.4503   24.3515
420.0000   95.0000   22.2343   14.4838
421.0000   78.0000   35.3023   10.7473
422.0000   51.0000   11.7865   16.5783
423.0000   139.0000   9.3144   45.9051
424.0000   80.0000   22.4868   44.6701
425.0000   98.0000   44.4675   28.3059
