0.0000   0.0000   0.0000   0.0000
1.0000   106.0000   0.0946   28.3298
2.0000   159.0000   8.8714   23.1841
3.0000   143.0000   23.0158   39.7433
4.0000   101.0000   39.9905   40.6338
5.0000   120.0000   8.4987   20.8091
6.0000   119.0000   14.9177   21.4323
7.0000   131.0000   13.5950   49.0870
8.0000   132.0000   6.3247   36.4023
9.0000   103.0000   8.5143   8.1625
10.0000   164.0000   49.6947   4.7075
11.0000   152.0000   39.7253   17.5251
12.0000   123.0000   42.5066   18.7814
13.0000   150.0000   21.8954   27.0018
14.0000   138.0000   22.1486   0.5321
15.0000   137.0000   16.6701   12.1041
16.0000   96.0000   24.6894   35.8428
17.0000   137.0000   15.3735   24.0418
18.0000   171.0000   35.3481   15.2145
19.0000   132.0000   48.0925   37.1008
20.0000   100.0000   39.7195   45.5116
21.0000   123.0000   24.9369   28.4387
22.0000   128.0000   3.8010   8.8234
23.0000   104.0000   28.8692   4.2392
24.0000   149.0000   42.1779   32.7315
25.0000   175.0000   13.2596   22.2581
26.0000   176.0000   12.3814   6.6656
27.0000   121.0000   1.4578   17.7324
28.0000   105.0000   44.0124   29.8603
29.0000   149.0000   28.3399   36.2636
30.0000   126.0000   23.3792   41.1495
31.0000   178.0000   9.1321   12.0835
32.0000   117.0000   12.0124   24.8178
33.0000   100.0000   41.9839   14.8327
34.0000   103.0000   38.1870   32.2039
35.0000   173.0000   19.9919   21.3040
36.0000   148.0000   9.9959   28.6910
37.0000   154.0000   33.7573   21.4208
38.0000   110.0000   35.0653   20.4203
39.0000   151.0000   33.7088   47.6929
40.0000   124.0000   33.1912   29.4045
41.0000   164.0000   41.0789   10.3595
42.0000   107.0000   13.8161   42.9362
43.0000   167.0000   22.4293   18.3221
44.0000   132.0000   31.1255   23.9188
45.0000   92.0000   23.9973   8.7961
46.0000   102.0000   7.0490   2.1159
47.0000   114.0000   18.1872   4.9927
48.0000   101.0000   19.9156   34.0861
49.0000   111.0000   3.7807   3.2578
50.0000   105.0000   23.3330   24.3517
51.0000   146.0000   7.0842   11.8505
52.0000   176.0000   10.0423   18.1130
53.0000   143.0000   16.5548   6.3962
54.0000   99.0000   4.6699   11.7481
55.0000   171.0000   48.4796   31.7253
56.0000   172.0000   24.4848   5.8401
57.0000   172.0000   21.9120   39.0262
58.0000   147.0000   9.1068   24.0511
59.0000   91.0000   37.0165   12.1129
60.0000   176.0000   35.4111   26.0886
61.0000   120.0000   47.5062   15.7379
62.0000   157.0000   33.2294   38.2710
63.0000   120.0000   35.8009   44.2707
64.0000   124.0000   22.1215   41.3664
65.0000   156.0000   35.6952   15.2622
66.0000   110.0000   43.4286   24.2592
67.0000   173.0000   49.6437   18.7209
68.0000   161.0000   43.8463   18.5926
69.0000   141.0000   22.5741   31.2351
70.0000   170.0000   31.9742   7.2764
71.0000   108.0000   22.7179   2.1633
72.0000   140.0000   35.7057   21.9439
73.0000   148.0000   46.0608   34.6202
74.0000   148.0000   34.9750   31.8390
75.0000   152.0000   27.7550   10.6620
76.0000   132.0000   44.2265   0.7033
77.0000   102.0000   43.6875   8.9873
78.0000   152.0000   33.6540   47.6980
79.0000   110.0000   24.3818   42.4240
80.0000   176.0000   47.5136   43.8484
81.0000   167.0000   29.7029   17.9043
82.0000   111.0000   0.5391   10.0616
83.0000   100.0000   31.5202   41.2022
84.0000   128.0000   32.2521   7.0416
85.0000   143.0000   26.7914   28.5827
86.0000   154.0000   0.7049   1.2319
87.0000   172.0000   10.6745   19.2623
88.0000   154.0000   30.8335   49.8990
89.0000   156.0000   46.6279   26.6666
90.0000   171.0000   5.5502   9.7825
91.0000   110.0000   9.6869   48.1899
92.0000   160.0000   15.7506   15.8543
93.0000   155.0000   35.4225   26.6462
94.0000   170.0000   25.5237   28.6850
95.0000   114.0000   7.7723   22.2391
96.0000   104.0000   37.8941   4.7514
97.0000   131.0000   10.5659   6.5905
98.0000   141.0000   23.2944   10.5857
99.0000   98.0000   12.3448   33.3942
100.0000   162.0000   26.5541   5.3922
101.0000   101.0000   3.3740   44.7165
102.0000   151.0000   34.4341   44.6196
103.0000   146.0000   43.7495   45.7030
104.0000   144.0000   15.3632   31.4566
105.0000   103.0000   24.4381   12.3312
106.0000   136.0000   24.8880   19.5154
107.0000   157.0000   3.1298   35.5826
108.0000   102.0000   11.1281   26.5590
109.0000   143.0000   45.0840   13.0816
110.0000   108.0000   42.2965   0.7538
111.0000   165.0000   12.5184   41.2948
112.0000   127.0000   27.0259   11.9709
113.0000   179.0000   47.0626   24.9593
114.0000   179.0000   48.4115   36.2141
115.0000   110.0000   48.7423   44.9185
116.0000   131.0000   20.3028   6.7718
117.0000   158.0000   26.7948   13.5698
118.0000   151.0000   13.4782   23.4073
119.0000   91.0000   3.5104   27.8276
120.0000   103.0000   37.4754   8.7482
121.0000   96.0000   46.7747   26.8622
122.0000   170.0000   45.1484   8.3042
123.0000   158.0000   21.9812   1.9695
124.0000   110.0000   0.5954   20.8719
125.0000   134.0000   4.7683   0.6629
