0.0000   0.0000   0.0000   0.0000
1.0000   107.0000   21.0401   23.8338
2.0000   27.0000   14.2063   6.0141
3.0000   85.0000   19.0811   38.0958
4.0000   56.0000   11.5797   0.0214
5.0000   65.0000   5.6650   28.8823
6.0000   42.0000   26.1454   1.4079
7.0000   20.0000   24.6505   4.5828
8.0000   81.0000   39.1341   1.7288
9.0000   44.0000   14.2737   0.7206
10.0000   27.0000   40.0053   0.3187
11.0000   96.0000   44.6817   8.2928
12.0000   71.0000   29.6955   21.2522
13.0000   109.0000   20.3294   34.4171
14.0000   48.0000   26.7434   13.1110
15.0000   48.0000   41.8393   34.6764
16.0000   105.0000   44.0098   43.8124
17.0000   31.0000   42.4535   2.5634
18.0000   24.0000   48.4412   37.0860
19.0000   49.0000   19.2269   23.6047
20.0000   28.0000   42.4157   40.1755
21.0000   85.0000   21.7305   24.3399
22.0000   35.0000   15.0817   1.0503
23.0000   30.0000   19.2061   16.4859
24.0000   99.0000   4.6740   46.1898
25.0000   21.0000   44.9238   21.0963
26.0000   31.0000   19.6362   49.1978
27.0000   80.0000   10.3855   17.1828
28.0000   41.0000   26.7012   34.8911
29.0000   62.0000   27.8873   46.8532
30.0000   94.0000   28.8520   13.9364
31.0000   24.0000   13.5814   6.2661
32.0000   61.0000   47.2384   47.1358
33.0000   61.0000   39.8546   11.8959
34.0000   55.0000   24.1757   42.8978
35.0000   53.0000   34.6262   12.1340
36.0000   90.0000   47.0458   49.2767
37.0000   40.0000   27.9139   27.9556
38.0000   97.0000   11.1568   34.1649
39.0000   70.0000   7.5813   33.6804
40.0000   103.0000   36.4689   0.7723
41.0000   59.0000   4.1002   27.0193
42.0000   116.0000   26.3214   9.2902
43.0000   117.0000   1.0206   47.0932
44.0000   59.0000   6.8635   44.2909
45.0000   68.0000   40.2170   11.8264
46.0000   56.0000   29.1626   15.6172
47.0000   97.0000   23.9668   16.9294
48.0000   107.0000   12.0112   43.0844
49.0000   41.0000   23.1484   36.8623
50.0000   91.0000   33.2569   1.6218
51.0000   118.0000   23.0800   19.7491
52.0000   117.0000   35.1858   7.0622
53.0000   118.0000   12.8125   34.1126
54.0000   110.0000   45.2486   37.6687
55.0000   43.0000   42.0441   31.7532
56.0000   88.0000   14.0496   5.2828
57.0000   58.0000   25.3542   42.6645
58.0000   60.0000   34.4894   12.3093
59.0000   96.0000   8.7833   1.5786
60.0000   89.0000   13.4949   8.3929
61.0000   101.0000   43.0976   12.2558
62.0000   22.0000   18.2378   49.7367
63.0000   30.0000   44.2612   17.7284
64.0000   41.0000   8.6348   12.4875
65.0000   109.0000   45.9521   27.7782
66.0000   38.0000   19.2747   45.4905
67.0000   71.0000   45.3912   11.3943
68.0000   41.0000   11.4869   24.1238
69.0000   92.0000   13.5119   20.1947
70.0000   49.0000   43.8918   46.7853
71.0000   32.0000   37.8305   20.6299
72.0000   42.0000   41.7309   0.7025
73.0000   30.0000   46.4117   6.0160
74.0000   70.0000   27.7681   11.6227
75.0000   55.0000   24.6874   49.1349
76.0000   106.0000   4.0288   12.1712
77.0000   21.0000   1.2846   48.5678
78.0000   81.0000   0.2119   35.5588
79.0000   40.0000   49.6773   45.0567
80.0000   104.0000   29.9618   17.6230
81.0000   95.0000   21.5058   28.9515
82.0000   76.0000   36.6235   26.4132
83.0000   39.0000   2.5050   25.9003
84.0000   95.0000   36.4482   13.6064
85.0000   48.0000   37.2718   49.1380
86.0000   65.0000   45.6264   27.5961
87.0000   24.0000   5.2082   42.1073
88.0000   21.0000   49.4717   11.1346
89.0000   103.0000   31.1949   2.8190
90.0000   83.0000   19.8312   18.3443
91.0000   78.0000   20.5100   48.1504
92.0000   36.0000   20.5890   15.4576
93.0000   59.0000   45.2536   14.3718
94.0000   25.0000   6.0345   30.4000
95.0000   43.0000   0.5248   8.5590
96.0000   107.0000   11.6581   44.3340
97.0000   112.0000   45.9247   48.7027
98.0000   32.0000   4.8270   9.8221
99.0000   54.0000   25.6633   23.7054
100.0000   68.0000   6.4471   12.6932
101.0000   77.0000   29.7712   42.4155
102.0000   69.0000   0.4897   49.8824
103.0000   40.0000   36.2965   33.8527
104.0000   72.0000   32.1491   5.9000
105.0000   117.0000   34.9944   7.9284
106.0000   61.0000   30.9017   10.9801
107.0000   94.0000   27.1271   36.3545
108.0000   31.0000   21.8760   11.7520
109.0000   64.0000   47.8644   14.4904
110.0000   45.0000   30.6660   23.5963
111.0000   86.0000   43.5975   43.8880
112.0000   61.0000   27.9683   3.5290
113.0000   27.0000   22.0887   8.5972
114.0000   55.0000   30.7315   24.8437
115.0000   100.0000   37.2353   13.5553
116.0000   69.0000   46.2372   21.0252
117.0000   67.0000   49.1637   9.0935
118.0000   39.0000   15.5107   5.5866
119.0000   113.0000   33.0736   30.3060
120.0000   33.0000   26.5173   1.4642
121.0000   61.0000   28.8858   1.2958
122.0000   108.0000   5.2862   48.3603
123.0000   83.0000   18.5882   40.2236
124.0000   119.0000   7.5932   3.1966
125.0000   26.0000   24.6027   20.2724
126.0000   89.0000   13.6004   19.7907
127.0000   111.0000   1.0868   0.4377
128.0000   66.0000   14.3808   0.9034
129.0000   43.0000   10.0079   19.9087
130.0000   80.0000   13.5807   31.2385
131.0000   45.0000   15.9358   31.5907
132.0000   64.0000   34.9113   33.0219
133.0000   35.0000   32.3919   19.2565
134.0000   96.0000   8.0799   47.8678
135.0000   102.0000   19.7099   30.1758
136.0000   87.0000   32.4778   9.0611
137.0000   57.0000   37.9596   29.9720
138.0000   65.0000   1.5999   26.7974
139.0000   88.0000   47.3783   8.8558
140.0000   42.0000   14.6075   35.9916
141.0000   81.0000   30.7908   7.7476
142.0000   46.0000   12.6110   41.4807
143.0000   60.0000   39.5385   10.6134
144.0000   97.0000   27.7433   35.8286
145.0000   90.0000   2.8263   35.1927
146.0000   80.0000   8.8440   24.9262
147.0000   105.0000   36.9665   33.3073
148.0000   106.0000   36.9960   42.3598
149.0000   37.0000   41.1062   47.6655
150.0000   112.0000   44.7620   44.2892
151.0000   36.0000   23.1716   8.2486
152.0000   77.0000   26.6409   27.4913
153.0000   68.0000   18.5672   0.7170
154.0000   39.0000   20.2774   21.5246
155.0000   79.0000   25.7459   7.0172
156.0000   30.0000   34.3666   48.8811
157.0000   97.0000   33.2635   31.7610
158.0000   73.0000   31.9475   18.2101
159.0000   95.0000   47.0371   30.9842
160.0000   83.0000   31.1485   32.7712
161.0000   71.0000   5.3387   34.4367
162.0000   54.0000   21.5171   46.2391
163.0000   41.0000   16.2651   42.2912
164.0000   97.0000   30.0587   49.8704
165.0000   117.0000   7.8300   33.6839
166.0000   24.0000   2.9714   20.1052
167.0000   76.0000   43.8149   35.8921
168.0000   90.0000   41.7388   43.6090
169.0000   20.0000   35.2173   16.8112
170.0000   108.0000   31.7457   36.3119
171.0000   36.0000   33.4934   15.0044
172.0000   29.0000   26.0788   36.4372
173.0000   52.0000   22.2642   42.8674
174.0000   55.0000   23.6131   26.4642
175.0000   58.0000   33.4645   1.4617
176.0000   62.0000   45.3439   31.9962
177.0000   67.0000   26.8431   32.7491
178.0000   90.0000   43.2409   27.4023
179.0000   107.0000   25.0042   7.8760
180.0000   119.0000   28.2661   26.4469
181.0000   55.0000   10.5367   36.5299
182.0000   53.0000   14.0179   46.0518
183.0000   24.0000   14.2122   32.8538
184.0000   90.0000   32.4347   11.1709
185.0000   69.0000   42.8433   3.8862
186.0000   38.0000   27.5592   10.8220
187.0000   67.0000   7.9387   26.7132
188.0000   52.0000   11.3558   8.9482
189.0000   52.0000   4.4601   36.9665
190.0000   90.0000   40.9610   47.1322
191.0000   101.0000   23.3952   6.6809
192.0000   51.0000   46.1163   42.3398
193.0000   104.0000   6.4089   31.8578
194.0000   69.0000   47.9951   5.0730
195.0000   42.0000   4.9726   20.3296
196.0000   37.0000   15.8613   11.8098
197.0000   113.0000   42.2713   10.4812
198.0000   86.0000   10.7083   35.2819
199.0000   20.0000   27.3239   2.2398
200.0000   112.0000   3.2496   19.2029
201.0000   91.0000   1.9026   27.6546
202.0000   110.0000   17.4737   7.9395
203.0000   56.0000   39.2259   1.2814
204.0000   98.0000   5.4550   29.9246
205.0000   43.0000   16.4605   42.9422
206.0000   100.0000   22.7728   47.1643
207.0000   84.0000   24.7342   5.4934
208.0000   73.0000   40.2706   48.7017
209.0000   78.0000   13.7422   21.9258
210.0000   25.0000   40.3398   42.6496
211.0000   36.0000   4.3180   29.2356
212.0000   52.0000   41.0502   16.6189
213.0000   76.0000   36.2098   47.1442
214.0000   87.0000   1.6784   14.9578
215.0000   48.0000   44.9294   28.9473
216.0000   66.0000   13.9120   39.0915
217.0000   86.0000   10.5740   28.2146
218.0000   82.0000   0.4144   35.1550
219.0000   91.0000   0.6739   1.4221
220.0000   86.0000   41.6411   29.5675
221.0000   48.0000   8.2069   6.8720
222.0000   28.0000   6.5281   9.2807
223.0000   85.0000   37.3805   40.1191
224.0000   38.0000   4.5621   41.5542
225.0000   26.0000   34.5577   40.1144
226.0000   97.0000   29.5874   20.9198
227.0000   60.0000   2.1789   17.9667
228.0000   73.0000   35.9916   35.8782
229.0000   84.0000   10.1398   5.8669
230.0000   59.0000   49.3930   9.2427
231.0000   77.0000   22.1578   20.5415
232.0000   74.0000   3.5432   49.7535
233.0000   78.0000   5.7540   21.4045
234.0000   91.0000   20.7229   17.9638
235.0000   60.0000   23.6864   29.9145
236.0000   23.0000   25.9523   43.6682
237.0000   120.0000   49.5050   37.2412
238.0000   120.0000   33.3064   31.4328
239.0000   96.0000   21.3714   40.4114
240.0000   92.0000   26.9048   48.6012
241.0000   59.0000   10.8396   44.1111
242.0000   65.0000   47.3426   14.3161
243.0000   117.0000   16.7672   16.1956
244.0000   62.0000   22.6471   8.7304
245.0000   53.0000   12.2271   48.5451
246.0000   74.0000   27.2688   45.5783
247.0000   89.0000   4.1368   23.4211
248.0000   106.0000   21.8653   44.7349
249.0000   21.0000   46.9562   8.4114
250.0000   90.0000   44.4911   30.2909
251.0000   42.0000   5.8259   9.2010
252.0000   112.0000   43.8218   40.1172
253.0000   62.0000   39.3103   44.8646
254.0000   103.0000   21.5030   2.3549
255.0000   33.0000   36.5027   37.6507
256.0000   93.0000   7.5799   45.5869
257.0000   70.0000   26.1973   11.1444
258.0000   38.0000   6.6744   18.4286
259.0000   35.0000   14.9402   30.9031
260.0000   108.0000   27.0987   1.0706
261.0000   105.0000   34.3309   5.9802
262.0000   94.0000   29.5212   22.9346
263.0000   82.0000   23.5715   23.3406
264.0000   44.0000   49.4377   22.4995
265.0000   42.0000   28.4218   27.2227
266.0000   105.0000   10.6946   18.8188
267.0000   98.0000   18.9993   11.0570
268.0000   111.0000   6.8552   22.8383
269.0000   116.0000   45.5348   42.4284
270.0000   78.0000   15.3844   23.8806
271.0000   88.0000   9.3560   47.9799
272.0000   118.0000   45.0370   44.2589
273.0000   54.0000   44.3418   11.1262
274.0000   117.0000   12.4284   7.8998
275.0000   34.0000   22.9983   8.9264
