0.0000   0.0000   0.0000   0.0000
1.0000   111.0000   48.7184   37.6058
2.0000   67.0000   14.9323   19.7740
3.0000   119.0000   15.1875   34.0515
4.0000   119.0000   11.8302   17.4912
5.0000   82.0000   24.0974   28.5439
6.0000   61.0000   39.6966   39.5259
7.0000   106.0000   1.7227   30.0057
8.0000   64.0000   47.0627   40.2105
9.0000   61.0000   6.2203   11.7369
10.0000   119.0000   5.7777   38.4919
11.0000   68.0000   24.8907   18.6861
12.0000   35.0000   34.1458   5.0098
13.0000   40.0000   7.9424   17.5945
14.0000   119.0000   23.1176   19.1304
15.0000   97.0000   5.8850   9.6400
16.0000   81.0000   10.3462   45.3401
17.0000   117.0000   36.4883   1.8128
18.0000   89.0000   23.8660   12.7366
19.0000   78.0000   1.0973   19.7852
20.0000   68.0000   17.0923   40.7614
21.0000   39.0000   49.2299   29.1386
22.0000   78.0000   26.4768   27.1295
23.0000   64.0000   4.7461   33.6161
24.0000   117.0000   37.8867   36.7548
25.0000   105.0000   7.0259   28.5986
26.0000   120.0000   25.2704   23.2036
27.0000   109.0000   45.4113   32.9946
28.0000   106.0000   21.2910   47.5329
29.0000   48.0000   15.0277   29.4538
30.0000   109.0000   19.6662   0.0982
31.0000   60.0000   33.6245   28.4801
32.0000   71.0000   6.0085   21.3078
33.0000   50.0000   2.9226   30.6109
34.0000   44.0000   47.6275   18.8058
35.0000   39.0000   48.8044   12.7719
36.0000   69.0000   12.3496   20.9387
37.0000   96.0000   35.0659   7.3243
38.0000   66.0000   16.3998   35.1319
39.0000   90.0000   34.6584   48.8853
40.0000   84.0000   24.3018   19.4385
41.0000   43.0000   37.8344   36.5247
42.0000   40.0000   28.3354   5.4931
43.0000   55.0000   29.4565   45.7083
44.0000   49.0000   12.8816   17.0467
45.0000   108.0000   3.1989   17.1772
46.0000   62.0000   37.1631   6.6921
47.0000   114.0000   40.1683   0.4775
48.0000   88.0000   28.0577   45.5000
49.0000   114.0000   3.4151   14.9488
50.0000   83.0000   20.2889   19.1633
51.0000   93.0000   14.6508   2.9687
52.0000   36.0000   3.0024   41.5661
53.0000   91.0000   49.1876   27.3095
54.0000   104.0000   24.0610   44.6968
55.0000   36.0000   33.9946   31.4398
56.0000   88.0000   12.1225   20.5866
57.0000   63.0000   38.8376   8.4451
58.0000   32.0000   10.3531   44.6843
59.0000   40.0000   12.4252   43.9947
60.0000   117.0000   39.0556   2.4567
61.0000   120.0000   23.9660   38.3392
62.0000   90.0000   30.5643   17.4109
63.0000   76.0000   28.5750   10.6484
64.0000   34.0000   43.3572   7.6777
65.0000   99.0000   27.6772   38.6990
66.0000   102.0000   25.3893   29.8623
67.0000   45.0000   32.6975   9.5880
68.0000   110.0000   41.2678   24.8808
69.0000   47.0000   43.6149   41.6131
70.0000   108.0000   44.0486   4.9190
71.0000   111.0000   43.0712   29.5460
72.0000   54.0000   33.3490   34.3809
73.0000   61.0000   4.4567   31.5541
74.0000   53.0000   47.2907   46.9764
75.0000   96.0000   45.8536   16.8510
76.0000   65.0000   22.5436   19.5722
77.0000   100.0000   25.7945   23.9468
78.0000   53.0000   2.7327   6.8243
79.0000   118.0000   36.8583   6.7442
80.0000   91.0000   8.6727   33.4187
81.0000   74.0000   14.6498   0.4897
82.0000   91.0000   37.0819   2.4927
83.0000   98.0000   8.8680   14.7930
84.0000   61.0000   6.0304   46.5011
85.0000   50.0000   35.4991   26.4359
86.0000   90.0000   35.8813   12.8398
87.0000   32.0000   43.2657   10.4851
88.0000   67.0000   27.1305   16.6216
89.0000   37.0000   11.7233   42.7812
90.0000   94.0000   16.0947   33.0535
91.0000   82.0000   19.8560   15.0661
92.0000   42.0000   44.5369   0.3734
93.0000   96.0000   10.2497   1.8290
94.0000   111.0000   18.0762   15.5164
95.0000   71.0000   13.4333   42.4804
96.0000   112.0000   36.8643   29.4564
97.0000   68.0000   27.7635   24.7768
98.0000   49.0000   16.4366   31.2980
99.0000   31.0000   49.7586   38.3711
100.0000   89.0000   49.3894   45.1727
101.0000   57.0000   29.8872   30.8893
102.0000   34.0000   26.9662   36.8110
103.0000   43.0000   43.3742   41.2223
104.0000   58.0000   11.3460   31.8365
105.0000   81.0000   44.4578   39.1377
106.0000   103.0000   31.3919   25.5286
107.0000   110.0000   15.8095   38.4100
108.0000   99.0000   7.0126   28.0150
109.0000   77.0000   5.1521   38.7309
110.0000   62.0000   49.2943   38.0781
111.0000   56.0000   23.7327   0.8846
112.0000   65.0000   48.1422   33.3307
113.0000   77.0000   13.0126   20.5596
114.0000   89.0000   15.9466   26.4627
115.0000   38.0000   46.7755   24.3550
116.0000   39.0000   28.5908   10.5924
117.0000   46.0000   4.0014   36.7112
118.0000   75.0000   39.2968   22.1494
119.0000   87.0000   22.8412   5.2478
120.0000   100.0000   3.8465   2.0889
121.0000   39.0000   15.1805   42.5671
122.0000   49.0000   36.3814   31.3389
123.0000   100.0000   2.7647   15.7161
124.0000   54.0000   37.1189   17.9623
125.0000   32.0000   39.0865   43.4889
