0.0000   0.0000   50.0000   50.0000
1.0000   94.0000   60.5176   39.4951
2.0000   31.0000   36.6584   35.9516
3.0000   95.0000   54.2981   49.0837
4.0000   81.0000   10.4973   61.7467
5.0000   15.0000   69.9456   11.0976
6.0000   1.0000   10.1979   45.3094
7.0000   79.0000   97.0778   20.3171
8.0000   19.0000   82.9109   94.7224
9.0000   89.0000   43.8771   37.2806
10.0000   90.0000   51.7892   9.2644
11.0000   20.0000   18.4054   8.1076
12.0000   19.0000   6.0949   95.0459
13.0000   97.0000   84.1770   59.1043
14.0000   88.0000   25.4637   79.6158
15.0000   52.0000   19.5619   34.4732
16.0000   32.0000   19.4312   99.0504
17.0000   59.0000   73.4628   69.0737
18.0000   52.0000   29.5219   91.2865
19.0000   51.0000   87.1010   96.2813
20.0000   34.0000   90.4545   60.0408
21.0000   21.0000   80.2579   45.6258
22.0000   8.0000   97.7224   91.4716
23.0000   64.0000   10.2055   26.6332
24.0000   36.0000   21.9368   70.4784
25.0000   68.0000   66.0274   64.0333
26.0000   30.0000   3.7004   91.4314
27.0000   6.0000   27.3424   94.4395
28.0000   80.0000   3.2200   57.7187
29.0000   66.0000   6.4311   46.7760
30.0000   23.0000   86.6742   0.0494
31.0000   12.0000   31.6907   34.3651
32.0000   17.0000   98.3973   9.1469
33.0000   48.0000   79.2134   77.5514
34.0000   55.0000   97.1269   74.7433
35.0000   99.0000   58.0168   69.2562
36.0000   26.0000   2.2849   80.4461
37.0000   79.0000   32.8185   7.4944
38.0000   19.0000   23.6139   34.0930
39.0000   30.0000   49.5008   54.3718
40.0000   1.0000   66.8063   30.7287
41.0000   39.0000   57.9323   8.1483
42.0000   14.0000   91.6552   85.5029
43.0000   53.0000   79.0896   95.8270
44.0000   57.0000   39.0326   29.8931
45.0000   58.0000   80.8641   51.0983
46.0000   9.0000   90.4982   97.2462
47.0000   57.0000   93.3860   88.3424
48.0000   77.0000   84.2708   7.7544
49.0000   75.0000   62.1087   23.9214
50.0000   24.0000   42.0517   13.3328
51.0000   81.0000   44.5921   58.1935
52.0000   78.0000   85.1371   76.8880
53.0000   53.0000   41.1641   72.3751
54.0000   95.0000   38.3136   24.7034
55.0000   80.0000   65.3587   13.5588
56.0000   20.0000   15.3407   29.1950
57.0000   62.0000   19.5195   32.9513
58.0000   3.0000   80.9927   18.0411
59.0000   85.0000   56.7397   95.8938
60.0000   19.0000   68.3037   42.1955
61.0000   40.0000   90.6975   50.4660
62.0000   77.0000   83.7764   42.4718
63.0000   22.0000   40.4464   41.0912
64.0000   84.0000   67.6482   0.8885
65.0000   4.0000   80.3148   15.1296
66.0000   97.0000   70.4381   47.9361
67.0000   54.0000   71.3733   86.6165
68.0000   79.0000   50.2567   27.9313
69.0000   56.0000   70.1728   4.2398
70.0000   33.0000   20.9331   66.8799
71.0000   41.0000   58.1116   61.0977
72.0000   22.0000   88.7096   10.4351
73.0000   7.0000   67.5641   90.6814
74.0000   34.0000   10.1098   62.4000
75.0000   82.0000   28.0986   8.1179
76.0000   68.0000   92.8842   17.5339
77.0000   58.0000   9.1555   22.9110
78.0000   64.0000   39.0658   58.0496
79.0000   6.0000   7.9980   84.0807
80.0000   75.0000   46.5126   47.3623
81.0000   44.0000   41.7789   30.2578
82.0000   10.0000   25.9769   5.1104
83.0000   27.0000   43.1254   62.5972
84.0000   92.0000   45.2726   98.7066
85.0000   67.0000   9.7304   72.6096
86.0000   81.0000   2.7413   60.3662
87.0000   91.0000   6.3700   66.4875
88.0000   31.0000   76.4919   30.0689
89.0000   80.0000   34.0101   78.0105
90.0000   63.0000   36.4368   58.7227
91.0000   90.0000   21.8090   59.4943
92.0000   37.0000   50.6709   96.6734
93.0000   51.0000   17.9282   42.6354
94.0000   56.0000   34.4221   26.5303
95.0000   91.0000   40.6968   19.7911
96.0000   20.0000   27.4025   46.3520
97.0000   15.0000   11.0922   46.8492
98.0000   10.0000   64.8109   19.6133
99.0000   64.0000   41.3353   34.1591
100.0000   96.0000   82.7953   15.1362
101.0000   89.0000   65.4958   37.7799
102.0000   96.0000   97.7359   83.5902
103.0000   75.0000   62.7244   44.1565
104.0000   46.0000   20.0742   71.8692
105.0000   17.0000   97.0788   58.7337
106.0000   79.0000   63.7706   0.9682
107.0000   88.0000   53.5856   18.8026
108.0000   58.0000   19.6032   3.0729
109.0000   52.0000   39.9385   85.5402
110.0000   79.0000   69.9949   15.8851
111.0000   46.0000   18.3778   7.5280
112.0000   90.0000   54.4581   1.0588
113.0000   3.0000   36.7700   71.9732
114.0000   33.0000   38.0666   17.0169
115.0000   85.0000   4.3157   93.5770
116.0000   3.0000   18.7335   97.6174
117.0000   9.0000   56.1412   22.1968
118.0000   91.0000   79.9408   14.8622
119.0000   24.0000   34.2329   96.7618
120.0000   20.0000   21.0006   50.8701
121.0000   40.0000   7.5958   12.4317
122.0000   39.0000   13.6530   45.5310
123.0000   29.0000   10.2697   77.7472
124.0000   9.0000   14.9879   18.6301
125.0000   4.0000   26.8274   61.8900
126.0000   65.0000   27.6509   45.8870
127.0000   11.0000   77.7631   18.4360
128.0000   24.0000   74.7462   46.3529
129.0000   73.0000   98.1934   21.1774
130.0000   62.0000   95.1178   13.6781
131.0000   25.0000   27.2841   17.4244
132.0000   62.0000   25.3546   16.2832
133.0000   60.0000   78.0794   78.4059
134.0000   72.0000   76.7540   88.4677
135.0000   52.0000   61.7908   89.2677
136.0000   68.0000   89.6312   8.4790
137.0000   25.0000   7.0294   88.2871
138.0000   48.0000   56.8221   3.6336
139.0000   84.0000   52.1932   76.1669
140.0000   92.0000   55.3931   58.4440
141.0000   91.0000   48.0542   39.6645
142.0000   14.0000   93.3655   55.8621
143.0000   42.0000   41.4471   4.7401
144.0000   83.0000   87.9873   2.0895
145.0000   3.0000   39.7785   14.3917
146.0000   45.0000   36.0304   52.0051
147.0000   47.0000   72.7751   26.6659
148.0000   50.0000   53.8231   69.7778
149.0000   87.0000   77.5773   84.4682
150.0000   98.0000   13.9720   3.8588
151.0000   21.0000   19.7656   69.7060
152.0000   54.0000   22.7392   61.3777
153.0000   61.0000   28.9536   28.8099
154.0000   13.0000   5.5777   21.6743
155.0000   32.0000   9.8364   82.2934
156.0000   85.0000   97.5079   98.1317
157.0000   33.0000   56.8425   74.3222
158.0000   76.0000   15.5300   56.4610
159.0000   34.0000   27.2630   87.0384
160.0000   65.0000   59.8379   0.4862
161.0000   4.0000   92.3641   12.1245
162.0000   41.0000   92.3076   87.5065
163.0000   32.0000   4.5855   40.2487
164.0000   63.0000   67.4182   40.5783
165.0000   85.0000   1.3642   35.1718
166.0000   77.0000   51.5835   29.7511
167.0000   6.0000   27.1146   47.7463
168.0000   87.0000   78.2094   49.4594
169.0000   42.0000   13.8724   59.0879
170.0000   63.0000   65.7313   64.1578
171.0000   56.0000   18.9549   33.2444
172.0000   39.0000   10.2928   30.0712
173.0000   3.0000   31.4438   7.7274
174.0000   93.0000   57.3105   51.1994
175.0000   53.0000   51.9914   83.9943
176.0000   26.0000   8.6539   0.1355
177.0000   24.0000   75.6227   2.0339
178.0000   59.0000   83.4442   54.3549
179.0000   4.0000   24.1508   20.2298
180.0000   20.0000   92.5307   52.2838
181.0000   70.0000   53.3329   3.5366
182.0000   96.0000   56.8517   88.9818
183.0000   85.0000   30.7877   45.2199
184.0000   100.0000   18.0918   5.4910
185.0000   90.0000   12.4063   0.0602
186.0000   98.0000   14.7943   35.4163
187.0000   95.0000   98.7651   94.9802
188.0000   31.0000   87.4582   64.0168
189.0000   71.0000   13.6090   52.8369
190.0000   80.0000   43.4187   80.9579
191.0000   88.0000   5.3939   88.4578
192.0000   74.0000   88.6453   54.8736
193.0000   21.0000   57.7187   94.2374
194.0000   46.0000   28.6186   63.4633
195.0000   61.0000   14.9622   78.4956
196.0000   56.0000   66.5687   25.0921
197.0000   45.0000   21.6860   92.4414
198.0000   53.0000   77.0979   1.1020
199.0000   38.0000   68.7540   63.2457
200.0000   85.0000   99.3509   40.8408
201.0000   62.0000   72.6868   27.1004
202.0000   50.0000   69.5482   93.6071
203.0000   64.0000   13.7818   86.5825
204.0000   100.0000   95.9548   19.0118
205.0000   64.0000   66.9917   79.3104
206.0000   53.0000   3.1591   82.0819
207.0000   56.0000   47.0034   10.7868
208.0000   11.0000   10.0018   42.2517
209.0000   7.0000   9.2859   44.8595
210.0000   98.0000   68.6911   0.8822
211.0000   95.0000   8.4607   94.9396
212.0000   82.0000   86.4100   1.4305
213.0000   54.0000   10.3141   67.8372
214.0000   67.0000   46.7849   91.8461
215.0000   8.0000   82.1331   76.6056
216.0000   54.0000   13.2871   2.2343
217.0000   58.0000   83.0961   55.6726
218.0000   28.0000   22.9498   63.6666
219.0000   14.0000   97.9848   76.2104
220.0000   63.0000   73.9004   58.6974
221.0000   17.0000   77.8941   79.4355
222.0000   37.0000   95.8837   63.2098
223.0000   56.0000   18.3458   53.9833
224.0000   95.0000   53.9227   9.4362
225.0000   94.0000   46.0362   12.0625
226.0000   71.0000   80.6637   48.0806
227.0000   31.0000   20.8708   56.8027
228.0000   39.0000   91.8210   47.5320
229.0000   56.0000   73.2627   10.5359
230.0000   49.0000   14.5853   48.1125
231.0000   43.0000   52.8424   29.2177
232.0000   50.0000   29.1438   47.7280
233.0000   4.0000   35.4200   19.3577
234.0000   37.0000   89.4600   89.3141
235.0000   90.0000   15.0454   68.6692
236.0000   48.0000   7.5088   95.6763
237.0000   89.0000   78.7918   61.9014
238.0000   61.0000   14.0958   69.8497
239.0000   1.0000   46.7130   85.9626
240.0000   61.0000   59.0676   61.4066
241.0000   99.0000   13.6571   96.3457
242.0000   3.0000   81.9743   22.6975
243.0000   100.0000   52.3742   40.3025
244.0000   58.0000   95.3718   55.8879
245.0000   49.0000   80.8716   27.0038
246.0000   61.0000   37.2079   37.1917
247.0000   76.0000   2.2437   6.8262
248.0000   48.0000   37.5117   58.1160
249.0000   39.0000   79.4768   26.3991
250.0000   52.0000   91.7465   55.2501
251.0000   97.0000   98.5605   10.2012
252.0000   10.0000   47.9929   62.0860
253.0000   28.0000   79.9072   64.5049
254.0000   3.0000   7.3223   9.3690
255.0000   83.0000   30.4313   29.2838
256.0000   90.0000   2.5441   36.2157
257.0000   37.0000   13.0929   80.0638
258.0000   37.0000   90.1757   82.9456
259.0000   66.0000   6.9088   58.7639
260.0000   17.0000   21.1966   8.2772
261.0000   12.0000   30.8785   28.3212
262.0000   35.0000   96.6886   30.6654
263.0000   30.0000   47.5580   24.4000
264.0000   77.0000   14.2569   53.1764
265.0000   90.0000   30.8274   75.9805
266.0000   35.0000   30.4251   58.9802
267.0000   69.0000   4.0554   94.3350
268.0000   84.0000   53.1724   75.0141
269.0000   14.0000   81.0941   47.8852
270.0000   81.0000   69.6981   10.3267
271.0000   58.0000   97.2711   22.0804
272.0000   6.0000   42.1979   7.7089
273.0000   12.0000   68.2134   43.1796
274.0000   49.0000   6.6201   62.6097
275.0000   15.0000   92.6543   68.3454
276.0000   14.0000   78.1757   15.0266
277.0000   79.0000   5.2222   80.7685
278.0000   82.0000   59.1581   91.1580
279.0000   52.0000   40.7005   67.1869
280.0000   87.0000   88.5596   34.0687
281.0000   87.0000   22.6963   77.4931
282.0000   21.0000   83.9069   42.6108
283.0000   100.0000   96.2376   9.3735
284.0000   34.0000   59.4620   83.0397
285.0000   11.0000   43.1519   2.5995
286.0000   70.0000   10.0992   59.0855
287.0000   72.0000   81.4646   22.0822
288.0000   35.0000   47.7081   62.9084
289.0000   13.0000   49.2880   81.2256
290.0000   13.0000   63.0462   11.3534
291.0000   19.0000   43.1965   13.2691
292.0000   29.0000   68.8275   63.8841
293.0000   88.0000   88.8691   41.4354
294.0000   76.0000   60.7677   66.7566
295.0000   28.0000   31.8938   55.7179
296.0000   97.0000   36.3988   46.7953
297.0000   78.0000   13.5130   94.4558
298.0000   16.0000   5.6611   2.6435
299.0000   58.0000   15.8143   87.0551
300.0000   84.0000   5.5018   3.3593
301.0000   1.0000   29.2992   16.2906
302.0000   21.0000   56.9560   55.5722
303.0000   13.0000   24.7987   4.6258
304.0000   94.0000   19.0333   14.1013
305.0000   3.0000   13.5559   9.8552
306.0000   64.0000   40.9849   85.8710
307.0000   43.0000   17.7905   28.9874
308.0000   57.0000   37.1233   70.4668
309.0000   35.0000   20.6948   16.2910
310.0000   58.0000   81.1061   4.6549
311.0000   74.0000   39.5392   22.2532
312.0000   4.0000   93.2012   71.4808
313.0000   68.0000   27.7036   63.3854
314.0000   96.0000   43.3083   8.4072
315.0000   15.0000   12.6337   53.2372
316.0000   3.0000   39.0920   88.7048
317.0000   88.0000   16.2042   74.7896
318.0000   95.0000   43.1918   77.2919
319.0000   67.0000   92.5170   13.4065
320.0000   96.0000   87.7278   23.0394
321.0000   68.0000   49.1387   60.5155
322.0000   9.0000   68.0573   37.6116
323.0000   95.0000   3.1043   70.6339
324.0000   80.0000   63.0697   53.5769
325.0000   27.0000   9.5577   76.9127
326.0000   98.0000   8.9226   34.3360
327.0000   97.0000   82.6864   63.4516
328.0000   63.0000   4.8709   49.4497
329.0000   56.0000   65.8244   13.4040
330.0000   5.0000   51.3774   30.0043
331.0000   66.0000   71.5854   50.4638
332.0000   55.0000   20.0472   45.1853
333.0000   57.0000   44.1647   89.0650
334.0000   71.0000   45.7213   90.7047
335.0000   99.0000   94.7209   3.0105
336.0000   25.0000   29.4407   75.0313
337.0000   67.0000   31.9962   19.1253
338.0000   68.0000   48.5924   73.8361
339.0000   5.0000   11.0574   65.1207
340.0000   37.0000   78.5687   9.9843
341.0000   15.0000   10.3446   36.9577
342.0000   76.0000   10.8126   11.9554
343.0000   54.0000   55.1476   62.8677
344.0000   3.0000   92.0727   75.3313
345.0000   19.0000   89.2121   68.4938
346.0000   89.0000   34.2981   94.1449
347.0000   57.0000   84.0669   53.5839
348.0000   21.0000   27.9136   24.2107
349.0000   77.0000   64.9155   74.5410
350.0000   6.0000   69.9276   48.1574
351.0000   23.0000   46.9526   94.4233
352.0000   32.0000   82.4299   50.2437
353.0000   72.0000   20.5818   34.4323
354.0000   75.0000   48.4956   15.1427
355.0000   7.0000   22.6547   50.0213
356.0000   34.0000   82.3784   43.6642
357.0000   6.0000   96.8167   78.1985
358.0000   99.0000   56.9756   21.0887
359.0000   9.0000   96.6842   61.8273
360.0000   76.0000   88.8077   75.8495
361.0000   10.0000   96.6649   96.3694
362.0000   91.0000   85.5600   74.0664
363.0000   74.0000   17.4745   46.9725
364.0000   52.0000   36.2705   46.1193
365.0000   38.0000   67.1307   90.3497
366.0000   56.0000   97.6487   48.5227
367.0000   9.0000   59.1158   38.0917
368.0000   5.0000   88.5558   15.7549
369.0000   95.0000   12.4540   44.4039
370.0000   43.0000   82.7502   49.2304
371.0000   26.0000   62.4615   37.0226
372.0000   88.0000   4.3163   68.3407
373.0000   85.0000   97.5058   92.4377
374.0000   54.0000   60.3223   90.2795
375.0000   19.0000   26.2887   22.5090
376.0000   40.0000   77.4201   92.8505
377.0000   12.0000   76.4500   56.2837
378.0000   3.0000   25.0838   72.8880
379.0000   81.0000   26.8387   23.7797
380.0000   76.0000   1.6827   53.6489
381.0000   26.0000   9.9944   0.1837
382.0000   71.0000   86.1109   47.6409
383.0000   48.0000   36.1242   22.4180
384.0000   31.0000   8.0016   39.5036
385.0000   45.0000   49.8676   3.0482
386.0000   9.0000   30.2512   86.4446
387.0000   34.0000   79.0860   82.9895
388.0000   57.0000   91.9190   82.7006
389.0000   40.0000   80.7005   24.1979
390.0000   73.0000   45.7754   36.9031
391.0000   12.0000   41.4880   62.3250
392.0000   17.0000   79.3117   36.8627
393.0000   4.0000   69.1850   69.0663
394.0000   89.0000   33.1034   77.6866
395.0000   63.0000   60.4919   83.4040
396.0000   43.0000   10.5170   24.7367
397.0000   97.0000   96.3067   79.5100
398.0000   19.0000   46.0697   40.5251
399.0000   100.0000   67.0541   63.9871
400.0000   67.0000   41.3933   62.0988
