0.0000   0.0000   0.0000   0.0000
1.0000   150.0000   31.2898   21.9002
2.0000   177.0000   2.8579   32.2447
3.0000   146.0000   12.0019   23.3414
4.0000   173.0000   30.9457   41.6548
5.0000   170.0000   10.5758   18.6159
6.0000   177.0000   26.0182   39.1699
7.0000   100.0000   1.4840   40.4387
8.0000   143.0000   16.7947   27.2940
9.0000   142.0000   27.9836   34.7277
10.0000   129.0000   46.5800   46.2395
11.0000   166.0000   13.3239   41.3930
12.0000   178.0000   39.3709   10.2167
13.0000   158.0000   7.7056   49.4027
14.0000   126.0000   2.7322   40.7760
15.0000   96.0000   20.1188   12.8766
16.0000   122.0000   16.1348   0.6559
17.0000   156.0000   40.5272   24.6436
18.0000   126.0000   37.7907   47.7137
19.0000   131.0000   23.1343   14.0901
20.0000   152.0000   40.6531   9.6657
21.0000   146.0000   48.7704   2.3777
22.0000   117.0000   10.3410   17.0065
23.0000   90.0000   42.7869   23.9356
24.0000   109.0000   0.9123   32.5058
25.0000   139.0000   13.2108   48.8186
26.0000   115.0000   6.5359   35.1108
27.0000   152.0000   27.2820   38.9006
28.0000   145.0000   27.9466   22.3653
29.0000   91.0000   33.0942   41.6839
30.0000   148.0000   16.3606   29.5617
31.0000   109.0000   35.9678   32.3476
32.0000   118.0000   26.3380   13.2920
33.0000   160.0000   13.1659   12.3441
34.0000   149.0000   11.0414   48.8816
35.0000   143.0000   21.7284   48.6614
36.0000   106.0000   1.0887   48.6332
37.0000   95.0000   27.1796   43.5612
38.0000   158.0000   32.2051   9.1376
39.0000   103.0000   39.6548   48.9114
40.0000   131.0000   34.6293   44.5913
41.0000   180.0000   47.7684   2.1484
42.0000   154.0000   46.3459   25.8259
43.0000   166.0000   19.6702   2.7273
44.0000   111.0000   20.4969   1.0971
45.0000   138.0000   12.3416   41.2359
46.0000   160.0000   18.3899   19.7891
47.0000   128.0000   49.0485   15.0513
48.0000   140.0000   35.8738   36.0608
49.0000   125.0000   43.4048   21.0967
50.0000   166.0000   43.9299   38.1233
51.0000   180.0000   19.2360   49.9556
52.0000   112.0000   40.5275   18.6584
53.0000   101.0000   4.7902   29.4945
54.0000   142.0000   0.7547   45.5691
55.0000   176.0000   16.3855   34.8333
56.0000   132.0000   17.7689   14.6922
57.0000   120.0000   1.4842   8.9376
58.0000   92.0000   25.5659   29.2169
59.0000   151.0000   23.8782   43.3898
60.0000   126.0000   3.0437   21.5140
61.0000   132.0000   31.2790   18.4256
62.0000   149.0000   40.2485   14.6984
63.0000   142.0000   19.7274   16.8378
64.0000   144.0000   30.6348   1.9392
65.0000   144.0000   6.1157   27.1149
66.0000   175.0000   41.9208   48.1732
67.0000   111.0000   46.3152   23.4641
68.0000   100.0000   9.8108   45.0503
69.0000   138.0000   12.3342   21.5830
70.0000   140.0000   48.3946   27.5669
71.0000   157.0000   13.4316   13.0685
72.0000   131.0000   8.1262   42.0675
73.0000   92.0000   40.0931   29.7810
74.0000   140.0000   8.4779   46.2297
75.0000   113.0000   24.6203   31.4765
76.0000   126.0000   26.5576   23.0151
77.0000   120.0000   1.5830   19.7280
78.0000   131.0000   30.1042   0.9468
79.0000   170.0000   6.0212   48.8817
80.0000   150.0000   39.8813   47.7607
81.0000   152.0000   34.3995   4.3234
82.0000   151.0000   13.2067   20.9996
83.0000   180.0000   17.2769   45.5571
84.0000   96.0000   25.5336   15.1093
85.0000   175.0000   30.9654   11.7062
86.0000   143.0000   31.8070   13.8342
87.0000   154.0000   8.3315   47.3863
88.0000   172.0000   43.1674   27.3313
89.0000   91.0000   48.3040   33.4736
90.0000   172.0000   47.0275   6.5046
91.0000   95.0000   30.3583   23.5947
92.0000   118.0000   42.7957   0.0964
93.0000   120.0000   11.4918   32.3557
94.0000   112.0000   48.3550   35.1972
95.0000   110.0000   7.7381   7.5819
96.0000   139.0000   45.2148   39.4353
97.0000   149.0000   7.5174   18.4048
98.0000   138.0000   38.5170   12.4000
99.0000   123.0000   6.6926   0.1298
100.0000   155.0000   29.2195   23.5618
101.0000   158.0000   21.1086   27.5879
102.0000   161.0000   25.2228   13.8925
103.0000   90.0000   15.7280   34.6689
104.0000   150.0000   0.8227   48.0205
105.0000   105.0000   26.4545   10.5163
106.0000   132.0000   1.2937   22.9672
107.0000   174.0000   3.2454   37.1606
108.0000   169.0000   28.9046   11.0775
109.0000   155.0000   8.6918   16.3589
110.0000   156.0000   24.8796   0.7111
111.0000   138.0000   23.5362   9.3717
112.0000   130.0000   0.0559   38.1593
113.0000   123.0000   1.8065   44.7315
114.0000   111.0000   45.2999   2.1597
115.0000   93.0000   29.7333   20.8516
116.0000   114.0000   39.1197   8.3087
117.0000   167.0000   1.3226   15.0562
118.0000   118.0000   41.3186   11.4098
119.0000   110.0000   45.6300   30.9561
120.0000   103.0000   10.5932   38.9476
121.0000   146.0000   1.7606   38.2158
122.0000   156.0000   27.5518   25.1052
123.0000   144.0000   42.6437   8.1357
124.0000   156.0000   16.7225   6.9932
125.0000   158.0000   30.3280   49.5133
126.0000   172.0000   6.2852   47.2260
127.0000   150.0000   21.2613   24.7680
128.0000   103.0000   35.4390   11.8452
129.0000   153.0000   13.3662   20.6871
130.0000   109.0000   14.1467   5.9061
131.0000   151.0000   36.8975   16.1390
132.0000   158.0000   27.9928   18.1184
133.0000   136.0000   47.1273   26.5320
134.0000   117.0000   19.3350   28.5003
135.0000   99.0000   24.9060   36.5275
136.0000   111.0000   12.6925   23.6928
137.0000   101.0000   44.5582   46.7816
138.0000   158.0000   5.9886   19.7443
139.0000   174.0000   29.4895   9.3522
140.0000   138.0000   26.1497   41.4697
141.0000   124.0000   30.4210   6.9509
142.0000   138.0000   30.5110   11.2205
143.0000   140.0000   28.1430   34.4880
144.0000   108.0000   19.1313   20.3825
145.0000   146.0000   31.1344   42.6429
146.0000   96.0000   17.8860   21.4048
147.0000   115.0000   7.7092   38.3342
148.0000   162.0000   32.7629   14.6030
149.0000   160.0000   22.4968   10.4786
150.0000   159.0000   24.7523   47.5068
151.0000   167.0000   21.6815   43.5979
152.0000   115.0000   20.9299   39.8701
153.0000   112.0000   13.7121   30.1433
154.0000   116.0000   22.3366   15.4738
155.0000   135.0000   5.7595   15.3268
156.0000   159.0000   16.5724   10.5398
157.0000   130.0000   2.1276   31.2135
158.0000   160.0000   41.4873   10.5278
159.0000   108.0000   4.4083   27.5979
160.0000   133.0000   48.0130   23.5147
161.0000   123.0000   37.4173   36.9443
162.0000   148.0000   34.6001   47.3919
163.0000   137.0000   43.3981   46.6667
164.0000   163.0000   44.8400   22.0048
165.0000   110.0000   11.8619   2.0885
166.0000   107.0000   31.5144   27.2036
167.0000   113.0000   47.5743   15.5575
168.0000   128.0000   49.1848   18.7583
169.0000   172.0000   23.5241   43.7469
170.0000   170.0000   48.8199   39.4414
171.0000   160.0000   8.4370   31.9592
172.0000   109.0000   0.6711   41.8547
173.0000   176.0000   27.9766   16.9679
174.0000   94.0000   46.1147   2.3130
175.0000   112.0000   4.3381   21.9512
176.0000   99.0000   17.6189   31.9917
177.0000   104.0000   47.1567   28.7839
178.0000   120.0000   35.6513   37.6504
179.0000   161.0000   36.5997   8.3509
180.0000   102.0000   2.7833   13.5729
181.0000   139.0000   9.0137   19.7307
182.0000   137.0000   20.3247   2.0818
183.0000   120.0000   7.2746   0.2857
184.0000   154.0000   26.1614   25.6708
185.0000   111.0000   16.1442   32.1809
186.0000   106.0000   5.7703   42.6240
187.0000   113.0000   41.1080   20.8471
188.0000   126.0000   42.3303   28.7876
189.0000   117.0000   35.9344   16.4017
190.0000   97.0000   47.1454   6.4838
191.0000   90.0000   19.5951   29.5109
192.0000   101.0000   6.6966   25.6663
193.0000   170.0000   11.8780   15.7232
194.0000   153.0000   39.8797   41.2010
195.0000   169.0000   40.2037   38.5068
196.0000   103.0000   34.1788   1.0255
197.0000   155.0000   48.9107   30.3330
198.0000   98.0000   24.9002   11.2541
199.0000   147.0000   3.3161   31.2148
200.0000   94.0000   27.5823   28.9383
201.0000   128.0000   35.0558   21.7831
202.0000   115.0000   49.4370   1.6528
203.0000   140.0000   18.1475   43.4871
204.0000   117.0000   4.7183   13.9632
205.0000   150.0000   10.4031   40.7695
206.0000   152.0000   33.5720   29.3535
207.0000   106.0000   6.3676   11.2277
208.0000   93.0000   22.1402   24.5065
209.0000   114.0000   30.9670   9.6379
210.0000   178.0000   20.1750   28.4178
211.0000   98.0000   31.8283   48.1605
212.0000   117.0000   33.0636   43.6976
213.0000   112.0000   6.5261   12.4952
214.0000   154.0000   15.6063   13.4929
215.0000   112.0000   3.4697   20.5983
216.0000   173.0000   18.4145   1.3717
217.0000   128.0000   27.1423   3.9471
218.0000   110.0000   26.7285   42.8802
219.0000   163.0000   41.0407   14.4385
220.0000   137.0000   39.3253   48.8291
221.0000   105.0000   36.0710   10.7262
222.0000   172.0000   8.1622   45.2577
223.0000   128.0000   32.9828   13.7955
224.0000   131.0000   17.3331   32.3897
225.0000   178.0000   2.4467   1.2410
226.0000   150.0000   34.9058   30.2541
227.0000   124.0000   6.6335   7.2921
228.0000   135.0000   32.3265   0.4409
229.0000   134.0000   45.5241   49.2502
230.0000   158.0000   3.1539   39.7758
231.0000   168.0000   28.5306   46.7389
232.0000   118.0000   7.3733   25.2347
233.0000   128.0000   23.7110   5.8589
234.0000   107.0000   10.1537   0.8193
235.0000   95.0000   45.3377   23.0736
236.0000   139.0000   6.4833   35.7675
237.0000   156.0000   0.5730   11.3973
238.0000   134.0000   33.1826   46.6008
239.0000   93.0000   20.8197   16.2459
240.0000   133.0000   9.1157   35.8226
241.0000   92.0000   4.9950   20.9867
242.0000   129.0000   23.3404   19.3569
243.0000   150.0000   0.0041   25.1037
244.0000   165.0000   37.2417   37.4561
245.0000   154.0000   46.8662   38.2991
246.0000   97.0000   23.8915   17.9350
247.0000   115.0000   37.2379   3.2074
248.0000   142.0000   1.3403   9.1074
249.0000   166.0000   40.8684   6.0651
250.0000   138.0000   46.5257   38.1266
251.0000   166.0000   33.3152   41.3839
252.0000   163.0000   7.8547   1.1204
253.0000   128.0000   49.0298   22.6340
254.0000   174.0000   42.8132   7.8239
255.0000   104.0000   15.9128   36.6639
256.0000   140.0000   5.8832   40.5999
257.0000   109.0000   23.3930   17.2055
258.0000   116.0000   37.0735   14.2595
259.0000   104.0000   23.4720   36.0999
260.0000   105.0000   1.8265   25.3720
261.0000   121.0000   17.8920   48.5982
262.0000   139.0000   36.2872   28.7865
263.0000   180.0000   26.3194   3.2696
264.0000   99.0000   14.6917   2.0568
265.0000   119.0000   45.8636   0.7089
266.0000   135.0000   0.4964   11.1654
267.0000   180.0000   49.7075   14.8565
268.0000   149.0000   48.4504   41.5235
269.0000   131.0000   10.7154   3.5834
270.0000   172.0000   28.4878   48.0845
271.0000   108.0000   18.5480   24.4604
272.0000   124.0000   49.2468   10.9210
273.0000   146.0000   41.9953   41.3099
274.0000   124.0000   13.0631   19.8810
275.0000   128.0000   44.0084   19.7618
276.0000   124.0000   6.0044   5.4260
277.0000   116.0000   31.0046   30.7086
278.0000   105.0000   23.4947   36.0634
279.0000   99.0000   9.9195   13.4020
280.0000   109.0000   16.5233   17.0925
281.0000   110.0000   31.3401   1.8496
282.0000   147.0000   9.3625   0.3726
283.0000   119.0000   48.8077   27.0244
284.0000   177.0000   17.6207   25.8917
285.0000   99.0000   1.8436   9.4495
286.0000   155.0000   42.6548   36.0641
287.0000   121.0000   32.3316   30.8235
288.0000   126.0000   40.0609   25.2563
289.0000   104.0000   30.6220   48.5935
290.0000   109.0000   10.2518   3.6558
291.0000   159.0000   9.1418   47.3248
292.0000   146.0000   4.0381   13.1179
293.0000   116.0000   24.7142   17.6769
294.0000   153.0000   43.5282   23.9690
295.0000   111.0000   43.1095   30.4567
296.0000   112.0000   28.0126   20.9732
297.0000   124.0000   10.2954   26.7199
298.0000   140.0000   13.8020   26.6135
299.0000   97.0000   42.0939   24.5995
300.0000   122.0000   23.4293   33.3181
301.0000   171.0000   19.6438   20.2084
302.0000   179.0000   24.2761   48.7543
303.0000   112.0000   46.9347   4.4733
304.0000   173.0000   32.7730   12.8692
305.0000   149.0000   28.6606   27.2025
306.0000   130.0000   28.1346   22.9811
307.0000   159.0000   30.0375   37.8375
308.0000   112.0000   31.4703   7.2605
309.0000   100.0000   16.3294   30.7395
310.0000   139.0000   35.6306   23.5296
311.0000   101.0000   5.7884   41.1449
312.0000   138.0000   34.6491   9.6735
313.0000   121.0000   1.1288   9.3637
314.0000   112.0000   30.4620   16.9275
315.0000   171.0000   4.9519   17.1394
316.0000   116.0000   8.9948   0.5129
317.0000   116.0000   49.7708   0.3847
318.0000   103.0000   10.4444   23.8804
319.0000   138.0000   30.5544   10.0832
320.0000   153.0000   21.1080   47.3287
321.0000   130.0000   17.4431   4.1501
322.0000   105.0000   34.6322   38.0675
323.0000   98.0000   22.8313   41.5327
324.0000   145.0000   37.5736   39.7675
325.0000   168.0000   11.9328   49.6807
326.0000   172.0000   8.5415   25.2501
327.0000   99.0000   25.8869   21.6349
328.0000   173.0000   23.6619   20.5146
329.0000   91.0000   5.0502   19.3399
330.0000   121.0000   12.0366   37.2988
331.0000   167.0000   41.5728   42.5704
332.0000   121.0000   30.8431   26.4326
333.0000   108.0000   26.0104   37.0504
334.0000   155.0000   8.3938   2.6370
335.0000   165.0000   43.6207   27.8620
336.0000   141.0000   36.9698   34.1922
337.0000   157.0000   42.5967   35.4603
338.0000   117.0000   24.7377   21.9255
339.0000   122.0000   47.3026   7.8049
340.0000   137.0000   8.7611   10.0744
341.0000   139.0000   11.8496   21.9036
342.0000   143.0000   23.2475   36.0053
343.0000   111.0000   33.3552   35.2290
344.0000   175.0000   2.4257   25.0174
345.0000   112.0000   4.9924   14.9022
346.0000   149.0000   11.1801   27.6616
347.0000   97.0000   46.9630   22.4500
348.0000   153.0000   42.6219   0.5667
349.0000   170.0000   11.5637   32.1069
350.0000   92.0000   43.0427   11.0196
