0.0000   0.0000   0.0000   0.0000
1.0000   131.0000   34.0985   14.4980
2.0000   131.0000   37.6207   13.4931
3.0000   90.0000   24.9477   14.5629
4.0000   140.0000   44.8193   38.6612
5.0000   107.0000   18.5462   2.7083
6.0000   132.0000   9.2006   35.0281
7.0000   104.0000   19.8796   19.9240
8.0000   98.0000   31.4566   25.9022
9.0000   72.0000   49.9248   19.7245
10.0000   62.0000   38.7087   42.7813
11.0000   120.0000   31.1925   2.1478
12.0000   138.0000   22.5571   2.1984
13.0000   92.0000   22.1208   12.8872
14.0000   81.0000   24.5861   43.8573
15.0000   116.0000   35.4729   27.5213
16.0000   118.0000   33.7994   15.5404
17.0000   86.0000   14.6275   12.4490
18.0000   130.0000   36.8707   12.5512
19.0000   134.0000   8.5466   42.8407
20.0000   92.0000   41.5142   23.5646
21.0000   86.0000   18.0376   2.7245
22.0000   102.0000   27.8014   23.4716
23.0000   109.0000   28.8288   40.8203
24.0000   72.0000   48.8428   39.2537
25.0000   120.0000   42.6925   46.5537
26.0000   67.0000   20.0796   8.3080
27.0000   140.0000   31.3369   14.3443
28.0000   143.0000   9.3130   35.3235
29.0000   105.0000   15.3958   14.6969
30.0000   111.0000   48.4337   8.8809
31.0000   133.0000   17.6888   34.3951
32.0000   140.0000   26.3970   15.2452
33.0000   101.0000   27.1974   45.9869
34.0000   97.0000   48.4966   40.5805
35.0000   94.0000   0.8190   16.7484
36.0000   98.0000   2.4802   36.0179
37.0000   108.0000   18.2075   27.3924
38.0000   133.0000   40.1258   37.9174
39.0000   150.0000   42.8311   41.3056
40.0000   104.0000   38.8458   35.0365
41.0000   125.0000   20.4074   39.3347
42.0000   60.0000   8.4787   27.4179
43.0000   127.0000   20.5919   27.8729
44.0000   67.0000   23.0942   34.8548
45.0000   69.0000   21.6727   45.7822
46.0000   131.0000   2.9991   31.0638
47.0000   140.0000   24.2174   7.3365
48.0000   86.0000   16.8228   9.7986
49.0000   109.0000   0.0774   32.7773
50.0000   88.0000   2.3755   33.5001
51.0000   144.0000   23.9521   35.2576
52.0000   69.0000   18.1077   21.4822
53.0000   72.0000   31.2516   11.6486
54.0000   134.0000   28.5612   15.1062
55.0000   129.0000   28.0971   21.9588
56.0000   112.0000   40.1676   32.6181
57.0000   94.0000   28.2909   16.6292
58.0000   82.0000   26.6848   32.4043
59.0000   109.0000   1.6851   39.0546
60.0000   77.0000   11.4936   32.7837
61.0000   91.0000   12.8176   31.0618
62.0000   74.0000   16.4463   15.7899
63.0000   100.0000   20.0792   25.8480
64.0000   140.0000   28.0452   47.5860
65.0000   60.0000   28.6915   31.1179
66.0000   72.0000   22.0031   16.1523
67.0000   135.0000   43.8046   1.6301
68.0000   130.0000   25.8247   42.0690
69.0000   140.0000   34.1912   14.8666
70.0000   136.0000   37.7085   26.7800
71.0000   147.0000   14.4899   41.6769
72.0000   90.0000   1.9123   36.2704
73.0000   127.0000   48.8795   39.0366
74.0000   65.0000   8.0899   15.0558
75.0000   69.0000   0.2434   22.4698
76.0000   141.0000   5.5181   11.0033
77.0000   79.0000   17.1674   47.6615
78.0000   112.0000   12.6686   17.0452
79.0000   144.0000   17.9070   47.9460
80.0000   109.0000   6.6256   48.0991
81.0000   134.0000   12.1052   37.3760
82.0000   130.0000   48.7252   9.3711
83.0000   85.0000   3.9855   6.6660
84.0000   65.0000   3.7612   17.9652
85.0000   133.0000   41.4289   25.2138
86.0000   111.0000   14.3921   43.9384
87.0000   82.0000   42.7471   16.2172
88.0000   109.0000   42.2486   34.0891
89.0000   106.0000   42.0043   13.3960
90.0000   65.0000   30.1155   31.5845
91.0000   113.0000   8.1366   43.2566
92.0000   70.0000   49.8815   26.8625
93.0000   110.0000   44.2604   4.9294
94.0000   141.0000   15.1300   39.1123
95.0000   140.0000   21.3229   39.9903
96.0000   92.0000   3.4239   1.1278
97.0000   142.0000   27.2784   11.9898
98.0000   77.0000   16.7022   23.8191
99.0000   70.0000   31.1575   33.0026
100.0000   132.0000   7.5686   8.7108
101.0000   69.0000   41.0757   34.1576
102.0000   66.0000   14.9309   12.8621
103.0000   87.0000   25.4315   16.3682
104.0000   129.0000   17.8148   48.6457
105.0000   133.0000   38.9632   27.1872
106.0000   105.0000   7.3972   6.0862
107.0000   130.0000   40.0355   27.8314
108.0000   69.0000   7.9693   39.0940
109.0000   73.0000   19.9753   42.4094
110.0000   104.0000   1.7774   49.4108
111.0000   104.0000   8.9956   14.2704
112.0000   91.0000   2.8986   30.9386
113.0000   139.0000   38.1723   46.8335
114.0000   69.0000   6.4992   22.4260
115.0000   143.0000   4.4359   10.2756
116.0000   149.0000   10.6471   12.2111
117.0000   141.0000   7.2606   3.2121
118.0000   113.0000   3.1755   43.9490
119.0000   128.0000   10.1534   36.5339
120.0000   80.0000   16.9855   25.8873
121.0000   134.0000   10.8415   44.9298
122.0000   127.0000   42.4204   23.3359
123.0000   142.0000   26.8767   13.4902
124.0000   100.0000   32.6760   26.1893
125.0000   79.0000   17.5002   26.8104
126.0000   103.0000   19.7156   32.6066
127.0000   72.0000   47.1633   32.8318
128.0000   117.0000   25.0485   5.4093
129.0000   69.0000   34.3337   42.1340
130.0000   88.0000   39.4331   45.0226
131.0000   139.0000   31.3923   2.6159
132.0000   71.0000   25.9385   30.4578
133.0000   73.0000   40.1270   4.7842
134.0000   125.0000   41.0144   21.8377
135.0000   90.0000   32.1272   22.9747
136.0000   114.0000   18.6182   28.1858
137.0000   114.0000   2.8366   8.9068
138.0000   67.0000   21.1384   26.8683
139.0000   89.0000   18.8150   47.9976
140.0000   109.0000   3.4316   4.4682
141.0000   146.0000   29.1300   33.9992
142.0000   81.0000   37.1671   31.5049
143.0000   65.0000   45.8283   46.3246
144.0000   124.0000   32.8152   7.7792
145.0000   115.0000   18.8316   1.9534
146.0000   129.0000   49.0142   43.2214
147.0000   74.0000   22.9038   14.7595
148.0000   84.0000   17.4543   6.2076
149.0000   95.0000   14.9721   7.4756
150.0000   101.0000   15.4499   3.1841
