0.0000   0.0000   50.0000   50.0000
1.0000   77.0000   87.9049   84.9568
2.0000   110.0000   98.4523   0.8440
3.0000   113.0000   86.0395   79.7428
4.0000   101.0000   54.8698   41.8788
5.0000   57.0000   24.7002   81.1913
6.0000   37.0000   92.8056   96.9434
7.0000   69.0000   25.8367   79.2016
8.0000   120.0000   31.0737   50.5908
9.0000   41.0000   36.9342   6.5305
10.0000   41.0000   31.4068   44.9184
11.0000   100.0000   72.0138   76.3252
12.0000   88.0000   25.0771   18.7566
13.0000   91.0000   24.3032   15.5527
14.0000   93.0000   21.6720   45.6476
15.0000   41.0000   40.9834   86.4707
16.0000   53.0000   86.1753   41.9306
17.0000   86.0000   80.6067   33.2340
18.0000   102.0000   41.2669   74.6572
19.0000   82.0000   10.4852   60.1410
20.0000   66.0000   52.3565   94.6949
21.0000   110.0000   77.7515   74.8425
22.0000   103.0000   17.4336   85.5201
23.0000   52.0000   82.6798   81.8763
24.0000   100.0000   26.4750   17.9774
25.0000   91.0000   54.4684   24.0261
26.0000   86.0000   5.6918   17.6738
27.0000   100.0000   56.2187   22.8682
28.0000   34.0000   97.3650   19.6922
29.0000   54.0000   99.2223   53.8333
30.0000   55.0000   96.9204   64.1929
31.0000   112.0000   87.2521   57.1602
32.0000   60.0000   15.5893   35.0431
33.0000   79.0000   4.3237   83.2521
34.0000   81.0000   75.9807   84.5818
35.0000   52.0000   73.1101   96.2381
36.0000   53.0000   74.6030   47.1778
37.0000   81.0000   99.6620   58.9347
38.0000   73.0000   94.6207   2.1506
39.0000   85.0000   1.7306   94.3259
40.0000   63.0000   56.2572   63.3183
41.0000   72.0000   20.1239   5.2410
42.0000   86.0000   60.4664   13.6643
43.0000   94.0000   46.7530   5.2023
44.0000   113.0000   57.9147   68.6731
45.0000   79.0000   12.5768   17.8519
46.0000   72.0000   43.6574   59.7688
47.0000   114.0000   42.6523   45.8050
48.0000   63.0000   38.5098   61.5697
49.0000   83.0000   12.3166   37.2836
50.0000   90.0000   65.9709   78.3177
51.0000   49.0000   7.9855   12.3160
52.0000   104.0000   4.3484   25.1286
53.0000   73.0000   30.3116   79.5006
54.0000   104.0000   64.1041   2.3657
55.0000   110.0000   99.7270   6.2737
56.0000   103.0000   98.8719   23.7730
57.0000   57.0000   65.0606   35.2995
58.0000   39.0000   37.4185   33.3294
59.0000   61.0000   54.4770   31.1146
60.0000   116.0000   33.7777   0.3597
61.0000   58.0000   40.7343   3.0511
62.0000   85.0000   96.9898   13.8873
63.0000   51.0000   91.3943   66.0095
64.0000   77.0000   42.1197   0.1331
65.0000   75.0000   45.4978   95.4276
66.0000   49.0000   18.4657   86.7394
67.0000   109.0000   14.7917   8.1374
68.0000   95.0000   97.1266   91.1317
69.0000   62.0000   25.3578   41.5412
70.0000   95.0000   22.8043   39.2416
71.0000   81.0000   29.0367   22.1395
72.0000   79.0000   54.4610   72.8364
73.0000   37.0000   20.6210   14.7508
74.0000   90.0000   93.1847   3.3656
75.0000   118.0000   81.2146   91.2743
76.0000   107.0000   72.3929   67.8765
77.0000   72.0000   83.9294   62.6909
78.0000   95.0000   48.1323   4.7772
79.0000   76.0000   46.4351   55.4625
80.0000   88.0000   48.0853   27.0808
81.0000   44.0000   37.9281   27.3293
82.0000   50.0000   37.8996   22.8301
83.0000   82.0000   63.3497   72.6548
84.0000   60.0000   27.9076   10.5509
85.0000   108.0000   58.5124   78.9369
86.0000   56.0000   24.1597   3.5330
87.0000   72.0000   5.3161   53.3358
88.0000   36.0000   48.6434   47.2031
89.0000   70.0000   18.7615   48.4353
90.0000   95.0000   81.5367   15.9915
91.0000   61.0000   91.5045   16.0635
92.0000   98.0000   86.0452   42.6172
93.0000   79.0000   42.7362   56.1047
94.0000   48.0000   41.3263   94.9224
95.0000   78.0000   90.4152   16.0182
96.0000   36.0000   1.6548   14.0899
97.0000   63.0000   80.0808   5.3816
98.0000   81.0000   51.5785   23.7962
99.0000   118.0000   90.1642   50.5793
100.0000   61.0000   82.9763   47.0187
101.0000   99.0000   48.0121   77.7138
102.0000   47.0000   48.8581   72.0961
103.0000   57.0000   93.7193   21.9817
104.0000   81.0000   73.5440   50.4850
105.0000   61.0000   12.2317   65.2056
106.0000   55.0000   21.6421   48.3895
107.0000   113.0000   47.5502   36.3243
108.0000   39.0000   42.8742   72.1972
109.0000   118.0000   41.5594   95.2569
110.0000   107.0000   76.6181   24.8363
111.0000   116.0000   96.3659   47.5922
112.0000   50.0000   30.8755   99.0915
113.0000   93.0000   0.3314   79.9701
114.0000   102.0000   66.6073   42.4653
115.0000   75.0000   51.8395   26.6293
116.0000   53.0000   67.6358   82.7508
117.0000   36.0000   68.9860   94.6650
118.0000   83.0000   28.0714   58.8883
119.0000   98.0000   29.2287   36.0633
120.0000   49.0000   41.7712   96.4103
121.0000   42.0000   44.0113   98.0923
122.0000   78.0000   86.3513   30.9310
123.0000   91.0000   54.0609   51.2974
124.0000   62.0000   0.5738   19.5040
125.0000   111.0000   53.9850   52.3784
126.0000   48.0000   21.3716   62.1317
127.0000   113.0000   38.9208   90.4707
128.0000   109.0000   19.7042   53.2904
129.0000   49.0000   94.3800   60.1402
130.0000   83.0000   75.5297   68.7027
131.0000   119.0000   49.3541   42.8931
132.0000   39.0000   25.4527   56.0755
133.0000   59.0000   68.1601   7.5229
134.0000   34.0000   5.5162   67.0220
135.0000   61.0000   12.3677   68.2616
136.0000   117.0000   59.4282   14.3055
137.0000   39.0000   67.9156   35.8418
138.0000   99.0000   81.7341   4.3392
139.0000   63.0000   78.7489   74.7569
140.0000   109.0000   83.1603   55.9983
141.0000   44.0000   79.7258   96.5431
142.0000   110.0000   16.9419   42.0704
143.0000   120.0000   69.6842   68.1615
144.0000   41.0000   77.4991   67.5694
145.0000   79.0000   77.7664   61.2996
146.0000   115.0000   31.4060   86.6970
147.0000   115.0000   61.5157   16.5129
148.0000   87.0000   56.7770   99.2643
149.0000   114.0000   82.5131   83.9657
150.0000   85.0000   89.1889   93.3001
151.0000   64.0000   56.2857   94.7717
152.0000   73.0000   59.0316   35.7097
153.0000   57.0000   29.4328   14.6642
154.0000   88.0000   8.0026   74.5488
155.0000   87.0000   64.8531   98.8691
156.0000   85.0000   37.0853   60.3199
157.0000   106.0000   98.5876   81.5230
158.0000   32.0000   83.7208   55.8984
159.0000   67.0000   77.5783   0.4914
160.0000   79.0000   78.6305   36.9208
161.0000   112.0000   86.8613   33.9758
162.0000   84.0000   55.8563   18.3647
163.0000   48.0000   4.2251   73.4865
164.0000   74.0000   95.3617   30.2391
165.0000   92.0000   56.0731   50.8701
166.0000   114.0000   18.1737   74.1355
167.0000   106.0000   67.3537   73.3343
168.0000   98.0000   36.5501   5.6110
169.0000   113.0000   20.1130   57.0146
170.0000   110.0000   1.3199   86.1103
171.0000   77.0000   88.1787   70.3693
172.0000   39.0000   48.3385   57.5003
173.0000   79.0000   63.9450   23.1098
174.0000   95.0000   33.1098   99.7400
175.0000   108.0000   80.1908   81.7386
176.0000   112.0000   0.1008   66.8257
177.0000   33.0000   2.2405   21.6614
178.0000   36.0000   76.0819   42.0001
179.0000   60.0000   72.4001   0.3645
180.0000   103.0000   12.5387   54.4033
181.0000   35.0000   73.7143   86.7805
182.0000   40.0000   65.6754   48.2069
183.0000   33.0000   19.8902   95.4282
184.0000   46.0000   4.2625   0.5671
185.0000   82.0000   91.0224   89.8083
186.0000   90.0000   6.4148   92.3105
187.0000   40.0000   72.5340   79.8474
188.0000   74.0000   66.4895   46.2863
189.0000   72.0000   2.3507   47.5491
190.0000   115.0000   43.4986   59.6261
191.0000   34.0000   31.4169   6.8898
192.0000   68.0000   29.6935   48.7953
193.0000   114.0000   6.5918   56.9025
194.0000   50.0000   95.3001   42.9617
195.0000   115.0000   45.6364   70.2877
196.0000   84.0000   63.0401   0.3195
197.0000   72.0000   90.1345   73.0803
198.0000   60.0000   86.7964   50.0092
199.0000   80.0000   70.9293   44.7707
200.0000   113.0000   6.5248   32.7499
201.0000   80.0000   90.3255   48.9110
202.0000   30.0000   45.9165   92.3552
203.0000   92.0000   71.4117   25.7749
204.0000   92.0000   2.5476   76.3083
205.0000   86.0000   22.8481   29.1563
206.0000   51.0000   34.2819   35.9083
207.0000   110.0000   76.1239   34.9299
208.0000   64.0000   15.2256   3.7489
209.0000   64.0000   57.0748   22.6206
210.0000   44.0000   91.4860   35.1911
211.0000   37.0000   49.6802   57.6690
212.0000   61.0000   1.2694   27.5628
213.0000   92.0000   86.0367   16.1123
214.0000   61.0000   23.3555   54.7412
215.0000   66.0000   26.5558   87.2591
216.0000   79.0000   33.0613   94.0257
217.0000   120.0000   58.9523   56.7096
218.0000   79.0000   91.5917   69.0181
219.0000   69.0000   70.6323   92.0388
220.0000   78.0000   94.5491   19.7539
221.0000   52.0000   61.9067   10.9148
222.0000   80.0000   66.6035   25.4768
223.0000   72.0000   35.4718   33.1490
224.0000   45.0000   12.5599   19.5936
225.0000   51.0000   9.1820   43.6834
226.0000   83.0000   72.9308   39.9488
227.0000   63.0000   57.5978   85.6975
228.0000   83.0000   43.9266   25.3890
229.0000   107.0000   97.2960   89.9276
230.0000   114.0000   21.0950   97.2907
231.0000   69.0000   22.9903   78.5398
232.0000   88.0000   4.6661   93.7513
233.0000   110.0000   78.5841   31.5459
234.0000   55.0000   82.0354   98.7536
235.0000   107.0000   4.5223   86.1269
236.0000   69.0000   54.0424   41.1616
237.0000   88.0000   48.8372   68.3772
238.0000   71.0000   61.5402   36.0023
239.0000   75.0000   83.7091   60.9047
240.0000   47.0000   55.2000   20.3929
241.0000   72.0000   47.4296   56.8220
242.0000   111.0000   82.2171   75.3337
243.0000   117.0000   57.3781   45.0622
244.0000   79.0000   61.4133   6.5311
245.0000   71.0000   21.6577   4.3884
246.0000   97.0000   78.6143   79.0951
247.0000   117.0000   12.8366   51.4185
248.0000   69.0000   91.2556   73.2640
249.0000   63.0000   86.5641   37.1092
250.0000   53.0000   89.7488   13.3458
251.0000   39.0000   55.6204   88.2048
252.0000   107.0000   14.7662   88.6197
253.0000   114.0000   16.2645   94.4122
254.0000   34.0000   7.2746   87.6302
255.0000   79.0000   93.1243   35.3572
256.0000   76.0000   49.5537   62.7982
257.0000   71.0000   22.8882   0.2709
258.0000   39.0000   61.0002   2.5857
259.0000   102.0000   97.1382   36.1513
260.0000   52.0000   55.2348   81.7941
261.0000   106.0000   67.2377   25.3258
262.0000   114.0000   27.0583   18.9843
263.0000   116.0000   40.9480   59.2671
264.0000   77.0000   79.9509   10.9690
265.0000   49.0000   63.9140   79.3149
266.0000   54.0000   82.7539   87.2293
267.0000   77.0000   52.1925   16.7035
268.0000   115.0000   8.5770   54.2979
269.0000   119.0000   41.2514   51.5053
270.0000   56.0000   69.6970   7.0362
271.0000   89.0000   92.5555   96.9401
272.0000   116.0000   70.0093   27.3900
273.0000   108.0000   47.1088   78.6287
274.0000   86.0000   87.0734   9.2421
275.0000   35.0000   52.0840   61.2763
276.0000   51.0000   97.0489   25.1196
277.0000   32.0000   59.8896   83.7659
278.0000   45.0000   27.8360   76.5057
279.0000   32.0000   95.3702   14.3128
280.0000   63.0000   65.0623   72.7690
281.0000   88.0000   24.4339   54.9214
282.0000   43.0000   0.1513   16.1050
283.0000   101.0000   78.7622   88.2822
284.0000   30.0000   94.2141   5.8586
285.0000   120.0000   45.2859   1.7022
286.0000   91.0000   3.9146   51.8213
287.0000   52.0000   26.2245   62.1545
288.0000   37.0000   47.1288   96.3225
289.0000   55.0000   0.2916   79.4071
290.0000   103.0000   22.2480   41.5306
291.0000   111.0000   19.1096   96.0956
292.0000   93.0000   72.0735   6.6533
293.0000   51.0000   0.7636   33.0232
294.0000   104.0000   46.0011   51.4195
295.0000   59.0000   93.8970   31.0844
296.0000   115.0000   69.6537   64.6995
297.0000   103.0000   66.4968   93.0893
298.0000   60.0000   62.5566   45.2886
299.0000   119.0000   71.2507   57.2336
300.0000   90.0000   50.8959   64.2761
301.0000   73.0000   57.0485   27.6847
302.0000   85.0000   20.7136   70.7154
303.0000   36.0000   75.3359   20.0736
304.0000   32.0000   32.6782   38.5942
305.0000   55.0000   71.5300   82.8093
306.0000   95.0000   12.3887   73.0343
307.0000   77.0000   62.5871   95.3844
308.0000   41.0000   86.1568   53.3346
309.0000   90.0000   10.7337   71.7135
310.0000   85.0000   0.9153   32.3498
311.0000   106.0000   96.6877   81.3872
312.0000   116.0000   97.4748   14.3007
313.0000   59.0000   48.6362   78.1160
314.0000   40.0000   12.1825   90.5729
315.0000   111.0000   56.3052   36.8147
316.0000   85.0000   13.2981   7.3108
317.0000   83.0000   51.1094   58.9116
318.0000   84.0000   58.4104   8.0483
319.0000   116.0000   42.6251   98.5405
320.0000   77.0000   46.2502   11.8169
321.0000   97.0000   77.4755   87.0268
322.0000   106.0000   98.9769   49.3838
323.0000   61.0000   83.9256   86.7632
324.0000   65.0000   83.6110   51.1919
325.0000   44.0000   22.4142   6.4672
326.0000   97.0000   61.3184   29.5421
327.0000   63.0000   69.5450   91.6568
328.0000   91.0000   60.5015   81.1131
329.0000   95.0000   78.3908   89.4201
330.0000   112.0000   53.9150   83.2532
331.0000   88.0000   8.6998   98.6545
332.0000   109.0000   2.9724   67.6924
333.0000   70.0000   37.3843   83.1073
334.0000   75.0000   44.5618   46.0032
335.0000   36.0000   93.6774   40.8681
336.0000   73.0000   62.7579   66.2381
337.0000   54.0000   86.3105   34.9377
338.0000   56.0000   92.7198   31.4541
339.0000   84.0000   95.0656   13.0234
340.0000   97.0000   20.7568   75.2717
341.0000   74.0000   56.0381   63.7090
342.0000   73.0000   78.2973   77.9215
343.0000   114.0000   48.6512   71.5317
344.0000   62.0000   42.6112   1.5203
345.0000   86.0000   89.1009   5.3602
346.0000   56.0000   46.7115   63.1329
347.0000   83.0000   2.7643   15.5972
348.0000   111.0000   19.3115   28.0089
349.0000   88.0000   47.6638   24.2884
350.0000   51.0000   77.1804   41.2521
351.0000   68.0000   80.2636   92.5531
352.0000   80.0000   60.6201   10.1912
353.0000   75.0000   42.6888   18.2555
354.0000   70.0000   75.4823   93.0313
355.0000   33.0000   20.3581   82.3556
356.0000   56.0000   73.4674   81.8069
357.0000   62.0000   50.5883   10.7452
358.0000   45.0000   96.2771   96.4719
359.0000   49.0000   57.6600   36.3742
360.0000   78.0000   89.3475   18.2019
361.0000   36.0000   9.7291   16.6833
362.0000   72.0000   49.3228   56.1429
363.0000   31.0000   76.3241   29.6272
364.0000   104.0000   80.2053   23.2993
365.0000   97.0000   9.8679   9.2993
366.0000   67.0000   65.7802   36.6301
367.0000   40.0000   22.8368   37.6295
368.0000   84.0000   68.2809   32.2370
369.0000   88.0000   38.1724   57.0123
370.0000   72.0000   34.8726   32.0147
371.0000   56.0000   52.8236   22.6880
372.0000   100.0000   43.1549   21.2918
373.0000   66.0000   17.8019   19.1059
374.0000   97.0000   66.3931   70.5265
375.0000   81.0000   67.9253   11.5333
376.0000   93.0000   7.4906   33.6252
377.0000   87.0000   28.7587   37.4678
378.0000   30.0000   70.8783   9.7029
379.0000   65.0000   88.8090   22.5401
380.0000   58.0000   91.4753   30.4098
381.0000   34.0000   13.5942   30.7723
382.0000   95.0000   12.1320   60.2947
383.0000   118.0000   18.3785   94.6003
384.0000   75.0000   74.7721   96.0264
385.0000   77.0000   95.5148   88.2659
386.0000   41.0000   90.4105   61.2635
387.0000   109.0000   86.3343   9.9061
388.0000   35.0000   35.8394   15.3618
389.0000   120.0000   51.4037   32.6031
390.0000   69.0000   64.2332   20.3005
391.0000   109.0000   17.3263   92.6755
392.0000   73.0000   46.1792   13.9239
393.0000   103.0000   51.9325   48.3716
394.0000   78.0000   94.0359   83.0048
395.0000   100.0000   72.1348   91.3782
396.0000   62.0000   22.0956   76.8342
397.0000   58.0000   59.8049   68.3360
398.0000   77.0000   51.3991   29.4054
399.0000   35.0000   70.5412   60.8463
400.0000   69.0000   23.0138   1.7950
401.0000   55.0000   30.9512   52.5806
402.0000   103.0000   7.7855   78.8139
403.0000   83.0000   6.3705   10.6989
404.0000   35.0000   98.3561   49.7604
405.0000   30.0000   56.1246   60.7158
406.0000   34.0000   80.7638   46.8506
407.0000   50.0000   39.0579   87.9124
408.0000   96.0000   61.6992   74.6307
409.0000   78.0000   3.7800   55.7684
410.0000   100.0000   82.3961   24.7264
411.0000   68.0000   49.6954   19.6078
412.0000   36.0000   33.0267   54.2531
413.0000   54.0000   35.8560   78.7679
414.0000   99.0000   83.8237   46.0516
415.0000   110.0000   17.4610   44.7658
416.0000   120.0000   78.6471   27.4694
417.0000   59.0000   28.9904   83.6567
418.0000   69.0000   38.6600   41.2702
419.0000   34.0000   6.3900   3.2093
420.0000   63.0000   62.3814   25.0487
421.0000   32.0000   78.8124   23.3975
422.0000   90.0000   6.0882   73.0747
423.0000   67.0000   17.3480   9.8667
424.0000   48.0000   89.8696   82.8027
425.0000   40.0000   92.5572   8.0256
426.0000   65.0000   43.6932   69.2271
427.0000   98.0000   85.5435   32.8240
428.0000   65.0000   63.0133   0.2130
429.0000   45.0000   71.2946   73.0745
430.0000   83.0000   69.0761   60.3147
431.0000   82.0000   82.9608   8.0849
432.0000   35.0000   5.4803   92.8941
433.0000   34.0000   70.7363   3.7510
434.0000   111.0000   70.6751   9.1883
435.0000   106.0000   48.8392   51.9451
436.0000   74.0000   76.1519   42.8320
437.0000   33.0000   92.8540   55.6628
438.0000   31.0000   21.1796   82.7932
439.0000   88.0000   7.2358   18.6437
440.0000   100.0000   75.4801   40.9127
441.0000   119.0000   15.5581   28.4614
442.0000   114.0000   53.8159   0.4442
443.0000   65.0000   37.1504   11.8245
444.0000   30.0000   86.1002   8.4765
445.0000   85.0000   79.3271   87.0566
446.0000   70.0000   32.8650   30.7863
447.0000   100.0000   46.3180   90.2356
448.0000   101.0000   85.2949   4.6266
449.0000   90.0000   39.6219   53.0774
450.0000   44.0000   94.5604   52.1351
451.0000   68.0000   24.0993   99.4873
452.0000   56.0000   91.2890   23.2885
453.0000   85.0000   67.5784   96.2524
454.0000   84.0000   95.4911   64.5814
455.0000   90.0000   0.6795   48.9489
456.0000   81.0000   92.0425   99.5402
457.0000   89.0000   96.2783   30.0931
458.0000   109.0000   28.6459   11.9095
459.0000   48.0000   44.9015   58.9414
460.0000   36.0000   60.1625   30.0824
461.0000   112.0000   61.5659   62.1921
462.0000   80.0000   95.1717   72.1412
463.0000   57.0000   7.8883   14.4770
464.0000   73.0000   39.6115   5.0998
465.0000   64.0000   71.4066   16.3444
466.0000   53.0000   32.3759   20.3206
467.0000   52.0000   12.3390   6.5441
468.0000   62.0000   4.4717   75.4416
469.0000   79.0000   58.6723   27.4681
470.0000   52.0000   45.7250   67.6089
471.0000   55.0000   48.0461   9.6539
472.0000   100.0000   20.6836   66.2093
473.0000   36.0000   25.9748   41.5975
474.0000   117.0000   83.0174   74.9805
475.0000   113.0000   31.3758   34.4632
476.0000   102.0000   35.9353   29.8268
477.0000   48.0000   67.6209   40.6817
478.0000   38.0000   67.3208   48.4470
479.0000   64.0000   38.6344   0.8064
480.0000   115.0000   14.8689   34.5197
481.0000   98.0000   14.9773   65.9382
482.0000   33.0000   2.3343   15.1884
483.0000   42.0000   64.8765   46.5540
484.0000   72.0000   44.1691   72.9289
485.0000   98.0000   8.0528   55.2793
486.0000   80.0000   52.4560   68.7240
487.0000   34.0000   77.9215   13.0912
488.0000   62.0000   93.6531   88.6377
489.0000   63.0000   38.6435   31.2466
490.0000   108.0000   54.5747   71.0051
491.0000   37.0000   76.8901   76.7472
492.0000   113.0000   80.2242   71.1210
493.0000   78.0000   73.5701   92.6293
494.0000   52.0000   78.0239   82.3358
495.0000   52.0000   68.5584   76.1377
496.0000   103.0000   28.5730   77.1578
497.0000   44.0000   81.4558   53.3809
498.0000   47.0000   84.1075   39.4326
499.0000   36.0000   20.5338   90.5734
500.0000   66.0000   93.8370   87.7101
