0.0000   0.0000   0.0000   0.0000
1.0000   44.0000   28.8778   17.1757
2.0000   20.0000   23.1030   15.9995
3.0000   96.0000   25.4972   35.3748
4.0000   56.0000   20.4443   6.4139
5.0000   33.0000   8.1369   18.7082
6.0000   33.0000   22.2093   29.4072
7.0000   66.0000   36.8512   13.3442
8.0000   45.0000   22.7483   27.3197
9.0000   69.0000   44.1851   42.5244
10.0000   39.0000   18.7085   14.8260
11.0000   45.0000   19.8589   13.0435
12.0000   47.0000   13.9225   24.3140
13.0000   94.0000   37.4013   44.1065
14.0000   115.0000   13.2641   25.2207
15.0000   46.0000   23.8637   25.0217
16.0000   55.0000   47.1339   13.5444
17.0000   62.0000   38.8069   22.2928
18.0000   67.0000   45.0066   8.8047
19.0000   57.0000   22.7648   38.0654
20.0000   120.0000   28.3102   10.0351
21.0000   47.0000   38.2184   42.9692
22.0000   96.0000   48.1044   24.2197
23.0000   49.0000   38.1951   49.0414
24.0000   33.0000   18.1047   34.6085
25.0000   55.0000   7.5059   18.1983
26.0000   21.0000   19.9003   34.8295
27.0000   79.0000   31.2814   27.2851
28.0000   93.0000   19.2613   23.7619
29.0000   71.0000   34.6494   33.5872
30.0000   93.0000   40.1189   26.6756
31.0000   79.0000   0.6014   25.1563
32.0000   101.0000   29.5227   28.3215
33.0000   35.0000   2.9733   15.5058
34.0000   103.0000   48.9973   31.5558
35.0000   82.0000   12.6474   16.7194
36.0000   42.0000   3.2656   7.1069
37.0000   52.0000   29.7569   33.1884
38.0000   58.0000   18.3781   43.2189
39.0000   114.0000   19.0688   15.9191
40.0000   92.0000   49.9601   34.2256
41.0000   77.0000   13.8290   17.5673
42.0000   100.0000   45.6020   46.1540
43.0000   34.0000   12.2493   24.0043
44.0000   101.0000   22.9454   29.0334
45.0000   39.0000   24.7192   19.9570
46.0000   107.0000   16.0267   11.9663
47.0000   91.0000   32.6566   43.0158
48.0000   67.0000   36.7162   48.1992
49.0000   28.0000   47.5368   48.3415
50.0000   89.0000   2.5442   40.7943
51.0000   33.0000   9.2281   38.0919
52.0000   54.0000   18.5644   5.9974
53.0000   57.0000   4.9476   6.3794
54.0000   60.0000   8.1620   33.3587
55.0000   48.0000   18.0291   23.0026
56.0000   90.0000   10.1726   23.1219
57.0000   63.0000   33.7511   12.7766
58.0000   54.0000   22.4055   14.5533
59.0000   33.0000   3.0957   2.1950
60.0000   69.0000   13.3551   23.3978
61.0000   51.0000   9.3961   4.6842
62.0000   111.0000   45.2536   43.3448
63.0000   83.0000   12.0030   33.7254
64.0000   89.0000   25.7250   48.5860
65.0000   51.0000   15.6046   47.1692
66.0000   29.0000   32.2176   27.1007
67.0000   30.0000   35.1274   11.2416
68.0000   59.0000   2.2222   24.2497
69.0000   62.0000   16.2411   49.0165
70.0000   57.0000   5.9469   32.4725
71.0000   21.0000   26.0290   42.4707
72.0000   93.0000   36.2903   23.0015
73.0000   24.0000   24.1508   40.8546
74.0000   91.0000   45.8394   27.9876
75.0000   36.0000   46.0799   37.0940
76.0000   45.0000   3.4465   24.5498
77.0000   37.0000   26.0726   11.4564
78.0000   111.0000   19.0145   23.9119
79.0000   46.0000   32.2316   49.8604
80.0000   46.0000   29.9283   43.2262
81.0000   49.0000   9.9868   22.5586
82.0000   86.0000   28.7777   38.9249
83.0000   48.0000   47.3781   26.7541
84.0000   75.0000   15.0559   24.2823
85.0000   50.0000   47.0007   44.9606
86.0000   90.0000   9.8510   31.0107
87.0000   103.0000   47.5410   27.0755
88.0000   103.0000   45.8890   27.4575
89.0000   40.0000   23.2529   20.6453
90.0000   85.0000   13.9228   36.0601
91.0000   66.0000   7.9398   33.6302
92.0000   110.0000   47.2707   15.8734
93.0000   56.0000   40.7947   22.0864
94.0000   81.0000   12.0922   45.7654
95.0000   58.0000   43.0166   33.5848
96.0000   40.0000   4.6168   38.0791
97.0000   42.0000   17.6852   41.7625
98.0000   90.0000   46.0256   11.5071
99.0000   113.0000   23.7315   26.2304
100.0000   35.0000   7.5614   11.4313
101.0000   100.0000   7.6766   46.2496
102.0000   62.0000   12.0329   43.6523
103.0000   52.0000   47.0993   18.1427
104.0000   61.0000   35.2413   10.9547
105.0000   26.0000   24.4504   44.8154
106.0000   49.0000   22.9851   30.9008
107.0000   49.0000   42.7986   23.3866
108.0000   72.0000   17.4703   12.3586
109.0000   49.0000   10.3182   48.7699
110.0000   98.0000   45.1775   2.7032
111.0000   68.0000   37.6355   23.6229
112.0000   51.0000   48.7669   14.0045
113.0000   89.0000   1.7899   7.8462
114.0000   104.0000   33.3343   38.0257
115.0000   60.0000   25.5695   28.2717
116.0000   89.0000   42.6504   29.9917
117.0000   70.0000   6.7418   14.0448
118.0000   72.0000   41.3572   45.2085
119.0000   108.0000   32.0390   49.2872
120.0000   75.0000   3.0596   34.8701
121.0000   120.0000   32.0230   15.6762
122.0000   110.0000   34.6931   13.2766
123.0000   34.0000   49.6912   25.4098
124.0000   110.0000   3.6624   46.6978
125.0000   67.0000   2.5566   36.7378
126.0000   73.0000   15.4258   14.3211
127.0000   89.0000   37.6161   14.8588
128.0000   94.0000   28.3718   0.2208
129.0000   51.0000   13.3516   36.8680
130.0000   104.0000   34.3222   9.0573
131.0000   52.0000   18.7701   41.6198
132.0000   43.0000   34.0517   36.6246
133.0000   21.0000   48.5355   0.2683
134.0000   30.0000   12.2930   40.3628
135.0000   86.0000   23.3273   8.5995
136.0000   118.0000   43.1528   36.4658
137.0000   62.0000   15.6641   38.2896
138.0000   91.0000   13.8863   25.6271
139.0000   109.0000   37.2736   27.9867
140.0000   74.0000   39.2917   7.7862
141.0000   75.0000   10.3075   13.8031
142.0000   41.0000   13.1564   40.3131
143.0000   58.0000   19.5725   27.9509
144.0000   73.0000   9.3987   36.6535
145.0000   101.0000   25.5627   3.1049
146.0000   24.0000   10.9318   14.6214
147.0000   44.0000   35.4423   9.1369
148.0000   74.0000   31.7227   45.4611
149.0000   44.0000   10.0450   6.4303
150.0000   42.0000   48.7508   22.5183
151.0000   37.0000   35.0641   32.6766
152.0000   96.0000   12.1842   23.8345
153.0000   26.0000   31.1425   29.7550
154.0000   112.0000   44.7902   16.1932
155.0000   96.0000   6.0545   40.1064
156.0000   68.0000   30.5315   33.0736
157.0000   84.0000   13.0492   21.7044
158.0000   99.0000   41.1383   42.2120
159.0000   109.0000   1.2327   22.5191
160.0000   94.0000   33.0862   38.0354
161.0000   118.0000   15.4143   44.9194
162.0000   98.0000   24.0728   46.8693
163.0000   98.0000   5.3463   11.6232
164.0000   75.0000   12.1331   32.1678
165.0000   51.0000   34.6536   27.7938
166.0000   48.0000   20.9772   27.7005
167.0000   31.0000   33.3966   42.9987
168.0000   108.0000   7.4980   40.6755
169.0000   38.0000   10.1299   22.8274
170.0000   106.0000   14.9464   3.1110
171.0000   66.0000   23.6727   22.1237
172.0000   80.0000   32.7514   26.3445
173.0000   57.0000   45.1204   36.7684
174.0000   39.0000   23.9241   21.6379
175.0000   110.0000   43.2610   4.8020
176.0000   25.0000   13.8944   4.9498
177.0000   69.0000   44.5444   26.4495
178.0000   64.0000   25.8592   39.0412
179.0000   93.0000   11.3917   31.7560
180.0000   41.0000   15.8547   10.0282
181.0000   113.0000   27.8031   45.0463
182.0000   85.0000   38.3221   32.9486
183.0000   38.0000   5.4433   22.3600
184.0000   81.0000   20.1488   39.3755
185.0000   39.0000   16.9619   32.6694
186.0000   48.0000   19.9429   22.7725
187.0000   110.0000   16.2580   30.8293
188.0000   74.0000   32.5980   2.9837
189.0000   87.0000   43.5986   21.3526
190.0000   64.0000   14.9742   2.4309
191.0000   59.0000   0.0833   11.0858
192.0000   105.0000   6.0042   18.6799
193.0000   33.0000   39.6280   1.4917
194.0000   120.0000   31.0961   47.0493
195.0000   55.0000   48.7570   9.2636
196.0000   23.0000   19.3959   49.2622
197.0000   86.0000   21.8386   1.0332
198.0000   23.0000   11.6291   29.3964
199.0000   42.0000   25.4859   19.0201
200.0000   78.0000   11.8869   17.2384
201.0000   56.0000   38.1150   20.4800
202.0000   38.0000   35.3135   36.4899
203.0000   40.0000   41.0884   29.7716
204.0000   82.0000   10.4866   33.0571
205.0000   54.0000   32.7398   18.8798
206.0000   81.0000   8.5106   42.2728
207.0000   62.0000   23.1913   42.2305
208.0000   58.0000   44.7854   41.9559
209.0000   117.0000   18.7596   20.3096
210.0000   98.0000   40.0473   35.5699
211.0000   29.0000   25.2438   17.3494
212.0000   119.0000   16.2876   42.8612
213.0000   32.0000   2.9663   47.1009
214.0000   32.0000   8.2048   42.5640
215.0000   27.0000   41.6358   34.5896
216.0000   48.0000   33.8540   13.4725
217.0000   99.0000   23.4017   39.0395
218.0000   100.0000   6.7147   0.9511
219.0000   26.0000   38.6822   4.7241
220.0000   55.0000   48.5772   6.6116
221.0000   24.0000   36.3723   48.6560
222.0000   21.0000   37.3926   44.3510
223.0000   48.0000   46.5435   0.0035
224.0000   38.0000   39.2465   25.6767
225.0000   34.0000   21.6949   19.6419
226.0000   61.0000   44.9906   18.3796
227.0000   51.0000   37.6890   25.4471
228.0000   85.0000   38.5791   49.0041
229.0000   58.0000   23.3789   0.0112
230.0000   33.0000   19.1884   11.3852
231.0000   57.0000   4.9172   37.0348
232.0000   117.0000   24.2908   22.9968
233.0000   51.0000   39.4475   38.3199
234.0000   31.0000   25.4775   6.7826
235.0000   75.0000   38.4267   25.7071
236.0000   73.0000   5.0119   8.7191
237.0000   28.0000   29.6549   41.0980
238.0000   97.0000   40.4741   1.8515
239.0000   101.0000   31.5150   9.9764
240.0000   28.0000   4.4904   28.8680
241.0000   42.0000   11.2784   29.5295
242.0000   71.0000   0.4890   32.4083
243.0000   54.0000   26.6352   0.3131
244.0000   41.0000   45.0895   31.2953
245.0000   74.0000   2.3512   19.0906
246.0000   47.0000   13.3107   48.4972
247.0000   115.0000   2.6503   48.8447
248.0000   46.0000   45.6826   46.1313
249.0000   66.0000   34.9060   19.2027
250.0000   80.0000   42.7625   10.7289
251.0000   50.0000   2.6356   32.2297
252.0000   80.0000   39.6011   35.2023
253.0000   65.0000   39.8474   29.9468
254.0000   117.0000   18.4498   6.4397
255.0000   95.0000   30.5517   43.2550
256.0000   33.0000   20.6613   45.9438
257.0000   77.0000   3.3158   33.4156
258.0000   90.0000   43.4031   37.8340
259.0000   105.0000   19.0954   27.7147
260.0000   83.0000   47.1811   1.5214
261.0000   62.0000   8.1510   30.5984
262.0000   66.0000   18.7523   37.2912
263.0000   90.0000   7.1560   46.0325
264.0000   21.0000   8.2842   5.8007
265.0000   22.0000   42.4222   7.8098
266.0000   37.0000   22.9824   10.1871
267.0000   63.0000   35.4635   33.6140
268.0000   44.0000   20.1122   29.8487
269.0000   38.0000   0.1972   44.9708
270.0000   80.0000   19.4552   38.6257
271.0000   117.0000   28.2139   36.8504
272.0000   90.0000   21.0657   7.4177
273.0000   31.0000   46.8768   12.4627
274.0000   51.0000   43.6352   15.6823
275.0000   84.0000   41.4286   31.3386
276.0000   70.0000   0.7737   38.6685
277.0000   103.0000   43.3762   46.3148
278.0000   88.0000   27.8045   41.5281
279.0000   95.0000   11.8281   17.7970
280.0000   82.0000   36.0222   30.7218
281.0000   111.0000   27.4945   25.9518
282.0000   98.0000   2.3770   44.5476
283.0000   36.0000   44.0426   25.5764
284.0000   74.0000   21.6112   21.6882
285.0000   76.0000   13.8676   31.2443
286.0000   63.0000   35.6708   33.6456
287.0000   85.0000   4.6346   35.8023
288.0000   63.0000   33.6466   22.3021
289.0000   109.0000   31.5330   3.4509
290.0000   120.0000   25.7425   20.0323
291.0000   80.0000   5.7876   34.5772
292.0000   106.0000   18.7563   3.1150
293.0000   78.0000   18.5105   37.9030
294.0000   82.0000   17.2188   22.0200
295.0000   74.0000   2.3709   4.7756
296.0000   113.0000   15.5535   25.2409
297.0000   114.0000   43.3490   35.1231
298.0000   74.0000   20.4334   16.5163
299.0000   21.0000   16.0799   15.0964
300.0000   51.0000   32.3134   13.4658
301.0000   59.0000   17.6501   36.1754
302.0000   75.0000   19.2070   49.7558
303.0000   20.0000   49.3425   10.6587
304.0000   35.0000   30.1868   13.0498
305.0000   78.0000   18.5662   8.9941
306.0000   27.0000   49.3976   13.0644
307.0000   78.0000   1.3352   13.1329
308.0000   74.0000   32.2356   8.0225
309.0000   45.0000   40.3585   18.7072
310.0000   107.0000   34.6484   27.0929
311.0000   79.0000   26.1103   18.7707
312.0000   24.0000   8.7967   34.0679
313.0000   27.0000   0.3173   31.9775
314.0000   31.0000   35.2003   4.8293
315.0000   60.0000   48.3806   8.9097
316.0000   105.0000   43.4366   20.8320
317.0000   29.0000   37.2750   2.6684
318.0000   66.0000   45.9242   9.6740
319.0000   116.0000   30.8424   25.0134
320.0000   85.0000   9.7471   2.9710
321.0000   103.0000   4.5808   1.5485
322.0000   36.0000   1.5866   36.9352
323.0000   30.0000   39.0309   8.7899
324.0000   118.0000   20.4180   33.7980
325.0000   115.0000   48.6213   4.0414
326.0000   73.0000   4.8679   36.9516
327.0000   95.0000   15.3931   1.9674
328.0000   78.0000   34.2678   13.1132
329.0000   108.0000   25.6776   5.9340
330.0000   87.0000   13.2269   9.6023
331.0000   27.0000   10.9929   43.8220
332.0000   45.0000   41.3363   27.4575
333.0000   56.0000   21.9299   8.0245
334.0000   105.0000   29.8488   0.6270
335.0000   37.0000   7.9230   25.6720
336.0000   105.0000   21.8022   15.9144
337.0000   24.0000   10.6847   45.3594
338.0000   69.0000   5.8246   40.9652
339.0000   43.0000   28.4356   43.0432
340.0000   89.0000   6.0940   33.9770
341.0000   118.0000   30.7143   10.9852
342.0000   109.0000   10.0177   15.9692
343.0000   37.0000   4.4603   3.2285
344.0000   45.0000   6.8711   39.0286
345.0000   27.0000   17.5455   38.7705
346.0000   105.0000   18.3725   31.5864
347.0000   65.0000   24.2491   0.8293
348.0000   67.0000   40.2223   28.9684
349.0000   103.0000   9.7057   42.2341
350.0000   25.0000   28.6195   30.6665
351.0000   21.0000   42.5778   12.4119
352.0000   108.0000   9.9781   24.9147
353.0000   36.0000   29.4279   26.4428
354.0000   48.0000   21.1097   20.6036
355.0000   48.0000   48.1330   27.5858
356.0000   73.0000   13.7235   20.3179
357.0000   37.0000   29.3338   25.5364
358.0000   112.0000   4.1136   42.9963
359.0000   23.0000   8.7512   18.5191
360.0000   30.0000   27.6455   49.0019
361.0000   20.0000   49.6155   47.9332
362.0000   94.0000   16.2642   8.8275
363.0000   108.0000   3.7278   47.4577
364.0000   92.0000   35.8969   26.3840
365.0000   35.0000   40.6086   42.9119
366.0000   95.0000   43.8729   23.2783
367.0000   61.0000   1.2736   42.7592
368.0000   53.0000   44.5045   43.3932
369.0000   86.0000   13.0552   26.8213
370.0000   64.0000   22.0225   26.2842
371.0000   111.0000   14.0547   33.6163
372.0000   120.0000   17.0277   48.0404
373.0000   22.0000   45.1325   16.9942
374.0000   58.0000   19.0460   46.9760
375.0000   72.0000   43.6908   37.3894
376.0000   76.0000   1.7395   40.7845
377.0000   110.0000   17.2579   35.4067
378.0000   86.0000   34.1785   21.8655
379.0000   103.0000   37.0034   22.9663
380.0000   87.0000   35.3873   29.2728
381.0000   56.0000   12.6835   39.8751
382.0000   66.0000   25.9708   28.0918
383.0000   54.0000   8.6762   23.6119
384.0000   64.0000   22.1890   13.6460
385.0000   69.0000   36.1431   46.3367
386.0000   76.0000   45.4628   15.5241
387.0000   65.0000   12.8641   16.4767
388.0000   86.0000   28.5915   11.0408
389.0000   77.0000   35.0268   17.9854
390.0000   93.0000   27.5758   45.5927
391.0000   49.0000   33.7514   44.1825
392.0000   25.0000   4.3184   48.0526
393.0000   103.0000   20.6150   38.8663
394.0000   67.0000   46.6640   2.5520
395.0000   76.0000   32.2917   6.9574
396.0000   33.0000   15.8498   40.6574
397.0000   23.0000   21.1610   11.8822
398.0000   33.0000   39.1927   36.4479
399.0000   109.0000   39.4071   19.2556
400.0000   40.0000   31.0806   49.9848
401.0000   116.0000   33.8249   14.7385
402.0000   29.0000   43.3808   1.2936
403.0000   104.0000   29.5190   2.4427
404.0000   39.0000   34.1891   11.5106
405.0000   77.0000   37.9990   48.7115
406.0000   35.0000   34.4336   46.2641
407.0000   55.0000   21.6679   38.2047
408.0000   52.0000   41.7931   26.4282
409.0000   114.0000   22.2465   31.7698
410.0000   109.0000   40.7327   40.0655
411.0000   59.0000   33.6042   45.8556
412.0000   88.0000   18.8131   38.0734
413.0000   111.0000   3.6284   31.4217
414.0000   96.0000   42.9089   38.0839
415.0000   99.0000   8.4157   47.8796
416.0000   96.0000   15.7502   15.0081
417.0000   57.0000   22.6280   43.0023
418.0000   39.0000   48.7621   40.5973
419.0000   78.0000   22.1817   17.9407
420.0000   53.0000   33.0962   35.7339
421.0000   76.0000   14.8591   29.2741
422.0000   31.0000   35.3217   5.2919
423.0000   21.0000   46.2080   9.4387
424.0000   77.0000   23.6807   9.3439
425.0000   24.0000   19.6444   43.9970
