0.0000   0.0000   0.0000   0.0000
1.0000   77.0000   40.8524   40.8195
2.0000   44.0000   34.4150   36.8490
3.0000   118.0000   46.0736   28.5542
4.0000   24.0000   27.5308   31.4462
5.0000   21.0000   49.1702   49.4011
6.0000   119.0000   26.4466   7.4976
7.0000   68.0000   5.9001   32.6101
8.0000   53.0000   30.0766   37.0316
9.0000   65.0000   21.7182   26.0066
10.0000   63.0000   16.6128   49.4035
11.0000   23.0000   21.8674   49.8014
12.0000   27.0000   11.2670   31.8348
13.0000   82.0000   22.8593   27.1791
14.0000   36.0000   1.1055   30.7773
15.0000   61.0000   31.3624   38.2180
16.0000   74.0000   3.8907   25.8166
17.0000   40.0000   11.6087   2.0826
18.0000   35.0000   1.2483   39.2753
19.0000   86.0000   20.7121   0.2781
20.0000   38.0000   10.8416   10.7817
21.0000   74.0000   42.1971   5.0079
22.0000   43.0000   12.9525   3.7285
23.0000   96.0000   19.4069   12.3873
24.0000   88.0000   44.9104   21.7116
25.0000   65.0000   2.2028   49.4486
26.0000   52.0000   2.4253   28.3779
27.0000   105.0000   3.3626   38.1146
28.0000   105.0000   5.8263   11.5573
29.0000   59.0000   6.7101   9.8109
30.0000   80.0000   39.6861   12.1567
31.0000   102.0000   12.2867   18.2878
32.0000   73.0000   40.8098   29.5029
33.0000   23.0000   14.7596   18.4624
34.0000   27.0000   5.8597   8.3704
35.0000   99.0000   13.0292   12.9674
36.0000   62.0000   5.5587   32.8628
37.0000   61.0000   46.8471   44.7416
38.0000   80.0000   0.4634   42.9450
39.0000   43.0000   13.9699   16.3805
40.0000   114.0000   29.9819   28.6585
41.0000   108.0000   18.3735   41.5964
42.0000   104.0000   48.0750   44.4760
43.0000   33.0000   1.8470   28.4259
44.0000   39.0000   43.2176   48.3380
45.0000   106.0000   44.0210   10.1989
46.0000   70.0000   37.8980   9.6644
47.0000   26.0000   32.4755   40.0605
48.0000   105.0000   9.3137   15.3516
49.0000   53.0000   42.6562   44.4586
50.0000   24.0000   42.7254   18.6381
51.0000   116.0000   13.3246   0.2111
52.0000   117.0000   27.7075   43.6030
53.0000   98.0000   30.8589   6.6581
54.0000   71.0000   32.1042   21.9202
55.0000   94.0000   22.0118   4.0330
56.0000   26.0000   48.5108   20.2381
57.0000   67.0000   31.4289   39.6290
58.0000   25.0000   19.3952   25.8577
59.0000   63.0000   8.9841   10.2292
60.0000   81.0000   39.5602   5.2202
61.0000   82.0000   30.1747   45.4454
62.0000   23.0000   11.3048   11.9267
63.0000   57.0000   30.8964   15.8181
64.0000   35.0000   0.7799   5.7579
65.0000   120.0000   23.8886   9.0303
66.0000   93.0000   22.1228   25.9429
67.0000   79.0000   26.1037   26.9933
68.0000   78.0000   7.8006   28.5069
69.0000   77.0000   20.9763   30.6370
70.0000   48.0000   26.0219   35.7978
71.0000   70.0000   39.8772   23.0150
72.0000   100.0000   0.3720   2.9731
73.0000   64.0000   13.7558   12.0389
74.0000   73.0000   43.8470   20.4218
75.0000   84.0000   37.1623   33.6078
76.0000   119.0000   4.6715   41.4599
77.0000   28.0000   40.2738   34.7774
78.0000   101.0000   25.2609   18.8375
79.0000   48.0000   9.2947   20.6908
80.0000   40.0000   14.6621   28.4166
81.0000   57.0000   4.8762   8.7779
82.0000   41.0000   5.4890   7.1751
83.0000   104.0000   21.1910   30.9752
84.0000   81.0000   14.9683   19.3643
85.0000   51.0000   7.3383   43.9509
86.0000   62.0000   15.4088   25.5708
87.0000   67.0000   3.0300   17.3529
88.0000   67.0000   12.2653   27.8652
89.0000   104.0000   11.0413   25.4598
90.0000   97.0000   7.7863   24.6790
91.0000   72.0000   20.8496   9.3516
92.0000   22.0000   16.8542   25.1070
93.0000   44.0000   10.6850   5.6853
94.0000   21.0000   3.9808   45.7966
95.0000   25.0000   34.1393   2.7523
96.0000   72.0000   26.2358   9.8923
97.0000   108.0000   10.9510   9.3085
98.0000   73.0000   38.7999   1.2623
99.0000   86.0000   7.5342   24.2768
100.0000   49.0000   44.2510   6.9105
101.0000   31.0000   46.5141   24.8734
102.0000   60.0000   2.1980   49.3294
103.0000   91.0000   30.6679   22.9548
104.0000   48.0000   24.4736   49.4658
105.0000   115.0000   30.0535   27.8544
106.0000   65.0000   49.1057   20.4585
107.0000   63.0000   22.1831   26.4440
108.0000   59.0000   21.8141   41.1104
109.0000   31.0000   20.5690   2.3287
110.0000   61.0000   44.1835   19.2771
111.0000   103.0000   36.5541   0.4405
112.0000   70.0000   38.8769   30.8204
113.0000   38.0000   36.2568   25.3442
114.0000   74.0000   26.6179   20.3945
115.0000   22.0000   27.7458   34.3425
116.0000   101.0000   22.7294   45.2419
117.0000   32.0000   25.6893   33.4279
118.0000   56.0000   8.4128   24.0723
119.0000   69.0000   21.8490   27.9409
120.0000   52.0000   8.7985   41.2714
121.0000   108.0000   6.9755   37.6950
122.0000   118.0000   0.0746   29.5903
123.0000   33.0000   45.3746   22.4803
124.0000   62.0000   13.1386   30.4465
125.0000   49.0000   19.0867   27.1774
126.0000   21.0000   46.3037   49.4071
127.0000   32.0000   21.2078   24.9332
128.0000   99.0000   22.3191   14.2989
129.0000   28.0000   42.5286   40.5804
130.0000   34.0000   13.0949   14.8610
131.0000   32.0000   47.3668   22.6561
132.0000   83.0000   40.1933   6.2480
133.0000   64.0000   32.9068   27.3520
134.0000   84.0000   39.1765   21.6829
135.0000   33.0000   29.9631   22.2861
136.0000   102.0000   40.5837   14.0749
137.0000   63.0000   5.3029   32.0679
138.0000   29.0000   32.3462   4.0133
139.0000   65.0000   44.8214   40.3037
140.0000   64.0000   39.7442   13.4511
141.0000   74.0000   31.9351   43.8862
142.0000   85.0000   36.5574   25.4272
143.0000   92.0000   14.4778   47.7279
144.0000   88.0000   8.9690   48.6897
145.0000   108.0000   28.3799   20.7967
146.0000   120.0000   9.3220   24.4260
147.0000   70.0000   39.9081   11.5232
148.0000   24.0000   27.4566   15.0142
149.0000   37.0000   15.6176   49.8485
150.0000   25.0000   0.4307   47.7697
151.0000   118.0000   3.6111   23.1739
152.0000   89.0000   31.0985   28.9535
153.0000   101.0000   15.3093   28.3471
154.0000   26.0000   19.4525   7.1588
155.0000   29.0000   17.8367   47.3526
156.0000   45.0000   7.2181   22.2907
157.0000   84.0000   24.7308   48.8000
158.0000   39.0000   29.6891   18.4246
159.0000   72.0000   25.8681   45.1812
160.0000   87.0000   21.0485   28.7330
161.0000   70.0000   23.5843   5.5256
162.0000   24.0000   12.1956   14.6439
163.0000   112.0000   3.7534   30.0560
164.0000   44.0000   30.7158   14.3443
165.0000   27.0000   14.0867   33.6541
166.0000   100.0000   42.5200   23.7012
167.0000   115.0000   33.0396   29.5238
168.0000   78.0000   9.9600   22.3901
169.0000   53.0000   1.9752   5.8538
170.0000   83.0000   24.0956   21.6421
171.0000   119.0000   34.1748   21.8774
172.0000   46.0000   19.8455   32.5762
173.0000   91.0000   28.2818   10.2682
174.0000   67.0000   27.3505   26.2541
175.0000   70.0000   32.8867   23.7355
176.0000   113.0000   35.8682   5.4862
177.0000   98.0000   34.6777   45.5070
178.0000   23.0000   0.1140   9.2101
179.0000   79.0000   46.0064   46.3307
180.0000   38.0000   29.9767   44.3867
181.0000   45.0000   41.6491   27.3168
182.0000   64.0000   39.1926   36.7020
183.0000   92.0000   30.6609   5.4436
184.0000   44.0000   49.7761   34.3157
185.0000   43.0000   23.5805   27.7352
186.0000   66.0000   41.8750   19.9530
187.0000   63.0000   24.4921   41.6680
188.0000   44.0000   28.1324   34.7274
189.0000   110.0000   13.7066   2.4820
190.0000   92.0000   36.2994   12.1382
191.0000   65.0000   15.2327   31.6599
192.0000   78.0000   17.4399   40.9113
193.0000   99.0000   41.5789   35.9917
194.0000   42.0000   19.1798   18.6368
195.0000   79.0000   6.0832   12.9888
196.0000   84.0000   27.2270   7.4363
197.0000   80.0000   47.6151   41.2673
198.0000   110.0000   18.7502   28.3920
199.0000   101.0000   29.3910   14.1590
200.0000   21.0000   22.9733   18.5698
201.0000   86.0000   47.6448   36.7111
202.0000   77.0000   14.1451   0.1445
203.0000   116.0000   22.0906   21.5417
204.0000   82.0000   12.3010   43.5865
205.0000   89.0000   25.4160   44.2476
206.0000   54.0000   26.8102   41.5718
207.0000   67.0000   30.6092   19.8747
208.0000   91.0000   24.2077   8.3337
209.0000   78.0000   21.4741   17.9158
210.0000   89.0000   22.2973   28.2996
211.0000   72.0000   34.0283   17.1306
212.0000   67.0000   3.2456   46.0120
213.0000   57.0000   14.0901   33.3815
214.0000   110.0000   39.5581   32.2009
215.0000   35.0000   11.9653   10.0054
216.0000   28.0000   6.9606   12.6278
217.0000   82.0000   40.6687   7.5333
218.0000   118.0000   38.1456   37.7319
219.0000   64.0000   11.6132   37.0120
220.0000   29.0000   39.2064   28.3871
221.0000   113.0000   39.9336   41.7189
222.0000   74.0000   10.9084   40.7405
223.0000   68.0000   0.6037   23.9336
224.0000   62.0000   3.0896   16.4915
225.0000   70.0000   19.7290   5.3933
226.0000   63.0000   33.4007   23.6333
227.0000   67.0000   36.0880   40.8735
228.0000   87.0000   16.0930   9.3260
229.0000   23.0000   21.4311   13.1609
230.0000   49.0000   40.3164   39.6958
231.0000   116.0000   33.2120   16.6496
232.0000   74.0000   19.3972   49.0634
233.0000   112.0000   31.0870   10.3601
234.0000   97.0000   2.5359   11.3861
235.0000   35.0000   30.9889   20.7812
236.0000   85.0000   2.8848   17.8328
237.0000   84.0000   4.7369   33.4572
238.0000   85.0000   25.2670   14.4157
239.0000   107.0000   30.0870   20.8497
240.0000   33.0000   35.2231   48.0817
241.0000   96.0000   0.6069   0.7386
242.0000   37.0000   15.4928   18.2057
243.0000   56.0000   32.2605   1.4832
244.0000   85.0000   2.1976   1.6552
245.0000   40.0000   19.3096   29.2294
246.0000   66.0000   46.6935   1.1046
247.0000   93.0000   23.8677   2.6757
248.0000   78.0000   40.6498   21.7680
249.0000   63.0000   30.2814   36.8743
250.0000   32.0000   29.1138   39.7352
