0.0000   0.0000   50.0000   50.0000
1.0000   74.0000   69.7609   43.1844
2.0000   39.0000   39.6256   70.6178
3.0000   79.0000   61.1694   9.2177
4.0000   61.0000   31.8160   16.1746
5.0000   57.0000   96.7171   0.8411
6.0000   39.0000   0.5570   27.4148
7.0000   79.0000   76.0541   43.2276
8.0000   17.0000   89.6847   84.2337
9.0000   6.0000   21.3275   47.7580
10.0000   50.0000   18.2439   35.2654
11.0000   52.0000   65.4401   88.0465
12.0000   72.0000   23.5558   53.5104
13.0000   24.0000   2.0952   66.6599
14.0000   67.0000   31.7548   19.8291
15.0000   21.0000   91.3496   14.0793
16.0000   35.0000   30.1763   11.9061
17.0000   14.0000   16.3151   55.1042
18.0000   29.0000   49.5252   39.3802
19.0000   66.0000   89.5665   32.3784
20.0000   10.0000   52.7304   72.3319
21.0000   14.0000   68.4400   92.0991
22.0000   92.0000   72.7965   77.9559
23.0000   69.0000   17.7766   52.2621
24.0000   96.0000   58.8922   54.1825
25.0000   73.0000   50.3664   80.5353
26.0000   76.0000   22.6788   27.9245
27.0000   9.0000   77.6941   37.0813
28.0000   40.0000   99.2902   37.7908
29.0000   14.0000   65.3264   26.6094
30.0000   87.0000   28.7346   6.5407
31.0000   97.0000   14.1771   47.9763
32.0000   88.0000   49.0457   15.0778
33.0000   38.0000   42.9105   84.6432
34.0000   52.0000   9.6628   12.5327
35.0000   98.0000   50.5924   40.3701
36.0000   48.0000   54.0382   13.6601
37.0000   56.0000   45.6610   93.2426
38.0000   36.0000   12.1799   94.6370
39.0000   96.0000   40.1283   99.4501
40.0000   22.0000   50.8827   33.6537
41.0000   39.0000   20.1771   31.7880
42.0000   51.0000   31.2549   63.4609
43.0000   92.0000   47.6075   67.4458
44.0000   15.0000   72.3310   15.8045
45.0000   65.0000   35.9051   3.5551
46.0000   51.0000   59.8955   65.3817
47.0000   50.0000   77.5801   22.2566
48.0000   88.0000   94.2149   4.0638
49.0000   44.0000   35.9113   25.2521
50.0000   97.0000   35.5215   69.4191
51.0000   48.0000   91.4478   59.0422
52.0000   17.0000   63.2595   31.1220
53.0000   3.0000   74.0984   70.5778
54.0000   72.0000   77.2848   53.7629
55.0000   89.0000   75.4417   10.7172
56.0000   7.0000   43.2451   18.3687
57.0000   27.0000   3.7383   9.6649
58.0000   67.0000   16.7885   17.7839
59.0000   20.0000   0.0867   61.4931
60.0000   4.0000   31.0269   19.1325
61.0000   5.0000   76.0530   22.3359
62.0000   92.0000   92.3690   76.3575
63.0000   39.0000   86.8445   46.6070
64.0000   51.0000   64.1146   52.3025
65.0000   6.0000   39.8012   20.7064
66.0000   48.0000   19.8793   99.4689
67.0000   52.0000   4.5769   28.0433
68.0000   45.0000   67.9872   0.8726
69.0000   41.0000   98.6535   8.5617
70.0000   43.0000   71.0061   28.8495
71.0000   45.0000   94.5122   33.8808
72.0000   92.0000   27.9767   16.2410
73.0000   2.0000   49.9975   52.7744
74.0000   64.0000   53.6481   86.7144
75.0000   22.0000   89.1724   68.8686
76.0000   64.0000   15.4083   31.7735
77.0000   2.0000   17.2435   58.4513
78.0000   2.0000   74.1566   0.4025
79.0000   4.0000   65.5497   45.2184
80.0000   75.0000   35.5137   75.2414
81.0000   51.0000   38.6294   77.6623
82.0000   62.0000   50.7522   87.5440
83.0000   80.0000   92.8709   23.5139
84.0000   67.0000   49.3912   83.7064
85.0000   54.0000   89.0493   15.6637
86.0000   33.0000   29.4793   40.0778
87.0000   92.0000   80.6020   38.1068
88.0000   68.0000   86.1949   30.4393
89.0000   32.0000   83.1403   89.7082
90.0000   87.0000   64.3439   25.9317
91.0000   17.0000   68.5049   94.4578
92.0000   26.0000   12.4290   37.7312
93.0000   13.0000   83.7042   66.3994
94.0000   84.0000   15.7974   4.2064
95.0000   44.0000   11.6736   0.1025
96.0000   8.0000   32.3365   43.3781
97.0000   76.0000   60.4461   70.0116
98.0000   31.0000   26.5096   59.1046
99.0000   45.0000   67.4282   23.5973
100.0000   79.0000   73.0888   29.1577
101.0000   42.0000   37.7585   10.9197
102.0000   96.0000   42.2899   77.4899
103.0000   67.0000   96.3236   84.4970
104.0000   65.0000   32.2119   22.3635
105.0000   38.0000   95.2401   70.0529
106.0000   97.0000   81.5085   2.1233
107.0000   92.0000   99.7195   99.1862
108.0000   19.0000   5.9384   25.3427
109.0000   18.0000   45.0421   33.9113
110.0000   40.0000   20.7008   38.1899
111.0000   57.0000   28.3853   42.2476
112.0000   91.0000   28.8947   17.3959
113.0000   66.0000   78.2730   20.8629
114.0000   6.0000   98.9619   51.2867
115.0000   4.0000   70.3607   9.3617
116.0000   14.0000   77.3980   60.0666
117.0000   52.0000   68.2805   36.5796
118.0000   66.0000   10.3259   56.4658
119.0000   67.0000   21.9455   41.0843
120.0000   78.0000   46.7240   52.4898
121.0000   31.0000   61.3468   91.9530
122.0000   52.0000   30.9429   87.5190
123.0000   45.0000   72.7342   8.5640
124.0000   69.0000   54.4960   63.6362
125.0000   7.0000   36.0672   83.3136
126.0000   48.0000   16.3535   62.5526
127.0000   68.0000   97.7667   35.9619
128.0000   53.0000   56.4492   52.5549
129.0000   69.0000   92.2458   98.0688
130.0000   83.0000   22.9823   30.8594
131.0000   38.0000   98.2783   30.3742
132.0000   59.0000   51.0362   41.3384
133.0000   71.0000   7.1665   35.8890
134.0000   42.0000   74.4927   11.0264
135.0000   66.0000   64.7283   82.6079
136.0000   87.0000   23.3922   2.1257
137.0000   5.0000   95.7197   57.7572
138.0000   50.0000   77.6173   37.7897
139.0000   95.0000   90.1839   8.8572
140.0000   13.0000   64.2538   38.3465
141.0000   68.0000   94.4794   23.2256
142.0000   85.0000   93.4273   29.8505
143.0000   74.0000   3.7878   43.9357
144.0000   20.0000   3.7427   69.0451
145.0000   15.0000   28.3416   18.2778
146.0000   77.0000   58.6000   29.4071
147.0000   81.0000   82.3602   75.5263
148.0000   46.0000   42.8458   25.4585
149.0000   100.0000   70.3325   72.7784
150.0000   95.0000   74.6244   66.9040
151.0000   56.0000   54.6621   98.6891
152.0000   41.0000   60.5176   79.5305
153.0000   93.0000   54.8454   68.4441
154.0000   52.0000   52.3646   42.6372
155.0000   41.0000   72.5359   6.5176
156.0000   15.0000   19.4772   48.7355
157.0000   28.0000   14.5634   70.7912
158.0000   32.0000   13.6799   35.2440
159.0000   49.0000   1.3264   50.4116
160.0000   32.0000   64.9727   1.9194
161.0000   87.0000   72.6168   43.9875
162.0000   54.0000   21.5792   87.1949
163.0000   54.0000   25.2591   13.8238
164.0000   23.0000   33.9601   64.1261
165.0000   92.0000   75.6058   26.7970
166.0000   39.0000   42.7635   78.3131
167.0000   68.0000   11.8246   72.7020
168.0000   4.0000   77.5370   44.8331
169.0000   53.0000   67.4578   39.4241
170.0000   38.0000   19.5968   88.3327
171.0000   53.0000   22.1571   2.9236
172.0000   15.0000   11.4196   46.7500
173.0000   82.0000   89.2390   32.8369
174.0000   53.0000   30.8450   64.3758
175.0000   24.0000   60.2524   62.7206
176.0000   30.0000   92.4938   93.5381
177.0000   86.0000   13.8640   34.3449
178.0000   1.0000   99.1995   15.4290
179.0000   65.0000   55.8874   72.7891
180.0000   91.0000   19.2855   86.2479
181.0000   6.0000   97.2596   78.2878
182.0000   14.0000   85.3475   87.8677
183.0000   70.0000   72.2259   50.0286
184.0000   77.0000   57.0262   41.5022
185.0000   70.0000   34.3584   27.6004
186.0000   49.0000   74.8961   48.4860
187.0000   70.0000   81.6070   12.7060
188.0000   53.0000   54.8834   60.8681
189.0000   30.0000   88.4894   78.6009
190.0000   79.0000   54.2840   70.5262
191.0000   98.0000   0.1523   42.6928
192.0000   28.0000   19.3125   71.4439
193.0000   78.0000   56.0135   15.2362
194.0000   75.0000   56.2575   87.0091
195.0000   8.0000   22.9667   38.3803
196.0000   21.0000   48.7434   15.4284
197.0000   44.0000   12.2948   28.9667
198.0000   78.0000   14.8872   17.6687
199.0000   71.0000   20.2882   18.4065
200.0000   77.0000   68.9446   88.2540
201.0000   15.0000   33.0074   93.4496
202.0000   16.0000   7.3710   69.7310
203.0000   79.0000   55.6449   85.2399
204.0000   28.0000   88.7815   33.7311
205.0000   63.0000   11.4657   42.4502
206.0000   79.0000   43.3995   87.7856
207.0000   31.0000   42.5608   9.0311
208.0000   89.0000   8.6814   63.5100
209.0000   53.0000   60.6170   88.3127
210.0000   89.0000   92.7444   94.1579
211.0000   65.0000   29.1207   60.5856
212.0000   73.0000   56.5163   80.9268
213.0000   30.0000   46.6362   95.3322
214.0000   6.0000   42.6730   85.0080
215.0000   11.0000   10.0516   78.4261
216.0000   16.0000   10.1117   32.6000
217.0000   53.0000   31.3987   35.2523
218.0000   86.0000   87.2795   18.0874
219.0000   9.0000   34.6540   89.8192
220.0000   82.0000   88.8762   43.9016
221.0000   14.0000   30.4230   24.0425
222.0000   72.0000   86.6715   86.0817
223.0000   20.0000   77.0844   94.9718
224.0000   87.0000   41.1429   78.3414
225.0000   13.0000   58.7528   73.8465
226.0000   28.0000   18.2372   95.1576
227.0000   40.0000   36.4087   14.9239
228.0000   92.0000   23.7889   13.2973
229.0000   86.0000   80.2983   28.1522
230.0000   93.0000   23.1501   55.7431
231.0000   82.0000   79.2264   94.8998
232.0000   90.0000   41.9588   41.1733
233.0000   83.0000   52.7094   18.6350
234.0000   36.0000   43.1977   69.7503
235.0000   93.0000   21.9496   54.0585
236.0000   93.0000   22.0087   7.7667
237.0000   74.0000   27.6745   87.1694
238.0000   9.0000   0.1558   98.3451
239.0000   84.0000   34.4598   23.7831
240.0000   63.0000   24.3565   72.1550
241.0000   76.0000   54.1240   29.9656
242.0000   96.0000   62.8312   29.7373
243.0000   65.0000   59.2445   82.5713
244.0000   2.0000   26.5759   42.9835
245.0000   31.0000   52.3267   62.6881
246.0000   80.0000   10.7221   55.5661
247.0000   90.0000   76.9183   78.1284
248.0000   74.0000   98.8933   8.7935
249.0000   78.0000   53.9683   48.2027
250.0000   93.0000   14.8479   0.0527
