0.0000   0.0000   0.0000   0.0000
1.0000   126.0000   2.2468   11.8946
2.0000   104.0000   17.0658   31.8810
3.0000   92.0000   42.2267   49.4307
4.0000   130.0000   20.2128   7.2127
5.0000   131.0000   17.4451   5.2998
6.0000   65.0000   24.2221   14.0996
7.0000   118.0000   4.7710   33.9123
8.0000   124.0000   2.2638   9.5269
9.0000   97.0000   17.4722   21.2018
10.0000   148.0000   7.5709   39.9020
11.0000   125.0000   19.4573   24.8650
12.0000   69.0000   22.3982   16.4311
13.0000   121.0000   38.2522   42.8860
14.0000   128.0000   24.0127   7.1213
15.0000   93.0000   5.6469   17.1012
16.0000   88.0000   27.3958   26.8355
17.0000   96.0000   45.3375   27.7369
18.0000   110.0000   17.6751   32.7309
19.0000   127.0000   36.1443   35.9695
20.0000   136.0000   27.6700   4.0089
21.0000   70.0000   20.8482   16.3734
22.0000   68.0000   17.5799   28.4273
23.0000   126.0000   29.1898   11.3295
24.0000   119.0000   12.2932   45.0567
25.0000   99.0000   39.0355   8.8480
26.0000   80.0000   48.2093   49.9557
27.0000   72.0000   30.3208   12.6903
28.0000   66.0000   9.8678   25.5252
29.0000   75.0000   8.4249   42.8352
30.0000   66.0000   15.4747   42.1454
31.0000   98.0000   14.4859   32.3151
32.0000   93.0000   5.5356   36.4244
33.0000   80.0000   36.2468   43.0788
34.0000   138.0000   44.6272   10.1462
35.0000   80.0000   4.2779   41.9299
36.0000   149.0000   30.2574   1.8892
37.0000   136.0000   3.5905   42.9472
38.0000   120.0000   33.9432   27.3792
39.0000   78.0000   7.1292   12.5857
40.0000   138.0000   25.4294   28.1058
41.0000   114.0000   0.5989   17.2975
42.0000   127.0000   49.6244   28.5789
43.0000   147.0000   16.2737   47.1603
44.0000   103.0000   28.6771   35.9919
45.0000   61.0000   31.5127   31.8560
46.0000   66.0000   25.0237   34.4434
47.0000   61.0000   30.8373   41.7107
48.0000   116.0000   8.8051   19.0605
49.0000   82.0000   39.0680   40.4705
50.0000   119.0000   39.3614   22.6733
