0.0000   0.0000   50.0000   50.0000
1.0000   55.0000   29.6744   66.8445
2.0000   17.0000   23.1436   45.6626
3.0000   40.0000   59.5495   22.9331
4.0000   11.0000   54.0528   38.9957
5.0000   39.0000   76.8018   74.9961
6.0000   89.0000   68.9414   72.5579
7.0000   29.0000   32.8194   75.7587
8.0000   38.0000   66.3363   78.9781
9.0000   90.0000   90.5654   86.8824
10.0000   88.0000   68.4646   83.2002
11.0000   47.0000   7.9232   56.0858
12.0000   20.0000   17.3838   96.4185
13.0000   100.0000   0.4283   17.6551
14.0000   32.0000   59.1434   85.2158
15.0000   15.0000   20.9181   91.8262
16.0000   25.0000   10.2973   3.9707
17.0000   78.0000   9.1902   72.2301
18.0000   40.0000   82.5027   89.4154
19.0000   78.0000   68.7347   36.6400
20.0000   43.0000   41.0889   92.9723
21.0000   77.0000   20.1378   50.5031
22.0000   84.0000   69.1029   50.4653
23.0000   87.0000   85.8240   69.8405
24.0000   23.0000   37.9754   10.6525
25.0000   45.0000   98.2156   56.8196
26.0000   96.0000   72.7930   2.3506
27.0000   71.0000   19.3227   22.4995
28.0000   37.0000   44.0971   30.4259
29.0000   85.0000   59.9700   57.9221
30.0000   95.0000   33.5663   85.8256
31.0000   86.0000   41.6277   92.6710
32.0000   85.0000   59.8157   85.6048
33.0000   31.0000   6.1523   0.9727
34.0000   60.0000   82.3892   73.8098
35.0000   24.0000   39.6795   87.5981
36.0000   50.0000   62.4449   88.4758
37.0000   53.0000   24.3695   90.0451
38.0000   17.0000   27.7905   94.5387
39.0000   65.0000   1.8128   95.8170
40.0000   12.0000   88.8639   86.9901
41.0000   94.0000   5.5000   35.5316
42.0000   94.0000   71.9587   64.0317
43.0000   41.0000   94.6250   52.7847
44.0000   53.0000   76.5959   77.3186
45.0000   84.0000   67.7333   36.1139
46.0000   11.0000   3.4117   53.7713
47.0000   85.0000   25.7322   43.4890
48.0000   80.0000   18.9019   41.4426
49.0000   65.0000   28.9200   59.7685
50.0000   14.0000   87.5788   26.1062
51.0000   74.0000   63.9917   58.0024
52.0000   27.0000   23.4994   40.0955
53.0000   99.0000   89.6248   76.3920
54.0000   10.0000   12.7544   34.5489
55.0000   77.0000   82.5407   57.4009
56.0000   53.0000   99.4569   96.7503
57.0000   20.0000   44.6918   19.5272
58.0000   40.0000   30.6851   68.6044
59.0000   26.0000   20.7200   52.0772
60.0000   64.0000   8.4737   37.2272
61.0000   77.0000   89.4590   79.8104
62.0000   76.0000   94.1416   89.5178
63.0000   93.0000   63.4788   81.3853
64.0000   44.0000   34.2319   41.4459
65.0000   83.0000   39.3110   38.7766
66.0000   58.0000   20.9151   44.9022
67.0000   91.0000   73.0160   70.8493
68.0000   58.0000   74.1002   79.6130
69.0000   70.0000   68.7903   43.5596
70.0000   14.0000   26.2138   57.2285
71.0000   15.0000   95.9393   76.1159
72.0000   62.0000   78.1402   17.1490
73.0000   20.0000   33.3153   73.3616
74.0000   35.0000   41.1308   80.8019
75.0000   57.0000   34.2455   51.1541
76.0000   90.0000   10.8456   77.2897
77.0000   67.0000   66.1357   79.3971
78.0000   53.0000   14.3152   16.8115
79.0000   65.0000   99.0368   22.9888
80.0000   41.0000   97.6765   49.8925
81.0000   88.0000   0.1418   11.4229
82.0000   80.0000   21.5139   99.1229
83.0000   37.0000   68.2616   61.1000
84.0000   41.0000   37.3911   61.9654
85.0000   51.0000   86.1283   73.9876
86.0000   51.0000   78.2852   63.4528
87.0000   93.0000   55.2989   31.4603
88.0000   46.0000   73.4914   60.6284
89.0000   17.0000   71.7380   42.6762
90.0000   41.0000   3.1261   61.2986
91.0000   18.0000   1.3672   27.0057
92.0000   12.0000   37.4216   93.5167
93.0000   82.0000   90.2123   91.0732
94.0000   28.0000   48.6874   38.6858
95.0000   14.0000   31.4150   29.8956
96.0000   84.0000   39.1213   51.1843
97.0000   79.0000   77.1163   55.5567
98.0000   84.0000   63.1069   39.7611
99.0000   66.0000   58.8898   21.4572
100.0000   13.0000   89.9031   83.4542
101.0000   99.0000   8.7024   82.1313
102.0000   52.0000   36.2593   72.2681
103.0000   80.0000   48.9098   68.5342
104.0000   64.0000   35.3736   88.7851
105.0000   29.0000   69.7297   11.4550
106.0000   79.0000   93.6450   28.8474
107.0000   56.0000   68.7047   54.6525
108.0000   72.0000   89.1977   70.1301
109.0000   77.0000   5.4578   19.9160
110.0000   12.0000   17.3149   50.3968
111.0000   69.0000   27.1868   76.8781
112.0000   69.0000   23.6890   38.3977
113.0000   59.0000   94.7198   80.4764
114.0000   76.0000   51.3572   28.0874
115.0000   67.0000   89.7995   77.0700
116.0000   11.0000   36.7740   39.2414
117.0000   42.0000   64.9103   43.0810
118.0000   54.0000   3.0239   29.3726
119.0000   54.0000   21.9587   8.7406
120.0000   86.0000   59.5312   49.9906
121.0000   13.0000   79.2816   11.7823
122.0000   23.0000   26.1444   32.1152
123.0000   18.0000   60.8511   91.2980
124.0000   11.0000   87.7074   10.2292
125.0000   13.0000   7.6051   80.1628
126.0000   18.0000   16.6749   58.4137
127.0000   45.0000   80.4307   31.4693
128.0000   23.0000   48.3957   32.4414
129.0000   49.0000   10.6168   86.9233
130.0000   35.0000   43.3445   48.6435
131.0000   66.0000   50.0141   78.2596
132.0000   23.0000   20.4668   27.3540
133.0000   95.0000   40.4709   92.9049
134.0000   62.0000   62.6457   74.9305
135.0000   65.0000   60.7775   48.0624
136.0000   15.0000   61.6516   90.3263
137.0000   10.0000   51.0384   39.6341
138.0000   84.0000   68.7648   97.4656
139.0000   12.0000   11.8085   77.6130
140.0000   84.0000   28.0042   9.7425
141.0000   50.0000   83.5109   67.8424
142.0000   13.0000   37.2056   92.8512
143.0000   100.0000   46.0715   3.3740
144.0000   93.0000   50.1649   43.2934
145.0000   47.0000   17.0087   71.8785
146.0000   69.0000   53.9584   88.7742
147.0000   30.0000   56.3549   45.9929
148.0000   14.0000   77.7217   35.0345
149.0000   94.0000   34.3948   98.7503
150.0000   38.0000   52.7283   38.0360
151.0000   12.0000   99.1706   77.7781
152.0000   16.0000   27.8572   86.2749
153.0000   43.0000   54.7403   58.3942
154.0000   27.0000   39.5087   36.3813
155.0000   79.0000   92.9970   15.8723
156.0000   84.0000   1.5129   58.4376
157.0000   90.0000   66.8810   24.0146
158.0000   50.0000   29.0942   46.6782
159.0000   63.0000   57.5787   11.4968
160.0000   21.0000   72.4554   58.4848
161.0000   47.0000   15.2236   59.9770
162.0000   27.0000   52.3998   18.9949
163.0000   66.0000   82.5894   0.6538
164.0000   18.0000   38.6662   62.5006
165.0000   56.0000   72.6355   88.0207
166.0000   49.0000   58.7162   15.0354
167.0000   21.0000   62.3057   24.5377
168.0000   82.0000   4.8220   98.4985
169.0000   38.0000   78.1969   83.8303
170.0000   43.0000   38.5099   56.1734
171.0000   58.0000   51.5709   44.9358
172.0000   29.0000   96.7950   2.4472
173.0000   55.0000   53.5029   95.1941
174.0000   70.0000   32.4861   4.3366
175.0000   33.0000   82.6827   90.6455
176.0000   91.0000   55.5535   54.1731
177.0000   43.0000   17.0003   46.6890
178.0000   15.0000   98.7177   82.6823
179.0000   86.0000   29.5358   99.1704
180.0000   23.0000   86.4534   19.3632
181.0000   90.0000   33.8172   57.2850
182.0000   69.0000   13.6844   93.7615
183.0000   71.0000   97.8357   24.3523
184.0000   31.0000   57.0354   94.0726
185.0000   74.0000   65.6950   34.5184
186.0000   81.0000   38.2179   76.6635
187.0000   93.0000   5.0449   20.3873
188.0000   58.0000   49.4794   46.6052
189.0000   71.0000   88.9063   84.7976
190.0000   11.0000   53.3834   23.6704
191.0000   21.0000   58.3794   41.3431
192.0000   73.0000   76.8611   76.4138
193.0000   95.0000   94.2379   49.7606
194.0000   74.0000   31.5402   74.4032
195.0000   10.0000   60.6970   92.1426
196.0000   62.0000   55.3371   1.0111
197.0000   40.0000   54.6836   37.4706
198.0000   74.0000   85.4833   48.1525
199.0000   56.0000   57.1548   24.1256
200.0000   17.0000   83.2490   77.7515
201.0000   15.0000   58.0099   71.6067
202.0000   14.0000   17.1059   70.6521
203.0000   37.0000   52.0692   72.1779
204.0000   100.0000   14.3530   49.1579
205.0000   42.0000   43.5637   83.1775
206.0000   15.0000   62.9051   45.1315
207.0000   15.0000   37.7974   42.4710
208.0000   75.0000   16.1487   58.9164
209.0000   24.0000   12.8888   28.5461
210.0000   81.0000   29.1341   99.6447
211.0000   87.0000   28.4932   18.8487
212.0000   26.0000   73.0676   2.3520
213.0000   52.0000   14.2087   49.8676
214.0000   22.0000   62.7249   89.8578
215.0000   29.0000   43.7760   96.1287
216.0000   70.0000   63.3730   79.3297
217.0000   58.0000   45.0391   39.7282
218.0000   95.0000   30.8531   79.9087
219.0000   29.0000   84.1534   20.7365
220.0000   57.0000   76.4707   18.1700
221.0000   34.0000   55.9278   71.7205
222.0000   31.0000   41.4077   54.2082
223.0000   61.0000   57.7670   78.4756
224.0000   22.0000   71.6617   76.9909
225.0000   41.0000   29.2466   59.7366
226.0000   59.0000   65.1352   63.4274
227.0000   83.0000   40.9354   55.4278
228.0000   48.0000   90.2766   34.9861
229.0000   65.0000   93.1450   86.8833
230.0000   80.0000   58.1969   92.4454
231.0000   81.0000   19.7168   69.3133
232.0000   86.0000   26.0483   1.1945
233.0000   58.0000   31.8864   97.0122
234.0000   32.0000   7.9037   20.4016
235.0000   13.0000   77.1668   35.4396
236.0000   92.0000   65.3902   12.3479
237.0000   17.0000   66.4880   56.0744
238.0000   64.0000   88.1890   15.2503
239.0000   79.0000   13.7156   69.4255
240.0000   86.0000   73.7885   69.4137
241.0000   50.0000   1.2111   98.4855
242.0000   56.0000   61.4715   60.9313
243.0000   25.0000   3.6256   7.6189
244.0000   20.0000   53.4192   8.5837
245.0000   85.0000   31.1743   85.9408
246.0000   76.0000   18.5611   69.8633
247.0000   22.0000   38.6871   41.6432
248.0000   84.0000   96.9215   57.1292
249.0000   58.0000   81.8059   76.6096
250.0000   86.0000   73.5305   15.0680
251.0000   89.0000   61.0330   21.5674
252.0000   92.0000   17.6698   6.4003
253.0000   61.0000   60.3841   27.2225
254.0000   80.0000   67.3304   37.3594
255.0000   73.0000   39.1227   94.6807
256.0000   82.0000   96.6734   19.0964
257.0000   32.0000   50.2163   51.2663
258.0000   91.0000   71.1033   13.2954
259.0000   70.0000   2.5100   29.4357
260.0000   49.0000   8.3034   64.7109
261.0000   85.0000   12.4118   98.5703
262.0000   81.0000   75.4291   60.8935
263.0000   96.0000   6.6356   24.1883
264.0000   39.0000   73.8697   71.3692
265.0000   42.0000   90.9659   81.1518
266.0000   63.0000   15.7670   54.8076
267.0000   86.0000   1.5195   85.7759
268.0000   23.0000   64.7038   21.6393
269.0000   30.0000   46.9371   3.7392
270.0000   19.0000   32.6632   28.5949
271.0000   66.0000   60.2633   46.0431
272.0000   73.0000   73.5924   69.8382
273.0000   25.0000   6.9902   56.4676
274.0000   18.0000   48.1813   77.0509
275.0000   48.0000   19.5606   71.3159
276.0000   42.0000   97.1428   55.0329
277.0000   79.0000   28.7098   77.9049
278.0000   79.0000   76.2987   94.2740
279.0000   73.0000   54.2824   95.4980
280.0000   82.0000   30.4673   3.5519
281.0000   54.0000   36.4930   42.4357
282.0000   78.0000   90.2229   84.7746
283.0000   29.0000   47.2670   10.1042
284.0000   13.0000   49.4600   44.1368
285.0000   62.0000   58.3490   86.3604
286.0000   21.0000   47.3290   15.5228
287.0000   94.0000   22.3839   92.4323
288.0000   89.0000   59.2236   74.4407
289.0000   55.0000   66.6202   36.6191
290.0000   10.0000   30.1369   58.4079
291.0000   31.0000   50.9703   74.7837
292.0000   90.0000   93.9336   50.7115
293.0000   91.0000   50.9714   35.9922
294.0000   25.0000   23.3142   95.4890
295.0000   86.0000   94.6686   99.8063
296.0000   25.0000   3.1556   1.2052
297.0000   49.0000   51.4045   39.1737
298.0000   50.0000   14.4176   81.1460
299.0000   16.0000   80.9998   66.4186
300.0000   15.0000   26.1251   60.1168
301.0000   86.0000   82.7201   41.6054
302.0000   86.0000   93.2399   82.5905
303.0000   30.0000   39.0906   10.4636
304.0000   27.0000   3.0206   8.1551
305.0000   73.0000   46.9705   51.1127
306.0000   85.0000   74.8233   10.4336
307.0000   87.0000   21.8003   38.3717
308.0000   44.0000   19.3360   66.4573
309.0000   20.0000   7.9678   24.9663
310.0000   61.0000   64.4070   75.2345
311.0000   77.0000   62.3771   16.0005
312.0000   87.0000   29.7832   21.5907
313.0000   46.0000   75.9834   32.8443
314.0000   54.0000   99.3227   46.2067
315.0000   27.0000   80.9360   97.2160
316.0000   65.0000   59.2178   51.0989
317.0000   46.0000   60.2018   37.7467
318.0000   68.0000   64.9439   13.1033
319.0000   75.0000   85.8674   84.7037
320.0000   67.0000   96.2466   44.4315
321.0000   97.0000   74.7478   79.3831
322.0000   82.0000   75.1547   89.6965
323.0000   41.0000   16.4774   99.3447
324.0000   77.0000   54.2654   48.5017
325.0000   25.0000   17.6414   28.5296
326.0000   67.0000   26.6069   50.5588
327.0000   43.0000   97.0237   73.4162
328.0000   100.0000   79.4400   68.0910
329.0000   41.0000   92.9280   93.4520
330.0000   83.0000   11.7712   27.0383
331.0000   67.0000   71.3962   92.5163
332.0000   29.0000   42.4260   58.5794
333.0000   51.0000   23.0972   18.4764
334.0000   96.0000   42.5733   97.4350
335.0000   14.0000   54.2588   83.9833
336.0000   75.0000   55.6432   89.5085
337.0000   68.0000   78.6313   69.2536
338.0000   14.0000   96.5318   25.7332
339.0000   95.0000   24.9132   98.9248
340.0000   27.0000   21.9646   24.4118
341.0000   35.0000   28.7574   7.7798
342.0000   25.0000   85.7792   70.7031
343.0000   99.0000   84.8564   28.4303
344.0000   54.0000   51.9873   87.6738
345.0000   72.0000   78.0483   27.6573
346.0000   74.0000   25.9246   42.5193
347.0000   61.0000   65.9852   44.4443
348.0000   69.0000   21.9264   34.3222
349.0000   32.0000   55.6054   39.0773
350.0000   80.0000   59.3821   92.3309
351.0000   24.0000   69.5373   81.2449
352.0000   82.0000   78.7213   44.6633
353.0000   40.0000   53.8297   25.0420
354.0000   60.0000   94.7233   86.3428
355.0000   68.0000   80.5453   83.5776
356.0000   87.0000   84.2329   10.8334
357.0000   52.0000   87.8867   32.5465
358.0000   20.0000   69.6379   89.6616
359.0000   46.0000   7.3055   84.9734
360.0000   11.0000   17.6489   61.7201
361.0000   90.0000   57.9455   17.3418
362.0000   49.0000   25.8687   41.9330
363.0000   27.0000   21.4476   49.6545
364.0000   20.0000   14.0348   95.1864
365.0000   17.0000   13.4285   28.2753
366.0000   61.0000   4.5675   20.3906
367.0000   55.0000   97.8177   42.0203
368.0000   25.0000   42.4097   94.0384
369.0000   23.0000   29.5453   53.0222
370.0000   34.0000   60.2169   9.1614
371.0000   10.0000   5.6824   40.2276
372.0000   38.0000   33.3474   95.9447
373.0000   32.0000   78.6687   8.3267
374.0000   34.0000   38.2419   58.9929
375.0000   95.0000   72.2183   21.8736
376.0000   40.0000   75.6854   90.9955
377.0000   98.0000   81.4197   85.1738
378.0000   36.0000   70.5214   75.0085
379.0000   72.0000   22.2994   88.6753
380.0000   11.0000   77.8104   74.3659
381.0000   46.0000   22.9585   6.3403
382.0000   38.0000   63.3211   86.5322
383.0000   31.0000   87.0117   73.1231
384.0000   54.0000   10.0347   65.7808
385.0000   90.0000   18.8959   1.0920
386.0000   55.0000   92.8531   66.2857
387.0000   91.0000   18.5175   59.7517
388.0000   60.0000   62.2953   74.1810
389.0000   59.0000   60.1991   29.7193
390.0000   63.0000   19.0069   20.5219
391.0000   74.0000   30.1221   49.7325
392.0000   71.0000   16.6649   18.3750
393.0000   47.0000   17.2332   45.9486
394.0000   90.0000   83.1276   42.9432
395.0000   58.0000   95.8725   5.5421
396.0000   27.0000   0.0420   26.4537
397.0000   58.0000   52.0226   26.1765
398.0000   20.0000   13.7223   70.7087
399.0000   40.0000   75.4789   82.5024
400.0000   86.0000   94.2260   85.5533
401.0000   64.0000   89.8452   72.4652
402.0000   22.0000   72.0699   39.2671
403.0000   70.0000   79.3580   60.2323
404.0000   96.0000   20.7745   24.4617
405.0000   92.0000   42.6052   78.9775
406.0000   72.0000   23.2034   80.3293
407.0000   78.0000   96.5585   64.1105
408.0000   54.0000   93.1501   97.3493
409.0000   18.0000   82.6555   84.7142
410.0000   33.0000   21.2852   38.0427
411.0000   38.0000   50.0899   71.2962
412.0000   94.0000   8.3063   72.0912
413.0000   12.0000   20.3365   70.7378
414.0000   47.0000   87.3691   7.3219
415.0000   70.0000   97.7532   27.6743
416.0000   95.0000   30.1866   20.5528
417.0000   60.0000   3.0322   49.8446
418.0000   26.0000   54.5323   18.9045
419.0000   79.0000   60.9072   7.1495
420.0000   64.0000   98.8419   33.3422
421.0000   33.0000   67.4478   54.5105
422.0000   62.0000   7.2394   60.2536
423.0000   70.0000   16.0367   82.3253
424.0000   80.0000   89.0687   59.8840
425.0000   61.0000   79.6590   70.0006
426.0000   99.0000   9.5968   27.4781
427.0000   31.0000   51.0539   6.0864
428.0000   73.0000   7.1080   41.5059
429.0000   94.0000   99.6195   90.7191
430.0000   62.0000   99.8878   13.9876
431.0000   57.0000   30.6273   54.8432
432.0000   53.0000   91.9743   54.1768
433.0000   18.0000   48.9512   42.7297
434.0000   82.0000   18.0491   59.3118
435.0000   30.0000   93.4905   55.4909
436.0000   39.0000   42.5673   40.3720
437.0000   55.0000   20.2642   25.2547
438.0000   41.0000   28.9557   89.8567
439.0000   41.0000   52.0764   68.9263
440.0000   14.0000   5.8088   23.5854
441.0000   37.0000   83.0238   45.4869
442.0000   47.0000   9.8826   16.4388
443.0000   35.0000   95.1799   53.3191
444.0000   62.0000   53.2676   65.9697
445.0000   76.0000   70.4530   67.2418
446.0000   45.0000   5.1549   11.5402
447.0000   23.0000   82.5309   88.5553
448.0000   62.0000   32.6345   55.7227
449.0000   79.0000   92.8368   91.8921
450.0000   29.0000   20.0397   46.7848
451.0000   45.0000   91.5583   46.8547
452.0000   96.0000   57.5404   77.1989
453.0000   59.0000   84.1699   17.2267
454.0000   44.0000   51.5153   33.9959
455.0000   81.0000   13.8034   40.5684
456.0000   69.0000   56.2407   61.2856
457.0000   59.0000   96.0603   60.3478
458.0000   63.0000   77.9208   56.1195
459.0000   75.0000   89.1063   48.0850
460.0000   54.0000   67.5141   39.0676
461.0000   58.0000   81.2877   66.0429
462.0000   99.0000   5.5130   66.6749
463.0000   64.0000   96.1865   1.3290
464.0000   60.0000   25.0179   34.2144
465.0000   28.0000   12.0809   61.5783
466.0000   24.0000   66.8076   71.7269
467.0000   24.0000   56.1070   6.6014
468.0000   88.0000   83.3458   2.2757
469.0000   24.0000   9.8170   71.1123
470.0000   18.0000   98.1322   43.3110
471.0000   82.0000   5.8731   75.4765
472.0000   90.0000   83.9285   51.1927
473.0000   53.0000   57.3835   18.5755
474.0000   43.0000   26.4712   21.8237
475.0000   42.0000   32.7188   39.4259
