0.0000   0.0000   0.0000   0.0000
1.0000   120.0000   23.5179   54.1440
2.0000   109.0000   97.2703   26.5498
3.0000   76.0000   46.8424   52.1541
4.0000   98.0000   94.8231   13.9515
5.0000   84.0000   40.0470   37.3441
6.0000   32.0000   97.9190   55.3850
7.0000   94.0000   47.2979   8.0869
8.0000   94.0000   30.8088   57.5159
9.0000   79.0000   15.3974   97.0244
10.0000   94.0000   16.7809   20.8920
11.0000   113.0000   45.4572   86.5051
12.0000   107.0000   64.0555   92.0037
13.0000   82.0000   28.7991   68.7169
14.0000   112.0000   99.6285   39.7852
15.0000   118.0000   72.5095   83.4047
16.0000   69.0000   82.0816   29.1252
17.0000   45.0000   2.3966   7.4080
18.0000   60.0000   40.2402   2.8873
19.0000   33.0000   59.7429   49.7820
20.0000   74.0000   29.3118   23.2070
21.0000   78.0000   43.3941   4.5496
22.0000   91.0000   64.6152   53.0561
23.0000   62.0000   79.4127   38.2656
24.0000   47.0000   93.5549   57.7120
25.0000   35.0000   21.1208   20.3866
26.0000   102.0000   42.8147   47.5379
27.0000   115.0000   75.8126   49.4485
28.0000   113.0000   2.3597   38.2376
29.0000   77.0000   36.6306   65.2069
30.0000   61.0000   99.7218   7.4773
31.0000   95.0000   11.8550   0.5841
32.0000   50.0000   97.1043   6.8446
33.0000   97.0000   25.6613   7.9924
34.0000   74.0000   2.0073   21.7209
35.0000   102.0000   40.5425   18.2705
36.0000   103.0000   85.2075   73.5601
37.0000   38.0000   28.7390   4.7358
38.0000   84.0000   77.3478   63.8141
39.0000   74.0000   73.1646   17.5496
40.0000   110.0000   93.3496   56.4093
41.0000   53.0000   42.8128   20.3132
42.0000   112.0000   86.0122   43.4192
43.0000   67.0000   63.5165   30.2473
44.0000   73.0000   64.0897   18.3938
45.0000   59.0000   48.5943   63.0402
46.0000   109.0000   1.6666   3.0582
47.0000   45.0000   3.8925   75.1927
48.0000   89.0000   99.5829   17.4231
49.0000   81.0000   60.9970   54.9419
50.0000   91.0000   12.2337   44.3539
