0.0000   0.0000   50.0000   50.0000
1.0000   76.0000   43.1703   9.6763
2.0000   17.0000   38.9227   90.2017
3.0000   81.0000   4.8618   7.1971
4.0000   21.0000   35.2982   88.3517
5.0000   47.0000   47.8825   46.6704
6.0000   77.0000   20.4186   93.9109
7.0000   23.0000   8.0644   94.6545
8.0000   36.0000   64.8993   63.6368
9.0000   60.0000   81.3930   54.7580
10.0000   74.0000   50.1465   80.4380
11.0000   18.0000   3.2034   82.6589
12.0000   79.0000   51.1612   40.7775
13.0000   38.0000   39.3632   2.1230
14.0000   28.0000   41.1705   1.8565
15.0000   52.0000   95.2998   7.7951
16.0000   62.0000   12.0540   53.9705
17.0000   50.0000   83.9809   96.4586
18.0000   44.0000   3.6239   80.7371
19.0000   62.0000   9.0155   9.8538
20.0000   65.0000   37.9712   8.1574
21.0000   49.0000   1.5313   46.7689
22.0000   83.0000   7.9198   28.7303
23.0000   74.0000   94.6123   50.6747
24.0000   67.0000   33.2539   79.5897
25.0000   44.0000   37.3620   71.8529
26.0000   17.0000   68.8774   11.5503
27.0000   22.0000   8.7040   58.5981
28.0000   92.0000   57.5319   62.8222
29.0000   88.0000   60.8291   49.7768
30.0000   12.0000   71.7179   65.7762
31.0000   32.0000   64.9706   65.5022
32.0000   41.0000   0.1378   98.4242
33.0000   33.0000   38.0968   7.8846
34.0000   26.0000   75.1049   23.7880
35.0000   11.0000   30.2979   66.5755
36.0000   43.0000   72.8668   72.3191
37.0000   66.0000   32.7287   87.4765
38.0000   21.0000   21.1013   78.9756
39.0000   63.0000   36.3141   79.7758
40.0000   66.0000   60.7299   71.4154
41.0000   97.0000   51.5871   89.0338
42.0000   61.0000   47.3440   70.2807
43.0000   55.0000   65.6438   93.9506
44.0000   60.0000   7.4904   89.1406
45.0000   99.0000   43.7654   52.2365
46.0000   57.0000   33.8746   85.6068
47.0000   45.0000   24.7496   47.8230
48.0000   63.0000   30.5364   79.1337
49.0000   36.0000   15.9889   36.4323
50.0000   84.0000   56.6118   33.0958
51.0000   79.0000   82.6741   84.1942
52.0000   95.0000   9.8426   89.6148
53.0000   49.0000   84.7800   56.1951
54.0000   87.0000   50.5592   58.6181
55.0000   58.0000   36.3670   30.9480
56.0000   63.0000   64.2078   95.1635
57.0000   44.0000   17.1938   43.5987
58.0000   38.0000   2.8250   55.2763
59.0000   32.0000   55.7204   89.1597
60.0000   65.0000   92.1730   25.0816
61.0000   41.0000   87.8918   87.9798
62.0000   48.0000   36.5670   91.3142
63.0000   50.0000   50.5803   75.7630
64.0000   29.0000   1.5420   92.3037
65.0000   71.0000   75.5630   27.9596
66.0000   88.0000   23.5985   79.2922
67.0000   77.0000   69.5986   45.3483
68.0000   67.0000   66.8102   14.6350
69.0000   39.0000   9.0069   60.7346
70.0000   79.0000   76.3093   58.5671
71.0000   52.0000   9.6361   28.4416
72.0000   87.0000   83.8191   63.5933
73.0000   71.0000   66.3557   52.8643
74.0000   10.0000   23.5481   14.1494
75.0000   17.0000   33.8584   61.2185
76.0000   51.0000   47.9383   8.1679
77.0000   50.0000   42.5415   3.0309
78.0000   15.0000   17.5697   32.9647
79.0000   44.0000   79.2762   44.9098
80.0000   43.0000   48.4159   83.3606
81.0000   23.0000   55.5282   13.8601
82.0000   89.0000   48.8384   57.9660
83.0000   70.0000   91.6787   71.3707
84.0000   96.0000   86.0249   73.9806
85.0000   40.0000   74.3463   77.7482
86.0000   23.0000   1.9225   4.8545
87.0000   15.0000   59.3381   95.1612
88.0000   10.0000   88.7989   18.9952
89.0000   48.0000   50.0946   58.6627
90.0000   13.0000   88.4833   71.9099
91.0000   64.0000   88.0227   1.7860
92.0000   27.0000   8.9534   89.6832
93.0000   36.0000   34.8151   81.3529
94.0000   27.0000   75.6036   71.1852
95.0000   39.0000   71.6641   40.6497
96.0000   47.0000   28.5115   40.2424
97.0000   83.0000   69.1553   5.5079
98.0000   58.0000   59.2001   60.2099
99.0000   11.0000   46.4324   86.0830
100.0000   35.0000   31.4390   73.4020
101.0000   25.0000   40.0581   4.0408
102.0000   21.0000   81.5778   66.6339
103.0000   37.0000   69.6619   85.3949
104.0000   55.0000   49.1997   24.9329
105.0000   56.0000   49.6514   5.3668
106.0000   53.0000   94.6306   59.7762
107.0000   49.0000   81.2997   7.2174
108.0000   39.0000   90.0658   23.2291
109.0000   20.0000   47.3199   59.3509
110.0000   16.0000   87.3438   21.5112
111.0000   14.0000   29.8162   68.6378
112.0000   72.0000   11.4281   87.8098
113.0000   18.0000   77.5405   45.1563
114.0000   34.0000   68.2406   49.0975
115.0000   92.0000   81.4954   66.6205
116.0000   85.0000   10.8499   65.4165
117.0000   97.0000   41.7994   11.3323
118.0000   20.0000   63.1913   66.1536
119.0000   76.0000   79.6033   14.2008
120.0000   42.0000   57.6332   34.6084
121.0000   43.0000   58.9124   33.1624
122.0000   84.0000   54.9723   75.7836
123.0000   62.0000   11.6165   40.1114
124.0000   95.0000   68.0504   68.4333
125.0000   74.0000   64.8072   44.7936
126.0000   71.0000   39.3185   59.6021
127.0000   12.0000   98.1528   29.4267
128.0000   83.0000   29.6047   19.3053
129.0000   91.0000   32.2927   40.8638
130.0000   10.0000   79.0623   64.5465
131.0000   19.0000   83.4748   80.5158
132.0000   73.0000   83.6918   15.5956
133.0000   55.0000   8.7830   87.0979
134.0000   71.0000   88.1354   4.6975
135.0000   52.0000   44.5351   78.5865
136.0000   80.0000   36.6491   47.3328
137.0000   10.0000   15.1368   20.1162
138.0000   38.0000   9.3888   8.6700
139.0000   11.0000   3.1205   34.5751
140.0000   72.0000   10.2285   56.3642
141.0000   94.0000   14.9788   26.9192
142.0000   14.0000   83.2704   63.8869
143.0000   67.0000   5.4861   66.9168
144.0000   71.0000   62.8952   10.0143
145.0000   35.0000   82.2580   11.6245
146.0000   60.0000   97.7701   71.3614
147.0000   22.0000   93.4505   86.6327
148.0000   31.0000   34.9889   17.7172
149.0000   84.0000   10.9264   11.5026
150.0000   31.0000   11.3417   84.0376
151.0000   34.0000   28.7980   18.6169
152.0000   26.0000   44.1640   66.0645
153.0000   19.0000   23.3904   0.6396
154.0000   73.0000   59.6244   68.5461
155.0000   86.0000   50.4952   75.7338
156.0000   48.0000   65.0450   5.0150
157.0000   65.0000   39.7550   29.3454
158.0000   56.0000   21.7567   27.6770
159.0000   59.0000   71.5656   82.9090
160.0000   11.0000   62.6061   29.0040
161.0000   10.0000   25.6396   60.8838
162.0000   35.0000   36.3069   37.1102
163.0000   48.0000   15.7497   95.6892
164.0000   56.0000   81.7660   77.8305
165.0000   10.0000   22.3673   37.8069
166.0000   73.0000   73.3103   83.1056
167.0000   73.0000   36.1318   80.3917
168.0000   43.0000   34.4612   68.4746
169.0000   68.0000   17.7376   95.7718
170.0000   37.0000   83.1298   97.0221
171.0000   91.0000   99.6593   88.8514
172.0000   65.0000   96.9260   52.4270
173.0000   24.0000   21.4310   54.4300
174.0000   34.0000   77.6551   25.6775
175.0000   88.0000   13.0114   0.4843
176.0000   15.0000   85.7844   10.1065
177.0000   45.0000   5.5400   54.4171
178.0000   85.0000   16.7217   54.8614
179.0000   71.0000   35.5769   0.8616
180.0000   54.0000   48.8138   2.5335
181.0000   35.0000   82.0084   80.5894
182.0000   16.0000   92.7733   36.7526
183.0000   36.0000   78.9894   93.7789
184.0000   42.0000   16.8629   20.9978
185.0000   29.0000   79.4741   48.3587
186.0000   90.0000   54.7724   10.5883
187.0000   78.0000   8.6767   45.9830
188.0000   30.0000   12.9657   58.7750
189.0000   14.0000   5.3362   27.1494
190.0000   30.0000   39.8236   68.7376
191.0000   17.0000   76.4396   66.6703
192.0000   23.0000   30.2082   24.1547
193.0000   52.0000   97.8487   48.2711
194.0000   26.0000   64.7668   5.1728
195.0000   45.0000   29.7250   22.4404
196.0000   27.0000   27.6675   56.6925
197.0000   61.0000   86.9468   42.6303
198.0000   61.0000   75.3290   82.6716
199.0000   78.0000   29.5399   68.9833
200.0000   75.0000   61.8474   84.5978
201.0000   70.0000   32.4994   91.2021
202.0000   51.0000   46.5264   84.6308
203.0000   78.0000   70.6078   20.6383
204.0000   56.0000   28.8755   3.5475
205.0000   30.0000   56.4370   36.4995
206.0000   88.0000   89.0956   21.0508
207.0000   34.0000   75.4667   11.9214
208.0000   73.0000   10.0335   40.4795
209.0000   85.0000   26.0740   2.5516
210.0000   87.0000   58.2605   1.3008
211.0000   90.0000   70.9374   61.0614
212.0000   59.0000   79.7809   10.8166
213.0000   28.0000   33.6402   62.7091
214.0000   92.0000   80.0106   36.9588
215.0000   74.0000   97.6435   70.9744
216.0000   71.0000   87.5536   73.0767
217.0000   100.0000   24.2621   21.3839
218.0000   63.0000   35.6269   53.6211
219.0000   49.0000   94.5683   59.3197
220.0000   50.0000   65.2833   22.8503
221.0000   28.0000   23.4371   12.4723
222.0000   73.0000   43.4067   60.6506
223.0000   13.0000   38.2736   22.0735
224.0000   72.0000   72.6829   72.9042
225.0000   83.0000   39.9317   69.6805
226.0000   52.0000   18.8170   1.5354
227.0000   51.0000   80.4059   68.0657
228.0000   29.0000   63.5389   36.8529
229.0000   84.0000   57.8906   95.6682
230.0000   84.0000   85.2262   53.3787
231.0000   54.0000   41.5163   52.7805
232.0000   69.0000   76.0438   9.3690
233.0000   97.0000   90.3263   59.0987
234.0000   74.0000   86.1966   4.3489
235.0000   16.0000   99.9324   24.8331
236.0000   17.0000   77.0677   44.9261
237.0000   65.0000   82.2935   28.1373
238.0000   48.0000   68.2328   60.7096
239.0000   18.0000   7.4385   45.3767
240.0000   76.0000   93.9397   79.0152
241.0000   90.0000   10.6140   90.0603
242.0000   10.0000   4.4353   22.1361
243.0000   32.0000   76.3374   44.5310
244.0000   37.0000   30.2554   70.2275
245.0000   79.0000   62.5420   2.6835
246.0000   92.0000   64.6774   5.7365
247.0000   42.0000   14.2492   62.2794
248.0000   63.0000   73.7527   59.6004
249.0000   28.0000   55.3775   69.6409
250.0000   71.0000   9.7024   57.0642
251.0000   39.0000   19.3292   49.8408
252.0000   75.0000   46.5186   80.0393
253.0000   51.0000   94.8996   78.5087
254.0000   98.0000   29.7796   20.7268
255.0000   19.0000   22.0303   76.4897
256.0000   24.0000   91.6956   9.9857
257.0000   97.0000   93.3302   22.2491
258.0000   60.0000   58.8590   60.6267
259.0000   73.0000   94.1623   64.2434
260.0000   76.0000   10.8690   11.7147
261.0000   18.0000   16.1869   25.4874
262.0000   25.0000   14.1902   76.9854
263.0000   36.0000   27.5915   79.6672
264.0000   93.0000   52.4184   65.3444
265.0000   98.0000   65.8556   47.4794
266.0000   34.0000   26.7422   40.6070
267.0000   62.0000   90.8917   28.2892
268.0000   55.0000   99.0451   94.8526
269.0000   24.0000   49.3105   62.4170
270.0000   54.0000   24.4450   72.6523
271.0000   51.0000   71.7296   43.7041
272.0000   51.0000   67.9946   36.5814
273.0000   71.0000   2.7217   11.0973
274.0000   63.0000   66.4186   11.8589
275.0000   99.0000   11.5576   88.6072
276.0000   28.0000   40.9005   3.7113
277.0000   92.0000   84.6105   24.9254
278.0000   13.0000   52.6690   45.0548
279.0000   25.0000   98.9490   27.3745
280.0000   35.0000   63.5059   74.2336
281.0000   68.0000   77.9105   93.6546
282.0000   64.0000   47.3004   37.7792
283.0000   81.0000   28.9215   87.4562
284.0000   46.0000   18.5302   64.7051
285.0000   51.0000   39.0883   53.7927
286.0000   75.0000   67.5485   34.8634
287.0000   100.0000   50.2834   54.3288
288.0000   29.0000   82.1375   80.9860
289.0000   76.0000   80.3042   59.7210
290.0000   23.0000   78.6796   14.3441
291.0000   20.0000   87.2984   85.5391
292.0000   49.0000   34.1494   78.7232
293.0000   93.0000   3.8014   35.4536
294.0000   75.0000   59.2850   24.8813
295.0000   99.0000   83.8722   25.8993
296.0000   75.0000   64.0779   33.8028
297.0000   93.0000   36.2326   59.1260
298.0000   53.0000   10.7383   51.2100
299.0000   70.0000   79.2917   41.7745
300.0000   29.0000   41.8532   23.3821
301.0000   18.0000   0.5423   56.4791
302.0000   99.0000   95.1022   19.0807
303.0000   87.0000   31.6972   13.4495
304.0000   68.0000   35.5970   52.4401
305.0000   17.0000   80.7884   32.5796
306.0000   79.0000   29.3644   33.6945
307.0000   31.0000   44.9992   6.9574
308.0000   98.0000   43.0351   5.7338
309.0000   56.0000   66.5571   96.3971
310.0000   32.0000   85.3652   55.9567
311.0000   68.0000   61.5515   83.2968
312.0000   49.0000   95.2071   78.9146
313.0000   16.0000   92.7464   30.6384
314.0000   45.0000   96.5798   61.7849
315.0000   12.0000   40.0249   71.8179
316.0000   10.0000   84.5746   15.9254
317.0000   45.0000   73.9098   2.6382
318.0000   35.0000   81.4173   50.4804
319.0000   33.0000   48.2306   17.7932
320.0000   54.0000   0.7604   84.0066
321.0000   87.0000   87.7444   44.5298
322.0000   40.0000   11.8824   91.8867
323.0000   85.0000   71.5227   96.4997
324.0000   71.0000   62.6193   63.2762
325.0000   42.0000   6.3073   44.3072
326.0000   60.0000   10.6580   53.5933
327.0000   11.0000   20.6375   2.1964
328.0000   38.0000   9.6397   70.7809
329.0000   71.0000   81.1956   85.6912
330.0000   94.0000   63.6725   83.3054
331.0000   20.0000   64.0276   0.0502
332.0000   45.0000   57.5786   93.7526
333.0000   20.0000   74.2644   28.4176
334.0000   23.0000   11.8736   99.9687
335.0000   35.0000   7.2352   6.3556
336.0000   83.0000   71.8314   84.7180
337.0000   59.0000   14.9458   69.4336
338.0000   33.0000   25.2660   16.2702
339.0000   64.0000   17.7902   34.5432
340.0000   71.0000   23.2057   56.4939
341.0000   16.0000   0.0312   63.9602
342.0000   77.0000   76.3355   13.4973
343.0000   53.0000   82.7746   63.8290
344.0000   73.0000   31.1240   85.9136
345.0000   50.0000   82.4814   48.3503
346.0000   61.0000   92.3667   14.8603
347.0000   17.0000   79.4424   83.3782
348.0000   24.0000   38.5845   42.3008
349.0000   11.0000   10.3467   58.0749
350.0000   49.0000   78.9422   58.4274
351.0000   96.0000   7.8142   7.4716
352.0000   26.0000   59.6731   28.7850
353.0000   22.0000   68.4617   51.9371
354.0000   87.0000   58.3450   23.6680
355.0000   69.0000   87.9331   3.6144
356.0000   80.0000   76.0587   57.7662
357.0000   35.0000   22.6731   32.9139
358.0000   37.0000   88.7225   39.6648
359.0000   55.0000   81.0978   2.8332
360.0000   98.0000   5.3083   34.2138
361.0000   15.0000   59.9508   6.5402
362.0000   77.0000   85.1165   49.2050
363.0000   91.0000   56.4122   33.6807
364.0000   29.0000   79.1849   75.8560
365.0000   42.0000   96.5490   24.3805
366.0000   67.0000   18.3092   46.0848
367.0000   90.0000   6.0241   47.8101
368.0000   47.0000   75.7573   89.6780
369.0000   39.0000   78.6440   6.2863
370.0000   92.0000   79.0366   46.2572
371.0000   12.0000   25.3468   44.2351
372.0000   23.0000   77.7787   88.3689
373.0000   58.0000   81.0063   59.4747
374.0000   100.0000   31.8883   36.4219
375.0000   47.0000   53.9949   65.4676
376.0000   93.0000   44.0652   50.1670
377.0000   92.0000   91.2554   54.4553
378.0000   98.0000   70.2740   96.4434
379.0000   88.0000   66.7145   64.6882
380.0000   75.0000   86.9160   10.2307
381.0000   98.0000   39.4419   19.6167
382.0000   60.0000   36.2747   88.8816
383.0000   89.0000   13.6409   53.8625
384.0000   71.0000   53.4795   62.0176
385.0000   65.0000   40.5554   42.9912
386.0000   97.0000   5.7184   76.8441
387.0000   85.0000   6.2900   13.1002
388.0000   36.0000   60.8234   10.0854
389.0000   78.0000   33.8895   18.4028
390.0000   27.0000   98.7855   72.7832
391.0000   17.0000   26.2919   33.7899
392.0000   58.0000   88.7762   64.6935
393.0000   47.0000   7.8435   52.9765
394.0000   18.0000   48.5109   61.9441
395.0000   43.0000   52.7177   43.4617
396.0000   65.0000   26.3048   34.3121
397.0000   54.0000   94.7163   48.7469
398.0000   48.0000   70.4062   41.7373
399.0000   24.0000   6.6490   18.2246
400.0000   75.0000   54.7238   63.6379
401.0000   80.0000   87.6463   98.5658
402.0000   75.0000   76.6502   75.3464
403.0000   60.0000   41.9272   44.1040
404.0000   16.0000   8.6666   40.0030
405.0000   53.0000   60.8702   25.6571
406.0000   89.0000   70.2203   85.9789
407.0000   24.0000   63.5269   93.7391
408.0000   73.0000   79.1044   76.7745
409.0000   49.0000   74.6501   9.1401
410.0000   72.0000   53.8401   66.6612
411.0000   29.0000   17.1236   97.1177
412.0000   84.0000   56.8145   73.4011
413.0000   58.0000   39.0467   75.0235
414.0000   20.0000   28.3621   55.2864
415.0000   40.0000   32.3735   57.7916
416.0000   70.0000   33.9118   8.3991
417.0000   89.0000   90.5254   27.4586
418.0000   73.0000   18.1841   15.0562
419.0000   66.0000   19.1638   78.4439
420.0000   25.0000   67.1161   34.5538
421.0000   47.0000   90.2121   61.7166
422.0000   53.0000   60.2091   73.4884
423.0000   38.0000   90.8493   47.9271
424.0000   60.0000   57.3435   50.4019
425.0000   59.0000   85.7444   15.1018
426.0000   66.0000   57.2264   47.1789
427.0000   33.0000   71.5596   68.4971
428.0000   18.0000   2.4422   38.3333
429.0000   77.0000   77.4313   74.9800
430.0000   58.0000   79.1897   5.8894
431.0000   51.0000   63.4910   53.9286
432.0000   17.0000   8.2668   56.7110
433.0000   98.0000   50.8655   71.0086
434.0000   11.0000   29.7214   61.8051
435.0000   95.0000   84.4977   78.4844
436.0000   56.0000   63.1162   15.3745
437.0000   59.0000   59.5264   71.2520
438.0000   60.0000   56.9918   21.8296
439.0000   17.0000   11.7382   17.2496
440.0000   83.0000   17.7179   60.0425
441.0000   72.0000   93.2522   96.4683
442.0000   66.0000   81.5205   96.1385
443.0000   24.0000   27.8623   45.1052
444.0000   79.0000   0.6166   27.7691
445.0000   79.0000   93.3414   68.7666
446.0000   33.0000   7.7430   91.0055
447.0000   80.0000   24.5433   66.2360
448.0000   55.0000   97.9691   45.2408
449.0000   95.0000   37.3213   32.4859
450.0000   51.0000   4.6242   68.5119
451.0000   99.0000   74.7181   62.2611
452.0000   86.0000   43.8829   55.2300
453.0000   30.0000   2.6114   58.5210
454.0000   42.0000   48.7821   0.3129
455.0000   99.0000   3.6790   98.4984
456.0000   25.0000   82.8543   33.5675
457.0000   41.0000   76.4168   11.1022
458.0000   44.0000   62.0868   82.6275
459.0000   65.0000   2.6840   84.3267
460.0000   78.0000   49.3497   9.6017
461.0000   41.0000   2.1790   27.3593
462.0000   27.0000   97.3529   81.5326
463.0000   68.0000   98.3534   65.1504
464.0000   68.0000   83.7808   25.5193
465.0000   24.0000   64.5438   79.5603
466.0000   12.0000   98.8566   44.5032
467.0000   95.0000   22.1037   55.7192
468.0000   98.0000   26.9775   87.8676
469.0000   52.0000   66.5643   82.3648
470.0000   10.0000   38.8474   45.9083
471.0000   41.0000   2.5183   53.7462
472.0000   45.0000   25.5355   70.0587
473.0000   37.0000   98.6685   84.7218
474.0000   23.0000   54.5103   94.6695
475.0000   67.0000   72.1526   8.7231
476.0000   56.0000   0.6059   17.1640
477.0000   23.0000   86.3777   20.4221
478.0000   54.0000   33.2898   75.0194
479.0000   18.0000   57.6909   11.4524
480.0000   62.0000   97.2041   81.7145
481.0000   76.0000   46.2425   56.6105
482.0000   84.0000   66.3421   10.8471
483.0000   80.0000   25.4983   12.2011
484.0000   45.0000   72.3409   31.4663
485.0000   31.0000   19.7307   31.3529
486.0000   56.0000   1.6884   99.2259
487.0000   70.0000   23.9866   68.4290
488.0000   93.0000   85.9753   36.3682
489.0000   17.0000   79.9405   17.0574
490.0000   74.0000   93.4360   37.3323
491.0000   11.0000   22.7403   9.6008
492.0000   45.0000   42.2887   69.1298
493.0000   92.0000   65.9603   67.8227
494.0000   14.0000   26.8653   44.7056
495.0000   45.0000   27.9398   6.2067
496.0000   55.0000   50.0798   54.8399
497.0000   16.0000   66.1589   89.5095
498.0000   95.0000   44.1219   31.7551
499.0000   74.0000   5.0379   41.1955
500.0000   11.0000   67.0411   79.0477
