0.0000   0.0000   0.0000   0.0000
1.0000   56.0000   10.8999   25.5191
2.0000   136.0000   21.4869   16.6712
3.0000   111.0000   9.8480   39.4194
4.0000   63.0000   46.2914   4.8004
5.0000   69.0000   36.7024   41.8303
6.0000   104.0000   28.3909   40.1350
7.0000   63.0000   23.4520   38.8120
8.0000   133.0000   38.5753   4.9095
9.0000   131.0000   25.4387   25.2649
10.0000   111.0000   32.2585   12.7575
11.0000   97.0000   33.7422   45.5030
12.0000   78.0000   21.7766   19.1900
13.0000   70.0000   27.9105   37.0031
14.0000   54.0000   5.6165   19.4699
15.0000   78.0000   11.2698   44.1880
16.0000   108.0000   19.2513   29.5776
17.0000   135.0000   8.5307   7.0851
18.0000   83.0000   6.7053   12.0823
19.0000   88.0000   20.5031   31.8021
20.0000   54.0000   34.2653   2.2303
21.0000   132.0000   22.0891   9.7701
22.0000   126.0000   35.5023   33.3799
23.0000   107.0000   4.1832   29.5323
24.0000   128.0000   39.0147   20.0606
25.0000   77.0000   7.3808   27.3158
26.0000   120.0000   24.8619   43.6049
27.0000   64.0000   30.2025   11.3892
28.0000   99.0000   5.6297   3.0564
29.0000   61.0000   35.2888   45.2630
30.0000   94.0000   23.7598   0.4170
31.0000   66.0000   27.0109   6.4812
32.0000   57.0000   39.2569   27.8903
33.0000   79.0000   25.5382   48.3481
34.0000   61.0000   3.9250   46.1409
35.0000   98.0000   14.0287   11.2591
36.0000   124.0000   15.9159   22.5444
37.0000   98.0000   34.6112   5.4645
38.0000   72.0000   37.6764   41.3434
39.0000   77.0000   13.9432   10.4583
40.0000   82.0000   6.5450   17.2283
41.0000   130.0000   3.2085   16.1709
42.0000   56.0000   16.5843   17.2897
43.0000   72.0000   30.1539   4.7400
44.0000   121.0000   29.2529   11.8961
45.0000   60.0000   32.1129   45.5047
46.0000   134.0000   36.1378   8.3918
47.0000   66.0000   5.6861   20.4134
48.0000   139.0000   18.8456   20.2204
49.0000   91.0000   10.9124   18.3371
50.0000   62.0000   30.0283   43.1079
51.0000   129.0000   19.3811   34.2526
52.0000   104.0000   0.5936   20.7075
53.0000   98.0000   19.4594   26.1663
54.0000   117.0000   25.3310   8.5103
55.0000   75.0000   42.1831   3.2611
56.0000   53.0000   5.2063   30.3841
57.0000   92.0000   36.8815   2.7467
58.0000   90.0000   12.1756   19.2290
59.0000   65.0000   27.9852   40.3673
60.0000   77.0000   36.4949   20.4772
61.0000   64.0000   30.0565   7.3593
62.0000   58.0000   18.5423   37.0197
63.0000   85.0000   5.2568   20.4237
64.0000   132.0000   2.7674   32.0938
65.0000   93.0000   17.0860   2.8113
66.0000   103.0000   24.8480   13.9127
67.0000   125.0000   1.9418   41.7427
68.0000   105.0000   41.8563   37.8926
69.0000   119.0000   0.1124   33.4319
70.0000   79.0000   30.3463   0.2591
71.0000   129.0000   25.5512   5.9362
72.0000   84.0000   46.0952   37.2153
73.0000   55.0000   33.3162   36.7513
74.0000   112.0000   19.9070   16.6661
75.0000   52.0000   37.8159   29.7497
76.0000   102.0000   39.0122   21.8796
77.0000   120.0000   1.5795   31.7058
78.0000   112.0000   35.6071   35.8774
79.0000   126.0000   14.1948   17.2495
80.0000   67.0000   39.5760   12.5132
81.0000   68.0000   15.7114   47.9344
82.0000   80.0000   16.7339   31.8865
83.0000   84.0000   40.3247   24.1462
84.0000   85.0000   29.6126   10.3689
85.0000   81.0000   1.6989   43.3871
86.0000   57.0000   15.9229   39.1191
87.0000   117.0000   25.3352   13.6450
88.0000   97.0000   13.1867   36.0946
89.0000   94.0000   14.1146   9.9810
90.0000   74.0000   9.0382   19.3936
91.0000   57.0000   29.7618   4.1744
92.0000   125.0000   48.5250   32.7560
93.0000   88.0000   30.5578   48.3030
94.0000   124.0000   34.4654   3.4511
95.0000   106.0000   40.3333   31.5266
96.0000   102.0000   31.9963   25.6344
97.0000   109.0000   6.9970   16.8698
98.0000   120.0000   2.3006   48.6523
99.0000   56.0000   48.6453   9.5673
100.0000   105.0000   14.3609   15.5711
101.0000   103.0000   16.6237   23.4250
102.0000   51.0000   15.9237   12.1744
103.0000   100.0000   20.0296   29.5679
104.0000   111.0000   42.2010   1.3535
105.0000   105.0000   1.4496   33.3684
106.0000   82.0000   10.5621   44.2327
107.0000   84.0000   33.8094   40.3356
108.0000   99.0000   21.2339   9.9184
109.0000   90.0000   46.5378   44.5439
110.0000   90.0000   30.6766   6.9551
111.0000   137.0000   29.7617   44.7276
112.0000   74.0000   37.9880   18.8844
113.0000   75.0000   20.4224   41.8683
114.0000   113.0000   41.4929   16.5791
115.0000   105.0000   24.1106   21.5661
116.0000   80.0000   13.7487   28.9949
117.0000   107.0000   40.2924   25.3206
118.0000   102.0000   32.6033   9.5469
119.0000   93.0000   20.3717   18.7644
120.0000   94.0000   22.4463   33.9997
121.0000   77.0000   5.8223   48.1388
122.0000   60.0000   17.2177   34.6437
123.0000   86.0000   15.8985   0.7748
124.0000   136.0000   20.6132   35.6736
125.0000   55.0000   49.3832   38.4038
126.0000   73.0000   40.5029   32.9264
127.0000   84.0000   21.1593   44.2032
128.0000   69.0000   38.6224   22.6263
129.0000   80.0000   18.9708   26.5677
130.0000   130.0000   44.4863   12.6497
131.0000   50.0000   40.0759   8.8423
132.0000   51.0000   47.6225   3.8107
133.0000   126.0000   46.3870   11.3776
134.0000   79.0000   21.1361   15.2524
135.0000   137.0000   17.1032   20.1415
136.0000   94.0000   32.9831   38.8254
137.0000   73.0000   20.8008   30.0034
138.0000   53.0000   47.1530   40.4861
139.0000   55.0000   5.9454   10.5349
140.0000   140.0000   38.1181   19.4562
141.0000   131.0000   19.9351   5.8081
142.0000   130.0000   12.5116   1.7785
143.0000   116.0000   14.5239   31.6264
144.0000   56.0000   22.9881   19.8985
145.0000   71.0000   34.1706   11.4057
146.0000   120.0000   17.5750   20.7133
147.0000   76.0000   13.8263   46.6041
148.0000   100.0000   12.6473   7.0776
149.0000   71.0000   26.8416   46.3434
150.0000   120.0000   25.8925   22.0989
151.0000   82.0000   30.7975   49.6075
152.0000   82.0000   44.6975   21.6781
153.0000   89.0000   10.4303   24.8446
154.0000   129.0000   26.7066   14.8184
155.0000   90.0000   5.7787   7.6565
156.0000   51.0000   20.6519   31.4746
157.0000   111.0000   23.6443   23.5364
158.0000   51.0000   19.2486   20.3160
159.0000   65.0000   48.4312   9.1992
160.0000   129.0000   6.1049   34.5214
161.0000   61.0000   8.9642   4.6261
162.0000   88.0000   43.0020   32.5448
163.0000   85.0000   10.2758   11.9938
164.0000   135.0000   8.5518   16.8923
165.0000   51.0000   30.0243   37.9027
166.0000   85.0000   9.2033   9.3647
167.0000   82.0000   17.3739   35.7186
168.0000   108.0000   44.5708   38.9598
169.0000   90.0000   31.3190   45.1867
170.0000   87.0000   11.7651   40.9704
171.0000   79.0000   4.2831   5.5691
172.0000   116.0000   38.4435   29.6294
173.0000   131.0000   10.5364   35.6998
174.0000   136.0000   0.0512   13.6587
175.0000   123.0000   28.9537   5.5906
