0.0000   0.0000   0.0000   0.0000
1.0000   94.0000   38.1467   0.9783
2.0000   144.0000   27.6317   49.4172
3.0000   102.0000   42.5310   46.8423
4.0000   140.0000   40.6589   1.5873
5.0000   128.0000   47.3332   45.7218
6.0000   94.0000   20.3982   23.6662
7.0000   119.0000   33.6739   14.0512
8.0000   124.0000   42.9182   49.9568
9.0000   120.0000   5.7189   18.8148
10.0000   101.0000   7.9856   10.3106
11.0000   164.0000   48.5313   47.2283
12.0000   102.0000   30.6013   30.1649
13.0000   140.0000   46.8934   0.1606
14.0000   173.0000   38.4202   23.3757
15.0000   144.0000   13.9675   11.4323
16.0000   102.0000   1.5941   0.3107
17.0000   115.0000   20.1721   45.9669
18.0000   145.0000   25.0257   3.3430
19.0000   175.0000   26.6867   41.7368
20.0000   162.0000   30.1993   33.1492
21.0000   110.0000   25.9586   15.2071
22.0000   107.0000   45.6905   18.2947
23.0000   100.0000   6.8058   8.3941
24.0000   150.0000   39.0129   33.2459
25.0000   112.0000   33.1879   20.3078
26.0000   104.0000   5.1827   24.0135
27.0000   112.0000   9.9738   36.7985
28.0000   157.0000   35.5249   11.8038
29.0000   147.0000   8.3323   39.0022
30.0000   173.0000   42.8556   43.3503
31.0000   169.0000   29.3143   3.6983
32.0000   126.0000   1.5796   26.0912
33.0000   106.0000   31.4138   23.6915
34.0000   102.0000   15.7141   6.1703
35.0000   109.0000   6.6299   31.8342
36.0000   135.0000   40.6673   28.8652
37.0000   137.0000   48.3109   42.9578
38.0000   121.0000   11.1573   6.9636
39.0000   166.0000   35.7949   45.4668
40.0000   155.0000   23.0356   20.8138
41.0000   101.0000   18.2449   32.9068
42.0000   152.0000   40.2910   28.6359
43.0000   133.0000   22.6334   32.9199
44.0000   170.0000   17.0947   28.3662
45.0000   172.0000   21.4538   39.8295
46.0000   97.0000   33.7749   47.4484
47.0000   101.0000   46.0415   33.3897
48.0000   162.0000   19.0294   17.1689
49.0000   93.0000   35.9725   41.5922
50.0000   171.0000   49.3444   12.0701
51.0000   163.0000   8.2955   15.1802
52.0000   102.0000   47.9381   39.0022
53.0000   105.0000   8.5896   5.2398
54.0000   120.0000   49.8628   6.2306
55.0000   147.0000   11.2175   24.0451
56.0000   97.0000   8.9963   2.1019
57.0000   142.0000   16.2750   10.1331
58.0000   135.0000   46.3410   12.7402
59.0000   174.0000   43.7873   10.2202
60.0000   157.0000   16.1434   19.2523
61.0000   166.0000   30.1917   0.1259
62.0000   139.0000   5.5191   8.4291
63.0000   159.0000   5.1662   35.7232
64.0000   116.0000   27.8755   32.8458
65.0000   163.0000   10.1966   27.2586
66.0000   174.0000   39.4093   8.0327
67.0000   105.0000   26.6525   9.7705
68.0000   129.0000   2.4910   26.0306
69.0000   98.0000   18.4360   29.8378
70.0000   144.0000   33.8953   34.5538
71.0000   113.0000   7.9289   35.0255
72.0000   123.0000   42.1734   36.8453
73.0000   149.0000   15.3815   25.5400
74.0000   158.0000   24.6336   42.7834
75.0000   172.0000   24.3915   15.5844
76.0000   152.0000   34.1287   11.7751
77.0000   162.0000   45.4012   47.9434
78.0000   150.0000   9.1841   9.1135
79.0000   159.0000   8.4933   39.6958
80.0000   164.0000   49.2247   35.5197
81.0000   109.0000   39.1644   38.4100
82.0000   173.0000   47.9288   33.5792
83.0000   152.0000   32.7663   14.8340
84.0000   127.0000   17.6452   10.2355
85.0000   113.0000   47.6310   7.1113
86.0000   98.0000   16.7013   42.7319
87.0000   165.0000   20.9097   18.2936
88.0000   108.0000   11.8530   30.1967
89.0000   111.0000   44.6206   9.9631
90.0000   137.0000   8.3559   35.7215
91.0000   112.0000   22.8098   14.4668
92.0000   128.0000   23.2551   17.8807
93.0000   106.0000   31.9108   37.0725
94.0000   115.0000   11.3789   26.8540
95.0000   134.0000   47.0384   36.6581
96.0000   98.0000   38.4712   22.3842
97.0000   96.0000   1.5726   34.6654
98.0000   97.0000   41.1519   26.2544
99.0000   129.0000   5.4749   33.5713
100.0000   165.0000   34.4337   45.7184
101.0000   92.0000   40.8135   14.3156
102.0000   91.0000   40.2207   1.5036
103.0000   140.0000   36.8756   20.7908
104.0000   90.0000   25.9887   44.8699
105.0000   121.0000   14.4777   45.7066
106.0000   94.0000   45.9958   15.3995
107.0000   91.0000   49.8648   43.4119
108.0000   110.0000   43.5813   33.5894
109.0000   124.0000   13.2173   44.1329
110.0000   109.0000   3.0041   40.2213
111.0000   167.0000   8.2703   4.6339
112.0000   143.0000   44.0829   48.1316
113.0000   176.0000   45.6081   43.7710
114.0000   136.0000   35.4360   24.3179
115.0000   163.0000   6.6087   17.6844
116.0000   102.0000   15.7590   6.0714
117.0000   157.0000   11.2252   6.3121
118.0000   102.0000   41.5640   2.2541
119.0000   94.0000   35.3208   45.1245
120.0000   141.0000   14.9023   24.4539
121.0000   170.0000   23.0182   0.9978
122.0000   155.0000   14.0401   21.9766
123.0000   177.0000   36.1055   26.9850
124.0000   116.0000   13.3744   43.7225
125.0000   153.0000   29.2227   24.1349
126.0000   112.0000   48.6913   6.2485
127.0000   139.0000   34.7938   3.0959
128.0000   108.0000   47.8102   48.8375
129.0000   108.0000   33.4259   2.7887
130.0000   111.0000   14.5549   5.4101
131.0000   150.0000   49.1521   10.6359
132.0000   126.0000   42.5807   16.1523
133.0000   173.0000   37.6317   22.8667
134.0000   107.0000   34.7629   18.2933
135.0000   96.0000   33.4002   28.1191
136.0000   118.0000   14.0112   23.7886
137.0000   177.0000   16.3008   36.6105
138.0000   126.0000   2.6372   33.2672
139.0000   141.0000   34.1155   34.9748
140.0000   135.0000   35.7135   20.4690
141.0000   161.0000   34.8484   43.4697
142.0000   143.0000   2.9123   27.9479
143.0000   127.0000   18.4118   28.7948
144.0000   168.0000   20.1886   45.2030
145.0000   124.0000   6.4987   22.7456
146.0000   138.0000   8.8824   4.6055
147.0000   154.0000   21.5506   3.1582
148.0000   159.0000   27.7383   5.6506
149.0000   123.0000   21.5299   46.0011
150.0000   158.0000   47.1373   13.1200
151.0000   113.0000   10.7732   0.0497
152.0000   126.0000   25.8331   33.3928
153.0000   165.0000   35.9162   26.4169
154.0000   108.0000   44.1198   3.5028
155.0000   178.0000   37.8777   24.0903
156.0000   120.0000   17.3267   22.2189
157.0000   156.0000   0.9366   23.0854
158.0000   136.0000   24.8525   45.3193
159.0000   173.0000   6.4548   41.0974
160.0000   172.0000   16.9574   10.6566
161.0000   169.0000   27.2816   40.4521
162.0000   118.0000   39.9599   29.0001
163.0000   95.0000   43.6921   17.1855
164.0000   94.0000   12.1010   30.5560
165.0000   145.0000   14.9402   40.9658
166.0000   165.0000   32.4087   22.9184
167.0000   140.0000   6.3692   30.9415
168.0000   123.0000   37.9528   19.5475
169.0000   171.0000   42.2627   42.8585
170.0000   109.0000   42.0462   4.5232
171.0000   114.0000   41.9810   12.6166
172.0000   157.0000   42.0372   39.9459
173.0000   96.0000   39.3362   37.0967
174.0000   137.0000   35.0581   37.9986
175.0000   177.0000   28.2252   17.2027
176.0000   102.0000   2.8889   48.4612
177.0000   154.0000   3.8476   0.0002
178.0000   167.0000   33.8438   41.0314
179.0000   158.0000   6.2897   45.4977
180.0000   169.0000   21.7979   16.5807
181.0000   133.0000   42.8197   2.3053
182.0000   132.0000   33.6712   3.8347
183.0000   160.0000   4.2189   33.5283
184.0000   150.0000   40.6633   48.9616
185.0000   91.0000   42.4333   44.4011
186.0000   105.0000   13.1345   12.6510
187.0000   115.0000   32.4906   35.5710
188.0000   90.0000   7.0825   35.0663
189.0000   111.0000   12.7538   27.3079
190.0000   133.0000   9.5126   31.6851
191.0000   138.0000   20.8165   26.9273
192.0000   173.0000   27.5803   18.2144
193.0000   119.0000   22.7977   19.5625
194.0000   98.0000   41.1029   21.9570
195.0000   174.0000   43.4576   23.3259
196.0000   145.0000   0.2187   44.3086
197.0000   132.0000   35.0727   45.8285
198.0000   101.0000   23.8317   34.8305
199.0000   175.0000   39.8218   14.5691
200.0000   127.0000   32.4172   14.8649
201.0000   134.0000   29.2433   31.8350
202.0000   102.0000   42.6688   16.7911
203.0000   93.0000   31.1340   17.2192
204.0000   170.0000   37.6434   13.0172
205.0000   106.0000   49.5987   31.8461
206.0000   166.0000   37.4891   42.3473
207.0000   120.0000   22.3456   24.5925
208.0000   121.0000   5.5375   13.2632
209.0000   105.0000   12.6702   46.3764
210.0000   117.0000   40.9729   6.3236
211.0000   166.0000   41.5136   15.7276
212.0000   90.0000   17.4928   23.8609
213.0000   102.0000   22.1677   25.0104
214.0000   92.0000   36.5820   0.6483
215.0000   105.0000   9.2777   48.4210
216.0000   172.0000   37.0523   34.6614
217.0000   110.0000   28.8378   2.0993
218.0000   92.0000   8.7577   13.7313
219.0000   107.0000   2.1739   31.5838
220.0000   177.0000   39.2347   5.0356
221.0000   102.0000   28.1662   10.8988
222.0000   146.0000   45.7572   42.4812
223.0000   149.0000   7.3336   31.7566
224.0000   114.0000   34.2250   9.9011
225.0000   153.0000   42.7019   15.5641
226.0000   109.0000   29.0892   24.9143
227.0000   178.0000   10.4106   39.9719
228.0000   107.0000   13.3338   43.9082
229.0000   141.0000   34.9547   22.0864
230.0000   118.0000   21.7462   34.4684
231.0000   164.0000   22.9154   3.1406
232.0000   121.0000   10.2297   32.2660
233.0000   112.0000   6.7742   39.2134
234.0000   101.0000   33.5278   17.5529
235.0000   106.0000   38.0484   23.1064
236.0000   109.0000   38.9213   48.1767
237.0000   98.0000   36.1844   28.2886
238.0000   119.0000   12.0063   12.8041
239.0000   175.0000   34.8707   38.6824
240.0000   106.0000   28.9336   39.0193
241.0000   143.0000   49.8251   39.2253
242.0000   111.0000   6.3269   35.1660
243.0000   111.0000   9.6165   31.6516
244.0000   96.0000   10.3874   38.0845
245.0000   120.0000   37.0175   33.0262
246.0000   157.0000   19.5643   43.3320
247.0000   149.0000   8.5284   0.5575
248.0000   92.0000   40.8864   30.4701
249.0000   102.0000   9.5736   36.4653
250.0000   123.0000   33.0071   10.2426
251.0000   103.0000   1.7402   32.0994
252.0000   169.0000   45.8600   40.9051
253.0000   177.0000   40.3301   36.9152
254.0000   114.0000   9.9051   44.9140
255.0000   143.0000   3.0477   43.6697
256.0000   122.0000   26.0062   48.0225
257.0000   168.0000   39.1065   12.7240
258.0000   136.0000   0.5642   26.5222
259.0000   160.0000   17.6116   45.4669
260.0000   135.0000   26.7421   25.1130
261.0000   168.0000   38.2230   46.5785
262.0000   158.0000   40.2363   31.4969
263.0000   170.0000   23.1586   27.3898
264.0000   122.0000   12.5133   39.8908
265.0000   122.0000   25.7904   25.8807
266.0000   140.0000   41.9797   35.8117
267.0000   94.0000   40.1760   3.3181
268.0000   160.0000   18.7306   12.5193
269.0000   106.0000   13.6614   28.0388
270.0000   133.0000   16.3217   27.5984
271.0000   136.0000   24.6295   2.3394
272.0000   95.0000   1.7199   40.9529
273.0000   116.0000   42.8845   10.0724
274.0000   149.0000   23.7982   1.6155
275.0000   126.0000   29.7486   44.3545
276.0000   154.0000   1.7239   0.3195
277.0000   128.0000   8.0825   39.5989
278.0000   90.0000   19.0459   42.8182
279.0000   166.0000   48.6139   42.7679
280.0000   160.0000   17.4815   8.8439
281.0000   169.0000   23.7524   0.5312
282.0000   136.0000   25.2865   35.1790
283.0000   127.0000   48.6079   31.1107
284.0000   95.0000   27.5654   34.0938
285.0000   145.0000   35.1621   40.3522
286.0000   113.0000   26.0248   47.7842
287.0000   175.0000   35.8188   44.4872
288.0000   175.0000   15.2828   6.8572
289.0000   149.0000   26.4032   31.4037
290.0000   113.0000   8.5769   30.3472
291.0000   105.0000   22.0128   12.9211
292.0000   108.0000   31.7559   49.4910
293.0000   90.0000   1.5703   27.1050
294.0000   163.0000   0.6857   2.2697
295.0000   121.0000   24.1870   34.6748
296.0000   179.0000   7.1615   15.0464
297.0000   175.0000   47.3654   9.4130
298.0000   109.0000   8.3249   8.2802
299.0000   151.0000   44.6295   9.6361
300.0000   179.0000   8.8295   7.7293
301.0000   139.0000   29.0691   26.1717
302.0000   175.0000   29.5201   2.2794
303.0000   114.0000   24.2664   46.0646
304.0000   174.0000   46.3678   11.2545
305.0000   114.0000   10.8416   26.8342
306.0000   166.0000   3.6355   1.2701
307.0000   144.0000   15.9534   43.7630
308.0000   103.0000   42.8344   42.8711
309.0000   162.0000   0.2849   7.1884
310.0000   113.0000   2.6990   44.8202
311.0000   132.0000   29.2416   46.0996
312.0000   100.0000   42.8403   45.2283
313.0000   162.0000   18.3786   25.4281
314.0000   101.0000   13.8018   1.5786
315.0000   160.0000   34.2296   23.3682
316.0000   138.0000   40.9859   6.6120
317.0000   163.0000   14.5393   13.8050
318.0000   104.0000   47.9094   20.1332
319.0000   176.0000   43.3662   37.2118
320.0000   90.0000   2.8966   0.6366
321.0000   139.0000   2.4665   46.5770
322.0000   146.0000   17.9040   17.7623
323.0000   153.0000   26.2474   7.4780
324.0000   148.0000   6.8356   5.0459
325.0000   112.0000   31.1262   20.7790
326.0000   99.0000   14.6111   7.3756
327.0000   144.0000   36.0384   27.4643
328.0000   140.0000   21.1877   47.6680
329.0000   117.0000   1.9669   34.6653
330.0000   130.0000   25.0269   7.9067
331.0000   135.0000   5.1500   3.7385
332.0000   110.0000   24.7570   15.9282
333.0000   173.0000   43.3236   0.9558
334.0000   136.0000   30.6600   45.3193
335.0000   114.0000   41.7976   21.5747
336.0000   109.0000   26.1058   42.5274
337.0000   98.0000   37.0964   16.7067
338.0000   104.0000   43.0896   47.5107
339.0000   129.0000   6.7284   23.6796
340.0000   169.0000   45.6785   0.4610
341.0000   158.0000   20.3339   32.6752
342.0000   92.0000   43.8871   3.9102
343.0000   152.0000   44.0636   3.4613
344.0000   153.0000   34.3746   2.3190
345.0000   174.0000   12.1335   23.5229
346.0000   139.0000   44.2803   40.1135
347.0000   129.0000   11.1142   2.6728
348.0000   115.0000   41.1059   19.3864
349.0000   108.0000   28.8067   36.8371
350.0000   127.0000   0.9527   37.0260
351.0000   155.0000   13.1097   12.7586
352.0000   153.0000   36.1876   46.0112
353.0000   134.0000   44.8364   3.6465
354.0000   160.0000   48.5142   11.8096
355.0000   174.0000   22.3028   25.3944
356.0000   97.0000   6.0667   3.3279
357.0000   180.0000   19.1145   40.3463
358.0000   152.0000   16.2614   27.2305
359.0000   163.0000   34.9987   14.2926
360.0000   129.0000   49.9491   15.2670
361.0000   145.0000   15.5385   30.1234
362.0000   130.0000   18.1863   3.7623
363.0000   135.0000   7.2577   8.6413
364.0000   155.0000   5.4305   21.7543
365.0000   158.0000   37.0480   26.4231
366.0000   146.0000   9.4028   32.9208
367.0000   158.0000   47.7634   45.3080
368.0000   122.0000   17.4877   41.8270
369.0000   114.0000   37.5476   30.6371
370.0000   107.0000   49.1217   42.6888
371.0000   100.0000   25.5571   3.4431
372.0000   128.0000   1.3697   18.6111
373.0000   108.0000   28.8236   43.8714
374.0000   102.0000   41.7146   14.7835
375.0000   119.0000   27.7145   47.7076
376.0000   124.0000   21.9977   39.1094
377.0000   113.0000   3.5889   17.4562
378.0000   124.0000   2.2530   24.8234
379.0000   90.0000   5.5684   41.7390
380.0000   117.0000   15.5282   5.8327
381.0000   169.0000   42.5252   41.1192
382.0000   97.0000   48.8134   36.9761
383.0000   130.0000   21.6453   31.4007
384.0000   145.0000   20.5992   3.0416
385.0000   148.0000   13.6738   32.1864
386.0000   165.0000   32.1291   44.0254
387.0000   128.0000   30.5309   12.2588
388.0000   129.0000   23.6503   38.5908
389.0000   107.0000   5.1351   43.5162
390.0000   172.0000   28.1118   39.9642
391.0000   111.0000   1.7445   0.0775
392.0000   96.0000   23.1743   3.1678
393.0000   107.0000   48.1711   22.4306
394.0000   96.0000   18.6266   40.6179
395.0000   140.0000   35.8308   40.1798
396.0000   151.0000   31.7014   20.4127
397.0000   109.0000   19.6267   0.1160
398.0000   126.0000   44.5630   27.8891
399.0000   117.0000   29.9745   25.6061
400.0000   125.0000   10.5463   13.8904
401.0000   178.0000   27.2387   11.2920
402.0000   127.0000   31.6216   46.9464
403.0000   171.0000   47.8995   41.3232
404.0000   131.0000   27.8964   47.8477
405.0000   134.0000   8.1758   26.1474
406.0000   98.0000   5.8277   13.3086
407.0000   90.0000   32.9864   37.7527
408.0000   168.0000   46.3127   24.2233
409.0000   170.0000   33.0132   5.4368
410.0000   154.0000   7.4482   17.2055
411.0000   173.0000   27.3251   27.9971
412.0000   153.0000   5.0272   20.0520
413.0000   160.0000   1.8208   34.3275
414.0000   99.0000   47.8360   29.4412
415.0000   158.0000   37.5415   24.0064
416.0000   165.0000   18.8018   0.0349
417.0000   92.0000   49.9907   2.1582
418.0000   107.0000   11.5227   42.5947
419.0000   172.0000   38.6557   3.3983
420.0000   134.0000   13.1863   0.4826
421.0000   159.0000   26.6300   14.2202
422.0000   111.0000   10.3700   20.0029
423.0000   140.0000   11.1535   34.4941
424.0000   92.0000   3.7981   28.2759
425.0000   169.0000   16.9038   1.0725
