0.0000   0.0000   50.0000   50.0000
1.0000   35.0000   98.3612   96.7341
2.0000   57.0000   58.5241   33.6993
3.0000   31.0000   95.3097   55.4741
4.0000   49.0000   41.4161   96.3073
5.0000   27.0000   21.6932   20.8578
6.0000   95.0000   56.2652   56.5681
7.0000   14.0000   5.6710   26.5188
8.0000   12.0000   30.8316   18.7422
9.0000   33.0000   10.7431   56.6584
10.0000   83.0000   79.7215   82.3446
11.0000   67.0000   63.2163   18.4843
12.0000   15.0000   77.7614   11.2273
13.0000   14.0000   61.4470   75.5088
14.0000   63.0000   71.5892   25.0521
15.0000   11.0000   51.6738   20.6692
16.0000   100.0000   16.6362   16.1000
17.0000   96.0000   72.5405   9.9931
18.0000   73.0000   27.7372   33.8580
19.0000   5.0000   35.3815   18.2366
20.0000   9.0000   24.8741   26.7162
21.0000   60.0000   30.2199   97.5241
22.0000   20.0000   84.6656   45.6478
23.0000   97.0000   9.8594   15.0756
24.0000   81.0000   26.4891   92.7770
25.0000   39.0000   22.9040   22.9367
26.0000   3.0000   71.2431   75.7694
27.0000   14.0000   54.0824   7.4387
28.0000   32.0000   82.0036   38.6820
29.0000   22.0000   19.6058   6.7580
30.0000   62.0000   69.4416   78.8966
31.0000   33.0000   41.0331   78.5228
32.0000   77.0000   27.1107   0.2468
33.0000   4.0000   72.6311   70.2794
34.0000   81.0000   67.5179   13.3862
35.0000   73.0000   87.2990   25.8013
36.0000   87.0000   0.4767   16.7793
37.0000   51.0000   60.4206   61.9884
38.0000   86.0000   41.1633   92.6051
39.0000   33.0000   30.7093   56.7985
40.0000   32.0000   24.5731   48.2361
41.0000   85.0000   7.1912   88.7154
42.0000   89.0000   40.6945   71.1889
43.0000   21.0000   28.9379   35.8417
44.0000   82.0000   70.1767   53.7157
45.0000   24.0000   0.3124   15.3203
46.0000   5.0000   65.0697   89.8916
47.0000   83.0000   15.8679   42.1608
48.0000   4.0000   70.0573   37.3889
49.0000   44.0000   54.2609   69.0164
50.0000   6.0000   10.2247   24.1573
51.0000   10.0000   90.2035   9.6125
52.0000   20.0000   62.5532   91.0601
53.0000   1.0000   43.2555   79.5234
54.0000   89.0000   89.1538   48.1035
55.0000   91.0000   39.7791   42.3395
56.0000   7.0000   68.3662   83.1487
57.0000   77.0000   91.6998   43.9360
58.0000   52.0000   64.3668   1.9292
59.0000   16.0000   75.9574   13.6845
60.0000   32.0000   5.0009   66.4201
61.0000   34.0000   1.5591   77.1401
62.0000   92.0000   73.3382   90.2770
63.0000   50.0000   31.6865   24.0281
64.0000   78.0000   51.6890   87.2922
65.0000   13.0000   5.9574   17.6430
66.0000   88.0000   91.4391   27.3488
67.0000   52.0000   21.0342   9.1670
68.0000   86.0000   85.6218   5.5215
69.0000   80.0000   45.5503   78.9831
70.0000   25.0000   33.2190   54.6370
71.0000   25.0000   79.0233   46.4981
72.0000   97.0000   31.3436   67.7107
73.0000   82.0000   29.4186   7.4001
74.0000   100.0000   74.3733   57.6970
75.0000   20.0000   93.9053   47.0321
76.0000   49.0000   9.5823   96.8263
77.0000   71.0000   85.0001   47.6396
78.0000   37.0000   33.4630   47.5095
79.0000   54.0000   19.9303   14.6438
80.0000   82.0000   80.0878   21.0666
81.0000   69.0000   49.2260   59.0239
82.0000   71.0000   48.5217   46.7789
83.0000   48.0000   96.8750   21.6685
84.0000   84.0000   53.8505   18.9990
85.0000   2.0000   79.8892   41.1864
86.0000   20.0000   3.9549   40.5233
87.0000   4.0000   20.7774   5.8452
88.0000   17.0000   15.6058   19.1062
89.0000   47.0000   57.0869   77.1189
90.0000   58.0000   8.9804   93.0405
91.0000   98.0000   57.9224   28.0340
92.0000   89.0000   14.6688   43.8597
93.0000   99.0000   54.7155   0.2314
94.0000   44.0000   26.8182   8.5231
95.0000   41.0000   63.9983   63.8124
96.0000   74.0000   91.6409   50.6352
97.0000   46.0000   19.5666   92.8523
98.0000   4.0000   52.2993   94.9491
99.0000   9.0000   9.2787   76.3527
100.0000   2.0000   91.0807   70.1748
101.0000   71.0000   57.7428   42.2276
102.0000   80.0000   93.1182   77.1024
103.0000   27.0000   35.1531   13.8975
104.0000   87.0000   85.5477   98.3946
105.0000   58.0000   48.8874   93.8207
106.0000   11.0000   51.7527   58.1798
107.0000   48.0000   23.9200   14.7694
108.0000   19.0000   34.2268   92.6977
109.0000   99.0000   2.8510   76.1702
110.0000   54.0000   60.2243   85.5758
111.0000   95.0000   6.1854   76.3294
112.0000   62.0000   32.3489   51.9039
113.0000   33.0000   35.6884   41.0296
114.0000   59.0000   75.8461   89.9307
115.0000   40.0000   95.9865   21.1920
116.0000   81.0000   30.7721   7.7803
117.0000   82.0000   83.1508   74.3924
118.0000   22.0000   5.1097   1.5960
119.0000   6.0000   1.6132   17.2764
120.0000   42.0000   68.1450   58.8806
121.0000   81.0000   53.0156   91.0545
122.0000   21.0000   23.6914   77.6981
123.0000   99.0000   71.2567   54.8670
124.0000   92.0000   22.3092   17.0656
125.0000   6.0000   31.5262   28.2167
126.0000   83.0000   64.6640   87.8240
127.0000   49.0000   49.8817   47.2878
128.0000   100.0000   54.4913   42.0999
129.0000   57.0000   70.8602   86.7927
130.0000   97.0000   27.1528   38.9275
131.0000   92.0000   47.7176   13.5379
132.0000   75.0000   15.9699   96.5376
133.0000   89.0000   17.1900   2.3787
134.0000   4.0000   50.3509   9.9458
135.0000   75.0000   70.4802   85.5395
136.0000   73.0000   63.3511   23.6264
137.0000   37.0000   22.3318   73.9376
138.0000   78.0000   76.7342   94.2093
139.0000   12.0000   99.7446   80.7792
140.0000   86.0000   9.0970   97.6481
141.0000   94.0000   24.1056   69.2228
142.0000   52.0000   38.8311   63.8292
143.0000   77.0000   89.0915   2.2935
144.0000   15.0000   8.5793   99.5076
145.0000   11.0000   43.9031   70.7603
146.0000   48.0000   91.1886   71.2779
147.0000   90.0000   28.5540   3.6757
148.0000   22.0000   70.7616   1.9370
149.0000   97.0000   52.2997   57.8880
150.0000   52.0000   23.3741   70.2141
151.0000   6.0000   88.2229   40.5660
152.0000   13.0000   97.6240   30.9062
153.0000   40.0000   47.5529   22.3814
154.0000   69.0000   88.8623   81.5485
155.0000   24.0000   33.0676   39.1540
156.0000   43.0000   93.6195   41.8364
157.0000   33.0000   34.5613   10.7567
158.0000   97.0000   73.0217   15.3317
159.0000   90.0000   86.5535   66.1252
160.0000   54.0000   67.2450   20.3583
161.0000   94.0000   14.8799   34.1692
162.0000   4.0000   15.2815   85.5128
163.0000   67.0000   12.1587   46.1642
164.0000   83.0000   98.7209   33.1473
165.0000   66.0000   94.3477   3.5373
166.0000   64.0000   19.8762   42.3600
167.0000   49.0000   2.9289   45.4025
168.0000   8.0000   56.4044   49.4030
169.0000   13.0000   68.3128   82.3667
170.0000   46.0000   94.0109   15.3102
171.0000   96.0000   0.1497   57.0652
172.0000   21.0000   90.3327   40.3101
173.0000   22.0000   74.8082   51.1403
174.0000   85.0000   74.9700   35.2982
175.0000   83.0000   48.3212   10.2974
176.0000   16.0000   53.1226   32.5503
177.0000   77.0000   87.1352   87.1828
178.0000   33.0000   2.1685   66.7870
179.0000   55.0000   4.9225   80.4346
180.0000   31.0000   4.0134   57.8083
181.0000   49.0000   18.8443   36.5079
182.0000   81.0000   79.4476   85.5596
183.0000   90.0000   79.4033   94.8294
184.0000   88.0000   32.2337   39.1282
185.0000   4.0000   75.1251   64.7334
186.0000   7.0000   60.7795   43.2958
187.0000   77.0000   56.8850   39.2391
188.0000   56.0000   47.0010   62.5913
189.0000   9.0000   25.1645   21.5074
190.0000   30.0000   30.6559   71.5593
191.0000   26.0000   63.4347   73.6164
192.0000   61.0000   2.4202   2.1690
193.0000   87.0000   59.7422   13.1843
194.0000   65.0000   81.7953   6.7713
195.0000   77.0000   79.4016   9.2993
196.0000   92.0000   65.3947   2.9790
197.0000   25.0000   0.5598   31.0957
198.0000   52.0000   0.1569   90.5568
199.0000   76.0000   92.0825   67.9335
200.0000   94.0000   60.5859   33.9173
201.0000   22.0000   61.4825   39.9280
202.0000   12.0000   34.8774   12.9049
203.0000   18.0000   60.3492   4.5255
204.0000   26.0000   11.0291   9.6979
205.0000   16.0000   77.5906   57.7749
206.0000   13.0000   63.5685   96.2033
207.0000   18.0000   41.4725   17.7542
208.0000   84.0000   24.1820   33.1797
209.0000   66.0000   83.5206   41.8618
210.0000   27.0000   85.3179   94.8691
211.0000   30.0000   94.8701   93.3329
212.0000   26.0000   36.0785   44.8808
213.0000   80.0000   19.4912   75.3657
214.0000   41.0000   0.6612   71.7619
215.0000   83.0000   6.3903   13.1283
216.0000   82.0000   54.7164   21.8070
217.0000   73.0000   22.3594   25.8023
218.0000   54.0000   30.2018   48.4339
219.0000   7.0000   67.8053   75.3256
220.0000   69.0000   66.7993   26.3727
221.0000   26.0000   38.1079   6.3106
222.0000   61.0000   66.0596   53.5085
223.0000   97.0000   86.3258   61.6705
224.0000   84.0000   10.5045   1.8603
225.0000   45.0000   10.8682   66.0596
226.0000   77.0000   55.4968   80.1069
227.0000   61.0000   87.4111   2.4044
228.0000   63.0000   18.1005   13.8112
229.0000   32.0000   18.1823   93.5907
230.0000   75.0000   73.5788   48.4645
231.0000   74.0000   33.2584   86.4209
232.0000   35.0000   17.0074   13.5615
233.0000   12.0000   8.6350   13.6881
234.0000   70.0000   54.0382   22.9727
235.0000   51.0000   93.3260   73.2855
236.0000   49.0000   98.5379   6.1161
237.0000   43.0000   31.0087   87.3664
238.0000   66.0000   8.6639   93.9754
239.0000   25.0000   27.0565   55.5546
240.0000   96.0000   96.8959   24.8493
241.0000   30.0000   6.8343   1.1224
242.0000   25.0000   57.2674   44.7754
243.0000   99.0000   18.9427   43.6460
244.0000   44.0000   5.4175   20.0616
245.0000   82.0000   83.3106   30.5721
246.0000   3.0000   71.8601   8.3611
247.0000   81.0000   71.2850   31.0239
248.0000   9.0000   72.2793   68.0868
249.0000   8.0000   34.4903   81.8735
250.0000   51.0000   3.5906   79.3549
251.0000   70.0000   11.3248   76.6388
252.0000   91.0000   83.1860   4.9661
253.0000   71.0000   32.0625   87.4374
254.0000   1.0000   91.9527   53.1690
255.0000   98.0000   28.1819   62.8143
256.0000   40.0000   93.3618   15.4489
257.0000   54.0000   28.6065   99.6388
258.0000   11.0000   31.3583   43.7974
259.0000   8.0000   62.8186   55.4146
260.0000   3.0000   23.8071   41.7104
261.0000   56.0000   80.5503   57.8763
262.0000   87.0000   74.8779   87.8007
263.0000   74.0000   21.7454   91.5530
264.0000   53.0000   8.3676   27.9924
265.0000   50.0000   69.4020   16.2101
266.0000   16.0000   89.5355   53.8002
267.0000   67.0000   89.6622   72.4099
268.0000   30.0000   73.4854   36.7072
269.0000   82.0000   68.6157   47.9634
270.0000   70.0000   71.3377   5.9591
271.0000   63.0000   81.5662   57.5758
272.0000   15.0000   11.8894   90.7846
273.0000   25.0000   34.1935   44.0693
274.0000   8.0000   25.8746   48.2170
275.0000   37.0000   79.5013   58.2666
276.0000   100.0000   52.5517   63.0021
277.0000   96.0000   46.1502   88.5371
278.0000   61.0000   47.0523   8.3816
279.0000   30.0000   54.2293   67.3500
280.0000   94.0000   30.9520   53.5364
281.0000   70.0000   24.9431   38.0146
282.0000   53.0000   80.9882   23.3048
283.0000   24.0000   37.3399   37.0593
284.0000   5.0000   74.4067   9.1773
285.0000   85.0000   76.7240   6.8499
286.0000   99.0000   72.4620   88.6848
287.0000   34.0000   89.6110   50.2367
288.0000   95.0000   93.6651   69.9103
289.0000   69.0000   19.3437   88.0934
290.0000   37.0000   20.5837   74.1229
291.0000   14.0000   28.3178   64.2871
292.0000   39.0000   94.8908   84.7964
293.0000   28.0000   35.7226   94.7058
294.0000   76.0000   77.2067   31.1018
295.0000   46.0000   79.5765   8.1998
296.0000   96.0000   53.6409   48.5232
297.0000   66.0000   34.8817   66.2076
298.0000   10.0000   61.1015   75.6986
299.0000   38.0000   28.0930   49.3162
300.0000   68.0000   38.1690   4.2755
301.0000   40.0000   47.5566   74.3118
302.0000   21.0000   57.7861   38.5926
303.0000   56.0000   22.1895   48.2233
304.0000   49.0000   64.5485   44.0727
305.0000   17.0000   18.2648   8.5568
306.0000   84.0000   46.8357   15.6849
307.0000   92.0000   36.7333   98.9003
308.0000   10.0000   19.6239   8.8463
309.0000   40.0000   20.6932   45.3302
310.0000   82.0000   28.4725   95.4100
311.0000   50.0000   66.8337   98.5751
312.0000   95.0000   93.5778   41.3034
313.0000   92.0000   13.4359   68.9353
314.0000   13.0000   90.3194   61.0313
315.0000   46.0000   74.6634   94.5156
316.0000   5.0000   32.3467   69.0589
317.0000   82.0000   6.0818   85.9029
318.0000   72.0000   70.3219   24.2414
319.0000   36.0000   63.9489   52.5216
320.0000   42.0000   45.1054   43.6360
321.0000   1.0000   0.5449   96.8684
322.0000   30.0000   98.5720   6.9675
323.0000   64.0000   15.9809   57.8361
324.0000   40.0000   68.6234   43.8628
325.0000   7.0000   83.8165   77.3347
326.0000   80.0000   13.4108   51.7617
327.0000   58.0000   0.5616   74.7969
328.0000   85.0000   94.4619   0.0277
329.0000   2.0000   26.7920   81.3574
330.0000   11.0000   71.7558   83.0433
331.0000   95.0000   99.7234   76.8580
332.0000   41.0000   11.0897   93.7775
333.0000   31.0000   28.5862   83.0512
334.0000   81.0000   48.1856   40.8925
335.0000   97.0000   72.8607   86.7107
336.0000   57.0000   81.9689   63.1139
337.0000   92.0000   23.0482   3.0633
338.0000   98.0000   37.9303   54.5961
339.0000   54.0000   51.9844   16.5418
340.0000   21.0000   78.5256   26.3732
341.0000   82.0000   67.3774   40.3963
342.0000   10.0000   92.5002   74.1321
343.0000   59.0000   48.3789   45.9575
344.0000   29.0000   15.2311   51.4687
345.0000   22.0000   23.3750   9.0633
346.0000   49.0000   91.4058   76.5726
347.0000   82.0000   40.4807   74.3739
348.0000   93.0000   85.5874   68.7292
349.0000   1.0000   33.2423   66.4104
350.0000   12.0000   41.0853   12.2148
351.0000   92.0000   70.5898   61.0627
352.0000   70.0000   46.3719   91.8737
353.0000   82.0000   56.8880   28.9926
354.0000   76.0000   17.5019   30.5337
355.0000   21.0000   16.8337   61.2518
356.0000   50.0000   63.9121   74.0860
357.0000   40.0000   3.0151   71.0502
358.0000   68.0000   45.9661   26.5511
359.0000   95.0000   30.8820   31.9253
360.0000   5.0000   28.2769   23.5611
361.0000   77.0000   32.7485   5.0862
362.0000   4.0000   92.2907   67.9398
363.0000   82.0000   60.3514   81.4131
364.0000   98.0000   48.9062   28.2105
365.0000   83.0000   14.3799   18.5404
366.0000   5.0000   5.4164   95.5550
367.0000   49.0000   0.6044   13.1540
368.0000   73.0000   51.2961   60.2063
369.0000   99.0000   75.7112   92.9487
370.0000   85.0000   82.8135   50.7305
371.0000   12.0000   25.8001   96.0203
372.0000   57.0000   93.6665   15.3099
373.0000   12.0000   52.6844   36.6679
374.0000   47.0000   52.2093   7.8972
375.0000   29.0000   74.8712   26.6268
376.0000   6.0000   36.2072   62.7612
377.0000   83.0000   68.3827   89.6512
378.0000   25.0000   56.2353   86.4253
379.0000   65.0000   88.5355   71.5033
380.0000   16.0000   47.8030   27.8546
381.0000   86.0000   44.0297   48.3642
382.0000   68.0000   21.6804   17.9848
383.0000   78.0000   0.1291   40.9675
384.0000   64.0000   25.5245   56.3631
385.0000   81.0000   46.8235   69.0470
386.0000   11.0000   21.4582   9.3999
387.0000   65.0000   89.5192   2.2003
388.0000   16.0000   31.0684   59.5380
389.0000   89.0000   22.8491   58.1326
390.0000   24.0000   24.1377   25.0789
391.0000   61.0000   17.0675   65.0531
392.0000   9.0000   50.7827   95.3771
393.0000   22.0000   37.7751   38.7914
394.0000   51.0000   23.1878   69.9835
395.0000   33.0000   59.0515   87.8749
396.0000   19.0000   93.3097   78.6546
397.0000   53.0000   15.0560   57.4633
398.0000   96.0000   55.3372   58.0570
399.0000   53.0000   21.4480   78.5207
400.0000   29.0000   93.9229   22.6631
401.0000   88.0000   95.8416   52.3979
402.0000   93.0000   36.7434   32.6501
403.0000   61.0000   92.4327   35.3384
404.0000   9.0000   28.6981   81.4025
405.0000   35.0000   34.4410   39.6063
406.0000   20.0000   98.3655   92.4205
407.0000   71.0000   97.6933   54.1450
408.0000   35.0000   13.0043   36.3728
409.0000   54.0000   56.2201   41.1561
410.0000   12.0000   80.8867   55.2864
411.0000   78.0000   16.2958   13.8233
412.0000   31.0000   48.2098   85.0263
413.0000   84.0000   74.2727   74.2380
414.0000   72.0000   92.6772   28.0773
415.0000   29.0000   66.8329   85.4862
416.0000   43.0000   47.2693   84.6333
417.0000   26.0000   70.6400   34.6574
418.0000   51.0000   41.4134   33.3969
419.0000   4.0000   81.6350   33.1438
420.0000   50.0000   73.4812   90.0905
421.0000   84.0000   1.6857   69.3820
422.0000   56.0000   63.6401   37.6231
423.0000   77.0000   83.6767   11.2865
424.0000   57.0000   56.6583   88.7655
425.0000   17.0000   6.7770   41.0227
426.0000   63.0000   44.5685   77.7976
427.0000   50.0000   3.0904   25.8381
428.0000   36.0000   41.3238   79.5767
429.0000   19.0000   24.7685   23.3378
430.0000   12.0000   81.3024   91.5554
431.0000   79.0000   62.6124   32.5306
432.0000   86.0000   71.7654   16.1548
433.0000   99.0000   69.9055   66.5917
434.0000   95.0000   43.5760   35.9030
435.0000   15.0000   90.4935   75.1856
436.0000   19.0000   29.0922   43.8631
437.0000   37.0000   13.7520   15.3040
438.0000   91.0000   4.8098   44.5765
439.0000   64.0000   24.3070   27.8542
440.0000   76.0000   97.9171   42.9177
441.0000   1.0000   32.0805   24.2701
442.0000   47.0000   78.8476   81.8672
443.0000   98.0000   66.2766   50.3384
444.0000   54.0000   59.9036   75.4749
445.0000   7.0000   66.7841   51.7149
446.0000   82.0000   15.5818   46.6785
447.0000   8.0000   12.9676   95.2393
448.0000   63.0000   55.5768   41.5357
449.0000   98.0000   13.1823   89.3862
450.0000   14.0000   4.7655   14.8300
451.0000   64.0000   50.8862   45.5972
452.0000   67.0000   61.0255   91.9484
453.0000   72.0000   96.2180   75.4690
454.0000   14.0000   75.6742   23.0626
455.0000   86.0000   25.3048   62.5256
456.0000   4.0000   55.7421   94.4350
457.0000   45.0000   28.6144   98.9488
458.0000   38.0000   4.2197   8.6716
459.0000   37.0000   86.4154   80.5637
460.0000   89.0000   55.6546   58.7497
461.0000   21.0000   29.2086   6.4959
462.0000   38.0000   51.4125   92.7344
463.0000   24.0000   51.8719   98.5338
464.0000   53.0000   78.0329   56.0194
465.0000   61.0000   98.3316   12.1869
466.0000   19.0000   57.9640   54.4991
467.0000   16.0000   87.3193   33.8498
468.0000   71.0000   11.6141   71.5414
469.0000   69.0000   76.3307   28.9474
470.0000   24.0000   47.7861   27.5919
471.0000   28.0000   42.1178   87.7573
472.0000   90.0000   0.3324   87.5062
473.0000   18.0000   51.7998   33.5384
474.0000   14.0000   80.1004   98.9325
475.0000   55.0000   8.7925   41.7282
476.0000   27.0000   47.0623   76.3156
477.0000   99.0000   92.0321   25.8635
478.0000   24.0000   99.0328   34.6140
479.0000   29.0000   39.6558   23.4491
480.0000   94.0000   94.4368   58.9614
481.0000   73.0000   58.5217   80.0068
482.0000   16.0000   35.3172   44.6848
483.0000   9.0000   35.6877   84.6697
484.0000   73.0000   54.7686   37.1780
485.0000   10.0000   80.9310   88.2392
486.0000   2.0000   73.2634   15.5205
487.0000   90.0000   13.1495   86.2298
488.0000   20.0000   44.2963   82.8900
489.0000   62.0000   33.5841   99.9529
490.0000   88.0000   19.4370   92.3172
491.0000   75.0000   9.2439   32.0000
492.0000   30.0000   83.2411   84.7277
493.0000   81.0000   13.8747   94.1011
494.0000   95.0000   25.8764   53.8140
495.0000   88.0000   91.2324   59.2323
496.0000   32.0000   16.3388   69.5101
497.0000   60.0000   3.2111   66.5088
498.0000   80.0000   92.7938   95.8476
499.0000   37.0000   94.5041   40.0207
500.0000   88.0000   6.0650   62.4357
501.0000   14.0000   3.0664   14.1708
502.0000   90.0000   70.4112   73.6645
503.0000   32.0000   53.0481   1.1548
504.0000   89.0000   59.2082   16.5272
505.0000   34.0000   3.4490   71.4879
506.0000   71.0000   80.2382   22.1450
507.0000   81.0000   65.6613   20.4141
508.0000   24.0000   88.1964   88.1713
509.0000   47.0000   0.4321   2.7853
510.0000   58.0000   11.4731   46.4888
511.0000   70.0000   51.3420   78.6078
512.0000   80.0000   49.0388   53.0093
513.0000   56.0000   34.5640   85.0867
514.0000   80.0000   58.0384   89.3048
515.0000   24.0000   21.1122   76.7208
516.0000   2.0000   59.6241   4.0850
517.0000   57.0000   55.5070   83.2269
518.0000   8.0000   44.3461   65.0606
519.0000   76.0000   8.1435   83.9789
520.0000   6.0000   70.3908   89.2385
521.0000   14.0000   78.2083   44.4608
522.0000   92.0000   19.0017   37.3727
523.0000   71.0000   26.0260   82.9632
524.0000   100.0000   43.6269   43.4533
525.0000   39.0000   80.3107   5.6800
526.0000   36.0000   23.4160   21.0190
527.0000   90.0000   81.8275   66.0446
528.0000   68.0000   46.9340   51.5308
529.0000   14.0000   95.5823   84.2993
530.0000   6.0000   66.5801   42.9041
531.0000   36.0000   2.3869   65.4145
532.0000   42.0000   62.2501   26.7104
533.0000   80.0000   45.1775   85.6110
534.0000   34.0000   5.7626   1.8362
535.0000   20.0000   73.9607   31.4148
536.0000   15.0000   97.2509   59.7013
537.0000   8.0000   89.4788   64.2235
538.0000   95.0000   11.0690   16.7752
539.0000   50.0000   20.7615   39.1260
540.0000   50.0000   68.3276   51.7532
541.0000   76.0000   26.5108   40.6504
542.0000   53.0000   76.9945   70.2673
543.0000   43.0000   9.3232   13.3603
544.0000   81.0000   91.9096   87.3279
545.0000   69.0000   62.8094   56.4874
546.0000   8.0000   89.8903   62.9714
547.0000   99.0000   64.5998   48.2370
548.0000   46.0000   88.1801   98.9717
549.0000   46.0000   72.5301   55.4177
550.0000   12.0000   16.0273   56.2152
