0.0000   0.0000   50.0000   50.0000
1.0000   37.0000   7.9511   84.0572
2.0000   40.0000   73.1072   25.1258
3.0000   49.0000   30.5774   82.6259
4.0000   72.0000   7.1575   24.5082
5.0000   59.0000   49.3872   11.8764
6.0000   68.0000   80.6832   75.8125
7.0000   30.0000   25.1076   16.6310
8.0000   65.0000   8.3600   43.9205
9.0000   35.0000   10.5676   46.3744
10.0000   76.0000   73.5314   38.1210
11.0000   91.0000   84.9690   21.4919
12.0000   44.0000   17.8667   68.0148
13.0000   100.0000   26.0514   20.7537
14.0000   34.0000   63.1826   2.7181
15.0000   49.0000   39.6087   56.5217
16.0000   75.0000   41.2497   52.2294
17.0000   90.0000   61.6908   15.4823
18.0000   23.0000   42.4970   74.7376
19.0000   20.0000   35.8692   39.9191
20.0000   77.0000   4.6761   98.1652
21.0000   31.0000   61.4424   78.4512
22.0000   18.0000   85.8917   56.9455
23.0000   19.0000   37.0247   76.3284
24.0000   99.0000   78.2430   86.5148
25.0000   39.0000   34.6368   20.8267
26.0000   17.0000   77.2988   97.4757
27.0000   77.0000   43.5350   20.8346
28.0000   43.0000   90.8015   84.9758
29.0000   41.0000   61.2333   9.6404
30.0000   57.0000   9.4712   99.1428
31.0000   75.0000   93.1027   4.5092
32.0000   27.0000   68.2082   76.2609
33.0000   91.0000   45.8470   68.4794
34.0000   68.0000   47.6719   7.8274
35.0000   58.0000   1.2840   33.2491
36.0000   64.0000   15.7103   16.1105
37.0000   84.0000   53.2877   8.6489
38.0000   57.0000   38.5471   90.0160
39.0000   60.0000   63.0450   89.1936
40.0000   50.0000   22.3979   18.4229
41.0000   10.0000   69.1790   84.9375
42.0000   89.0000   33.2288   37.6032
43.0000   23.0000   67.4685   84.5006
44.0000   48.0000   50.0335   46.9360
45.0000   21.0000   14.1233   72.6243
46.0000   61.0000   98.4075   0.0914
47.0000   14.0000   93.0329   97.9167
48.0000   87.0000   50.5608   95.3104
49.0000   15.0000   89.5431   10.3092
50.0000   14.0000   46.2686   34.4293
51.0000   25.0000   19.1973   15.1785
52.0000   78.0000   72.8407   62.6026
53.0000   85.0000   65.4905   13.0984
54.0000   77.0000   95.2524   72.4506
55.0000   61.0000   9.0697   47.2743
56.0000   91.0000   98.9688   6.3602
57.0000   79.0000   63.8680   24.9083
58.0000   62.0000   16.6328   78.9714
59.0000   16.0000   48.8260   34.8908
60.0000   47.0000   66.6030   43.0131
61.0000   77.0000   50.6869   45.9614
62.0000   89.0000   68.1394   15.9436
63.0000   20.0000   33.5784   50.7818
64.0000   37.0000   41.9357   32.1405
65.0000   14.0000   39.5160   80.2385
66.0000   43.0000   33.4214   66.6078
67.0000   51.0000   81.1057   36.4617
68.0000   49.0000   57.2140   12.5801
69.0000   47.0000   9.0175   82.8332
70.0000   20.0000   88.2510   71.6618
71.0000   10.0000   46.6200   4.4941
72.0000   21.0000   46.1174   62.7244
73.0000   40.0000   21.2004   0.5340
74.0000   53.0000   77.6044   54.3319
75.0000   79.0000   50.6206   79.5980
76.0000   98.0000   50.2056   72.3334
77.0000   78.0000   38.0261   95.4324
78.0000   38.0000   72.1657   60.7894
79.0000   34.0000   64.2693   98.9630
80.0000   71.0000   53.5457   55.3134
81.0000   26.0000   89.3407   82.7386
82.0000   32.0000   58.3405   99.1613
83.0000   44.0000   56.2745   57.0045
84.0000   63.0000   79.5987   16.8492
85.0000   95.0000   82.7860   94.2537
86.0000   41.0000   85.2837   65.0345
87.0000   72.0000   96.0505   3.3599
88.0000   55.0000   59.5784   12.3611
89.0000   40.0000   22.7005   17.6581
90.0000   16.0000   30.5806   60.7533
91.0000   64.0000   34.7867   22.6151
92.0000   50.0000   44.4714   24.0903
93.0000   55.0000   22.9718   73.2515
94.0000   69.0000   61.4054   9.6257
95.0000   77.0000   60.4345   77.6609
96.0000   51.0000   25.1231   78.7802
97.0000   33.0000   15.1438   41.6199
98.0000   46.0000   81.6067   44.5620
99.0000   59.0000   51.7662   70.5491
100.0000   63.0000   12.8833   57.7198
101.0000   70.0000   58.7335   24.1957
102.0000   22.0000   10.4699   50.7588
103.0000   55.0000   84.8352   42.5473
104.0000   47.0000   48.7919   75.1517
105.0000   81.0000   47.8721   86.7526
106.0000   70.0000   33.7667   31.7488
107.0000   31.0000   5.1879   46.5669
108.0000   64.0000   89.8328   27.5155
109.0000   49.0000   94.2996   8.9214
110.0000   54.0000   75.7362   60.0632
111.0000   91.0000   8.8256   87.2838
112.0000   83.0000   38.4372   32.9318
113.0000   49.0000   75.9875   66.3264
114.0000   60.0000   76.0108   85.9665
115.0000   30.0000   8.8221   76.5305
116.0000   72.0000   59.2787   1.3508
117.0000   35.0000   75.4809   18.9215
118.0000   95.0000   95.1729   71.4240
119.0000   24.0000   5.6505   26.3073
120.0000   72.0000   91.9500   27.2930
121.0000   33.0000   58.4547   22.6326
122.0000   24.0000   8.9277   70.0674
123.0000   62.0000   95.0140   53.0035
124.0000   67.0000   1.5611   2.4683
125.0000   88.0000   97.6922   6.4903
126.0000   46.0000   16.4743   74.9749
127.0000   65.0000   30.5113   36.7459
128.0000   37.0000   43.5319   45.6733
129.0000   58.0000   24.0690   94.0219
130.0000   99.0000   14.5297   73.9244
131.0000   38.0000   41.4271   70.8066
132.0000   70.0000   26.3883   40.4920
133.0000   66.0000   3.3331   72.4806
134.0000   19.0000   95.4487   77.3885
135.0000   97.0000   87.6937   16.0890
136.0000   90.0000   60.5036   50.0823
137.0000   21.0000   49.7290   91.3791
138.0000   35.0000   85.3017   92.4018
139.0000   61.0000   6.0990   1.1357
140.0000   14.0000   70.9269   28.5667
141.0000   51.0000   36.9457   68.0125
142.0000   51.0000   38.5710   94.8696
143.0000   29.0000   62.6523   35.2314
144.0000   77.0000   87.7442   37.3736
145.0000   16.0000   67.6351   76.8222
146.0000   16.0000   37.0846   56.0974
147.0000   50.0000   58.5896   71.1790
148.0000   36.0000   87.8663   56.3436
149.0000   28.0000   67.1836   24.3042
150.0000   22.0000   76.0559   21.0009
151.0000   50.0000   79.8158   8.4305
152.0000   40.0000   30.5293   44.7361
153.0000   45.0000   67.2447   90.0413
154.0000   96.0000   13.2852   25.1544
155.0000   95.0000   1.7884   52.9105
156.0000   31.0000   25.1328   31.5998
157.0000   22.0000   71.1239   62.3924
158.0000   89.0000   2.7640   61.5005
159.0000   42.0000   68.5029   12.4732
160.0000   32.0000   83.3958   13.6629
161.0000   96.0000   74.5660   32.5311
162.0000   97.0000   62.4384   60.3512
163.0000   92.0000   99.6113   42.9882
164.0000   99.0000   62.8001   45.6275
165.0000   24.0000   89.5921   66.0801
166.0000   49.0000   61.9333   9.0443
167.0000   29.0000   9.0908   92.2225
168.0000   96.0000   75.7992   44.2772
169.0000   83.0000   67.5040   43.3704
170.0000   93.0000   20.9710   42.9380
171.0000   70.0000   62.5100   5.2161
172.0000   14.0000   61.8158   32.6968
173.0000   72.0000   60.3024   77.5915
174.0000   87.0000   40.3316   1.8291
175.0000   66.0000   75.7391   71.6733
176.0000   54.0000   27.6202   42.2593
177.0000   36.0000   15.5852   31.0230
178.0000   27.0000   13.7722   24.5483
179.0000   45.0000   40.9971   31.2719
180.0000   93.0000   53.8543   7.0582
181.0000   25.0000   45.4485   24.4146
182.0000   21.0000   37.2095   54.1889
183.0000   83.0000   35.2644   37.5270
184.0000   93.0000   40.3406   26.6821
185.0000   57.0000   19.6118   85.9322
186.0000   53.0000   64.1918   48.6778
187.0000   72.0000   81.0733   38.6676
188.0000   24.0000   39.9740   91.7150
189.0000   51.0000   21.3196   18.2058
190.0000   49.0000   10.4336   82.9226
191.0000   41.0000   24.0422   18.7967
192.0000   36.0000   6.3838   70.2798
193.0000   39.0000   93.4227   86.5887
194.0000   58.0000   48.4313   34.7738
195.0000   60.0000   13.5096   18.9698
196.0000   56.0000   82.2286   12.1052
197.0000   27.0000   10.3047   90.1412
198.0000   63.0000   61.1534   40.8824
199.0000   96.0000   62.3202   80.6230
200.0000   25.0000   42.3644   51.7822
201.0000   24.0000   15.8929   97.6184
202.0000   13.0000   92.9385   55.3951
203.0000   10.0000   22.3406   70.7843
204.0000   46.0000   22.6339   10.7944
205.0000   36.0000   90.3015   35.1188
206.0000   15.0000   96.0891   39.3387
207.0000   66.0000   50.2267   52.2415
208.0000   78.0000   15.9135   1.1060
209.0000   58.0000   73.2953   99.1543
210.0000   41.0000   19.7491   16.0049
211.0000   52.0000   34.3579   27.0027
212.0000   53.0000   67.2830   99.8905
213.0000   96.0000   59.0527   3.9343
214.0000   86.0000   59.6347   14.4299
215.0000   16.0000   48.4315   8.2535
216.0000   68.0000   29.3809   82.5902
217.0000   69.0000   35.3884   4.6683
218.0000   17.0000   13.7480   56.3381
219.0000   45.0000   44.9642   70.6659
220.0000   21.0000   16.6924   73.4179
221.0000   74.0000   0.7790   39.1619
222.0000   69.0000   94.0337   84.3249
223.0000   84.0000   57.0733   71.0281
224.0000   26.0000   66.2197   47.3522
225.0000   27.0000   62.2980   84.4532
