0.0000   0.0000   0.0000   0.0000
1.0000   20.0000   5.0831   44.0605
2.0000   29.0000   17.0908   43.8617
3.0000   81.0000   5.6853   29.6328
4.0000   73.0000   38.3459   13.2564
5.0000   33.0000   30.9427   1.9096
6.0000   42.0000   21.9813   18.7088
7.0000   59.0000   17.7142   15.0398
8.0000   69.0000   46.9386   5.9029
9.0000   73.0000   19.3647   39.5515
10.0000   89.0000   41.7503   10.1366
11.0000   62.0000   11.2124   20.4686
12.0000   90.0000   0.8656   22.3505
13.0000   21.0000   39.2590   11.8702
14.0000   103.0000   12.3833   33.0960
15.0000   60.0000   8.8262   19.3475
16.0000   110.0000   32.7713   14.3163
17.0000   84.0000   25.2056   0.7068
18.0000   32.0000   27.6868   32.9264
19.0000   70.0000   48.5100   17.1890
20.0000   25.0000   23.3348   48.0156
21.0000   23.0000   14.7154   3.7997
22.0000   94.0000   18.9734   34.9107
23.0000   30.0000   46.7995   17.6220
24.0000   52.0000   19.0419   27.1237
25.0000   22.0000   3.4324   5.2855
26.0000   23.0000   24.4570   10.0237
27.0000   75.0000   31.7891   35.1370
28.0000   74.0000   43.6212   1.6373
29.0000   100.0000   3.4695   5.0661
30.0000   22.0000   32.7723   6.8731
31.0000   81.0000   18.6810   21.1477
32.0000   83.0000   11.0638   1.5827
33.0000   32.0000   7.9245   49.6053
34.0000   67.0000   40.0552   9.0461
35.0000   51.0000   39.8609   23.4043
36.0000   58.0000   18.3568   8.3385
37.0000   43.0000   37.0439   47.6547
38.0000   88.0000   46.2647   28.0692
39.0000   33.0000   45.2507   36.2223
40.0000   27.0000   49.0841   46.9872
41.0000   62.0000   49.5540   48.7761
42.0000   26.0000   44.1937   1.4951
43.0000   32.0000   49.2173   37.6670
44.0000   83.0000   42.1588   13.1668
45.0000   24.0000   29.5211   0.2716
46.0000   85.0000   5.6262   2.8982
47.0000   105.0000   0.5250   8.4727
48.0000   86.0000   47.0562   24.9134
49.0000   68.0000   28.7794   13.2297
50.0000   109.0000   16.9912   4.9898
51.0000   44.0000   4.5399   16.4089
52.0000   87.0000   47.9243   43.3636
53.0000   38.0000   17.2312   47.0808
54.0000   90.0000   24.7929   0.9869
55.0000   29.0000   43.0892   22.1216
56.0000   43.0000   18.1094   8.2503
57.0000   80.0000   44.4546   9.2731
58.0000   56.0000   37.1698   38.6078
59.0000   106.0000   29.7370   14.3228
60.0000   92.0000   37.6350   34.3350
61.0000   99.0000   38.5548   33.2545
62.0000   78.0000   38.3862   33.9095
63.0000   25.0000   38.5318   38.0661
64.0000   44.0000   12.0847   36.1726
65.0000   76.0000   34.9821   44.4057
66.0000   68.0000   7.3091   20.6861
67.0000   39.0000   0.2741   33.0425
68.0000   47.0000   35.1195   32.7518
69.0000   120.0000   18.5281   16.6955
70.0000   61.0000   28.4552   48.3056
71.0000   72.0000   15.9275   40.9642
72.0000   20.0000   45.3450   48.9848
73.0000   24.0000   7.3361   21.4247
74.0000   24.0000   44.6999   3.6090
75.0000   36.0000   38.9399   42.7800
76.0000   29.0000   42.8648   19.6260
77.0000   20.0000   17.9871   24.9023
78.0000   99.0000   10.8569   32.2235
79.0000   31.0000   36.1970   1.0283
80.0000   72.0000   5.5992   49.1939
81.0000   29.0000   41.7285   42.9662
82.0000   62.0000   1.1538   29.2129
83.0000   90.0000   34.1669   29.0196
84.0000   33.0000   34.1711   16.2952
85.0000   66.0000   21.8945   18.5919
86.0000   23.0000   0.4288   9.5500
87.0000   83.0000   15.7166   1.7091
88.0000   53.0000   26.4621   27.6843
89.0000   113.0000   19.9651   33.2146
90.0000   110.0000   3.2384   40.3954
91.0000   69.0000   6.4869   48.3529
92.0000   119.0000   48.1125   45.3978
93.0000   83.0000   36.5839   20.3390
94.0000   70.0000   18.7125   7.5987
95.0000   66.0000   36.2632   2.4844
96.0000   47.0000   10.4017   0.5260
97.0000   71.0000   35.9424   21.1453
98.0000   29.0000   19.8494   44.2056
99.0000   86.0000   3.7909   0.0156
100.0000   104.0000   34.9179   23.4409
101.0000   42.0000   39.2966   36.3694
102.0000   59.0000   11.9903   0.4106
103.0000   23.0000   5.7853   25.6204
104.0000   34.0000   46.7981   23.5988
105.0000   106.0000   1.9937   48.3034
106.0000   91.0000   30.3599   4.8226
107.0000   105.0000   29.6761   44.6686
108.0000   21.0000   8.0408   34.9442
109.0000   22.0000   44.3617   19.2142
110.0000   110.0000   22.2738   47.0519
111.0000   76.0000   4.0624   26.6394
112.0000   23.0000   0.5536   9.8976
113.0000   22.0000   7.3758   31.9928
114.0000   116.0000   17.4935   22.7680
115.0000   111.0000   34.6290   37.1695
116.0000   65.0000   36.2409   21.6307
117.0000   85.0000   6.8489   9.8464
118.0000   108.0000   16.5044   43.7216
119.0000   55.0000   47.6323   33.7913
120.0000   28.0000   16.7799   0.0673
121.0000   103.0000   20.9636   39.6724
122.0000   102.0000   36.7793   28.3219
123.0000   35.0000   40.7648   28.7874
124.0000   25.0000   34.2220   45.3244
125.0000   71.0000   39.8776   42.3305
126.0000   44.0000   34.9436   34.9760
127.0000   52.0000   42.4711   38.5520
128.0000   115.0000   6.2712   19.5186
129.0000   36.0000   23.0813   49.1788
130.0000   104.0000   27.5675   25.1608
131.0000   95.0000   28.8244   32.0169
132.0000   86.0000   48.5070   0.9261
133.0000   66.0000   41.9010   42.0748
134.0000   119.0000   9.8137   21.0504
135.0000   93.0000   44.2064   5.0920
136.0000   55.0000   19.9534   6.0069
137.0000   46.0000   0.4582   31.6715
138.0000   120.0000   13.1327   23.9033
139.0000   87.0000   21.7531   18.1550
140.0000   92.0000   19.1190   1.1316
141.0000   112.0000   13.1898   3.9695
142.0000   25.0000   36.5320   37.7418
143.0000   68.0000   3.6601   2.7463
144.0000   120.0000   16.7648   38.5632
145.0000   100.0000   29.3873   5.8600
146.0000   39.0000   3.9724   4.2596
147.0000   23.0000   29.9150   31.1969
148.0000   70.0000   6.4700   32.4109
149.0000   68.0000   29.4866   14.6927
150.0000   108.0000   16.5926   42.1219
151.0000   32.0000   42.3346   10.1697
152.0000   94.0000   37.6747   17.3140
153.0000   30.0000   22.5596   26.3443
154.0000   95.0000   13.7681   1.2118
155.0000   71.0000   47.9929   30.4449
156.0000   50.0000   44.3801   46.3555
157.0000   59.0000   34.4324   36.0518
158.0000   108.0000   26.8553   49.0336
159.0000   117.0000   10.1251   28.1541
160.0000   47.0000   10.5651   43.8231
161.0000   62.0000   49.5011   32.4463
162.0000   29.0000   6.8617   46.1335
163.0000   119.0000   14.4638   27.0109
164.0000   29.0000   4.5272   20.4537
165.0000   44.0000   14.4332   13.5508
166.0000   28.0000   25.2360   42.3763
167.0000   33.0000   49.4044   42.3881
168.0000   53.0000   16.6334   0.3350
169.0000   37.0000   47.1435   47.2276
170.0000   64.0000   40.5638   16.0475
171.0000   66.0000   29.4853   5.1469
172.0000   38.0000   40.1055   40.1898
173.0000   35.0000   13.6823   39.5319
174.0000   98.0000   19.7055   35.9956
175.0000   66.0000   35.9176   16.8902
176.0000   119.0000   7.4676   5.1974
177.0000   46.0000   40.6497   32.3969
178.0000   117.0000   13.5812   13.3795
179.0000   53.0000   29.4546   21.0635
180.0000   24.0000   37.3933   18.4329
181.0000   100.0000   3.1888   39.5366
182.0000   88.0000   25.4945   1.3663
183.0000   21.0000   33.5712   0.8784
184.0000   87.0000   14.1454   31.3199
185.0000   117.0000   27.0731   2.1014
186.0000   66.0000   8.9807   28.0057
187.0000   70.0000   42.4023   49.7158
188.0000   69.0000   42.5132   8.2514
189.0000   89.0000   6.5422   43.5279
190.0000   72.0000   10.7799   41.2981
191.0000   71.0000   38.5447   49.1842
192.0000   88.0000   27.0074   22.5089
193.0000   52.0000   49.4595   48.6909
194.0000   120.0000   48.9657   40.0667
195.0000   30.0000   44.2770   30.0792
196.0000   107.0000   36.5128   42.8687
197.0000   33.0000   12.6852   2.9567
198.0000   36.0000   42.6588   25.7697
199.0000   90.0000   36.4674   26.8783
200.0000   67.0000   7.6683   23.6556
201.0000   101.0000   43.4694   14.5349
202.0000   113.0000   33.6181   4.2813
203.0000   37.0000   20.4491   36.6685
204.0000   67.0000   47.9656   22.5765
205.0000   119.0000   32.1692   4.7933
206.0000   60.0000   37.9917   44.5126
207.0000   96.0000   37.9941   16.5732
208.0000   22.0000   9.1445   0.7877
209.0000   37.0000   29.1600   38.1316
210.0000   46.0000   47.1736   12.9000
211.0000   117.0000   33.3433   8.4675
212.0000   96.0000   20.9271   36.3942
213.0000   27.0000   31.6844   4.2909
214.0000   51.0000   32.9022   32.0163
215.0000   113.0000   25.0465   0.5396
216.0000   71.0000   45.1462   12.6463
217.0000   76.0000   49.1556   19.0667
218.0000   110.0000   43.1334   30.0660
219.0000   93.0000   2.9853   43.9144
220.0000   95.0000   44.3955   17.5899
221.0000   96.0000   23.5849   37.5920
222.0000   116.0000   24.3467   6.2473
223.0000   102.0000   3.9609   5.6137
224.0000   92.0000   5.6685   30.2118
225.0000   52.0000   4.5949   44.4532
226.0000   63.0000   14.9905   29.0844
227.0000   97.0000   18.6850   7.9134
228.0000   118.0000   48.2444   26.1501
229.0000   63.0000   40.2432   0.6472
230.0000   47.0000   26.6395   7.3566
231.0000   54.0000   24.2714   49.2424
232.0000   98.0000   0.9620   10.4918
233.0000   57.0000   15.2299   16.7838
234.0000   43.0000   4.8468   35.0803
235.0000   104.0000   42.5392   33.7048
236.0000   118.0000   25.4420   32.9038
237.0000   34.0000   40.5676   20.1850
238.0000   83.0000   0.7467   6.0769
239.0000   61.0000   36.8223   39.9586
240.0000   84.0000   27.1489   42.5365
241.0000   85.0000   40.0167   4.4319
242.0000   88.0000   39.2779   6.0322
243.0000   107.0000   12.6170   19.2805
244.0000   115.0000   22.4206   40.1021
245.0000   24.0000   47.9734   3.2704
246.0000   100.0000   19.6491   8.5867
247.0000   57.0000   22.9318   43.9111
248.0000   118.0000   43.4322   15.7340
249.0000   111.0000   2.6948   28.9098
250.0000   37.0000   4.7743   25.3485
251.0000   57.0000   40.9129   31.6253
252.0000   53.0000   39.5981   12.4714
253.0000   95.0000   1.3503   32.1755
254.0000   109.0000   8.3756   21.4188
255.0000   26.0000   39.0708   46.5718
256.0000   89.0000   43.0100   37.1037
257.0000   81.0000   2.0227   38.5903
258.0000   57.0000   47.4032   42.8988
259.0000   84.0000   14.8906   10.7342
260.0000   113.0000   21.3545   3.6522
261.0000   113.0000   45.2424   47.1343
262.0000   79.0000   4.0542   38.2834
263.0000   47.0000   5.2453   49.9528
264.0000   69.0000   45.3352   36.7337
265.0000   55.0000   28.0037   41.6947
266.0000   119.0000   39.0815   29.4937
267.0000   40.0000   12.6001   4.6297
268.0000   62.0000   39.7073   3.1745
269.0000   114.0000   3.6536   31.7954
270.0000   48.0000   32.1733   15.2527
271.0000   84.0000   40.6245   41.9971
272.0000   34.0000   30.4985   39.1590
273.0000   70.0000   37.5768   7.4789
274.0000   88.0000   48.8875   4.7242
275.0000   38.0000   39.3589   9.1162
276.0000   117.0000   47.6317   38.0706
277.0000   73.0000   1.5904   24.9336
278.0000   85.0000   39.0901   44.6368
279.0000   93.0000   18.9134   22.6900
280.0000   54.0000   8.7947   1.8915
281.0000   70.0000   5.9356   48.6248
282.0000   110.0000   29.6206   4.6631
283.0000   46.0000   4.7024   36.2285
284.0000   109.0000   45.3805   21.8416
285.0000   117.0000   1.1148   37.4407
286.0000   115.0000   40.7132   34.2809
287.0000   80.0000   14.1193   12.3038
288.0000   115.0000   31.1742   3.7635
289.0000   49.0000   3.0880   20.9841
290.0000   109.0000   11.1282   21.7358
291.0000   78.0000   40.5392   27.9232
292.0000   68.0000   31.3174   2.0122
293.0000   21.0000   30.4189   17.2625
294.0000   91.0000   26.9239   15.2333
295.0000   113.0000   42.4732   26.0344
296.0000   119.0000   9.1604   9.3652
297.0000   51.0000   13.4897   10.0304
298.0000   67.0000   19.5400   38.1785
299.0000   86.0000   9.9579   9.6412
300.0000   55.0000   7.5252   33.1546
301.0000   36.0000   16.3717   3.5028
302.0000   90.0000   40.5213   48.5356
303.0000   73.0000   23.1859   16.4202
304.0000   118.0000   31.0141   6.9410
305.0000   56.0000   14.9889   34.2004
306.0000   86.0000   35.7674   12.4803
307.0000   93.0000   21.8101   18.7042
308.0000   74.0000   43.9875   39.2469
309.0000   111.0000   31.4225   45.0623
310.0000   53.0000   41.6552   7.0546
311.0000   78.0000   14.4486   1.4872
312.0000   49.0000   29.8949   18.6202
313.0000   80.0000   7.9027   7.8399
314.0000   36.0000   0.2369   0.2525
315.0000   107.0000   32.6617   21.3485
316.0000   68.0000   46.8358   13.2771
317.0000   117.0000   1.8781   46.1438
318.0000   78.0000   22.2109   2.4866
319.0000   115.0000   43.7095   43.6278
320.0000   119.0000   18.9886   6.9886
321.0000   45.0000   35.3481   32.8516
322.0000   92.0000   9.8826   27.8571
323.0000   75.0000   17.1931   28.2411
324.0000   114.0000   34.3431   41.5070
325.0000   120.0000   3.7412   7.5646
326.0000   109.0000   3.5254   0.6429
327.0000   93.0000   34.6208   7.6792
328.0000   50.0000   14.7553   39.6939
329.0000   23.0000   9.6821   31.6308
330.0000   120.0000   46.7850   3.7241
331.0000   86.0000   25.5309   3.4561
332.0000   52.0000   28.7196   34.6235
333.0000   114.0000   27.2703   22.7860
334.0000   118.0000   25.2954   46.7828
335.0000   91.0000   13.5541   25.6744
336.0000   38.0000   19.0432   25.8371
337.0000   28.0000   42.5366   47.6485
338.0000   23.0000   40.2771   25.2494
339.0000   49.0000   46.3898   5.7659
340.0000   22.0000   30.9792   40.1548
341.0000   75.0000   27.8197   37.9985
342.0000   86.0000   13.3139   10.2438
343.0000   93.0000   39.5236   3.7342
344.0000   114.0000   41.3839   34.2287
345.0000   99.0000   34.2424   37.9503
346.0000   33.0000   41.1106   13.3573
347.0000   111.0000   35.5734   28.8313
348.0000   83.0000   27.1123   25.6750
349.0000   70.0000   39.3683   47.7326
350.0000   77.0000   40.7040   29.3369
351.0000   80.0000   42.2619   41.5866
352.0000   50.0000   31.1045   14.6141
353.0000   27.0000   5.7282   21.2714
354.0000   42.0000   31.7012   15.1913
355.0000   104.0000   48.3884   41.3684
356.0000   71.0000   0.8002   26.7740
357.0000   28.0000   0.3826   3.5948
358.0000   119.0000   19.2262   15.4871
359.0000   24.0000   20.7690   37.9049
360.0000   80.0000   35.9631   11.5177
361.0000   32.0000   11.0365   40.6326
362.0000   113.0000   40.7923   4.4893
363.0000   39.0000   45.5385   23.2875
364.0000   112.0000   5.1393   36.3354
365.0000   116.0000   49.2840   43.1487
366.0000   58.0000   46.9956   4.4485
367.0000   78.0000   28.0432   33.6904
368.0000   107.0000   15.2054   38.2536
369.0000   21.0000   30.1002   34.1075
370.0000   83.0000   19.7326   21.9839
371.0000   55.0000   20.5318   33.9710
372.0000   114.0000   13.6053   35.0530
373.0000   79.0000   13.5192   46.3296
374.0000   83.0000   48.5828   2.1609
375.0000   69.0000   6.9818   3.7418
376.0000   72.0000   32.5175   36.4440
377.0000   42.0000   20.8271   10.3491
378.0000   26.0000   14.2221   17.6011
379.0000   35.0000   3.4730   14.2002
380.0000   85.0000   23.1702   48.9407
381.0000   41.0000   16.8468   17.0023
382.0000   82.0000   36.5448   19.9708
383.0000   99.0000   24.0009   15.6888
384.0000   86.0000   25.4088   22.4789
385.0000   80.0000   27.0981   16.5710
386.0000   55.0000   44.0146   46.3748
387.0000   75.0000   17.5486   6.8269
388.0000   53.0000   5.4814   32.1294
389.0000   26.0000   21.2130   9.2841
390.0000   78.0000   9.3099   41.1034
391.0000   23.0000   2.1036   9.4480
392.0000   106.0000   0.9968   12.7795
393.0000   106.0000   14.3018   40.5024
394.0000   48.0000   20.4351   47.8983
395.0000   28.0000   37.0951   10.4640
396.0000   71.0000   9.3861   29.4381
397.0000   66.0000   49.9190   22.5811
398.0000   70.0000   25.3391   26.0651
399.0000   112.0000   1.6459   40.0969
400.0000   87.0000   16.6839   47.4009
