0.0000   0.0000   50.0000   50.0000
1.0000   21.0000   96.2394   47.2910
2.0000   90.0000   57.0583   16.3390
3.0000   62.0000   7.6432   95.6048
4.0000   2.0000   93.2468   19.5244
5.0000   67.0000   2.0857   66.0875
6.0000   22.0000   9.6341   8.7898
7.0000   71.0000   97.3423   66.4129
8.0000   84.0000   60.6407   80.1758
9.0000   38.0000   65.0585   71.1275
10.0000   5.0000   48.9087   39.3165
11.0000   53.0000   30.3498   77.5909
12.0000   31.0000   94.8450   63.3582
13.0000   80.0000   82.4953   97.8703
14.0000   27.0000   77.4237   58.8764
15.0000   12.0000   25.2465   69.2267
16.0000   31.0000   14.9980   66.3221
17.0000   38.0000   50.9648   58.6484
18.0000   22.0000   82.5218   93.1403
19.0000   24.0000   44.8285   42.5192
20.0000   28.0000   52.9666   66.6126
21.0000   31.0000   74.1239   28.6084
22.0000   21.0000   76.1810   48.5460
23.0000   83.0000   82.8923   82.9393
24.0000   26.0000   14.5841   6.9123
25.0000   96.0000   45.1478   81.9303
26.0000   36.0000   64.1458   40.5120
27.0000   24.0000   41.5190   75.7866
28.0000   60.0000   28.8243   35.3562
29.0000   80.0000   96.6880   7.7924
30.0000   62.0000   42.8120   29.6102
31.0000   60.0000   95.4110   80.1814
32.0000   48.0000   46.1539   83.7625
33.0000   91.0000   72.0654   72.4472
34.0000   57.0000   58.4444   50.0232
35.0000   53.0000   86.7839   42.8638
36.0000   14.0000   17.9309   54.7897
37.0000   83.0000   15.3064   38.1146
38.0000   56.0000   18.2511   96.7095
39.0000   74.0000   2.6536   36.4869
40.0000   83.0000   65.3221   66.0004
41.0000   50.0000   33.6557   64.9901
42.0000   19.0000   34.8454   22.6629
43.0000   24.0000   8.3948   53.5797
44.0000   11.0000   47.2496   95.1755
45.0000   95.0000   77.4415   24.8206
46.0000   72.0000   52.6299   26.0080
47.0000   92.0000   73.2262   76.1552
48.0000   34.0000   18.0437   29.1343
49.0000   95.0000   7.9390   56.5120
50.0000   29.0000   61.7690   85.3512
51.0000   61.0000   96.3049   83.9875
52.0000   4.0000   33.0576   68.7446
53.0000   88.0000   68.9668   13.3676
54.0000   94.0000   84.6248   27.2615
55.0000   64.0000   39.0590   20.3197
56.0000   68.0000   45.1679   86.9354
57.0000   45.0000   58.8942   24.9573
58.0000   17.0000   27.3155   17.0502
59.0000   75.0000   99.7803   13.7676
60.0000   7.0000   80.1100   55.7174
61.0000   3.0000   68.1298   72.9088
62.0000   88.0000   0.7771   64.5184
63.0000   48.0000   22.8174   89.3824
64.0000   64.0000   91.1881   64.6857
65.0000   93.0000   71.6401   73.6172
66.0000   24.0000   68.0393   44.8247
67.0000   99.0000   87.6844   9.7302
68.0000   13.0000   62.4091   35.0831
69.0000   87.0000   83.5792   29.3934
70.0000   38.0000   86.3847   67.5637
71.0000   25.0000   45.8800   20.7873
72.0000   4.0000   78.3463   18.9642
73.0000   67.0000   72.4540   80.9052
74.0000   71.0000   6.2739   78.0925
75.0000   89.0000   33.8926   36.7975
76.0000   81.0000   90.7206   5.9866
77.0000   57.0000   14.4479   35.9801
78.0000   76.0000   20.3598   27.1138
79.0000   35.0000   15.1843   44.8864
80.0000   96.0000   47.0044   64.5798
81.0000   72.0000   57.3867   55.1389
82.0000   82.0000   26.2865   30.2617
83.0000   61.0000   60.0087   59.1718
84.0000   58.0000   34.4001   50.3476
85.0000   67.0000   98.3906   52.5434
86.0000   61.0000   11.5941   31.1100
87.0000   66.0000   98.8956   53.4642
88.0000   33.0000   38.3074   76.7691
89.0000   22.0000   99.7875   18.7111
90.0000   85.0000   27.6182   51.8106
91.0000   9.0000   87.6970   75.6372
92.0000   19.0000   54.5494   73.9224
93.0000   29.0000   15.6307   25.6442
94.0000   89.0000   19.9557   30.9399
95.0000   2.0000   15.7575   46.1443
96.0000   92.0000   58.6641   93.2902
97.0000   74.0000   72.6254   63.7525
98.0000   52.0000   69.2805   27.8695
99.0000   47.0000   92.2001   70.6692
100.0000   40.0000   69.8248   35.4825
101.0000   49.0000   76.4190   47.0630
102.0000   76.0000   48.1422   83.3312
103.0000   53.0000   8.4362   50.6093
104.0000   3.0000   93.3655   94.4386
105.0000   11.0000   47.8126   46.0238
106.0000   56.0000   94.4148   13.1711
107.0000   82.0000   7.4797   13.6823
108.0000   8.0000   17.9392   10.6264
109.0000   70.0000   79.5871   18.6230
110.0000   8.0000   71.0891   48.2006
111.0000   65.0000   14.8485   28.9372
112.0000   88.0000   16.5465   7.4700
113.0000   68.0000   2.4134   51.5059
114.0000   11.0000   70.4402   24.4745
115.0000   37.0000   62.6974   36.5286
116.0000   54.0000   35.7581   90.6764
117.0000   38.0000   84.0597   17.5324
118.0000   99.0000   7.4243   68.9485
119.0000   94.0000   45.9941   74.8499
120.0000   35.0000   34.8508   40.5280
121.0000   21.0000   77.9283   31.1776
122.0000   20.0000   72.9643   11.7992
123.0000   13.0000   69.5461   70.7798
124.0000   17.0000   47.4537   59.3376
125.0000   68.0000   95.6795   91.8964
126.0000   7.0000   84.5337   87.8265
127.0000   8.0000   96.0027   7.0595
128.0000   47.0000   55.2013   82.9610
129.0000   85.0000   97.0960   17.3527
130.0000   31.0000   22.1780   24.5381
131.0000   39.0000   94.9973   3.3769
132.0000   53.0000   16.2609   49.5617
133.0000   29.0000   90.0035   89.3348
134.0000   54.0000   96.2589   53.5573
135.0000   9.0000   75.1675   44.5589
136.0000   1.0000   37.0696   5.1445
137.0000   38.0000   71.3513   58.7811
138.0000   87.0000   61.9457   99.5572
139.0000   18.0000   30.3530   12.0548
140.0000   64.0000   16.8732   85.9354
141.0000   41.0000   90.0872   25.2980
142.0000   63.0000   92.2793   84.4198
143.0000   30.0000   32.6613   27.4557
144.0000   56.0000   49.6053   48.2880
145.0000   69.0000   0.9723   69.6627
146.0000   66.0000   92.7009   37.9549
147.0000   98.0000   70.2435   68.6045
148.0000   24.0000   82.3999   65.1022
149.0000   15.0000   79.9897   36.5176
150.0000   93.0000   2.2957   34.3881
151.0000   46.0000   7.4171   19.2841
152.0000   8.0000   13.0434   17.2884
153.0000   38.0000   18.8676   97.4933
154.0000   7.0000   26.3630   34.5098
155.0000   44.0000   89.9612   82.9385
156.0000   55.0000   4.1606   47.1039
157.0000   61.0000   82.2251   32.5180
158.0000   14.0000   13.3886   37.7740
159.0000   59.0000   3.2232   31.1810
160.0000   61.0000   20.5282   70.7486
161.0000   62.0000   65.9612   58.9364
162.0000   66.0000   31.6367   33.4160
163.0000   52.0000   28.7747   24.9359
164.0000   70.0000   87.4272   98.1430
165.0000   14.0000   50.0622   76.1367
166.0000   34.0000   24.9292   89.6369
167.0000   18.0000   5.2868   57.0909
168.0000   40.0000   56.6426   44.0469
169.0000   51.0000   63.7754   31.1448
170.0000   97.0000   8.5967   79.0105
171.0000   84.0000   82.2072   74.1843
172.0000   27.0000   79.6238   70.3056
173.0000   4.0000   17.0064   35.3066
174.0000   49.0000   9.6998   33.7104
175.0000   16.0000   7.9904   75.3374
176.0000   37.0000   75.6605   3.5824
177.0000   17.0000   43.5225   25.2206
178.0000   19.0000   57.3964   66.3274
179.0000   47.0000   76.9464   13.6931
180.0000   55.0000   44.3936   5.7345
181.0000   29.0000   43.3676   44.3103
182.0000   76.0000   4.3450   47.5500
183.0000   88.0000   43.7074   60.7333
184.0000   15.0000   88.1380   56.0408
185.0000   59.0000   81.8825   65.5716
186.0000   55.0000   9.0068   14.1638
187.0000   81.0000   4.5953   72.6801
188.0000   60.0000   9.5101   26.7074
189.0000   41.0000   5.1522   77.8429
190.0000   11.0000   57.0537   87.0389
191.0000   29.0000   31.4172   25.6300
192.0000   59.0000   88.5087   0.4181
193.0000   9.0000   7.6421   65.0232
194.0000   30.0000   72.1795   27.0959
195.0000   2.0000   79.9320   61.1922
196.0000   50.0000   15.8134   28.0824
197.0000   78.0000   38.7102   2.4264
198.0000   30.0000   18.6891   66.2321
199.0000   35.0000   26.9422   45.9815
200.0000   22.0000   61.5431   80.0868
201.0000   3.0000   46.0865   64.1820
202.0000   86.0000   99.9809   43.9996
203.0000   24.0000   17.2568   87.6989
204.0000   40.0000   24.5761   35.2243
205.0000   16.0000   12.9086   52.6726
206.0000   1.0000   96.2017   84.2020
207.0000   82.0000   47.7190   60.2695
208.0000   93.0000   9.9122   65.4802
209.0000   78.0000   83.1368   1.0280
210.0000   100.0000   22.9834   54.8397
211.0000   79.0000   48.9160   61.2756
212.0000   7.0000   64.8117   38.3058
213.0000   95.0000   23.6437   53.4925
214.0000   49.0000   65.1305   81.1114
215.0000   30.0000   79.8843   4.9967
216.0000   23.0000   50.4674   93.1984
217.0000   13.0000   96.6955   51.0275
218.0000   23.0000   70.9886   34.2416
219.0000   91.0000   84.4370   90.7466
220.0000   30.0000   22.3769   63.1631
221.0000   68.0000   22.5115   40.9004
222.0000   38.0000   56.5078   24.4545
223.0000   87.0000   56.7097   85.1979
224.0000   88.0000   72.3409   59.4536
225.0000   70.0000   5.6813   11.4994
226.0000   70.0000   20.8730   2.3264
227.0000   27.0000   30.0542   23.6187
228.0000   39.0000   28.4800   8.2421
229.0000   99.0000   20.4795   10.4101
230.0000   88.0000   80.7958   49.4281
231.0000   58.0000   88.8348   30.2386
232.0000   39.0000   76.6955   13.4805
233.0000   21.0000   32.1950   39.6406
234.0000   28.0000   90.9361   93.0986
235.0000   44.0000   35.4515   15.3798
236.0000   48.0000   86.6926   61.6150
237.0000   92.0000   13.4517   83.4181
238.0000   92.0000   34.6343   45.2688
239.0000   1.0000   82.2557   98.3181
240.0000   26.0000   52.3614   2.0667
241.0000   47.0000   85.2929   99.9152
242.0000   50.0000   31.5447   18.5866
243.0000   84.0000   17.3151   49.4593
244.0000   31.0000   76.4306   66.4470
245.0000   95.0000   39.0326   76.3209
246.0000   68.0000   35.1878   88.5993
247.0000   38.0000   63.4824   71.2650
248.0000   75.0000   3.7953   18.4293
249.0000   59.0000   95.5209   47.0717
250.0000   39.0000   1.4450   35.1178
251.0000   4.0000   35.7835   24.4111
252.0000   67.0000   33.1388   61.6335
253.0000   26.0000   35.1282   34.9396
254.0000   65.0000   40.7177   32.0523
255.0000   41.0000   50.2987   56.7352
256.0000   38.0000   51.6706   55.4987
257.0000   13.0000   8.8495   35.2190
258.0000   59.0000   65.2686   92.2985
259.0000   77.0000   76.8699   38.0804
260.0000   71.0000   68.7933   47.6966
261.0000   84.0000   50.0156   36.2238
262.0000   12.0000   50.5429   80.8077
263.0000   58.0000   33.9137   57.9367
264.0000   56.0000   30.1799   38.7196
265.0000   39.0000   75.3546   44.6416
266.0000   19.0000   48.7147   16.7624
267.0000   36.0000   55.6307   54.9484
268.0000   37.0000   52.5544   4.4928
269.0000   53.0000   73.5560   61.7436
270.0000   8.0000   44.6567   70.9373
271.0000   87.0000   11.1699   11.1888
272.0000   43.0000   8.9413   45.5867
273.0000   11.0000   11.0713   94.8139
274.0000   93.0000   88.3461   78.0696
275.0000   57.0000   55.4655   96.4415
276.0000   22.0000   15.6012   71.0927
277.0000   73.0000   69.0860   38.2834
278.0000   13.0000   85.7017   6.8070
279.0000   37.0000   13.2351   81.1967
280.0000   61.0000   89.6467   0.9309
281.0000   7.0000   45.6988   54.7740
282.0000   69.0000   49.6344   64.8309
283.0000   38.0000   81.3349   50.0894
284.0000   34.0000   75.5776   58.3405
285.0000   20.0000   18.3993   75.3750
286.0000   54.0000   56.7517   83.4892
287.0000   71.0000   81.2827   22.7212
288.0000   96.0000   74.6836   39.6683
289.0000   26.0000   75.9017   17.8195
290.0000   71.0000   21.9664   53.1816
291.0000   18.0000   50.9939   52.8347
292.0000   69.0000   49.4320   22.6702
293.0000   3.0000   42.4417   94.7922
294.0000   72.0000   64.9493   16.8532
295.0000   88.0000   6.7472   70.1341
296.0000   83.0000   65.6655   99.9664
297.0000   99.0000   82.6212   1.4257
298.0000   70.0000   71.5539   48.4625
299.0000   74.0000   74.5279   39.6324
300.0000   6.0000   34.5003   2.4428
301.0000   8.0000   99.6696   32.5071
302.0000   22.0000   0.1446   2.1915
303.0000   89.0000   19.2720   31.9677
304.0000   80.0000   35.3852   29.1701
305.0000   63.0000   95.6368   24.9469
306.0000   23.0000   88.4197   56.0022
307.0000   54.0000   62.7812   35.3492
308.0000   33.0000   53.5014   92.5892
309.0000   36.0000   97.3088   79.7305
310.0000   75.0000   31.5960   48.8606
311.0000   8.0000   66.5070   1.3352
312.0000   50.0000   18.1237   75.0476
313.0000   67.0000   48.7597   36.2906
314.0000   72.0000   30.7521   36.0517
315.0000   65.0000   28.4183   69.1811
316.0000   90.0000   26.4061   99.8863
317.0000   9.0000   8.2228   66.9909
318.0000   4.0000   86.4651   7.9438
319.0000   71.0000   68.2951   94.4407
320.0000   66.0000   18.4740   71.0699
321.0000   45.0000   35.7682   35.9889
322.0000   52.0000   56.4054   99.4388
323.0000   54.0000   11.1789   57.8400
324.0000   92.0000   21.0702   13.3194
325.0000   55.0000   27.0624   80.9992
326.0000   15.0000   54.0745   98.0814
327.0000   56.0000   45.2349   27.6198
328.0000   40.0000   13.3829   96.1715
329.0000   38.0000   87.6340   59.4539
330.0000   84.0000   23.5569   41.7394
331.0000   23.0000   9.0719   61.1482
332.0000   24.0000   25.3073   24.4675
333.0000   23.0000   30.4252   31.4962
334.0000   34.0000   69.6050   78.2873
335.0000   57.0000   88.0890   45.3394
336.0000   50.0000   49.8651   30.8727
337.0000   5.0000   79.7090   31.2965
338.0000   57.0000   50.8821   41.4857
339.0000   56.0000   80.4397   72.1745
340.0000   23.0000   44.3370   73.7467
341.0000   23.0000   27.6166   25.1630
342.0000   44.0000   31.3343   9.0451
343.0000   49.0000   70.0241   79.5425
344.0000   17.0000   14.5283   97.5652
345.0000   96.0000   54.6682   23.3321
346.0000   59.0000   3.8052   96.6084
347.0000   46.0000   38.7321   91.5919
348.0000   2.0000   22.9686   78.5109
349.0000   26.0000   77.5147   71.8838
350.0000   87.0000   73.9882   40.2841
351.0000   89.0000   1.1214   40.8702
352.0000   48.0000   74.5028   50.3575
353.0000   36.0000   87.0330   24.6183
354.0000   40.0000   54.5896   59.3207
355.0000   87.0000   67.7393   67.6217
356.0000   51.0000   78.7055   60.6444
357.0000   59.0000   97.8998   53.0714
358.0000   33.0000   34.6979   72.9291
359.0000   56.0000   33.8952   70.8948
360.0000   48.0000   37.9020   52.5736
361.0000   58.0000   81.0402   63.0046
362.0000   6.0000   70.1650   28.8964
363.0000   75.0000   4.9861   57.9101
364.0000   88.0000   74.4977   76.5005
365.0000   11.0000   82.7180   59.4396
366.0000   79.0000   27.8089   7.4022
367.0000   65.0000   12.5282   25.5414
368.0000   100.0000   25.2872   55.8983
369.0000   76.0000   39.1198   46.6231
370.0000   22.0000   27.8532   86.2996
371.0000   91.0000   14.1605   43.6028
372.0000   75.0000   71.0436   7.7323
373.0000   54.0000   77.3983   70.6085
374.0000   38.0000   80.4802   7.9338
375.0000   29.0000   78.0881   34.5594
376.0000   42.0000   50.6116   41.6425
377.0000   66.0000   32.1376   92.3218
378.0000   11.0000   50.9187   22.6754
379.0000   42.0000   4.7394   32.5239
380.0000   89.0000   87.2995   52.0233
381.0000   76.0000   24.7496   98.0870
382.0000   11.0000   78.3082   96.6382
383.0000   92.0000   28.5512   69.8464
384.0000   59.0000   34.5278   63.2886
385.0000   79.0000   79.2155   66.2189
386.0000   98.0000   52.9764   88.8992
387.0000   84.0000   8.4371   13.9113
388.0000   73.0000   86.2963   93.2952
389.0000   89.0000   56.5391   11.2337
390.0000   31.0000   29.5903   36.7003
391.0000   58.0000   69.5924   85.7480
392.0000   93.0000   74.9995   27.2006
393.0000   71.0000   64.3957   19.3555
394.0000   7.0000   40.1508   44.6174
395.0000   84.0000   70.7844   71.4055
396.0000   54.0000   93.8975   95.8538
397.0000   39.0000   70.4126   35.8987
398.0000   14.0000   8.1318   12.0132
399.0000   69.0000   98.2531   62.3574
400.0000   100.0000   36.9564   34.3735
401.0000   48.0000   90.6690   15.8487
402.0000   16.0000   55.1965   84.3570
403.0000   61.0000   84.5016   30.8017
404.0000   13.0000   30.5252   68.7831
405.0000   13.0000   70.6231   31.9794
406.0000   64.0000   8.8757   79.0922
407.0000   13.0000   54.1767   11.5391
408.0000   51.0000   9.6736   42.8521
409.0000   16.0000   58.4672   14.1135
410.0000   39.0000   40.9876   67.9510
411.0000   65.0000   91.2256   62.3974
412.0000   35.0000   65.6697   12.1169
413.0000   88.0000   21.0304   88.4185
414.0000   77.0000   67.1636   5.4115
415.0000   29.0000   51.8261   63.2936
416.0000   50.0000   49.7614   70.8783
417.0000   35.0000   70.2389   58.1940
418.0000   63.0000   13.5311   67.3188
419.0000   1.0000   35.6032   87.9911
420.0000   6.0000   20.4742   0.4337
421.0000   4.0000   0.4555   78.3137
422.0000   13.0000   42.2001   41.2794
423.0000   64.0000   37.7325   64.1962
424.0000   44.0000   75.7892   45.2062
425.0000   7.0000   80.6878   94.2257
426.0000   48.0000   1.3516   59.3209
427.0000   17.0000   93.2381   90.0625
428.0000   92.0000   62.6910   32.6718
429.0000   78.0000   89.7833   33.1132
430.0000   91.0000   11.2414   92.9496
431.0000   63.0000   15.1294   60.7989
432.0000   1.0000   76.9680   29.8165
433.0000   20.0000   54.8786   15.3705
434.0000   7.0000   28.5603   38.8264
435.0000   69.0000   55.4303   28.1122
436.0000   41.0000   91.8036   32.2092
437.0000   31.0000   22.8571   58.2859
438.0000   50.0000   84.3093   62.0826
439.0000   94.0000   82.8738   61.4621
440.0000   59.0000   96.3653   0.8695
441.0000   70.0000   80.1475   59.0150
442.0000   91.0000   93.1031   9.8137
443.0000   57.0000   11.2822   37.8531
444.0000   61.0000   19.5201   76.8011
445.0000   36.0000   47.6747   91.2779
446.0000   95.0000   85.7899   47.1856
447.0000   15.0000   1.9351   31.2841
448.0000   83.0000   43.7561   8.5583
449.0000   54.0000   77.5722   80.9320
450.0000   11.0000   41.0629   25.8739
451.0000   33.0000   52.0831   69.8508
452.0000   74.0000   40.4783   76.0927
453.0000   68.0000   49.7521   52.0151
454.0000   31.0000   14.3544   36.7036
455.0000   52.0000   71.5928   26.5619
456.0000   34.0000   41.3829   16.5077
457.0000   62.0000   10.2955   39.3487
458.0000   75.0000   1.1897   17.0275
459.0000   77.0000   64.7758   24.0352
460.0000   67.0000   19.1412   57.4097
461.0000   11.0000   38.2685   48.3799
462.0000   54.0000   29.0571   2.7885
463.0000   4.0000   73.8622   83.2753
464.0000   64.0000   49.4139   69.8527
465.0000   42.0000   8.8111   91.5337
466.0000   12.0000   82.5417   53.5801
467.0000   58.0000   66.8151   53.8660
468.0000   98.0000   59.5149   61.3479
469.0000   12.0000   62.7734   22.3053
470.0000   19.0000   59.7020   23.3025
471.0000   20.0000   38.3279   74.7537
472.0000   47.0000   94.5969   42.1999
473.0000   4.0000   55.3932   6.9634
474.0000   16.0000   47.8199   59.2528
475.0000   45.0000   33.1894   12.3328
476.0000   85.0000   26.8303   55.3181
477.0000   11.0000   7.3842   93.1513
478.0000   58.0000   58.0800   90.2821
479.0000   78.0000   41.8964   38.7032
480.0000   46.0000   70.5020   94.6884
481.0000   16.0000   22.7197   28.4345
482.0000   88.0000   19.1511   10.6691
483.0000   67.0000   74.6349   9.5452
484.0000   53.0000   39.9043   46.6172
485.0000   1.0000   59.0711   71.0667
486.0000   48.0000   75.6799   5.4663
487.0000   69.0000   68.1964   92.9113
488.0000   92.0000   54.4039   89.6202
489.0000   60.0000   29.1828   77.0451
490.0000   53.0000   14.7953   70.9909
491.0000   13.0000   32.3364   33.8944
492.0000   68.0000   48.7742   72.9487
493.0000   64.0000   49.2806   94.7288
494.0000   2.0000   97.1274   18.2036
495.0000   44.0000   57.6564   95.6518
496.0000   18.0000   85.3738   33.3495
497.0000   59.0000   96.9839   62.6226
498.0000   47.0000   54.7450   88.8058
499.0000   68.0000   72.0255   80.5856
500.0000   42.0000   51.0451   42.3344
501.0000   48.0000   57.0899   35.5806
502.0000   58.0000   39.8321   8.9788
503.0000   44.0000   86.2313   11.5499
504.0000   92.0000   85.4599   46.2681
505.0000   74.0000   15.5228   13.0172
506.0000   68.0000   82.0334   80.7369
507.0000   71.0000   17.9991   8.1176
508.0000   29.0000   25.6169   66.9751
509.0000   34.0000   54.2154   19.1561
510.0000   83.0000   16.2882   83.3971
511.0000   42.0000   25.2528   44.5682
512.0000   67.0000   43.2470   35.4254
513.0000   98.0000   53.5046   59.3862
514.0000   99.0000   56.7083   96.7340
515.0000   83.0000   71.1262   1.1500
516.0000   47.0000   63.5788   32.2033
517.0000   44.0000   37.4803   48.1614
518.0000   87.0000   46.9424   0.8344
519.0000   62.0000   35.5353   27.2625
520.0000   31.0000   13.4637   24.3029
521.0000   48.0000   72.2520   18.8585
522.0000   30.0000   19.5022   62.7620
523.0000   61.0000   83.2967   41.1350
524.0000   9.0000   22.9693   23.3895
525.0000   53.0000   84.1489   61.3257
526.0000   42.0000   21.1622   51.1631
527.0000   85.0000   27.2762   7.1715
528.0000   28.0000   40.8396   74.5702
529.0000   76.0000   7.1916   35.0389
530.0000   66.0000   6.9173   60.2644
531.0000   53.0000   91.3204   67.6280
532.0000   48.0000   68.0296   68.1663
533.0000   66.0000   55.8782   52.1589
534.0000   10.0000   14.0603   9.4756
535.0000   36.0000   64.4552   22.1877
536.0000   48.0000   61.7310   5.7088
537.0000   52.0000   1.8529   79.6035
538.0000   92.0000   23.6343   10.0672
539.0000   53.0000   66.3977   39.8289
540.0000   18.0000   1.8788   57.3274
541.0000   17.0000   81.2607   74.4792
542.0000   54.0000   14.0074   11.8637
543.0000   91.0000   13.8076   98.3516
544.0000   58.0000   78.6827   77.3915
545.0000   36.0000   76.7471   75.2360
546.0000   27.0000   24.1325   21.4735
547.0000   41.0000   77.9782   21.9814
548.0000   26.0000   94.1780   85.7734
549.0000   44.0000   0.5373   56.9982
550.0000   30.0000   36.5959   4.8706
551.0000   28.0000   94.1934   34.6310
552.0000   4.0000   90.2694   72.0080
553.0000   1.0000   81.5521   29.8982
554.0000   21.0000   55.9511   54.7633
555.0000   10.0000   86.7962   70.2102
556.0000   73.0000   82.0110   47.4730
557.0000   27.0000   86.5298   66.2256
558.0000   10.0000   44.2428   30.4247
559.0000   24.0000   96.2878   9.6703
560.0000   8.0000   77.4604   81.0550
561.0000   45.0000   74.4703   44.8263
562.0000   11.0000   46.6011   94.4720
563.0000   20.0000   6.3580   89.1419
564.0000   36.0000   34.6953   89.0295
565.0000   65.0000   33.4567   63.2692
566.0000   81.0000   53.1252   92.4508
567.0000   11.0000   40.2613   23.1096
568.0000   49.0000   32.7542   10.5200
569.0000   71.0000   95.5257   19.6460
570.0000   96.0000   93.6429   35.7337
571.0000   53.0000   90.1287   91.7177
572.0000   78.0000   62.3184   25.8820
573.0000   39.0000   55.6510   37.3984
574.0000   20.0000   72.9163   13.2727
575.0000   85.0000   73.2245   77.5538
576.0000   100.0000   84.4258   48.0150
577.0000   92.0000   76.6409   60.3787
578.0000   97.0000   20.6505   96.3718
579.0000   35.0000   60.6838   89.3589
580.0000   5.0000   94.5773   88.0453
581.0000   65.0000   23.4090   88.2968
582.0000   23.0000   79.7763   21.9992
583.0000   46.0000   34.1314   3.7701
584.0000   42.0000   57.9031   51.6763
585.0000   99.0000   73.9028   45.4267
586.0000   5.0000   50.8215   99.8119
587.0000   8.0000   90.9958   26.6477
588.0000   10.0000   9.8901   24.7952
589.0000   65.0000   64.2577   67.2952
590.0000   20.0000   85.9964   66.9598
591.0000   73.0000   4.5270   1.1388
592.0000   68.0000   31.3401   12.9544
593.0000   47.0000   11.0294   45.8027
594.0000   80.0000   32.9757   32.6275
595.0000   69.0000   15.0410   23.4336
596.0000   55.0000   95.8595   54.8230
597.0000   45.0000   25.7087   67.1819
598.0000   69.0000   10.5021   95.9014
599.0000   32.0000   28.1788   38.9664
600.0000   95.0000   51.8560   96.5162
