0.0000   0.0000   0.0000   0.0000
1.0000   91.0000   57.8038   74.3611
2.0000   57.0000   80.4683   27.2820
3.0000   45.0000   71.9798   98.4206
4.0000   34.0000   56.4457   86.6768
5.0000   44.0000   49.3940   62.7392
6.0000   61.0000   69.6987   28.8355
7.0000   81.0000   12.4616   99.3346
8.0000   118.0000   84.2581   49.6183
9.0000   36.0000   81.1007   75.4643
10.0000   63.0000   60.8605   44.3079
11.0000   92.0000   10.7167   44.6446
12.0000   33.0000   6.9555   95.4707
13.0000   108.0000   34.8020   59.4154
14.0000   106.0000   31.9370   3.0231
15.0000   49.0000   7.4141   51.6995
16.0000   62.0000   3.2709   99.6530
17.0000   83.0000   9.2668   31.7390
18.0000   52.0000   45.3283   54.2249
19.0000   120.0000   48.6589   80.7338
20.0000   41.0000   49.4088   95.2866
21.0000   95.0000   7.6211   55.0655
22.0000   30.0000   50.1510   1.4514
23.0000   79.0000   37.1211   69.7283
24.0000   68.0000   44.3857   92.1616
25.0000   42.0000   90.1392   89.6844
26.0000   51.0000   35.4494   5.8833
27.0000   117.0000   41.6665   80.7465
28.0000   113.0000   69.6476   62.2590
29.0000   105.0000   1.0198   48.3670
30.0000   62.0000   27.3565   16.6253
31.0000   98.0000   67.7302   87.2646
32.0000   120.0000   70.8996   23.0165
33.0000   107.0000   90.0192   82.8478
34.0000   89.0000   40.9829   17.9900
35.0000   86.0000   48.3057   32.8570
36.0000   83.0000   38.8692   82.1768
37.0000   110.0000   55.7956   40.4618
38.0000   110.0000   79.5429   58.0157
39.0000   105.0000   10.8304   37.2026
40.0000   46.0000   87.4717   33.5204
41.0000   100.0000   78.2919   74.4880
42.0000   73.0000   87.4553   40.0612
43.0000   34.0000   5.1789   87.3233
44.0000   111.0000   69.3730   24.3147
45.0000   32.0000   73.3312   34.6306
46.0000   111.0000   27.1215   85.9331
47.0000   61.0000   19.5217   88.8205
48.0000   83.0000   4.5464   19.5685
49.0000   75.0000   62.4993   70.6354
50.0000   49.0000   57.3524   81.4457
51.0000   95.0000   4.3290   1.3800
52.0000   67.0000   32.2162   42.9749
53.0000   80.0000   84.9100   10.1395
54.0000   116.0000   34.9718   93.7459
55.0000   105.0000   45.1550   55.2527
56.0000   73.0000   50.1260   80.6615
57.0000   68.0000   92.0258   76.9208
58.0000   35.0000   51.9142   48.1995
59.0000   53.0000   41.5707   38.9744
60.0000   31.0000   94.2009   18.1767
61.0000   64.0000   5.0755   82.0664
62.0000   62.0000   48.7620   63.4789
63.0000   56.0000   43.8737   12.3138
64.0000   119.0000   72.7467   91.0269
65.0000   87.0000   36.8338   58.9343
66.0000   117.0000   32.7997   76.0082
67.0000   51.0000   29.2752   23.1853
68.0000   66.0000   14.1610   55.2221
69.0000   76.0000   91.9118   23.0568
70.0000   96.0000   84.2157   96.7575
71.0000   76.0000   72.1048   6.0628
72.0000   35.0000   64.5361   35.8101
73.0000   116.0000   5.0483   31.3413
74.0000   75.0000   0.4196   67.7940
75.0000   51.0000   80.3285   74.2040
76.0000   119.0000   15.1601   3.8098
77.0000   93.0000   75.2128   51.3747
78.0000   68.0000   72.3202   32.6591
79.0000   36.0000   74.6890   4.0930
80.0000   112.0000   57.1129   4.7013
81.0000   66.0000   82.4102   59.6870
82.0000   114.0000   30.8710   71.7540
83.0000   72.0000   96.1405   69.7458
84.0000   30.0000   73.0382   46.8847
85.0000   83.0000   74.2362   43.7689
86.0000   60.0000   44.8317   50.8232
87.0000   99.0000   64.8007   34.7051
88.0000   70.0000   81.7814   43.1215
89.0000   119.0000   6.1056   0.5183
90.0000   108.0000   81.0555   63.8077
91.0000   63.0000   40.3007   28.7063
92.0000   39.0000   24.8475   38.5776
93.0000   82.0000   4.5351   54.3124
94.0000   72.0000   46.0823   51.2579
95.0000   79.0000   63.7585   29.3304
96.0000   83.0000   10.6075   96.6689
97.0000   120.0000   44.6752   25.6567
98.0000   83.0000   99.3387   37.8951
99.0000   57.0000   84.1161   3.1448
100.0000   55.0000   10.9907   4.1893
101.0000   62.0000   94.3190   79.0158
102.0000   81.0000   77.5568   98.9778
103.0000   62.0000   36.5787   31.4078
104.0000   70.0000   98.5291   88.4447
105.0000   42.0000   61.2669   80.9049
106.0000   32.0000   93.4129   25.6978
107.0000   40.0000   19.7723   58.3737
108.0000   58.0000   62.2208   90.9255
109.0000   72.0000   61.7418   20.7657
110.0000   82.0000   81.7722   21.1143
111.0000   120.0000   29.4625   16.4625
112.0000   43.0000   57.2756   46.9148
113.0000   85.0000   91.4554   62.4355
114.0000   74.0000   40.1157   83.2583
115.0000   97.0000   47.1769   36.3742
116.0000   76.0000   37.6859   7.1534
117.0000   51.0000   45.4805   42.0610
118.0000   87.0000   1.4696   18.6059
119.0000   106.0000   38.2845   41.3092
120.0000   64.0000   58.2839   94.9580
121.0000   112.0000   53.1501   31.4149
122.0000   84.0000   91.1655   39.2008
123.0000   111.0000   96.0060   56.8420
124.0000   44.0000   72.9677   83.2594
125.0000   34.0000   16.2041   68.4964
126.0000   73.0000   32.9529   0.0190
127.0000   86.0000   64.9975   98.7468
128.0000   88.0000   59.4746   0.0956
129.0000   79.0000   13.5963   23.5201
130.0000   94.0000   53.5657   90.6003
131.0000   108.0000   19.3270   94.3377
132.0000   59.0000   98.9259   32.6354
133.0000   108.0000   35.1071   28.6193
134.0000   114.0000   64.1430   43.8224
135.0000   115.0000   3.5308   86.5914
136.0000   67.0000   87.8495   89.8794
137.0000   115.0000   41.5963   21.3939
138.0000   105.0000   80.5393   64.1489
139.0000   56.0000   50.5404   38.9510
140.0000   111.0000   79.9469   68.4976
141.0000   67.0000   21.6330   66.0751
142.0000   91.0000   77.8932   83.8919
143.0000   111.0000   84.3418   55.0252
144.0000   119.0000   72.8669   52.6838
145.0000   64.0000   55.3834   7.0930
146.0000   112.0000   76.3577   55.0111
147.0000   106.0000   93.3861   11.3428
148.0000   41.0000   67.1172   29.1976
149.0000   55.0000   65.0062   33.1315
150.0000   112.0000   92.0663   71.6275
151.0000   48.0000   53.4554   43.9660
152.0000   67.0000   38.9367   9.0390
153.0000   69.0000   96.7292   12.9239
154.0000   97.0000   87.5606   5.9315
155.0000   87.0000   90.6642   57.0341
156.0000   116.0000   48.2298   63.1966
157.0000   33.0000   81.8042   56.2383
158.0000   88.0000   44.9407   7.5607
159.0000   50.0000   48.6918   4.0373
160.0000   60.0000   43.3841   84.6865
161.0000   47.0000   75.0314   41.4806
162.0000   44.0000   12.7889   24.5202
163.0000   59.0000   85.3536   90.4269
164.0000   40.0000   35.5869   89.6272
165.0000   87.0000   1.8248   83.7566
166.0000   46.0000   16.0859   65.0343
167.0000   50.0000   29.8103   91.7852
168.0000   60.0000   25.4324   71.0687
169.0000   109.0000   31.7122   89.7067
170.0000   83.0000   1.8812   47.6956
171.0000   100.0000   70.5446   3.1687
172.0000   35.0000   49.2378   27.0083
173.0000   80.0000   35.0655   59.6768
174.0000   40.0000   7.0179   66.8816
175.0000   59.0000   15.7082   58.1111
176.0000   54.0000   19.5153   7.5510
177.0000   38.0000   11.4680   42.8438
178.0000   89.0000   2.0928   84.2587
179.0000   31.0000   75.3421   25.0514
180.0000   37.0000   17.7453   0.3219
181.0000   68.0000   1.6843   22.3688
182.0000   58.0000   94.8661   65.6919
183.0000   66.0000   99.5126   16.9173
184.0000   78.0000   35.1627   31.7755
185.0000   69.0000   14.9024   69.5655
186.0000   74.0000   46.0600   99.0868
187.0000   104.0000   2.6842   31.9156
188.0000   43.0000   45.0606   89.6753
189.0000   30.0000   73.7064   61.1177
190.0000   119.0000   93.3319   22.2999
191.0000   45.0000   79.6650   42.0164
192.0000   57.0000   36.9923   68.7776
193.0000   64.0000   28.0510   34.4963
194.0000   115.0000   48.3280   0.2057
195.0000   95.0000   44.1932   98.5440
196.0000   105.0000   25.3244   86.1864
197.0000   115.0000   68.6810   17.0270
198.0000   81.0000   51.4735   11.5505
199.0000   113.0000   16.0449   42.9344
200.0000   63.0000   63.2643   96.7932
201.0000   86.0000   8.9246   48.0199
202.0000   85.0000   17.3565   48.0715
203.0000   47.0000   73.5500   29.8181
204.0000   84.0000   71.8206   55.7958
205.0000   111.0000   78.5955   12.0804
206.0000   91.0000   56.7094   75.0908
207.0000   30.0000   81.8990   79.8232
208.0000   55.0000   89.8133   61.7963
209.0000   31.0000   48.3225   88.6612
210.0000   75.0000   78.6763   57.5363
211.0000   68.0000   17.6195   36.2541
212.0000   97.0000   24.8700   32.5442
213.0000   93.0000   46.2137   63.7492
214.0000   89.0000   14.6558   57.3816
215.0000   82.0000   53.7263   11.0170
216.0000   44.0000   93.7591   8.7447
217.0000   90.0000   81.8500   16.3349
218.0000   107.0000   76.6442   12.4958
219.0000   119.0000   59.8311   30.6278
220.0000   33.0000   75.4633   97.5169
221.0000   33.0000   35.3144   43.6220
222.0000   86.0000   95.2314   11.9986
223.0000   103.0000   76.6789   27.2655
224.0000   102.0000   26.6719   84.3041
225.0000   110.0000   21.4845   67.1358
226.0000   30.0000   71.8985   95.4292
227.0000   34.0000   59.6930   27.3804
228.0000   53.0000   58.9193   59.0480
229.0000   87.0000   37.4828   43.4288
230.0000   92.0000   15.8743   11.9460
231.0000   36.0000   88.4572   5.8056
232.0000   102.0000   84.4414   28.8790
233.0000   85.0000   70.8540   63.1531
234.0000   32.0000   45.5680   2.7826
235.0000   120.0000   87.5217   95.2742
236.0000   49.0000   60.6706   80.7940
237.0000   63.0000   97.5934   68.9179
238.0000   85.0000   20.1372   30.4938
239.0000   33.0000   57.8451   18.9688
240.0000   35.0000   57.1547   79.1513
241.0000   46.0000   14.1961   62.4012
242.0000   71.0000   88.2105   45.9055
243.0000   73.0000   87.2833   27.0914
244.0000   67.0000   56.2605   59.0414
245.0000   57.0000   35.4484   9.2470
246.0000   77.0000   42.7796   98.8907
247.0000   90.0000   61.8424   12.0017
248.0000   105.0000   52.4884   45.9119
249.0000   100.0000   9.7775   32.1426
250.0000   75.0000   62.6900   93.2606
251.0000   119.0000   46.0246   38.7954
252.0000   87.0000   57.2943   54.7534
253.0000   52.0000   22.4170   96.4152
254.0000   56.0000   36.5090   30.9750
255.0000   63.0000   62.2068   27.1576
256.0000   91.0000   22.5592   21.5577
257.0000   120.0000   72.3902   36.7828
258.0000   88.0000   92.9054   16.6460
259.0000   51.0000   94.4653   82.5027
260.0000   110.0000   40.1145   24.8874
261.0000   31.0000   72.6295   69.8168
262.0000   76.0000   36.3615   97.4156
263.0000   49.0000   43.5419   55.0869
264.0000   43.0000   83.4219   38.5730
265.0000   81.0000   89.4148   20.4484
266.0000   70.0000   87.3758   47.1746
267.0000   38.0000   2.9188   92.2485
268.0000   61.0000   43.0887   14.6466
269.0000   120.0000   47.0351   51.3463
270.0000   67.0000   85.3940   56.1838
271.0000   45.0000   25.5028   96.5603
272.0000   84.0000   32.0480   68.3897
273.0000   39.0000   79.4761   89.9248
274.0000   48.0000   44.9028   35.8902
275.0000   71.0000   86.4712   57.6306
276.0000   70.0000   54.5871   53.3103
277.0000   42.0000   46.7400   49.6238
278.0000   77.0000   60.3289   68.9845
279.0000   71.0000   64.7036   47.3031
280.0000   39.0000   14.4775   0.3299
281.0000   42.0000   90.1271   28.3667
282.0000   96.0000   81.0144   90.1768
283.0000   81.0000   5.3367   69.1479
284.0000   38.0000   56.3326   73.0379
285.0000   119.0000   29.7809   44.8588
286.0000   96.0000   71.2672   54.1714
287.0000   119.0000   9.7781   1.5312
288.0000   86.0000   15.8453   10.1068
289.0000   113.0000   21.9739   35.3179
290.0000   91.0000   36.7416   78.8357
291.0000   95.0000   77.8701   62.3823
292.0000   96.0000   21.4003   30.3689
293.0000   35.0000   55.2370   10.6734
294.0000   116.0000   34.5577   70.6869
295.0000   91.0000   76.3390   27.3080
296.0000   36.0000   22.0813   57.4129
297.0000   86.0000   84.4683   76.1791
298.0000   52.0000   95.2630   97.5604
299.0000   70.0000   92.6687   95.2951
300.0000   110.0000   69.9673   99.5003
301.0000   42.0000   7.7050   32.8425
302.0000   117.0000   76.9408   60.1214
303.0000   40.0000   58.6563   15.1027
304.0000   41.0000   39.0293   38.5974
305.0000   30.0000   88.8116   3.4396
306.0000   34.0000   85.4659   62.2358
307.0000   100.0000   65.3109   2.5276
308.0000   68.0000   74.2151   96.8779
309.0000   73.0000   84.9516   94.3800
310.0000   32.0000   51.8376   23.0795
311.0000   48.0000   35.6722   41.9107
312.0000   107.0000   89.7298   88.2889
313.0000   118.0000   66.9283   65.8266
314.0000   56.0000   76.1740   75.5404
315.0000   61.0000   17.1558   86.3560
316.0000   109.0000   71.3264   25.5064
317.0000   37.0000   71.6862   25.9410
318.0000   39.0000   99.1755   13.4904
319.0000   76.0000   49.9043   99.8824
320.0000   64.0000   73.9855   87.7423
321.0000   116.0000   81.3077   78.6970
322.0000   36.0000   65.6537   49.2197
323.0000   97.0000   68.4288   61.0853
324.0000   91.0000   81.3435   39.6305
325.0000   110.0000   85.4702   8.7809
