0.0000   0.0000   0.0000   0.0000
1.0000   111.0000   18.1695   17.8197
2.0000   146.0000   1.9568   27.6823
3.0000   180.0000   17.3495   40.2556
4.0000   139.0000   40.6678   16.6057
5.0000   167.0000   28.2879   46.7145
6.0000   114.0000   10.4767   38.8053
7.0000   179.0000   9.6808   45.3491
8.0000   159.0000   35.8811   17.3757
9.0000   143.0000   37.8741   39.3307
10.0000   93.0000   46.8942   4.1406
11.0000   115.0000   0.4139   29.8565
12.0000   124.0000   45.6722   37.4627
13.0000   101.0000   44.5200   33.8801
14.0000   107.0000   6.0947   42.7099
15.0000   98.0000   4.4762   17.4100
16.0000   177.0000   20.7598   12.4631
17.0000   134.0000   44.7526   47.3094
18.0000   121.0000   35.9611   37.2474
19.0000   130.0000   18.0288   46.0750
20.0000   114.0000   17.5876   25.4232
21.0000   117.0000   2.3357   38.6781
22.0000   128.0000   38.6442   20.1406
23.0000   127.0000   14.5223   44.1633
24.0000   152.0000   19.4326   24.1411
25.0000   125.0000   48.2426   17.9878
26.0000   156.0000   49.4109   31.3179
27.0000   175.0000   1.9226   43.4016
28.0000   156.0000   36.0696   11.0842
29.0000   133.0000   0.0994   21.4263
30.0000   122.0000   15.5014   5.7294
31.0000   155.0000   32.8854   29.5958
32.0000   163.0000   17.0079   8.1325
33.0000   127.0000   47.1967   28.4610
34.0000   170.0000   36.5766   36.6667
35.0000   150.0000   7.3324   10.2002
36.0000   140.0000   9.4081   25.7489
37.0000   139.0000   4.2595   33.7008
38.0000   99.0000   10.8062   24.4898
39.0000   162.0000   23.5259   40.5477
40.0000   163.0000   35.8508   4.2470
41.0000   153.0000   25.4509   23.8440
42.0000   145.0000   36.9967   41.8883
43.0000   159.0000   8.9348   28.8606
44.0000   155.0000   10.4041   23.1769
45.0000   155.0000   10.5502   49.5277
46.0000   151.0000   21.6950   15.0122
47.0000   176.0000   43.2914   18.4947
48.0000   168.0000   5.1845   2.3302
49.0000   103.0000   47.0389   38.6592
50.0000   154.0000   41.2498   38.2588
