0.0000   0.0000   50.0000   50.0000
1.0000   69.0000   56.9251   48.0053
2.0000   62.0000   99.7254   88.1446
3.0000   90.0000   17.3713   26.0512
4.0000   39.0000   68.0516   64.3338
5.0000   72.0000   80.1973   35.1299
6.0000   77.0000   97.2065   91.8667
7.0000   8.0000   93.2375   47.3899
8.0000   30.0000   44.7406   66.2063
9.0000   25.0000   26.5202   98.2951
10.0000   48.0000   60.7111   38.0083
11.0000   12.0000   97.6610   64.4043
12.0000   71.0000   11.9023   88.0054
13.0000   50.0000   49.3955   73.0621
14.0000   35.0000   72.8474   90.3741
15.0000   75.0000   94.9022   35.6231
16.0000   61.0000   40.3901   87.8953
17.0000   37.0000   89.7395   60.8198
18.0000   44.0000   36.1030   14.1242
19.0000   82.0000   58.7721   55.2417
20.0000   83.0000   88.1394   59.3809
21.0000   44.0000   87.2973   27.2197
22.0000   70.0000   85.7221   53.5670
23.0000   98.0000   48.3940   64.8731
24.0000   43.0000   10.3210   7.0840
25.0000   21.0000   66.7607   9.3395
26.0000   26.0000   77.9464   75.1667
27.0000   97.0000   69.4106   74.9977
28.0000   2.0000   2.7218   44.0549
29.0000   20.0000   84.2537   92.7064
30.0000   42.0000   10.1696   9.0345
31.0000   39.0000   82.2358   57.9641
32.0000   31.0000   24.8335   18.7526
33.0000   14.0000   35.8592   84.0004
34.0000   52.0000   59.2974   17.1339
35.0000   32.0000   40.3857   25.7294
36.0000   65.0000   78.1755   71.6626
37.0000   97.0000   99.0602   94.6344
38.0000   36.0000   36.1223   28.5880
39.0000   54.0000   21.0847   92.4098
40.0000   67.0000   21.5989   32.3764
41.0000   18.0000   95.0500   26.8590
42.0000   43.0000   21.4002   19.9555
43.0000   41.0000   58.0472   69.9175
44.0000   31.0000   30.5246   87.3336
45.0000   65.0000   14.5749   76.1647
46.0000   77.0000   68.7765   20.8810
47.0000   15.0000   8.3206   83.5249
48.0000   12.0000   76.7878   69.3022
49.0000   23.0000   7.0344   38.8519
50.0000   24.0000   50.3984   4.1587
51.0000   69.0000   64.5213   5.4868
52.0000   34.0000   83.5537   92.3363
53.0000   68.0000   42.1831   64.4910
54.0000   70.0000   33.5598   60.4049
55.0000   18.0000   33.9064   29.6064
56.0000   20.0000   52.6900   72.3234
57.0000   73.0000   45.8556   95.2653
58.0000   58.0000   76.5067   88.3618
59.0000   91.0000   66.2796   92.6576
60.0000   38.0000   26.6262   5.3154
61.0000   83.0000   26.8694   32.1822
62.0000   49.0000   26.2776   99.2186
63.0000   28.0000   98.3449   71.0385
64.0000   74.0000   24.3279   48.1906
65.0000   20.0000   50.7504   77.6701
66.0000   45.0000   96.3949   81.0349
67.0000   17.0000   19.9071   59.2071
68.0000   46.0000   57.0809   14.5165
69.0000   74.0000   31.8355   67.5248
70.0000   62.0000   1.8372   9.5423
71.0000   99.0000   31.1959   85.5628
72.0000   8.0000   24.8562   62.7890
73.0000   23.0000   17.3925   32.7335
74.0000   40.0000   82.8797   39.8020
75.0000   97.0000   33.7930   28.2997
76.0000   65.0000   64.5946   41.7545
77.0000   99.0000   90.9338   66.7884
78.0000   23.0000   27.6172   59.0406
79.0000   53.0000   42.5172   83.0390
80.0000   21.0000   15.8853   18.7095
81.0000   3.0000   18.8666   62.5246
82.0000   58.0000   91.3559   17.3014
83.0000   25.0000   51.7147   7.9039
84.0000   73.0000   15.4390   92.1979
85.0000   46.0000   52.6503   56.6291
86.0000   50.0000   58.2619   5.0013
87.0000   28.0000   26.3256   63.6144
88.0000   39.0000   57.9882   73.2819
89.0000   97.0000   20.0224   75.7181
90.0000   72.0000   1.0424   67.4934
91.0000   90.0000   84.2624   70.3820
92.0000   67.0000   16.0081   74.1909
93.0000   62.0000   4.1109   3.4605
94.0000   55.0000   18.5913   77.5376
95.0000   46.0000   81.8929   35.4247
96.0000   32.0000   50.7350   14.9288
97.0000   54.0000   47.0184   1.3795
98.0000   83.0000   22.9739   95.9409
99.0000   19.0000   42.6805   80.0353
100.0000   90.0000   22.4819   44.2647
101.0000   98.0000   2.5138   64.8614
102.0000   48.0000   44.1714   12.1363
103.0000   68.0000   67.1227   51.3970
104.0000   79.0000   47.6202   95.9286
105.0000   76.0000   55.9385   50.1978
106.0000   51.0000   82.7215   55.9785
107.0000   69.0000   79.7901   71.5287
108.0000   62.0000   84.1565   66.6470
109.0000   32.0000   57.4150   48.8757
110.0000   51.0000   35.9693   88.1292
111.0000   13.0000   43.0757   83.0856
112.0000   77.0000   67.1826   86.8163
113.0000   51.0000   13.6221   16.8083
114.0000   62.0000   43.7579   37.1316
115.0000   10.0000   86.7115   61.4564
116.0000   92.0000   18.2392   89.4266
117.0000   36.0000   45.0339   90.1853
118.0000   14.0000   35.5506   22.9405
119.0000   5.0000   92.2103   99.4238
120.0000   48.0000   19.2834   63.3401
121.0000   100.0000   73.3068   61.1869
122.0000   63.0000   56.2858   59.6487
123.0000   93.0000   25.3407   12.2807
124.0000   86.0000   0.1417   54.1916
125.0000   62.0000   96.5753   11.8173
126.0000   13.0000   53.0542   81.4204
127.0000   86.0000   18.4445   3.2280
128.0000   41.0000   30.3526   53.2757
129.0000   24.0000   81.0964   34.7761
130.0000   32.0000   22.2254   27.3303
131.0000   53.0000   42.6959   72.1462
132.0000   50.0000   0.9165   55.8852
133.0000   21.0000   33.9559   23.3769
134.0000   69.0000   11.5888   84.0889
135.0000   70.0000   72.5701   61.2623
136.0000   96.0000   85.0809   93.8506
137.0000   27.0000   9.8029   43.8581
138.0000   54.0000   28.3728   58.1013
139.0000   27.0000   9.0093   8.0482
140.0000   5.0000   85.8823   58.3683
141.0000   99.0000   82.0319   45.9028
142.0000   95.0000   83.1032   25.0839
143.0000   9.0000   46.4294   19.3420
144.0000   71.0000   9.7306   3.7256
145.0000   26.0000   79.6640   55.6374
146.0000   39.0000   64.5443   5.5420
147.0000   99.0000   61.2681   68.1622
148.0000   19.0000   95.7960   78.0428
149.0000   64.0000   13.9123   54.1730
150.0000   1.0000   32.4526   55.9364
151.0000   13.0000   51.9095   9.7834
152.0000   68.0000   50.5885   49.5698
153.0000   83.0000   82.3001   71.9754
154.0000   31.0000   29.8156   47.5404
155.0000   2.0000   64.2419   70.3518
156.0000   83.0000   34.5244   1.3031
157.0000   60.0000   34.5804   78.9297
158.0000   61.0000   45.2324   50.4981
159.0000   37.0000   34.0005   4.6294
160.0000   49.0000   19.5297   57.6362
161.0000   48.0000   24.1258   61.0869
162.0000   11.0000   29.9209   66.0996
163.0000   55.0000   60.3338   12.1027
164.0000   14.0000   75.1492   86.8031
165.0000   24.0000   3.2859   30.8883
166.0000   38.0000   96.1229   29.3387
167.0000   5.0000   95.6181   28.6044
168.0000   29.0000   96.6455   12.3920
169.0000   65.0000   34.5951   24.7694
170.0000   97.0000   24.2339   49.7708
171.0000   51.0000   28.1876   11.2995
172.0000   14.0000   36.0321   48.6252
173.0000   26.0000   94.6132   86.5639
174.0000   91.0000   14.7883   58.3202
175.0000   88.0000   19.2962   17.7379
176.0000   74.0000   4.0422   26.3510
177.0000   16.0000   72.6933   98.5364
178.0000   69.0000   50.1599   8.1010
179.0000   80.0000   54.2486   14.5924
180.0000   92.0000   34.1784   20.7394
181.0000   65.0000   94.6125   42.2762
182.0000   77.0000   93.4325   44.0323
183.0000   100.0000   91.1183   17.3474
184.0000   100.0000   15.6621   96.5221
185.0000   67.0000   12.8070   16.2415
186.0000   76.0000   8.6196   47.1668
187.0000   38.0000   41.5872   36.2199
188.0000   2.0000   47.3720   12.0854
189.0000   52.0000   3.8191   31.9115
190.0000   35.0000   32.4350   36.3318
191.0000   86.0000   26.5651   98.7522
192.0000   48.0000   7.0150   16.9468
193.0000   51.0000   60.8534   33.0402
194.0000   38.0000   3.2816   13.8518
195.0000   72.0000   54.9690   52.8874
196.0000   64.0000   60.7964   72.1990
197.0000   97.0000   50.6774   27.3383
198.0000   3.0000   40.7965   63.4392
199.0000   26.0000   86.0560   44.5486
200.0000   85.0000   49.7138   21.6769
201.0000   61.0000   34.4034   51.8439
202.0000   36.0000   63.6607   74.5000
203.0000   36.0000   15.0801   99.1643
204.0000   14.0000   51.8256   77.1426
205.0000   33.0000   8.6057   17.5149
206.0000   63.0000   83.4816   23.5204
207.0000   14.0000   81.4453   16.6908
208.0000   4.0000   88.3967   0.7044
209.0000   61.0000   52.1473   93.8236
210.0000   55.0000   59.0267   20.2071
211.0000   1.0000   21.0079   13.2366
212.0000   26.0000   6.6960   21.8426
213.0000   55.0000   80.3614   24.3570
214.0000   82.0000   61.3339   86.6707
215.0000   26.0000   32.0036   34.9906
216.0000   64.0000   78.3977   63.0750
217.0000   47.0000   89.9891   33.8920
218.0000   26.0000   36.8707   22.5209
219.0000   43.0000   48.9373   21.4200
220.0000   40.0000   28.2595   70.3698
221.0000   61.0000   62.3527   19.1953
222.0000   9.0000   33.9406   66.4859
223.0000   67.0000   31.8177   67.1486
224.0000   41.0000   32.4780   40.7136
225.0000   78.0000   75.2527   95.4605
226.0000   47.0000   37.8947   73.0755
227.0000   44.0000   97.6341   80.6396
228.0000   90.0000   2.8719   33.3313
229.0000   89.0000   64.4632   10.0376
230.0000   82.0000   38.5341   10.1835
231.0000   86.0000   90.0645   38.1588
232.0000   66.0000   49.1489   78.1048
233.0000   80.0000   88.3138   60.8783
234.0000   92.0000   68.8287   21.9437
235.0000   76.0000   13.6553   67.8071
236.0000   52.0000   75.5890   23.1802
237.0000   16.0000   52.0135   71.7264
238.0000   79.0000   72.7141   93.1311
239.0000   82.0000   55.2580   43.7661
240.0000   9.0000   93.2074   13.7636
241.0000   34.0000   28.9137   63.8137
242.0000   71.0000   51.5619   88.5294
243.0000   5.0000   46.0563   61.5762
244.0000   39.0000   20.0215   3.4115
245.0000   38.0000   36.8549   15.4871
246.0000   65.0000   99.0119   31.6004
247.0000   40.0000   6.2607   13.9494
248.0000   27.0000   21.7175   24.5586
249.0000   28.0000   55.2193   75.9261
250.0000   29.0000   82.1696   16.9016
251.0000   41.0000   55.7095   54.0631
252.0000   77.0000   54.7686   82.3604
253.0000   38.0000   38.3822   48.4491
254.0000   65.0000   42.4019   85.3225
255.0000   35.0000   76.7867   67.2474
256.0000   62.0000   36.9801   12.3692
257.0000   56.0000   18.7235   25.6089
258.0000   71.0000   27.5859   94.7498
259.0000   60.0000   3.0126   70.4329
260.0000   84.0000   43.0119   10.0969
261.0000   38.0000   78.3840   88.5445
262.0000   97.0000   88.6804   77.5652
263.0000   88.0000   53.0750   7.1217
264.0000   1.0000   91.1010   86.0400
265.0000   24.0000   44.7253   77.8889
266.0000   79.0000   0.0936   91.6803
267.0000   76.0000   63.1633   86.4687
268.0000   69.0000   39.4017   65.6643
269.0000   57.0000   85.5003   5.5538
270.0000   93.0000   49.3793   80.7285
271.0000   25.0000   79.8863   89.5088
272.0000   28.0000   32.2547   98.5925
273.0000   90.0000   78.1600   18.2573
274.0000   24.0000   87.6066   59.5052
275.0000   96.0000   61.7988   52.0897
276.0000   56.0000   33.4067   99.9749
277.0000   40.0000   42.9359   93.3573
278.0000   64.0000   73.0378   4.5873
279.0000   27.0000   51.5936   29.0780
280.0000   42.0000   59.9038   22.0493
281.0000   33.0000   80.2340   16.1778
282.0000   27.0000   31.8695   92.3103
283.0000   69.0000   98.5581   89.1801
284.0000   89.0000   57.1533   94.7681
285.0000   75.0000   69.6737   62.9347
286.0000   66.0000   30.7279   48.3455
287.0000   49.0000   30.4500   78.1563
288.0000   31.0000   44.5874   19.0661
289.0000   57.0000   97.0028   64.6737
290.0000   28.0000   50.2130   30.9283
291.0000   31.0000   66.4674   50.2915
292.0000   95.0000   46.6592   10.9996
293.0000   28.0000   15.7056   71.5299
294.0000   48.0000   14.9757   80.9427
295.0000   43.0000   81.3692   2.6837
296.0000   40.0000   35.4756   60.9558
297.0000   39.0000   42.9508   28.5591
298.0000   18.0000   9.1533   98.0318
299.0000   84.0000   16.4855   51.9728
300.0000   54.0000   62.9594   98.3040
301.0000   66.0000   4.4034   56.4952
302.0000   31.0000   94.6269   35.9729
303.0000   29.0000   5.5211   63.6566
304.0000   68.0000   63.4758   37.2802
305.0000   17.0000   32.6308   84.1173
306.0000   11.0000   88.4788   91.5265
307.0000   82.0000   58.0986   92.5161
308.0000   62.0000   7.1495   35.0194
309.0000   80.0000   73.7114   90.2136
310.0000   20.0000   11.4915   68.2948
311.0000   2.0000   40.9986   85.9762
312.0000   96.0000   3.2797   58.8865
313.0000   44.0000   34.9572   16.7857
314.0000   12.0000   76.3590   65.4264
315.0000   24.0000   89.1847   26.8481
316.0000   49.0000   16.7417   55.4220
317.0000   49.0000   38.8556   70.6932
318.0000   93.0000   91.7532   39.0419
319.0000   98.0000   51.1823   4.7471
320.0000   41.0000   87.0316   77.5725
321.0000   39.0000   80.0052   5.3547
322.0000   30.0000   57.1512   64.8438
323.0000   74.0000   62.5749   70.4586
324.0000   63.0000   35.2615   22.2634
325.0000   27.0000   56.7249   4.0136
326.0000   23.0000   35.9844   49.8448
327.0000   87.0000   11.2039   88.4796
328.0000   40.0000   28.0513   25.4692
329.0000   11.0000   17.2442   66.2258
330.0000   34.0000   59.9985   69.0077
331.0000   84.0000   30.7321   21.0803
332.0000   64.0000   59.2683   28.9292
333.0000   67.0000   80.8856   55.0827
334.0000   69.0000   9.0778   99.8414
335.0000   60.0000   70.5549   67.8944
336.0000   95.0000   49.6388   15.9849
337.0000   15.0000   84.9675   0.6771
338.0000   1.0000   40.2393   76.9844
339.0000   87.0000   66.1201   73.9574
340.0000   33.0000   75.8937   95.9823
341.0000   21.0000   99.0369   46.7276
342.0000   95.0000   49.5695   33.1339
343.0000   8.0000   10.8624   74.6235
344.0000   30.0000   21.6145   61.4381
345.0000   23.0000   49.4712   86.8820
346.0000   36.0000   11.1130   16.3447
347.0000   16.0000   99.5655   40.0932
348.0000   76.0000   81.0137   8.1471
349.0000   4.0000   3.5002   25.4173
350.0000   40.0000   12.2191   35.9046
351.0000   30.0000   78.4609   76.7311
352.0000   51.0000   58.3043   35.5441
353.0000   58.0000   22.1557   35.8534
354.0000   79.0000   31.2104   45.7455
355.0000   15.0000   11.3086   31.6942
356.0000   78.0000   17.4368   87.3953
357.0000   30.0000   0.1991   3.0920
358.0000   15.0000   83.6672   39.3795
359.0000   68.0000   98.5874   21.7536
360.0000   81.0000   35.8642   64.7349
361.0000   9.0000   57.8000   36.9100
362.0000   42.0000   8.6993   72.7374
363.0000   86.0000   86.7025   37.9411
364.0000   36.0000   96.4516   78.0158
365.0000   54.0000   9.4391   38.2131
366.0000   31.0000   59.5631   59.1344
367.0000   64.0000   2.4045   70.7932
368.0000   1.0000   41.0852   63.7676
369.0000   53.0000   13.6287   98.1089
370.0000   71.0000   42.0512   73.7068
371.0000   57.0000   37.1988   15.8973
372.0000   97.0000   47.4564   42.9643
373.0000   58.0000   66.3234   10.8632
374.0000   35.0000   26.7010   21.8749
375.0000   90.0000   9.4121   84.4997
376.0000   22.0000   20.0955   3.4025
377.0000   79.0000   81.7205   53.7938
378.0000   64.0000   32.8974   27.7214
379.0000   53.0000   41.0109   51.9387
380.0000   15.0000   75.7655   28.2409
381.0000   87.0000   72.0740   15.6013
382.0000   13.0000   4.7647   12.1041
383.0000   3.0000   22.8001   85.0066
384.0000   15.0000   68.2408   33.0322
385.0000   34.0000   2.1845   28.9059
386.0000   63.0000   32.8758   70.8369
387.0000   74.0000   92.2428   40.0338
388.0000   1.0000   74.6711   15.0306
389.0000   89.0000   72.8674   39.9863
390.0000   5.0000   79.2165   87.4174
391.0000   65.0000   3.5410   68.7846
392.0000   42.0000   21.3514   38.5790
393.0000   30.0000   75.3450   65.6963
394.0000   20.0000   36.2339   7.5840
395.0000   84.0000   31.5738   65.4294
396.0000   71.0000   60.2283   22.4378
397.0000   73.0000   81.6607   36.5071
398.0000   30.0000   47.4754   71.2622
399.0000   48.0000   22.0469   61.1081
400.0000   41.0000   65.6021   73.5222
401.0000   43.0000   36.8144   33.8006
402.0000   4.0000   23.9918   56.9902
403.0000   94.0000   47.7066   96.5269
404.0000   68.0000   34.4150   89.9232
405.0000   30.0000   22.2532   6.7671
406.0000   40.0000   82.8898   10.6436
407.0000   39.0000   29.5707   10.5399
408.0000   62.0000   42.5792   40.1241
409.0000   92.0000   14.0639   4.3973
410.0000   56.0000   78.4067   61.5394
411.0000   73.0000   50.7919   65.7439
412.0000   79.0000   88.4790   19.3904
413.0000   83.0000   87.0078   20.1621
414.0000   96.0000   10.0537   45.9459
415.0000   93.0000   98.3077   16.1075
416.0000   88.0000   63.8279   38.1909
417.0000   63.0000   14.9490   12.5026
418.0000   100.0000   70.3805   35.1790
419.0000   46.0000   66.6909   4.2236
420.0000   52.0000   83.6406   28.5754
421.0000   11.0000   53.2413   80.9389
422.0000   67.0000   4.8566   73.1719
423.0000   41.0000   88.0566   97.5673
424.0000   44.0000   94.3993   95.4286
425.0000   20.0000   95.7605   87.0791
426.0000   54.0000   96.6188   50.2120
427.0000   46.0000   63.3535   10.5281
428.0000   9.0000   58.7342   78.4776
429.0000   35.0000   65.9889   11.1387
430.0000   22.0000   53.3563   20.0498
431.0000   35.0000   78.3584   29.4700
432.0000   33.0000   87.6902   93.8074
433.0000   57.0000   26.8426   31.8921
434.0000   43.0000   50.1447   91.7870
435.0000   33.0000   36.2688   28.5883
436.0000   67.0000   55.1713   28.5307
437.0000   18.0000   97.2507   45.0008
438.0000   83.0000   84.3659   5.2817
439.0000   16.0000   49.1104   52.4760
440.0000   6.0000   36.0020   28.2831
441.0000   58.0000   48.9318   18.0733
442.0000   38.0000   68.7469   41.0973
443.0000   79.0000   19.6806   72.8404
444.0000   2.0000   39.1540   70.1359
445.0000   53.0000   11.2227   4.6853
446.0000   85.0000   89.4533   14.1406
447.0000   71.0000   62.8326   69.9590
448.0000   64.0000   78.1056   23.2845
449.0000   55.0000   16.3070   23.5784
450.0000   40.0000   8.7205   26.2812
451.0000   10.0000   47.1923   11.0241
452.0000   36.0000   11.3229   26.2877
453.0000   34.0000   76.6775   67.4234
454.0000   93.0000   81.0265   50.3293
455.0000   34.0000   68.5875   52.4993
456.0000   27.0000   26.0276   69.1823
457.0000   34.0000   37.4708   38.3220
458.0000   54.0000   13.9646   29.4736
459.0000   36.0000   67.7888   63.9584
460.0000   48.0000   36.7821   32.1891
461.0000   100.0000   65.5758   13.8270
462.0000   15.0000   24.5205   0.2632
463.0000   64.0000   36.2590   53.4476
464.0000   84.0000   66.2205   82.7126
465.0000   21.0000   20.0270   67.1236
466.0000   97.0000   31.9674   67.3055
467.0000   45.0000   8.4907   41.4864
468.0000   3.0000   76.0688   61.1533
469.0000   45.0000   81.8171   25.6767
470.0000   62.0000   26.8685   59.0818
471.0000   56.0000   15.7370   40.1792
472.0000   42.0000   36.8866   29.3889
473.0000   15.0000   60.5696   63.7867
474.0000   38.0000   16.9776   50.4278
475.0000   67.0000   25.5941   88.4495
476.0000   80.0000   29.7627   51.0772
477.0000   100.0000   35.9824   67.3110
478.0000   80.0000   27.3201   67.1424
479.0000   43.0000   24.2414   37.1825
480.0000   13.0000   46.5280   40.0827
481.0000   12.0000   73.2462   91.4378
482.0000   55.0000   99.0900   12.8210
483.0000   82.0000   44.3706   61.7271
484.0000   58.0000   72.2054   4.6328
485.0000   74.0000   5.7394   5.7986
486.0000   95.0000   3.3454   71.0533
487.0000   52.0000   32.4944   52.6652
488.0000   49.0000   52.2407   92.1538
489.0000   30.0000   54.0580   69.2909
490.0000   80.0000   52.3274   5.2932
491.0000   59.0000   33.4378   57.3910
492.0000   16.0000   74.2934   77.3791
493.0000   47.0000   91.6785   42.4025
494.0000   80.0000   31.4801   6.2096
495.0000   83.0000   51.5162   39.3931
496.0000   96.0000   58.8508   69.1411
497.0000   46.0000   15.9820   72.2129
498.0000   1.0000   34.1472   27.9052
499.0000   71.0000   2.0420   96.2117
500.0000   52.0000   60.3885   1.8981
501.0000   40.0000   22.9600   80.9874
502.0000   56.0000   74.0554   43.5676
503.0000   52.0000   15.0314   7.6919
504.0000   42.0000   5.6399   18.4463
505.0000   84.0000   97.5209   91.5292
506.0000   92.0000   92.8595   5.2888
507.0000   47.0000   22.5211   18.5377
508.0000   98.0000   42.6894   42.0473
509.0000   94.0000   55.6778   56.9107
510.0000   77.0000   22.0265   14.0174
511.0000   1.0000   68.1523   27.9019
512.0000   80.0000   69.0273   50.9991
513.0000   33.0000   77.7426   66.9454
514.0000   2.0000   39.7144   4.6386
515.0000   100.0000   56.0727   37.3242
516.0000   77.0000   86.3957   30.4461
517.0000   100.0000   94.7747   46.0295
518.0000   14.0000   85.3567   1.2676
519.0000   49.0000   15.0941   42.5045
520.0000   14.0000   84.6067   36.9526
521.0000   53.0000   19.2190   51.5908
522.0000   83.0000   98.0342   75.0070
523.0000   34.0000   94.4662   16.7325
524.0000   83.0000   63.9568   11.8847
525.0000   98.0000   21.9059   70.9414
526.0000   57.0000   21.0478   16.4601
527.0000   100.0000   69.3853   10.7169
528.0000   46.0000   89.0881   99.7848
529.0000   87.0000   37.4987   38.4372
530.0000   83.0000   50.8423   19.1232
531.0000   14.0000   28.6810   43.7160
532.0000   54.0000   14.6727   80.6847
533.0000   65.0000   39.5800   59.0138
534.0000   90.0000   25.6957   30.5930
535.0000   8.0000   16.5560   3.4409
536.0000   45.0000   32.5987   84.5693
537.0000   19.0000   82.6017   23.8145
538.0000   48.0000   14.8405   24.6245
539.0000   31.0000   15.0715   61.8799
540.0000   74.0000   77.1024   22.4508
541.0000   75.0000   69.2448   56.8202
542.0000   16.0000   76.0578   88.0164
543.0000   34.0000   63.1310   35.4533
544.0000   80.0000   25.9240   75.1387
545.0000   21.0000   5.4473   46.3473
546.0000   100.0000   24.6212   77.1246
547.0000   65.0000   76.6660   12.3764
548.0000   39.0000   93.2031   48.5634
549.0000   6.0000   67.5839   85.0818
550.0000   35.0000   95.8576   52.6843
551.0000   54.0000   52.3425   68.3032
552.0000   51.0000   59.1482   56.5042
553.0000   16.0000   59.2473   8.5622
554.0000   96.0000   44.3561   25.6219
555.0000   84.0000   47.3441   92.1225
556.0000   53.0000   68.3367   13.3263
557.0000   70.0000   66.8720   47.8200
558.0000   33.0000   41.9860   51.3738
559.0000   37.0000   6.3693   5.5654
560.0000   99.0000   66.5989   41.2685
561.0000   53.0000   7.0645   75.7277
562.0000   87.0000   74.6786   23.7564
563.0000   95.0000   23.6850   96.1486
564.0000   31.0000   91.1361   37.7498
565.0000   86.0000   87.4455   95.4944
566.0000   26.0000   52.3031   99.2695
567.0000   58.0000   55.7909   87.2722
568.0000   4.0000   30.6084   85.3893
569.0000   20.0000   6.8112   18.3126
570.0000   13.0000   41.7034   80.8770
571.0000   83.0000   70.2362   80.1882
572.0000   66.0000   2.3669   65.5042
573.0000   22.0000   99.9006   23.2750
574.0000   23.0000   46.4873   65.6334
575.0000   17.0000   34.3814   63.6066
576.0000   100.0000   31.5216   45.4408
577.0000   21.0000   88.1828   61.6834
578.0000   80.0000   37.8094   83.6155
579.0000   26.0000   85.5326   70.1277
580.0000   43.0000   16.8909   69.1202
581.0000   62.0000   47.9560   77.3613
582.0000   13.0000   30.8487   65.1207
583.0000   92.0000   90.5561   45.6906
584.0000   22.0000   95.4298   93.4258
585.0000   48.0000   13.5199   22.1400
586.0000   50.0000   62.3532   34.0992
587.0000   18.0000   18.4551   40.4879
588.0000   51.0000   15.4899   87.5804
589.0000   1.0000   27.4716   71.7398
590.0000   40.0000   80.6323   83.5907
591.0000   27.0000   78.7695   50.6042
592.0000   26.0000   21.9745   49.5077
593.0000   68.0000   3.2404   72.0674
594.0000   7.0000   90.4193   28.7043
595.0000   24.0000   47.8742   42.3960
596.0000   41.0000   91.0642   70.9552
597.0000   80.0000   57.4634   8.5350
598.0000   28.0000   34.3056   58.0334
599.0000   16.0000   95.4569   16.5590
600.0000   56.0000   96.2046   73.9532
601.0000   56.0000   4.1821   53.2663
602.0000   77.0000   93.8569   47.8895
603.0000   2.0000   55.6150   67.7793
604.0000   38.0000   45.5981   10.6858
605.0000   47.0000   54.4383   0.8174
606.0000   33.0000   5.5113   12.3524
607.0000   85.0000   85.9771   32.7735
608.0000   39.0000   12.4198   7.3474
609.0000   6.0000   94.6818   26.5002
610.0000   96.0000   64.7739   17.1405
611.0000   54.0000   66.2889   42.9332
612.0000   11.0000   54.8444   85.1463
613.0000   58.0000   60.2065   8.4298
614.0000   93.0000   95.0879   10.4411
615.0000   73.0000   47.5745   99.0591
616.0000   86.0000   34.5213   90.4354
617.0000   69.0000   16.5348   48.2013
618.0000   47.0000   23.8928   46.4652
619.0000   72.0000   14.8480   51.6306
620.0000   71.0000   78.1985   27.5104
621.0000   62.0000   47.6834   88.2154
622.0000   33.0000   56.8155   94.5067
623.0000   47.0000   47.4124   53.5030
624.0000   39.0000   17.1753   74.5717
625.0000   23.0000   98.6790   32.0725
626.0000   51.0000   99.4195   86.0389
627.0000   41.0000   41.0504   83.6725
628.0000   40.0000   2.6552   81.8051
629.0000   37.0000   0.8847   71.9900
630.0000   44.0000   38.6923   30.9964
631.0000   5.0000   6.0714   76.9145
632.0000   36.0000   10.8187   8.2123
633.0000   86.0000   77.8786   48.7960
634.0000   62.0000   89.7866   10.6500
635.0000   1.0000   95.6318   39.9917
636.0000   77.0000   71.8196   50.1619
637.0000   77.0000   52.1890   8.7920
638.0000   68.0000   80.4401   77.2458
639.0000   96.0000   31.8198   57.4476
640.0000   36.0000   34.4371   80.5266
641.0000   78.0000   66.1094   68.2388
642.0000   32.0000   63.2187   86.1141
643.0000   50.0000   84.8297   49.1085
644.0000   46.0000   40.2410   12.4757
645.0000   41.0000   48.8575   91.1738
646.0000   49.0000   9.7210   0.5019
647.0000   48.0000   8.9290   48.6955
648.0000   11.0000   85.4876   8.0190
649.0000   70.0000   22.3686   75.1137
650.0000   66.0000   8.1994   35.3797
651.0000   67.0000   63.6902   13.3580
652.0000   22.0000   15.0529   80.0681
653.0000   75.0000   43.3163   43.0644
654.0000   4.0000   26.7775   2.0514
655.0000   30.0000   15.2578   30.5486
656.0000   51.0000   5.5785   78.3313
657.0000   35.0000   73.5666   35.6425
658.0000   91.0000   71.5713   66.5406
659.0000   53.0000   93.8339   3.7683
660.0000   60.0000   29.3709   10.0695
661.0000   52.0000   85.9423   87.1948
662.0000   35.0000   81.5381   37.2445
663.0000   94.0000   69.9003   98.7936
664.0000   9.0000   9.3871   40.2320
665.0000   75.0000   58.6917   83.5523
666.0000   31.0000   40.8197   79.4348
667.0000   7.0000   12.9679   1.4457
668.0000   96.0000   44.4551   56.8355
669.0000   42.0000   84.5302   56.5907
670.0000   5.0000   4.3776   22.4429
671.0000   47.0000   37.6431   77.8736
672.0000   88.0000   31.7583   69.4706
673.0000   52.0000   47.5944   49.6116
674.0000   30.0000   32.7785   18.6662
675.0000   25.0000   88.7122   90.9287
676.0000   27.0000   86.9775   30.5254
677.0000   37.0000   51.4528   47.5376
678.0000   33.0000   23.7423   52.9789
679.0000   70.0000   0.6046   93.3131
680.0000   35.0000   33.2374   52.3251
681.0000   9.0000   26.6525   16.3052
682.0000   31.0000   1.5938   49.2273
683.0000   88.0000   22.8761   71.5777
684.0000   25.0000   88.2630   54.1996
685.0000   10.0000   66.9173   82.0233
686.0000   1.0000   54.8623   64.7086
687.0000   71.0000   62.1567   61.3855
688.0000   82.0000   31.0692   39.5718
689.0000   85.0000   46.6030   32.7739
690.0000   63.0000   84.0641   35.5888
691.0000   27.0000   79.0087   80.1632
692.0000   5.0000   28.3081   51.7516
693.0000   2.0000   38.8100   17.6949
694.0000   75.0000   66.0228   91.6758
695.0000   97.0000   47.4433   52.9377
696.0000   71.0000   60.6219   75.9149
697.0000   7.0000   15.9665   33.7938
698.0000   25.0000   83.8628   53.2232
699.0000   98.0000   94.6955   49.4303
700.0000   33.0000   86.5210   10.8906
701.0000   45.0000   3.4022   31.4813
702.0000   82.0000   51.3153   42.5722
703.0000   3.0000   9.3993   11.1569
704.0000   82.0000   48.8486   21.3272
705.0000   64.0000   70.2320   95.2173
706.0000   8.0000   60.4062   14.9880
707.0000   1.0000   37.2952   44.0183
708.0000   16.0000   61.0883   0.5915
709.0000   19.0000   43.1296   1.6994
710.0000   67.0000   29.1197   91.9895
711.0000   54.0000   31.5925   8.2807
712.0000   25.0000   27.8121   17.9024
713.0000   50.0000   37.2036   83.4892
714.0000   89.0000   85.0085   14.3623
715.0000   30.0000   99.5547   70.3836
716.0000   28.0000   43.7772   11.2628
717.0000   49.0000   64.1145   14.7827
718.0000   80.0000   6.1166   83.6947
719.0000   98.0000   24.6063   43.3849
720.0000   9.0000   37.7406   9.4756
721.0000   84.0000   92.7710   11.4131
722.0000   16.0000   38.0617   50.3680
723.0000   99.0000   89.1569   95.5536
724.0000   17.0000   86.5804   67.6931
725.0000   55.0000   97.4217   10.5725
726.0000   91.0000   54.6156   20.0684
727.0000   60.0000   23.0547   73.0308
728.0000   55.0000   63.6533   75.5917
729.0000   23.0000   3.2590   18.0891
730.0000   100.0000   77.3217   43.4882
731.0000   6.0000   81.1878   74.3736
732.0000   61.0000   57.9931   96.4741
733.0000   65.0000   83.1567   78.7436
734.0000   63.0000   49.8999   22.6479
735.0000   6.0000   33.7415   57.1092
736.0000   19.0000   62.0515   44.7010
737.0000   97.0000   74.2512   55.7510
738.0000   6.0000   2.2526   38.4294
739.0000   92.0000   14.2121   64.1936
740.0000   27.0000   64.1101   77.6049
741.0000   79.0000   84.0944   39.3458
742.0000   73.0000   76.8786   63.3815
743.0000   81.0000   41.1496   86.3308
744.0000   22.0000   71.9106   71.8118
745.0000   83.0000   29.6942   53.1160
746.0000   59.0000   25.0611   46.6106
747.0000   46.0000   10.1495   1.4658
748.0000   82.0000   73.8725   50.0969
749.0000   98.0000   96.5562   33.2757
750.0000   83.0000   72.0107   38.2485
751.0000   100.0000   16.3810   71.9770
752.0000   21.0000   71.7999   28.7630
753.0000   66.0000   68.6736   17.8837
754.0000   68.0000   24.7104   35.9335
755.0000   17.0000   0.1886   14.7704
756.0000   94.0000   2.7046   38.4231
757.0000   61.0000   59.6029   47.5619
758.0000   63.0000   83.9368   39.3476
759.0000   56.0000   79.1446   64.5236
760.0000   1.0000   6.8748   62.1046
761.0000   63.0000   53.9937   54.0994
762.0000   68.0000   57.3522   68.5665
763.0000   18.0000   75.2322   89.0233
764.0000   60.0000   43.1193   17.0931
765.0000   70.0000   82.6984   88.5548
766.0000   49.0000   67.2215   40.2893
767.0000   82.0000   58.3180   22.8903
768.0000   28.0000   0.8324   23.0990
769.0000   8.0000   75.4482   84.3205
770.0000   35.0000   80.6270   17.1704
771.0000   8.0000   61.1750   25.9652
772.0000   3.0000   6.8186   0.6982
773.0000   30.0000   65.5118   72.7215
774.0000   87.0000   51.3356   83.6303
775.0000   85.0000   60.2840   94.6666
776.0000   30.0000   26.3156   91.9392
777.0000   41.0000   88.3981   51.0272
778.0000   89.0000   36.9113   57.5509
779.0000   74.0000   61.1107   97.1630
780.0000   94.0000   68.7396   38.0922
781.0000   56.0000   32.7108   9.9610
782.0000   49.0000   45.8028   72.5365
783.0000   70.0000   94.9613   76.7870
784.0000   59.0000   11.4854   51.6382
785.0000   5.0000   72.5959   53.0751
786.0000   26.0000   48.7734   52.0180
787.0000   87.0000   92.2737   84.1733
788.0000   10.0000   10.9125   46.3703
789.0000   83.0000   18.4367   12.0451
790.0000   68.0000   41.2554   11.5190
791.0000   6.0000   89.1832   35.3336
792.0000   58.0000   18.0956   22.2460
793.0000   70.0000   56.2807   51.4228
794.0000   66.0000   19.3399   23.4928
795.0000   32.0000   34.5613   53.1115
796.0000   52.0000   41.7720   80.0419
797.0000   97.0000   60.1875   13.0254
798.0000   87.0000   75.9129   57.3267
799.0000   40.0000   80.8560   12.6400
800.0000   64.0000   76.5443   25.9684
801.0000   16.0000   32.2472   85.6041
802.0000   68.0000   48.6918   47.0486
803.0000   46.0000   86.1987   54.1475
804.0000   37.0000   11.5579   58.4970
805.0000   84.0000   54.6010   40.9907
806.0000   94.0000   54.3032   57.6982
807.0000   97.0000   1.2603   34.1404
808.0000   82.0000   8.9931   90.6217
809.0000   62.0000   98.9711   96.4030
810.0000   85.0000   71.7459   65.2331
811.0000   35.0000   13.3133   43.2834
812.0000   26.0000   19.4768   11.0978
813.0000   39.0000   39.6225   47.3931
814.0000   49.0000   97.3923   44.3622
815.0000   73.0000   88.6395   23.2808
816.0000   89.0000   96.1325   20.3237
817.0000   39.0000   31.7650   2.1564
818.0000   31.0000   46.8176   85.9134
819.0000   58.0000   46.7091   57.0669
820.0000   12.0000   49.8772   60.0880
821.0000   100.0000   26.3295   44.7585
822.0000   99.0000   95.7440   90.2455
823.0000   27.0000   9.4249   63.5616
824.0000   93.0000   13.7592   11.1073
825.0000   17.0000   21.2953   90.5819
826.0000   12.0000   17.0888   47.0169
827.0000   91.0000   21.6813   71.5576
828.0000   24.0000   17.2243   58.2846
829.0000   25.0000   24.1534   41.5227
830.0000   66.0000   4.1782   54.7251
831.0000   63.0000   98.4821   18.5389
832.0000   82.0000   57.8689   87.7484
833.0000   99.0000   75.5443   79.8840
834.0000   24.0000   18.1716   66.9601
835.0000   14.0000   43.5753   82.1563
836.0000   56.0000   66.7923   91.0922
837.0000   72.0000   43.8339   58.1389
838.0000   43.0000   95.7687   55.7733
839.0000   85.0000   78.6162   29.4098
840.0000   38.0000   32.7844   3.2869
841.0000   35.0000   78.0432   36.5837
842.0000   59.0000   42.6541   8.0822
843.0000   20.0000   69.5416   17.9271
844.0000   86.0000   16.7480   86.5584
845.0000   51.0000   0.2261   57.7245
846.0000   56.0000   3.8523   77.9564
847.0000   36.0000   34.1411   26.0173
848.0000   11.0000   73.0771   16.8807
849.0000   7.0000   63.4393   54.5564
850.0000   36.0000   63.9382   14.4709
