0.0000   0.0000   50.0000   50.0000
1.0000   98.0000   30.7907   68.7275
2.0000   17.0000   55.1091   8.4412
3.0000   30.0000   18.2513   13.8728
4.0000   5.0000   78.3944   98.9664
5.0000   46.0000   58.9268   92.6755
6.0000   8.0000   94.2975   48.8508
7.0000   71.0000   63.5851   42.5732
8.0000   6.0000   4.5788   29.5715
9.0000   53.0000   37.1242   7.1011
10.0000   41.0000   10.3271   20.3061
11.0000   25.0000   48.5566   25.4908
12.0000   95.0000   50.0793   93.9885
13.0000   62.0000   93.1302   0.1839
14.0000   36.0000   22.0705   38.0334
15.0000   88.0000   57.5522   59.8648
16.0000   67.0000   27.2973   28.7174
17.0000   57.0000   52.9958   25.7662
18.0000   100.0000   24.5124   83.2173
19.0000   53.0000   24.9222   53.0462
20.0000   43.0000   27.9470   28.5385
21.0000   34.0000   79.3631   41.3761
22.0000   65.0000   77.6674   0.0419
23.0000   91.0000   62.8079   41.8092
24.0000   17.0000   21.1339   74.1820
25.0000   78.0000   92.8864   93.8312
26.0000   60.0000   79.1002   3.8159
27.0000   48.0000   98.4114   69.8955
28.0000   81.0000   99.8051   63.5889
29.0000   8.0000   40.7109   22.5822
30.0000   36.0000   79.0180   87.9417
31.0000   28.0000   52.9232   50.7311
32.0000   69.0000   17.2641   53.5051
33.0000   43.0000   23.7385   26.3839
34.0000   58.0000   72.3920   1.9121
35.0000   15.0000   71.6392   9.3332
36.0000   41.0000   8.2932   3.9193
37.0000   67.0000   82.0336   92.3922
38.0000   62.0000   38.0513   37.6043
39.0000   90.0000   46.2295   81.7354
40.0000   27.0000   60.2052   87.3020
41.0000   96.0000   82.2231   35.3137
42.0000   49.0000   94.6817   49.6803
43.0000   77.0000   75.2725   26.6022
44.0000   98.0000   68.2297   99.4074
45.0000   98.0000   67.4212   68.1130
46.0000   97.0000   7.1934   42.5478
47.0000   100.0000   37.7569   97.4590
48.0000   41.0000   75.6263   54.7982
49.0000   60.0000   14.0666   85.7623
50.0000   68.0000   14.2247   11.3963
51.0000   78.0000   23.5428   6.5240
52.0000   44.0000   77.5182   18.9202
53.0000   72.0000   14.9958   47.3890
54.0000   80.0000   98.6225   92.1639
55.0000   25.0000   72.3333   4.7176
56.0000   20.0000   20.9226   53.8405
57.0000   47.0000   7.1047   51.1803
58.0000   77.0000   88.4740   51.5114
59.0000   26.0000   71.4869   88.9975
60.0000   90.0000   81.8337   80.9824
61.0000   23.0000   26.5678   37.6478
62.0000   72.0000   88.0396   19.9701
63.0000   45.0000   68.4744   18.1810
64.0000   98.0000   70.1191   21.3135
65.0000   55.0000   27.0926   58.1904
66.0000   83.0000   70.2502   15.8064
67.0000   69.0000   27.2181   51.3018
68.0000   44.0000   86.0842   54.3325
69.0000   76.0000   30.4022   93.3280
70.0000   84.0000   63.3106   59.1392
71.0000   27.0000   16.2443   72.3971
72.0000   59.0000   49.4835   38.9726
73.0000   98.0000   20.1168   97.7020
74.0000   60.0000   14.2346   7.3134
75.0000   73.0000   44.4653   82.0977
76.0000   85.0000   37.9394   66.9662
77.0000   52.0000   11.0871   89.9094
78.0000   36.0000   16.7276   43.1006
79.0000   67.0000   83.1323   12.0064
80.0000   4.0000   16.7337   64.3052
81.0000   30.0000   12.7242   5.1166
82.0000   85.0000   39.0273   2.4261
83.0000   7.0000   83.7891   4.4014
84.0000   46.0000   91.0139   35.7650
85.0000   4.0000   15.1480   75.1399
86.0000   20.0000   11.7955   9.1513
87.0000   21.0000   77.0356   29.4981
88.0000   39.0000   69.2276   48.6875
89.0000   46.0000   6.9645   35.2734
90.0000   76.0000   15.6874   37.7026
91.0000   97.0000   31.5767   39.0274
92.0000   60.0000   29.0965   12.7300
93.0000   68.0000   68.0765   68.9677
94.0000   96.0000   58.5269   22.1633
95.0000   5.0000   72.0975   11.2078
96.0000   39.0000   66.8416   50.0548
97.0000   60.0000   37.8843   99.6610
98.0000   57.0000   21.3944   45.2143
99.0000   13.0000   81.0072   45.1646
100.0000   34.0000   81.0313   57.6906
101.0000   61.0000   98.2797   64.0496
102.0000   78.0000   58.5600   81.7763
103.0000   32.0000   71.3281   36.2517
104.0000   82.0000   4.0865   64.1882
105.0000   37.0000   63.4423   38.8945
106.0000   32.0000   24.5710   51.9684
107.0000   27.0000   49.9980   86.9867
108.0000   71.0000   37.1225   10.7107
109.0000   2.0000   90.9348   12.2208
110.0000   70.0000   89.4239   9.6753
111.0000   79.0000   62.6690   61.8504
112.0000   30.0000   32.9675   57.6462
113.0000   10.0000   82.3230   96.5250
114.0000   24.0000   19.7680   78.7935
115.0000   67.0000   70.2104   18.2283
116.0000   12.0000   22.8106   54.7072
117.0000   3.0000   32.3847   83.6189
118.0000   34.0000   63.7648   14.9349
119.0000   70.0000   33.9291   22.0779
120.0000   14.0000   56.0337   71.3649
121.0000   31.0000   88.8487   61.9769
122.0000   29.0000   96.4943   51.3108
123.0000   76.0000   92.3286   92.1688
124.0000   11.0000   97.5049   73.2076
125.0000   8.0000   15.8502   2.3167
126.0000   83.0000   18.7630   92.0349
127.0000   67.0000   34.0545   56.6383
128.0000   51.0000   49.7455   88.0039
129.0000   62.0000   48.3985   54.3432
130.0000   28.0000   64.2057   12.7825
131.0000   62.0000   12.7980   84.8892
132.0000   58.0000   35.8100   66.2273
133.0000   34.0000   93.8573   44.4658
134.0000   82.0000   16.8076   26.9449
135.0000   88.0000   50.0734   67.4589
136.0000   25.0000   33.9809   18.8238
137.0000   91.0000   4.3082   87.6158
138.0000   42.0000   49.9880   37.4816
139.0000   35.0000   67.7758   53.7798
140.0000   35.0000   3.7530   31.6258
141.0000   64.0000   98.6253   37.7112
142.0000   17.0000   17.7303   38.5372
143.0000   88.0000   16.5956   29.6852
144.0000   71.0000   16.0867   83.2533
145.0000   4.0000   93.6831   4.1171
146.0000   31.0000   66.5110   17.3962
147.0000   44.0000   19.1858   3.8652
148.0000   21.0000   70.9913   14.2795
149.0000   96.0000   93.6881   35.8655
150.0000   97.0000   54.2539   64.1284
151.0000   85.0000   7.2612   97.8137
152.0000   38.0000   34.4356   74.2997
153.0000   32.0000   85.5617   11.9585
154.0000   93.0000   94.0127   7.9733
155.0000   95.0000   35.8710   2.7890
156.0000   9.0000   53.9961   87.7833
157.0000   87.0000   14.7157   20.7977
158.0000   63.0000   53.5027   78.7220
159.0000   7.0000   70.6431   99.1875
160.0000   38.0000   65.6001   2.6198
161.0000   92.0000   68.7411   47.0855
162.0000   17.0000   17.8657   76.9200
163.0000   25.0000   21.8508   11.8135
164.0000   70.0000   64.6351   78.4105
165.0000   98.0000   69.6252   17.3043
166.0000   80.0000   73.0333   17.2474
167.0000   86.0000   43.6275   16.5820
168.0000   22.0000   92.5734   61.9969
169.0000   48.0000   98.5648   18.7008
170.0000   55.0000   60.7621   97.1235
171.0000   58.0000   6.9295   21.7005
172.0000   22.0000   76.5793   20.3565
173.0000   85.0000   94.5554   97.7776
174.0000   42.0000   80.8509   84.7242
175.0000   96.0000   62.4449   42.6511
