0.0000   0.0000   50.0000   50.0000
1.0000   83.0000   93.2769   71.5677
2.0000   116.0000   25.5631   90.6992
3.0000   45.0000   33.8166   11.1067
4.0000   93.0000   80.6251   49.7118
5.0000   79.0000   68.9449   16.2292
6.0000   72.0000   71.3397   51.7025
7.0000   74.0000   92.9560   62.2247
8.0000   48.0000   98.6175   20.4846
9.0000   39.0000   29.7195   89.3585
10.0000   109.0000   37.7563   37.9857
11.0000   52.0000   25.3671   25.9636
12.0000   60.0000   85.2612   29.6328
13.0000   92.0000   16.6611   68.5214
14.0000   51.0000   13.2594   89.8348
15.0000   80.0000   71.0403   45.9524
16.0000   34.0000   62.7984   66.1504
17.0000   90.0000   83.0126   2.2164
18.0000   84.0000   26.1067   55.2941
19.0000   51.0000   59.1650   96.7648
20.0000   72.0000   16.0956   2.6177
21.0000   50.0000   58.0199   22.7292
22.0000   53.0000   8.1308   57.8459
23.0000   44.0000   45.9560   24.0220
24.0000   114.0000   82.0220   49.2040
25.0000   83.0000   80.4930   72.4266
26.0000   96.0000   4.5767   65.9595
27.0000   40.0000   81.3530   83.6220
28.0000   46.0000   10.1668   32.7854
29.0000   118.0000   20.4976   79.4375
30.0000   38.0000   96.6216   95.7050
31.0000   119.0000   63.5950   94.5916
32.0000   62.0000   71.1113   82.9875
33.0000   50.0000   33.9129   68.6300
34.0000   105.0000   80.9865   32.8841
35.0000   34.0000   8.5399   50.5637
36.0000   33.0000   96.0610   58.7192
37.0000   71.0000   63.6059   87.4101
38.0000   37.0000   92.8909   27.5233
39.0000   83.0000   33.1441   7.4128
40.0000   52.0000   10.4654   96.3162
41.0000   42.0000   28.0164   7.5703
42.0000   84.0000   99.0043   84.3575
43.0000   82.0000   18.3618   49.4882
44.0000   49.0000   14.9755   43.5814
45.0000   109.0000   34.6856   98.4855
46.0000   42.0000   59.5921   89.6836
47.0000   32.0000   27.5761   86.8079
48.0000   39.0000   10.6673   61.7997
49.0000   33.0000   26.2118   64.2840
50.0000   103.0000   29.8260   27.7027
51.0000   68.0000   17.9663   38.5905
52.0000   87.0000   52.5984   28.7865
53.0000   85.0000   92.4200   76.9094
54.0000   87.0000   5.3114   72.5644
55.0000   35.0000   20.6537   68.9541
56.0000   113.0000   50.9155   71.0475
57.0000   84.0000   69.3291   78.1108
58.0000   118.0000   16.0189   23.6467
59.0000   105.0000   17.8760   89.3700
60.0000   41.0000   17.2991   9.2470
61.0000   91.0000   56.9791   32.2982
62.0000   62.0000   92.9176   47.9938
63.0000   95.0000   52.4448   48.3776
64.0000   75.0000   96.4563   42.9207
65.0000   114.0000   50.6296   36.5168
66.0000   92.0000   20.2808   34.2315
67.0000   113.0000   49.9687   83.8956
68.0000   67.0000   90.5113   75.1949
69.0000   56.0000   43.7687   48.7701
70.0000   101.0000   60.6958   30.3083
71.0000   85.0000   93.4728   14.1236
72.0000   61.0000   62.7854   69.6412
73.0000   62.0000   52.0745   55.3825
74.0000   75.0000   0.5446   83.9289
75.0000   65.0000   20.6482   0.7796
76.0000   66.0000   8.9926   93.9129
77.0000   107.0000   99.7355   69.9169
78.0000   65.0000   82.5174   25.8837
79.0000   100.0000   2.2673   82.0777
80.0000   68.0000   46.5241   81.8775
81.0000   60.0000   29.7854   56.4904
82.0000   120.0000   39.1238   39.8781
83.0000   40.0000   82.7265   69.5200
84.0000   103.0000   13.4812   38.0323
85.0000   107.0000   14.3522   40.6157
86.0000   94.0000   50.9835   39.3310
87.0000   88.0000   32.6762   84.3629
88.0000   62.0000   84.7305   19.6321
89.0000   49.0000   25.6553   43.4241
90.0000   84.0000   55.0995   1.9128
91.0000   47.0000   17.7253   6.2097
92.0000   74.0000   36.3646   76.7361
93.0000   58.0000   16.6053   8.3722
94.0000   116.0000   7.3708   3.3702
95.0000   53.0000   31.6781   26.5317
96.0000   91.0000   35.1819   52.6161
97.0000   88.0000   29.9430   59.9884
98.0000   84.0000   66.1737   73.1625
99.0000   40.0000   25.1002   73.3802
100.0000   117.0000   31.1160   6.4542
101.0000   107.0000   75.7685   4.2636
102.0000   41.0000   42.2668   44.3519
103.0000   89.0000   53.4921   46.1745
104.0000   54.0000   44.0237   64.9682
105.0000   52.0000   62.2939   98.6589
106.0000   85.0000   87.7756   32.3373
107.0000   63.0000   78.9344   23.3080
108.0000   41.0000   55.5324   34.0174
109.0000   69.0000   29.6367   56.6880
110.0000   110.0000   50.1039   22.1687
111.0000   98.0000   26.0770   75.9426
112.0000   39.0000   5.0273   47.8091
113.0000   101.0000   97.8101   48.1681
114.0000   59.0000   85.2954   48.3115
115.0000   104.0000   15.0988   8.9106
116.0000   118.0000   99.8609   34.1652
117.0000   45.0000   22.4473   96.4668
118.0000   102.0000   37.8736   65.8623
119.0000   112.0000   81.4632   4.8563
120.0000   113.0000   54.4315   20.3829
121.0000   95.0000   52.9621   68.4038
122.0000   110.0000   49.1816   3.1346
123.0000   32.0000   39.1293   0.4472
124.0000   42.0000   82.7409   55.5271
125.0000   82.0000   66.6562   67.4144
126.0000   89.0000   56.0489   4.1171
127.0000   115.0000   42.0387   71.8834
128.0000   93.0000   90.2451   63.3027
129.0000   89.0000   52.0020   11.4385
130.0000   80.0000   57.9451   70.4492
131.0000   113.0000   11.9520   52.3538
132.0000   71.0000   98.4360   74.2213
133.0000   62.0000   25.6515   85.3893
134.0000   89.0000   52.4813   91.2138
135.0000   84.0000   55.8428   27.2473
136.0000   88.0000   44.4448   77.3072
137.0000   39.0000   76.8002   48.6837
138.0000   96.0000   47.3041   75.2185
139.0000   94.0000   67.1847   38.6400
140.0000   74.0000   40.7470   48.8484
141.0000   77.0000   10.7458   12.4324
142.0000   41.0000   30.0544   2.8013
143.0000   94.0000   22.9500   88.9296
144.0000   73.0000   6.6162   85.9856
145.0000   46.0000   54.7190   14.2929
146.0000   120.0000   48.7234   10.1657
147.0000   101.0000   22.2950   69.7730
148.0000   79.0000   36.3380   96.4486
149.0000   78.0000   93.5612   77.3959
150.0000   109.0000   68.2882   93.3362
151.0000   111.0000   93.8354   55.9967
152.0000   56.0000   46.2598   79.1655
153.0000   38.0000   21.1560   74.3298
154.0000   55.0000   35.2670   90.6989
155.0000   60.0000   18.0487   42.7323
156.0000   43.0000   2.5418   61.5374
157.0000   106.0000   41.1554   12.7674
158.0000   63.0000   55.1009   92.0182
159.0000   104.0000   77.9309   85.0413
160.0000   57.0000   22.5458   35.7241
161.0000   107.0000   87.1979   65.7002
162.0000   99.0000   2.9639   95.9514
163.0000   44.0000   24.8804   92.4576
164.0000   49.0000   92.3470   87.3293
165.0000   84.0000   67.3614   84.6503
166.0000   32.0000   48.4174   19.2469
167.0000   101.0000   0.2158   4.3470
168.0000   71.0000   0.5143   41.2024
169.0000   68.0000   54.6189   53.6491
170.0000   109.0000   45.9688   17.7502
171.0000   33.0000   48.1716   86.7330
172.0000   71.0000   21.4766   39.0305
173.0000   41.0000   76.6744   31.4640
174.0000   88.0000   64.1013   62.8873
175.0000   43.0000   99.3503   4.5871
176.0000   47.0000   30.0449   59.6947
177.0000   73.0000   67.0743   33.8381
178.0000   95.0000   66.0728   9.4198
179.0000   68.0000   25.6973   83.9754
180.0000   86.0000   62.3644   11.6616
181.0000   70.0000   97.9534   68.1565
182.0000   106.0000   97.2517   38.9216
183.0000   54.0000   45.5107   85.9391
184.0000   81.0000   23.4386   2.8928
185.0000   93.0000   30.8854   87.6586
186.0000   102.0000   77.1197   4.8975
187.0000   56.0000   28.5096   32.6621
188.0000   115.0000   8.3959   57.8036
189.0000   74.0000   87.5568   51.6193
190.0000   56.0000   56.9062   12.5154
191.0000   42.0000   80.9261   8.1152
192.0000   67.0000   55.4256   22.2622
193.0000   45.0000   79.1416   51.6974
194.0000   103.0000   16.9247   72.8456
195.0000   88.0000   60.8988   92.7765
196.0000   120.0000   32.1263   64.9476
197.0000   118.0000   72.2293   38.9908
198.0000   75.0000   85.2394   2.5045
199.0000   69.0000   58.9631   9.1050
200.0000   45.0000   50.3791   85.9441
201.0000   103.0000   49.6275   33.0725
202.0000   76.0000   45.3363   79.6081
203.0000   53.0000   7.1040   9.2002
204.0000   82.0000   28.3876   91.0322
205.0000   48.0000   14.6068   58.3821
206.0000   44.0000   32.6615   69.0939
207.0000   98.0000   86.0669   42.8303
208.0000   52.0000   31.1467   86.8322
209.0000   43.0000   69.7838   75.2384
210.0000   80.0000   68.6913   43.1611
211.0000   49.0000   78.0929   81.4578
212.0000   40.0000   97.3575   11.0662
213.0000   77.0000   87.5677   45.5553
214.0000   48.0000   8.8783   95.1758
215.0000   118.0000   57.3365   29.9809
216.0000   100.0000   16.1248   87.8940
217.0000   101.0000   72.2235   25.4477
218.0000   120.0000   33.0151   22.0887
219.0000   33.0000   7.8999   29.9249
220.0000   88.0000   61.8071   48.7685
221.0000   107.0000   40.4687   86.9770
222.0000   55.0000   14.2323   35.2766
223.0000   106.0000   3.5877   99.8794
224.0000   49.0000   26.6857   4.9648
225.0000   118.0000   42.2577   95.2476
226.0000   78.0000   70.2929   4.2457
227.0000   108.0000   59.3031   36.4623
228.0000   56.0000   34.0953   95.0574
229.0000   107.0000   16.7379   5.6240
230.0000   90.0000   41.5460   16.6618
231.0000   58.0000   89.3554   57.7354
232.0000   102.0000   5.9550   84.7640
233.0000   105.0000   56.3332   65.7938
234.0000   117.0000   11.7845   29.3648
235.0000   119.0000   23.7210   78.3307
236.0000   79.0000   2.0422   23.4637
237.0000   72.0000   33.8214   96.4770
238.0000   112.0000   65.0352   21.3904
239.0000   34.0000   66.4168   92.7692
240.0000   116.0000   29.0503   24.8461
241.0000   72.0000   60.6450   48.9819
242.0000   103.0000   77.8605   58.7528
243.0000   63.0000   14.4812   17.5736
244.0000   30.0000   73.9384   74.0076
245.0000   116.0000   48.0106   69.8253
246.0000   103.0000   93.4806   25.4335
247.0000   108.0000   70.2093   26.9360
248.0000   96.0000   97.5065   19.1222
249.0000   82.0000   59.7855   88.5814
250.0000   106.0000   34.7686   24.2465
251.0000   113.0000   3.8780   21.8750
252.0000   101.0000   23.0141   66.5132
253.0000   118.0000   5.1977   25.3188
254.0000   39.0000   63.8247   1.7532
255.0000   40.0000   93.4073   95.3855
256.0000   100.0000   7.3425   45.7061
257.0000   115.0000   25.5246   68.0476
258.0000   83.0000   51.3378   43.9625
259.0000   75.0000   55.0114   33.6211
260.0000   88.0000   87.4436   89.7912
261.0000   57.0000   46.0563   54.2844
262.0000   90.0000   32.4900   74.2179
263.0000   45.0000   5.5230   72.2420
264.0000   40.0000   49.8415   86.7131
265.0000   112.0000   75.8938   76.2343
266.0000   107.0000   79.8163   95.0928
267.0000   59.0000   69.3444   92.3557
268.0000   90.0000   34.8073   16.4041
269.0000   91.0000   54.7044   89.6663
270.0000   77.0000   29.0013   71.2282
271.0000   118.0000   49.4336   51.3202
272.0000   43.0000   97.8666   70.7350
273.0000   111.0000   7.3861   61.7268
274.0000   47.0000   69.1132   6.2794
275.0000   94.0000   9.7750   90.0288
276.0000   73.0000   87.0317   40.0326
277.0000   79.0000   75.1704   53.9893
278.0000   61.0000   19.3643   23.0294
279.0000   118.0000   28.2348   0.8600
280.0000   97.0000   35.2067   95.8542
281.0000   30.0000   36.8718   71.0377
282.0000   52.0000   85.9205   56.1962
283.0000   100.0000   48.6328   18.6563
284.0000   74.0000   79.4251   27.6211
285.0000   81.0000   80.9944   56.7000
286.0000   88.0000   52.0263   83.8795
287.0000   59.0000   31.3652   32.8910
288.0000   39.0000   66.2784   71.9995
289.0000   59.0000   89.9638   88.0971
290.0000   90.0000   8.2426   25.1445
291.0000   90.0000   9.8088   47.4708
292.0000   88.0000   51.1606   41.6437
293.0000   41.0000   67.7485   65.9722
294.0000   66.0000   74.2230   89.0107
295.0000   54.0000   17.8760   20.0562
296.0000   113.0000   64.7750   81.5266
297.0000   111.0000   56.9408   47.3245
298.0000   58.0000   67.5059   7.7002
299.0000   41.0000   93.1747   3.1317
300.0000   87.0000   92.5783   43.1044
301.0000   66.0000   39.1181   68.5232
302.0000   62.0000   27.1656   36.8129
303.0000   71.0000   72.2380   29.7227
304.0000   106.0000   74.9667   45.9641
305.0000   83.0000   12.0852   55.1714
306.0000   37.0000   97.6357   21.9875
307.0000   66.0000   4.7581   72.0659
308.0000   77.0000   54.6379   65.5129
309.0000   78.0000   44.3181   62.7728
310.0000   50.0000   69.2171   89.5526
311.0000   57.0000   22.8799   85.1929
312.0000   64.0000   9.4508   70.0389
313.0000   56.0000   36.1847   42.2033
314.0000   88.0000   1.4213   69.5721
315.0000   72.0000   43.1664   81.9408
316.0000   47.0000   89.2132   87.3623
317.0000   47.0000   16.9593   42.8296
318.0000   81.0000   89.5776   85.2845
319.0000   36.0000   7.6595   55.5576
320.0000   67.0000   78.0608   47.8846
321.0000   56.0000   61.5272   77.3629
322.0000   116.0000   2.8473   49.7219
323.0000   49.0000   23.1850   21.9481
324.0000   47.0000   64.0896   85.0680
325.0000   81.0000   37.6145   59.0939
326.0000   80.0000   86.4211   49.9907
327.0000   75.0000   67.3610   83.8909
328.0000   102.0000   0.4742   86.2238
329.0000   82.0000   56.4197   24.6590
330.0000   82.0000   89.4116   14.4533
331.0000   80.0000   42.0359   71.4480
332.0000   115.0000   18.3378   64.5076
333.0000   85.0000   65.9265   22.9828
334.0000   87.0000   13.4912   90.0760
335.0000   72.0000   14.4436   83.4281
336.0000   49.0000   78.2682   36.2650
337.0000   78.0000   4.1602   30.3286
338.0000   91.0000   35.2960   36.4733
339.0000   47.0000   17.6401   80.3831
340.0000   49.0000   56.4975   41.5214
341.0000   53.0000   20.9468   93.3021
342.0000   59.0000   77.7498   71.0620
343.0000   65.0000   5.3707   82.3535
344.0000   118.0000   86.6055   34.5643
345.0000   78.0000   13.3743   2.8852
346.0000   36.0000   32.1121   43.5552
347.0000   105.0000   28.7492   41.0504
348.0000   50.0000   89.8850   67.5512
349.0000   47.0000   39.8873   68.6414
350.0000   38.0000   38.4683   53.1693
351.0000   119.0000   76.9496   97.6743
352.0000   103.0000   43.0487   17.0978
353.0000   60.0000   30.7622   8.3960
354.0000   90.0000   2.5769   36.5847
355.0000   95.0000   12.3680   11.6076
356.0000   47.0000   85.1473   93.8619
357.0000   41.0000   46.5402   51.0353
358.0000   44.0000   67.4089   57.2376
359.0000   61.0000   39.9404   90.3898
360.0000   42.0000   42.5250   73.0635
361.0000   102.0000   41.1113   25.4654
362.0000   110.0000   17.1964   99.0095
363.0000   50.0000   60.6998   44.3239
364.0000   86.0000   5.8967   8.4206
365.0000   34.0000   16.7258   89.6703
366.0000   119.0000   36.9572   93.5038
367.0000   57.0000   71.5845   19.5141
368.0000   51.0000   10.4703   84.1293
369.0000   34.0000   39.5422   28.3802
370.0000   99.0000   97.3343   47.3546
371.0000   95.0000   15.9210   63.9819
372.0000   73.0000   58.8547   47.5893
373.0000   111.0000   64.5790   29.2938
374.0000   50.0000   33.9765   88.2127
375.0000   88.0000   87.3251   27.9534
376.0000   36.0000   8.2829   25.3206
377.0000   64.0000   52.5660   11.3992
378.0000   82.0000   52.2061   1.6927
379.0000   57.0000   78.2543   28.1093
380.0000   116.0000   37.7979   71.4283
381.0000   47.0000   59.7264   50.7911
382.0000   68.0000   93.3867   43.5976
383.0000   115.0000   27.0914   62.3192
384.0000   119.0000   48.7433   39.4725
385.0000   110.0000   74.3677   32.5012
386.0000   57.0000   4.9646   69.1297
387.0000   103.0000   21.8198   33.5660
388.0000   119.0000   18.4030   59.5593
389.0000   113.0000   95.4186   87.5531
390.0000   49.0000   72.0570   34.2726
391.0000   52.0000   78.4953   40.3740
392.0000   55.0000   11.1476   97.3777
393.0000   96.0000   68.7234   11.8887
394.0000   61.0000   12.3585   73.0861
395.0000   55.0000   97.3563   20.7784
396.0000   41.0000   56.2826   44.0617
397.0000   36.0000   97.3181   76.9255
398.0000   69.0000   61.5657   46.3138
399.0000   85.0000   52.8886   64.6787
400.0000   87.0000   53.7488   45.2762
401.0000   73.0000   11.5718   45.6107
402.0000   90.0000   25.0163   10.5124
403.0000   61.0000   92.3084   76.3912
404.0000   56.0000   77.6051   91.4371
405.0000   60.0000   71.0815   89.0742
406.0000   43.0000   1.4969   6.1546
407.0000   69.0000   19.5004   19.8877
408.0000   36.0000   64.8571   67.1518
409.0000   58.0000   88.7953   88.7859
410.0000   83.0000   82.8909   88.0302
411.0000   54.0000   93.4235   93.4623
412.0000   117.0000   11.7791   87.0992
413.0000   100.0000   96.7365   26.4145
414.0000   85.0000   24.0582   42.1860
415.0000   67.0000   75.9871   47.1398
416.0000   110.0000   7.9152   7.4241
417.0000   45.0000   96.4365   90.9464
418.0000   92.0000   59.9950   49.3350
419.0000   30.0000   29.9958   26.4920
420.0000   31.0000   43.6052   80.8225
421.0000   120.0000   51.8289   59.9347
422.0000   100.0000   59.7566   11.4375
423.0000   33.0000   93.8391   69.9787
424.0000   44.0000   11.3050   0.8770
425.0000   36.0000   97.5725   61.0944
426.0000   81.0000   7.2632   74.6465
427.0000   95.0000   87.0215   41.0228
428.0000   76.0000   90.7971   94.7754
429.0000   49.0000   27.7512   33.1389
430.0000   58.0000   70.4275   30.6834
431.0000   67.0000   64.6209   49.3171
432.0000   79.0000   90.8550   86.2832
433.0000   100.0000   76.2693   51.4203
434.0000   117.0000   58.4748   98.9876
435.0000   101.0000   60.3694   73.3275
436.0000   86.0000   67.5520   23.1769
437.0000   100.0000   0.0297   73.3677
438.0000   92.0000   44.2351   17.6156
439.0000   78.0000   22.5687   10.4880
440.0000   71.0000   48.2148   65.9433
441.0000   64.0000   33.6645   19.1249
442.0000   117.0000   45.0548   5.1557
443.0000   38.0000   37.4496   43.2341
444.0000   81.0000   33.1449   50.5012
445.0000   82.0000   43.6336   74.7925
446.0000   101.0000   35.1253   8.7282
447.0000   96.0000   91.1334   69.0744
448.0000   54.0000   43.4443   39.2166
449.0000   105.0000   5.8959   64.3868
450.0000   36.0000   44.4463   89.5769
451.0000   70.0000   5.0628   47.2670
452.0000   118.0000   29.8734   68.5061
453.0000   92.0000   88.5845   69.2303
454.0000   58.0000   76.8167   54.0295
455.0000   54.0000   97.2698   8.6695
456.0000   97.0000   3.3131   92.1202
457.0000   78.0000   68.8249   5.9512
458.0000   41.0000   70.5792   18.8392
459.0000   71.0000   9.7059   94.4848
460.0000   114.0000   88.7128   68.8920
461.0000   101.0000   61.5068   89.4031
462.0000   83.0000   83.9847   68.2586
463.0000   105.0000   24.5785   70.4390
464.0000   83.0000   12.9572   54.7350
465.0000   112.0000   20.7444   4.1162
466.0000   108.0000   38.2886   85.8297
467.0000   72.0000   93.4031   3.7887
468.0000   30.0000   43.7135   52.8259
469.0000   84.0000   6.5663   96.0531
470.0000   55.0000   77.0264   97.0395
471.0000   31.0000   5.3118   75.0378
472.0000   73.0000   36.1226   94.8081
473.0000   99.0000   71.5195   7.8383
474.0000   107.0000   61.8745   12.9969
475.0000   93.0000   83.7046   86.2823
