0.0000   0.0000   0.0000   0.0000
1.0000   30.0000   20.1220   29.3566
2.0000   68.0000   44.5305   47.4008
3.0000   116.0000   42.4522   7.4918
4.0000   39.0000   30.6791   1.4991
5.0000   40.0000   32.1514   28.9221
6.0000   110.0000   40.5752   32.4162
7.0000   111.0000   4.7365   18.8896
8.0000   55.0000   30.8103   36.2010
9.0000   30.0000   25.0655   18.9535
10.0000   68.0000   16.3271   26.6208
11.0000   33.0000   26.8298   46.1030
12.0000   120.0000   11.2023   8.4042
13.0000   41.0000   8.9856   6.9000
14.0000   42.0000   28.6711   46.0899
15.0000   105.0000   19.1056   28.4722
16.0000   45.0000   23.2539   41.2672
17.0000   107.0000   25.9356   36.7357
18.0000   98.0000   23.6353   1.8528
19.0000   33.0000   39.0126   29.3921
20.0000   71.0000   38.0720   26.7468
21.0000   51.0000   44.3140   33.1238
22.0000   106.0000   29.4879   14.2959
23.0000   31.0000   31.9133   41.1027
24.0000   115.0000   45.5803   12.2135
25.0000   30.0000   29.3258   40.7789
26.0000   51.0000   25.8095   6.5098
27.0000   114.0000   38.8299   43.8719
28.0000   60.0000   17.4222   15.8140
29.0000   43.0000   3.1553   44.0602
30.0000   51.0000   17.4857   22.7684
31.0000   105.0000   29.7099   28.0994
32.0000   111.0000   30.0970   28.0483
33.0000   88.0000   0.2507   36.6449
34.0000   53.0000   4.4107   41.0638
35.0000   71.0000   30.9271   20.7185
36.0000   68.0000   46.5773   4.0695
37.0000   62.0000   27.1243   45.5906
38.0000   108.0000   14.4413   25.5164
39.0000   38.0000   5.0150   13.0398
40.0000   114.0000   27.2928   38.6609
41.0000   59.0000   36.9144   1.7820
42.0000   93.0000   25.1370   35.4445
43.0000   58.0000   23.6859   31.2804
44.0000   61.0000   23.8053   33.2821
45.0000   88.0000   27.2049   30.8272
46.0000   103.0000   5.5702   44.1029
47.0000   82.0000   41.8777   27.4636
48.0000   114.0000   6.0965   27.6844
49.0000   49.0000   45.2551   11.7097
50.0000   83.0000   2.4676   28.1869
51.0000   32.0000   10.2218   39.7322
52.0000   81.0000   34.3386   22.9059
53.0000   85.0000   35.9540   33.4887
54.0000   97.0000   19.1886   2.5086
55.0000   91.0000   25.8652   45.6205
56.0000   108.0000   8.5831   12.5102
57.0000   116.0000   7.7036   11.8603
58.0000   63.0000   10.9122   2.3469
59.0000   81.0000   22.5201   35.7026
60.0000   90.0000   48.8142   20.9513
61.0000   46.0000   5.9448   43.9187
62.0000   80.0000   14.5506   33.3657
63.0000   38.0000   49.4816   7.1675
64.0000   53.0000   6.5396   20.1960
65.0000   97.0000   48.8839   22.1611
66.0000   48.0000   19.1804   17.2172
67.0000   100.0000   40.2000   26.6534
68.0000   74.0000   18.3464   33.8965
69.0000   90.0000   9.0886   18.6717
70.0000   68.0000   31.6034   16.7547
71.0000   60.0000   4.9396   39.7722
72.0000   82.0000   35.7437   30.2027
73.0000   59.0000   29.4591   22.9001
74.0000   30.0000   41.6896   23.9640
75.0000   82.0000   1.8872   21.6967
76.0000   52.0000   1.8420   38.4022
77.0000   59.0000   31.0922   12.9805
78.0000   35.0000   27.4878   37.6230
79.0000   41.0000   24.4886   33.6422
80.0000   72.0000   29.2157   31.1520
81.0000   97.0000   30.6234   46.2395
82.0000   50.0000   4.7452   46.6430
83.0000   108.0000   24.2918   4.0342
84.0000   30.0000   41.5120   29.1102
85.0000   66.0000   19.7540   0.2839
86.0000   58.0000   45.4518   6.9501
87.0000   89.0000   44.0246   30.2624
88.0000   31.0000   40.0011   19.8480
89.0000   84.0000   38.4758   31.8661
90.0000   49.0000   11.2040   6.4412
91.0000   101.0000   4.4987   13.2581
92.0000   38.0000   3.4909   31.2976
93.0000   89.0000   15.2330   39.6409
94.0000   117.0000   39.4415   40.7612
95.0000   92.0000   31.4434   43.8482
96.0000   94.0000   21.9559   37.4684
97.0000   50.0000   48.9973   26.2936
98.0000   31.0000   1.8299   4.5680
99.0000   114.0000   15.7273   46.5436
100.0000   113.0000   36.3660   6.9850
101.0000   90.0000   2.0512   2.8181
102.0000   94.0000   40.5061   49.2832
103.0000   98.0000   5.5307   18.7181
104.0000   35.0000   16.3279   20.4052
105.0000   83.0000   24.7697   5.5244
106.0000   55.0000   40.0360   47.4917
107.0000   80.0000   39.1920   9.0748
108.0000   75.0000   27.4847   38.6715
109.0000   35.0000   39.1745   48.1672
110.0000   100.0000   16.8002   14.2879
111.0000   94.0000   8.5717   41.5172
112.0000   120.0000   39.9762   1.0506
113.0000   53.0000   5.7416   46.0723
114.0000   92.0000   1.7840   38.3122
115.0000   95.0000   19.5380   18.5452
116.0000   87.0000   1.7722   46.3378
117.0000   110.0000   47.8114   30.7777
118.0000   114.0000   6.4716   2.8275
119.0000   82.0000   45.0811   42.3397
120.0000   119.0000   48.3167   5.9430
121.0000   38.0000   30.7881   49.5103
122.0000   47.0000   0.7799   17.3057
123.0000   90.0000   21.4953   35.6977
124.0000   75.0000   0.8977   32.8372
125.0000   53.0000   31.1825   28.9373
126.0000   59.0000   34.2191   27.2045
127.0000   61.0000   38.3201   40.6106
128.0000   115.0000   23.3815   46.8522
129.0000   99.0000   45.1994   5.3029
130.0000   84.0000   44.5605   13.3280
131.0000   99.0000   44.2350   8.0508
132.0000   49.0000   19.7655   11.9032
133.0000   69.0000   7.6843   34.9943
134.0000   88.0000   21.1462   49.7847
135.0000   82.0000   16.2968   8.1819
136.0000   42.0000   19.0500   44.8333
137.0000   37.0000   11.8378   49.3224
138.0000   95.0000   17.2992   48.2499
139.0000   50.0000   7.8858   49.4783
140.0000   108.0000   22.1977   37.6260
141.0000   73.0000   30.8901   37.0004
142.0000   31.0000   21.3208   43.9556
143.0000   115.0000   20.7636   4.9806
144.0000   117.0000   33.5451   33.8214
145.0000   40.0000   39.1872   19.7321
146.0000   68.0000   20.4215   24.9440
147.0000   93.0000   21.2101   23.1544
148.0000   73.0000   29.8601   27.3433
149.0000   97.0000   42.1607   25.3507
150.0000   105.0000   48.9290   21.2324
151.0000   40.0000   19.7746   1.5029
152.0000   45.0000   19.6079   0.2932
153.0000   45.0000   15.3622   19.0689
154.0000   88.0000   4.9084   27.8752
155.0000   36.0000   45.2858   40.0968
156.0000   48.0000   2.6999   25.5499
157.0000   34.0000   27.3888   6.9992
158.0000   30.0000   6.8252   18.5968
159.0000   34.0000   21.1058   29.9449
160.0000   92.0000   43.9014   6.7567
161.0000   32.0000   38.7752   20.2006
162.0000   45.0000   44.2885   22.1142
163.0000   96.0000   26.7624   4.7297
164.0000   37.0000   12.1318   36.4237
165.0000   105.0000   41.2203   3.5390
166.0000   30.0000   1.7584   18.5927
167.0000   120.0000   31.4679   22.5468
168.0000   35.0000   37.3385   18.9803
169.0000   88.0000   17.8965   28.8201
170.0000   84.0000   17.7535   30.1526
171.0000   63.0000   49.9441   8.9671
172.0000   97.0000   2.4027   28.7848
173.0000   96.0000   22.2361   47.4378
174.0000   88.0000   43.9889   20.6685
175.0000   113.0000   23.6814   42.0820
176.0000   74.0000   9.0912   15.6995
177.0000   43.0000   17.2311   42.0703
178.0000   86.0000   18.4158   47.7074
179.0000   35.0000   24.7339   34.5116
180.0000   67.0000   18.0206   42.7457
181.0000   79.0000   28.3358   30.2939
182.0000   71.0000   16.0149   16.0353
183.0000   61.0000   24.3562   33.7985
184.0000   82.0000   44.9670   47.5854
185.0000   103.0000   29.1019   28.8488
186.0000   35.0000   24.3477   38.9121
187.0000   94.0000   27.8450   7.6699
188.0000   44.0000   2.5096   22.3890
189.0000   70.0000   35.1322   20.6109
190.0000   38.0000   3.0398   17.2181
191.0000   47.0000   27.2747   39.6845
192.0000   46.0000   14.0975   45.9689
193.0000   119.0000   18.6665   41.9276
194.0000   112.0000   27.1746   16.1037
195.0000   92.0000   6.0690   10.9928
196.0000   91.0000   46.7867   9.0541
197.0000   52.0000   13.3174   19.2145
198.0000   89.0000   49.9228   19.3189
199.0000   115.0000   28.5198   35.5344
200.0000   89.0000   38.8094   0.4749
201.0000   43.0000   3.7129   1.9331
202.0000   112.0000   17.0171   27.2132
203.0000   57.0000   39.6920   15.7868
204.0000   64.0000   33.5289   41.7906
205.0000   119.0000   9.0736   43.3331
206.0000   62.0000   7.2819   41.4996
207.0000   109.0000   2.1115   39.8411
208.0000   114.0000   25.9267   0.0340
209.0000   34.0000   31.5081   22.5773
210.0000   62.0000   37.2973   26.4471
211.0000   63.0000   28.6427   8.1657
212.0000   54.0000   44.4470   32.2022
213.0000   113.0000   26.8037   21.2819
214.0000   110.0000   23.7383   41.8101
215.0000   48.0000   48.5122   26.7298
216.0000   31.0000   2.0050   26.5241
217.0000   91.0000   17.6316   15.0524
218.0000   84.0000   9.6552   48.3752
219.0000   56.0000   43.0313   45.9693
220.0000   69.0000   3.7861   9.5784
221.0000   40.0000   33.3207   48.2001
222.0000   53.0000   15.0414   48.4489
223.0000   90.0000   6.9893   14.4403
224.0000   58.0000   4.0782   48.2341
225.0000   38.0000   46.8750   26.6279
226.0000   60.0000   20.8985   29.5293
227.0000   66.0000   7.3355   42.3980
228.0000   41.0000   39.7004   30.1755
229.0000   119.0000   17.7252   43.0138
230.0000   96.0000   40.7643   30.5637
231.0000   60.0000   2.2713   2.7250
232.0000   74.0000   2.1303   49.2110
233.0000   69.0000   11.2152   1.2828
234.0000   84.0000   18.3003   18.0657
235.0000   82.0000   39.5403   12.9305
236.0000   115.0000   11.4599   34.3696
237.0000   96.0000   47.2077   27.9473
238.0000   96.0000   45.2310   11.3032
239.0000   78.0000   28.0516   19.5203
240.0000   83.0000   46.6491   3.1457
241.0000   94.0000   41.4487   47.9917
242.0000   55.0000   11.2154   0.0359
243.0000   96.0000   10.5456   40.0489
244.0000   110.0000   34.6884   13.3482
245.0000   52.0000   44.7076   0.6638
246.0000   101.0000   10.4702   34.6733
247.0000   72.0000   39.7988   26.0233
248.0000   48.0000   9.0495   36.3535
249.0000   89.0000   2.8414   44.3976
250.0000   78.0000   38.3444   46.7229
251.0000   105.0000   34.3540   14.0278
252.0000   32.0000   41.6468   30.9292
253.0000   97.0000   26.0432   2.8997
254.0000   81.0000   36.6218   8.4821
255.0000   35.0000   23.7783   26.1866
256.0000   38.0000   34.2249   41.4981
257.0000   41.0000   47.8843   33.4103
258.0000   101.0000   40.7899   35.1745
259.0000   58.0000   41.2626   15.1216
260.0000   44.0000   17.8062   48.8309
261.0000   42.0000   29.1403   26.1553
262.0000   98.0000   8.4230   29.5745
263.0000   107.0000   35.7817   12.0897
264.0000   36.0000   3.7490   41.5829
265.0000   48.0000   28.6366   48.0352
266.0000   120.0000   25.2175   38.2403
267.0000   62.0000   5.7610   17.6755
268.0000   69.0000   4.8202   18.0517
269.0000   72.0000   15.5655   49.7425
270.0000   37.0000   15.3787   11.3261
271.0000   107.0000   12.0567   42.1973
272.0000   42.0000   45.7047   14.7707
273.0000   103.0000   26.0457   30.0367
274.0000   80.0000   48.5025   9.1408
275.0000   48.0000   16.6416   12.7104
276.0000   95.0000   13.3105   9.7645
277.0000   97.0000   44.3288   15.1878
278.0000   102.0000   12.0491   23.0405
279.0000   55.0000   38.6826   0.9734
280.0000   32.0000   1.6203   42.0651
281.0000   50.0000   34.2873   37.1236
282.0000   72.0000   39.7242   10.7916
283.0000   75.0000   42.1155   46.4911
284.0000   93.0000   49.6954   26.7115
285.0000   48.0000   23.4215   17.1333
286.0000   94.0000   17.8507   32.3471
287.0000   116.0000   10.0971   30.5015
288.0000   65.0000   8.9531   41.9291
289.0000   61.0000   20.1109   0.4823
290.0000   44.0000   16.6015   15.5386
291.0000   66.0000   11.8620   7.5899
292.0000   65.0000   5.9962   41.1541
293.0000   56.0000   14.2557   0.2109
294.0000   77.0000   20.3961   34.9439
295.0000   35.0000   45.9021   4.7880
296.0000   87.0000   13.7394   25.1495
297.0000   100.0000   36.9417   15.0476
298.0000   70.0000   40.8420   20.7024
299.0000   57.0000   12.3815   49.6920
300.0000   73.0000   0.1434   8.2474
