0.0000   0.0000   50.0000   50.0000
1.0000   100.0000   99.0993   86.7294
2.0000   46.0000   32.5276   35.0287
3.0000   91.0000   75.7339   52.4807
4.0000   39.0000   26.7418   96.5174
5.0000   31.0000   78.7505   32.3019
6.0000   63.0000   13.8522   20.8399
7.0000   34.0000   19.2477   57.7196
8.0000   20.0000   3.1154   2.7002
9.0000   93.0000   66.9935   12.5679
10.0000   8.0000   41.2843   79.4028
11.0000   21.0000   46.5415   62.4305
12.0000   46.0000   60.3670   71.5954
13.0000   8.0000   54.8215   28.6488
14.0000   15.0000   80.4596   90.6860
15.0000   81.0000   87.3326   93.3043
16.0000   11.0000   59.1400   4.4310
17.0000   30.0000   32.7308   12.6923
18.0000   72.0000   65.8740   18.1150
19.0000   55.0000   97.0904   27.1081
20.0000   36.0000   98.0507   41.2928
21.0000   32.0000   76.7243   19.7606
22.0000   60.0000   49.1402   33.9245
23.0000   83.0000   32.5548   57.2699
24.0000   87.0000   7.6589   13.9819
25.0000   72.0000   81.2735   44.7244
26.0000   31.0000   94.2901   88.6371
27.0000   72.0000   59.1489   42.0717
28.0000   67.0000   38.8448   77.3679
29.0000   69.0000   29.8756   78.6054
30.0000   26.0000   65.1142   14.8242
31.0000   35.0000   22.6318   28.3683
32.0000   53.0000   31.3186   48.1842
33.0000   97.0000   65.4824   76.5712
34.0000   93.0000   15.0217   71.7068
35.0000   47.0000   19.0216   48.7003
36.0000   97.0000   48.1654   88.4275
37.0000   29.0000   24.5264   54.4560
38.0000   80.0000   43.7295   14.5080
39.0000   35.0000   8.4896   38.2247
40.0000   59.0000   58.9847   22.3129
41.0000   26.0000   70.8958   77.5527
42.0000   61.0000   20.3447   58.0871
43.0000   56.0000   66.3214   8.6946
44.0000   29.0000   57.6042   64.7550
45.0000   63.0000   16.1397   19.0661
46.0000   26.0000   21.6876   57.0805
47.0000   58.0000   97.7738   43.7620
48.0000   45.0000   44.0090   81.4303
49.0000   35.0000   58.0440   62.5910
50.0000   21.0000   96.7362   76.4610
51.0000   14.0000   18.5784   52.6247
52.0000   74.0000   70.2554   50.0129
53.0000   82.0000   16.2494   6.0666
54.0000   65.0000   83.2761   70.5987
55.0000   63.0000   80.1617   9.5567
56.0000   1.0000   94.2308   31.6962
57.0000   17.0000   24.0322   67.8842
58.0000   100.0000   53.1046   77.6492
59.0000   45.0000   87.8363   99.5743
60.0000   8.0000   93.1871   46.3565
61.0000   9.0000   83.0829   56.4659
62.0000   47.0000   15.2508   51.7977
63.0000   86.0000   9.5514   78.6347
64.0000   85.0000   23.7032   23.9378
65.0000   56.0000   55.7809   20.5203
66.0000   2.0000   86.6411   36.6238
67.0000   87.0000   26.0935   44.1192
68.0000   55.0000   73.0711   79.7865
69.0000   45.0000   93.7576   96.5918
70.0000   33.0000   3.4436   73.4542
71.0000   98.0000   14.2805   91.4897
72.0000   8.0000   85.9136   91.4905
73.0000   43.0000   75.8711   62.9031
74.0000   50.0000   81.2265   11.3490
75.0000   61.0000   56.3523   33.2009
76.0000   18.0000   65.5963   88.4693
77.0000   4.0000   15.3702   55.5253
78.0000   89.0000   32.6024   46.4288
79.0000   31.0000   84.5362   68.2176
80.0000   56.0000   76.3243   78.3370
81.0000   57.0000   80.7787   79.6974
82.0000   78.0000   56.4817   4.9296
83.0000   21.0000   52.8509   44.7079
84.0000   59.0000   76.1999   66.3083
85.0000   15.0000   16.1883   0.9141
86.0000   75.0000   25.9013   1.8349
87.0000   50.0000   2.4057   19.7325
88.0000   88.0000   20.9821   4.0717
89.0000   58.0000   29.2200   63.4281
90.0000   91.0000   91.9470   94.3651
91.0000   99.0000   51.6699   36.2069
92.0000   17.0000   4.7341   95.4578
93.0000   72.0000   40.4174   25.7444
94.0000   71.0000   24.8968   16.2114
95.0000   47.0000   57.5378   27.8848
96.0000   66.0000   92.8971   24.5857
97.0000   57.0000   89.8626   40.3504
98.0000   79.0000   62.1425   14.8233
99.0000   60.0000   25.8079   31.3751
100.0000   71.0000   76.3755   85.1802
101.0000   15.0000   28.4170   63.3164
102.0000   57.0000   19.4173   89.0329
103.0000   95.0000   29.8410   29.0010
104.0000   77.0000   48.0424   44.3909
105.0000   89.0000   14.0699   55.2017
106.0000   86.0000   60.4017   22.5830
107.0000   26.0000   3.0495   63.5197
108.0000   87.0000   75.6385   43.1459
109.0000   38.0000   71.4391   8.8491
110.0000   67.0000   63.6997   2.0215
111.0000   55.0000   51.7706   29.5055
112.0000   34.0000   53.8786   19.2447
113.0000   33.0000   21.1599   47.1077
114.0000   10.0000   84.5289   84.9581
115.0000   96.0000   51.6258   53.6780
116.0000   94.0000   68.4384   56.3514
117.0000   69.0000   26.1682   20.6673
118.0000   59.0000   5.5628   37.2948
119.0000   62.0000   56.2621   21.3280
120.0000   65.0000   7.8146   25.6854
121.0000   59.0000   83.6491   65.5854
122.0000   42.0000   83.1256   36.8719
123.0000   74.0000   62.7445   33.0351
124.0000   57.0000   15.1026   26.5388
125.0000   66.0000   22.6078   61.1238
126.0000   92.0000   9.6153   93.2466
127.0000   69.0000   54.5218   34.6833
128.0000   52.0000   30.1188   84.1926
129.0000   80.0000   53.7251   28.3174
130.0000   14.0000   79.4679   58.9206
131.0000   96.0000   15.7904   8.4943
132.0000   70.0000   59.1517   10.1553
133.0000   14.0000   20.1351   29.7338
134.0000   57.0000   23.7822   24.1586
135.0000   11.0000   98.5047   2.0998
136.0000   51.0000   21.7012   34.4306
137.0000   35.0000   90.9115   29.6691
138.0000   94.0000   40.6158   73.9960
139.0000   41.0000   11.8546   5.4876
140.0000   34.0000   3.3321   72.9959
141.0000   79.0000   0.6395   11.6543
142.0000   24.0000   49.5145   30.9234
143.0000   54.0000   25.9371   9.3029
144.0000   17.0000   80.5181   28.9236
145.0000   92.0000   26.1037   18.9485
146.0000   99.0000   29.0960   14.2659
147.0000   96.0000   41.3650   21.1385
148.0000   48.0000   58.6693   27.0310
149.0000   42.0000   35.6586   99.8943
150.0000   15.0000   55.7201   66.9464
151.0000   11.0000   31.3106   74.1169
152.0000   77.0000   97.6522   90.3059
153.0000   6.0000   58.4901   93.9758
154.0000   44.0000   36.1645   45.6528
155.0000   93.0000   78.1211   74.7829
156.0000   84.0000   90.1724   82.0746
157.0000   99.0000   5.6115   35.7720
158.0000   96.0000   24.0672   90.2829
159.0000   49.0000   87.7394   95.9617
160.0000   17.0000   21.8786   83.4036
161.0000   28.0000   33.1116   48.7391
162.0000   70.0000   15.9932   25.3450
163.0000   6.0000   97.6393   39.3234
164.0000   36.0000   32.3819   31.8798
165.0000   62.0000   52.4938   6.6260
166.0000   77.0000   94.6259   94.7907
167.0000   65.0000   65.5453   64.3280
168.0000   12.0000   72.9524   98.0571
169.0000   33.0000   5.1416   46.2441
170.0000   60.0000   66.8787   65.6365
171.0000   30.0000   37.8801   79.9662
172.0000   37.0000   59.1849   91.7278
173.0000   76.0000   68.0237   79.4767
174.0000   56.0000   94.6079   28.4953
175.0000   87.0000   25.3121   26.9323
176.0000   14.0000   66.8932   19.9774
177.0000   93.0000   40.3286   41.6168
178.0000   46.0000   24.4769   98.4493
179.0000   29.0000   42.3456   72.1898
180.0000   93.0000   39.2475   55.1267
181.0000   84.0000   24.4573   22.5302
182.0000   28.0000   54.3173   49.7861
183.0000   2.0000   35.4967   93.5848
184.0000   37.0000   99.0845   61.5992
185.0000   91.0000   37.8846   44.8119
186.0000   79.0000   29.3143   93.2782
187.0000   13.0000   47.7047   62.5807
188.0000   12.0000   61.8224   41.0770
189.0000   45.0000   75.8238   28.8914
190.0000   72.0000   77.3791   35.5110
191.0000   18.0000   80.9563   78.3954
192.0000   79.0000   98.8452   34.6509
193.0000   95.0000   33.3431   72.0094
194.0000   32.0000   71.3884   3.0510
195.0000   9.0000   12.6961   22.4655
196.0000   51.0000   37.7748   96.1341
197.0000   9.0000   32.1746   93.7176
198.0000   1.0000   82.0537   42.1191
199.0000   36.0000   29.5904   86.3064
200.0000   9.0000   27.8430   35.1788
201.0000   21.0000   71.7697   12.4468
202.0000   34.0000   41.2201   40.9935
203.0000   34.0000   12.6215   84.9501
204.0000   56.0000   83.7625   25.5691
205.0000   98.0000   84.3267   47.8550
206.0000   16.0000   23.3042   61.1759
207.0000   18.0000   2.7505   10.2093
208.0000   22.0000   96.2544   31.2906
209.0000   14.0000   24.5527   80.1330
210.0000   8.0000   37.1205   86.9763
211.0000   56.0000   81.3836   34.5695
212.0000   17.0000   67.7177   94.2310
213.0000   44.0000   47.2227   77.4391
214.0000   12.0000   98.8324   24.2933
215.0000   38.0000   54.3220   26.4381
216.0000   65.0000   68.9166   71.9338
217.0000   12.0000   32.8410   58.8616
218.0000   22.0000   72.0744   50.2063
219.0000   2.0000   75.1360   96.3498
220.0000   46.0000   55.3779   13.7860
221.0000   60.0000   88.4747   16.9669
222.0000   22.0000   40.0187   43.7972
223.0000   65.0000   60.8110   80.4864
224.0000   69.0000   24.2134   67.9887
225.0000   25.0000   26.4237   24.9321
226.0000   12.0000   4.1998   99.9046
227.0000   21.0000   13.8384   7.2779
228.0000   92.0000   28.4375   96.9631
229.0000   5.0000   21.1661   64.6613
230.0000   5.0000   31.0594   66.1435
231.0000   52.0000   10.6047   80.8486
232.0000   30.0000   33.9395   81.2458
233.0000   57.0000   73.0234   26.3046
234.0000   33.0000   7.0719   53.8345
235.0000   14.0000   71.1558   7.6616
236.0000   44.0000   41.9423   86.9595
237.0000   68.0000   81.6077   17.7902
238.0000   24.0000   39.9986   76.5775
239.0000   4.0000   2.3174   52.7265
240.0000   52.0000   69.6740   26.4401
241.0000   99.0000   40.8053   56.5562
242.0000   81.0000   13.7555   48.6800
243.0000   5.0000   1.7518   60.6751
244.0000   21.0000   39.7533   40.2057
245.0000   90.0000   15.1748   53.6376
246.0000   91.0000   99.1076   2.7277
247.0000   57.0000   86.8721   14.9378
248.0000   53.0000   92.8066   93.3118
249.0000   67.0000   44.4080   38.8488
250.0000   66.0000   79.7758   24.0757
251.0000   49.0000   68.0070   22.5295
252.0000   54.0000   58.2652   81.0384
253.0000   49.0000   23.1446   88.4271
254.0000   49.0000   94.7885   98.2932
255.0000   48.0000   85.0552   15.7429
256.0000   63.0000   67.2339   94.7278
257.0000   6.0000   46.3780   74.1543
258.0000   18.0000   42.6447   35.3568
259.0000   55.0000   38.2404   82.5121
260.0000   36.0000   23.9977   38.4719
261.0000   47.0000   85.8533   50.1447
262.0000   96.0000   94.9395   20.3143
263.0000   27.0000   79.4150   66.0248
264.0000   57.0000   73.2832   53.5752
265.0000   37.0000   31.2748   96.3663
266.0000   67.0000   91.4424   40.1409
267.0000   98.0000   56.9630   80.3662
268.0000   13.0000   16.7192   87.3218
269.0000   48.0000   50.3835   63.6140
270.0000   48.0000   4.6041   11.4025
271.0000   44.0000   95.6431   48.7137
272.0000   26.0000   77.3660   88.9083
273.0000   39.0000   23.8591   28.5156
274.0000   63.0000   72.4887   10.4999
275.0000   4.0000   45.4699   81.6256
