0.0000   0.0000   50.0000   50.0000
1.0000   79.0000   68.0015   88.4897
2.0000   33.0000   28.9921   55.8636
3.0000   3.0000   74.7013   97.5745
4.0000   71.0000   30.5644   50.0082
5.0000   22.0000   93.9731   24.7001
6.0000   2.0000   97.7192   58.2505
7.0000   88.0000   51.9645   29.0148
8.0000   7.0000   22.9910   4.7942
9.0000   44.0000   7.2767   90.3311
10.0000   12.0000   25.0029   81.1160
11.0000   32.0000   62.4896   22.3531
12.0000   87.0000   0.5256   70.4292
13.0000   9.0000   34.6467   51.6993
14.0000   39.0000   6.8554   22.3795
15.0000   17.0000   66.4393   32.0661
16.0000   3.0000   49.6929   11.4329
17.0000   63.0000   68.0649   36.9869
18.0000   31.0000   76.6438   84.1914
19.0000   7.0000   16.7356   5.4456
20.0000   45.0000   22.2136   47.5065
21.0000   23.0000   94.0147   12.8710
22.0000   4.0000   64.1193   32.4013
23.0000   12.0000   93.0733   30.4404
24.0000   62.0000   96.9640   79.5822
25.0000   83.0000   1.6077   60.3158
