0.0000   0.0000   0.0000   0.0000
1.0000   135.0000   46.3495   40.8103
2.0000   87.0000   16.2329   12.7058
3.0000   144.0000   13.3527   11.0564
4.0000   61.0000   45.2453   25.3468
5.0000   78.0000   13.9005   28.2565
6.0000   92.0000   35.4936   41.5296
7.0000   102.0000   3.1609   36.0414
8.0000   83.0000   32.4791   46.6534
9.0000   131.0000   27.3986   7.4463
10.0000   133.0000   47.3352   17.0743
11.0000   132.0000   29.5334   2.5300
12.0000   130.0000   32.9037   46.5434
13.0000   80.0000   7.9608   47.2692
14.0000   101.0000   45.0962   31.7239
15.0000   96.0000   39.9711   14.9914
16.0000   65.0000   7.0185   12.6680
17.0000   89.0000   37.2225   29.5863
18.0000   102.0000   45.0203   13.6697
19.0000   128.0000   18.8060   29.0044
20.0000   132.0000   22.7512   18.4556
21.0000   129.0000   27.1795   17.1115
22.0000   71.0000   6.9239   22.0697
23.0000   102.0000   24.9673   38.3436
24.0000   142.0000   10.2708   16.0939
25.0000   99.0000   41.8409   7.6791
