0.0000   0.0000   50.0000   50.0000
1.0000   66.0000   9.3839   13.8024
2.0000   88.0000   99.7304   66.2420
3.0000   42.0000   76.1223   39.1229
4.0000   66.0000   12.8128   47.3223
5.0000   44.0000   90.2018   44.9991
6.0000   14.0000   52.3974   79.2653
7.0000   62.0000   58.1056   38.7173
8.0000   37.0000   73.6272   15.6591
9.0000   39.0000   67.8012   90.9204
10.0000   59.0000   59.4269   1.8056
11.0000   46.0000   22.9297   16.0578
12.0000   4.0000   54.6218   71.5752
13.0000   73.0000   88.8767   85.8281
14.0000   73.0000   19.7891   32.5402
15.0000   93.0000   97.2237   54.6177
16.0000   85.0000   61.6907   77.6624
17.0000   11.0000   90.0973   8.5908
18.0000   74.0000   27.6490   8.2310
19.0000   98.0000   5.3633   44.1159
20.0000   79.0000   31.4254   10.0811
21.0000   8.0000   33.4720   73.0490
22.0000   92.0000   23.9379   81.3433
23.0000   52.0000   34.9072   83.0656
24.0000   63.0000   72.3808   62.6567
25.0000   42.0000   55.6334   37.7219
26.0000   91.0000   75.0228   91.4574
27.0000   15.0000   5.0221   84.3344
28.0000   29.0000   72.8876   97.1213
29.0000   27.0000   96.9700   3.5920
30.0000   74.0000   3.3198   16.7620
31.0000   40.0000   52.3480   19.6292
32.0000   99.0000   61.1259   65.6337
33.0000   80.0000   13.1451   56.0071
34.0000   91.0000   8.9260   7.5311
35.0000   3.0000   4.7188   94.4859
36.0000   32.0000   84.5348   65.8144
37.0000   22.0000   3.0122   17.4876
38.0000   78.0000   47.0017   15.9131
39.0000   33.0000   75.4244   32.3498
40.0000   15.0000   88.3484   46.4292
41.0000   14.0000   52.8543   28.9365
42.0000   32.0000   50.4282   18.0577
43.0000   77.0000   67.6584   52.3239
44.0000   68.0000   21.5988   86.0415
45.0000   1.0000   32.4927   52.5337
46.0000   10.0000   69.4365   74.8142
47.0000   100.0000   22.3926   26.5860
48.0000   51.0000   59.0305   82.4766
49.0000   20.0000   84.9574   33.3181
50.0000   79.0000   86.4301   95.8445
51.0000   46.0000   47.7562   74.7020
52.0000   9.0000   35.8081   9.0941
53.0000   18.0000   48.7702   50.8614
54.0000   76.0000   40.8017   95.3299
55.0000   67.0000   86.3328   40.0098
56.0000   13.0000   28.9965   66.9401
57.0000   55.0000   36.6260   58.0547
58.0000   32.0000   5.8912   54.5975
59.0000   71.0000   49.9338   61.8185
60.0000   16.0000   69.3324   52.4281
61.0000   78.0000   11.2369   24.0694
62.0000   16.0000   56.3641   41.4144
63.0000   18.0000   14.3608   4.9834
64.0000   48.0000   69.3631   25.6251
65.0000   20.0000   47.4285   43.7419
66.0000   38.0000   55.0073   13.3937
67.0000   76.0000   1.7795   61.6675
68.0000   15.0000   48.8312   65.5894
69.0000   81.0000   44.3192   83.3653
70.0000   21.0000   44.3549   9.0022
71.0000   25.0000   88.6980   83.9651
72.0000   26.0000   98.2172   58.0894
73.0000   42.0000   89.2843   65.9573
74.0000   34.0000   79.8109   40.2771
75.0000   84.0000   82.4723   93.4926
76.0000   89.0000   23.0883   93.4739
77.0000   77.0000   69.7405   22.4867
78.0000   79.0000   50.3040   66.2511
79.0000   67.0000   32.8307   2.8504
80.0000   94.0000   9.8597   42.8860
81.0000   35.0000   82.0372   46.6650
82.0000   41.0000   1.2040   27.0669
83.0000   23.0000   41.8317   55.5170
84.0000   74.0000   47.3269   43.9622
85.0000   100.0000   55.4245   43.0458
86.0000   78.0000   0.1584   59.9048
87.0000   60.0000   30.0732   79.8759
88.0000   39.0000   17.7851   12.1062
89.0000   95.0000   15.5347   68.9158
90.0000   60.0000   28.8076   86.7594
91.0000   22.0000   80.6906   38.1534
92.0000   23.0000   77.6159   79.3128
93.0000   26.0000   2.6271   42.9812
94.0000   23.0000   89.1826   51.5459
95.0000   16.0000   72.6899   14.6713
96.0000   32.0000   61.7500   90.6537
97.0000   62.0000   22.0080   23.7933
98.0000   100.0000   28.4005   61.9777
99.0000   62.0000   32.1423   38.5517
100.0000   47.0000   96.5778   46.8922
101.0000   98.0000   84.9666   50.3590
102.0000   84.0000   76.0619   43.7077
103.0000   41.0000   4.4128   56.1639
104.0000   59.0000   15.3732   27.4674
105.0000   55.0000   50.8472   79.8805
106.0000   60.0000   50.1283   1.3450
107.0000   29.0000   40.0660   13.4478
108.0000   28.0000   11.5745   93.5757
109.0000   69.0000   38.4457   10.1154
110.0000   36.0000   10.2034   42.8553
111.0000   68.0000   60.2865   30.4617
112.0000   89.0000   33.8208   26.7852
113.0000   25.0000   19.7120   73.4029
114.0000   99.0000   70.6581   11.0845
115.0000   8.0000   91.8338   21.7470
116.0000   29.0000   0.8483   94.9595
117.0000   62.0000   94.8889   71.6839
118.0000   48.0000   77.3137   26.4008
119.0000   18.0000   35.1012   92.1843
120.0000   65.0000   52.6048   64.5025
121.0000   17.0000   89.3526   66.3559
122.0000   88.0000   55.3232   66.3026
123.0000   65.0000   36.9618   52.7819
124.0000   32.0000   26.3535   89.7712
125.0000   61.0000   94.6581   60.8525
126.0000   32.0000   69.7589   98.1286
127.0000   17.0000   41.2603   96.3571
128.0000   39.0000   25.6568   83.2045
129.0000   96.0000   20.6563   40.6180
130.0000   37.0000   60.8868   46.9290
131.0000   93.0000   70.9097   78.5988
132.0000   77.0000   96.9184   3.0491
133.0000   69.0000   63.0250   38.9618
134.0000   100.0000   31.3152   38.7942
135.0000   93.0000   48.4226   85.0357
136.0000   18.0000   48.6172   84.4902
137.0000   93.0000   0.4271   89.1767
138.0000   54.0000   81.3215   66.7615
139.0000   7.0000   48.3779   82.4359
140.0000   5.0000   66.5956   31.2697
141.0000   42.0000   76.8360   72.5829
142.0000   92.0000   20.3246   46.2451
143.0000   8.0000   71.4994   74.8086
144.0000   9.0000   11.6528   28.6774
145.0000   81.0000   98.3590   33.3680
146.0000   49.0000   76.0691   95.3495
147.0000   61.0000   92.5903   70.4978
148.0000   36.0000   65.4459   80.2050
149.0000   69.0000   15.0667   24.9377
150.0000   45.0000   21.9495   4.6232
151.0000   20.0000   74.9444   73.2052
152.0000   55.0000   9.0700   93.6594
153.0000   81.0000   68.1238   87.5572
154.0000   28.0000   41.5432   59.7824
155.0000   75.0000   49.4141   27.7791
156.0000   84.0000   76.1406   31.6681
157.0000   70.0000   98.2257   32.9492
158.0000   14.0000   0.6667   85.0116
159.0000   37.0000   78.2939   97.6845
160.0000   82.0000   28.3779   41.3448
161.0000   66.0000   60.2318   76.1988
162.0000   23.0000   7.0429   70.4759
163.0000   80.0000   27.1645   45.4793
164.0000   46.0000   70.0413   58.2681
165.0000   72.0000   76.8585   63.9786
166.0000   64.0000   95.5811   15.3570
167.0000   13.0000   88.5246   57.5245
168.0000   77.0000   67.7222   97.4536
169.0000   10.0000   47.8850   8.8590
170.0000   45.0000   77.5382   79.3051
171.0000   62.0000   40.4788   76.2884
172.0000   5.0000   87.9878   30.7345
173.0000   85.0000   45.2641   83.6804
174.0000   57.0000   50.3707   42.1679
175.0000   8.0000   8.1345   92.4482
176.0000   2.0000   85.6138   56.5368
177.0000   23.0000   85.4684   81.5275
178.0000   93.0000   77.1422   85.8010
179.0000   68.0000   60.5723   63.5433
180.0000   16.0000   9.2426   16.5061
181.0000   28.0000   92.8105   51.7074
182.0000   100.0000   59.3714   98.3119
183.0000   77.0000   68.6103   29.3271
184.0000   83.0000   27.9663   8.0603
185.0000   26.0000   67.8133   9.1212
186.0000   4.0000   50.0634   10.3061
187.0000   16.0000   35.9747   11.7261
188.0000   13.0000   73.6824   80.7158
189.0000   66.0000   47.3357   25.3551
190.0000   55.0000   84.8877   39.1261
191.0000   4.0000   44.2567   96.1407
192.0000   3.0000   28.5822   82.4797
193.0000   44.0000   39.0437   51.1853
194.0000   2.0000   66.5086   48.2592
195.0000   6.0000   45.2840   55.7169
196.0000   18.0000   3.2738   20.8838
197.0000   53.0000   20.9560   37.1890
198.0000   91.0000   27.3665   97.3802
199.0000   21.0000   82.7082   21.0877
200.0000   3.0000   89.6783   72.4043
201.0000   62.0000   65.9436   76.8915
202.0000   11.0000   54.3302   35.5795
203.0000   23.0000   31.9320   30.3878
204.0000   86.0000   38.7616   79.8145
205.0000   40.0000   74.9174   38.3686
206.0000   68.0000   59.5475   52.5901
207.0000   100.0000   50.6859   98.0711
208.0000   73.0000   35.5936   69.5740
209.0000   89.0000   71.7501   14.3823
210.0000   54.0000   19.6972   92.4199
211.0000   89.0000   25.1711   3.6581
212.0000   47.0000   18.4882   13.2808
213.0000   51.0000   2.4083   72.3716
214.0000   77.0000   79.5107   88.2194
215.0000   83.0000   43.0039   35.4324
216.0000   23.0000   57.6374   31.6210
217.0000   83.0000   22.6088   32.8176
218.0000   18.0000   68.2134   15.6426
219.0000   46.0000   80.5974   85.5967
220.0000   81.0000   56.4702   45.2826
221.0000   91.0000   63.7862   2.1601
222.0000   92.0000   20.8525   96.1292
223.0000   36.0000   35.6961   26.6658
224.0000   26.0000   87.8177   88.2791
225.0000   48.0000   91.4556   8.5661
