0.0000   0.0000   50.0000   50.0000
1.0000   78.0000   4.9018   49.8759
2.0000   41.0000   92.6774   62.6640
3.0000   76.0000   13.7122   43.8122
4.0000   30.0000   54.8517   23.1656
5.0000   33.0000   68.8715   9.5485
6.0000   25.0000   62.8452   95.8554
7.0000   75.0000   51.4677   74.0939
8.0000   45.0000   96.6869   26.5802
9.0000   73.0000   96.5638   96.2377
10.0000   78.0000   76.4484   65.7760
11.0000   39.0000   95.9030   57.4330
12.0000   97.0000   15.2130   75.7184
13.0000   82.0000   43.2806   86.1551
14.0000   80.0000   82.2916   79.2057
15.0000   84.0000   7.0213   73.7216
16.0000   71.0000   77.4690   5.7774
17.0000   48.0000   18.7240   53.2044
18.0000   45.0000   21.1456   10.9824
19.0000   4.0000   75.4358   61.7708
20.0000   94.0000   54.7747   92.1007
21.0000   46.0000   60.6745   58.0795
22.0000   87.0000   63.7386   39.0145
23.0000   74.0000   99.9105   48.0620
24.0000   23.0000   70.6372   66.9475
25.0000   57.0000   52.7833   87.0763
26.0000   83.0000   16.5795   92.0969
27.0000   100.0000   92.7065   30.5629
28.0000   5.0000   28.9473   83.5481
29.0000   44.0000   57.3102   51.8609
30.0000   17.0000   42.6903   47.8614
31.0000   100.0000   98.8728   41.1446
32.0000   91.0000   11.9142   83.0351
33.0000   35.0000   56.6185   15.5352
34.0000   15.0000   65.6143   65.9396
35.0000   10.0000   4.4226   82.6353
36.0000   90.0000   73.1446   74.7686
37.0000   99.0000   83.6357   93.3103
38.0000   82.0000   19.6842   69.5211
39.0000   36.0000   10.2774   96.4896
40.0000   59.0000   32.7633   1.5096
41.0000   88.0000   55.8701   48.2297
42.0000   41.0000   86.5910   90.7529
43.0000   41.0000   25.0218   37.3951
44.0000   13.0000   43.0152   3.2261
45.0000   78.0000   83.5661   73.8858
46.0000   89.0000   41.0550   10.9179
47.0000   59.0000   72.1687   80.9987
48.0000   96.0000   1.0611   5.7529
49.0000   46.0000   81.1516   48.5150
50.0000   99.0000   57.8192   91.2873
51.0000   100.0000   76.8357   35.7505
52.0000   51.0000   25.6876   30.5986
53.0000   15.0000   77.9935   46.0929
54.0000   30.0000   34.8986   74.7381
55.0000   95.0000   96.1931   84.3005
56.0000   35.0000   21.1579   55.8271
57.0000   3.0000   73.9596   71.6996
58.0000   89.0000   50.0436   14.5968
59.0000   34.0000   2.5130   16.3468
60.0000   98.0000   65.0544   75.1188
61.0000   60.0000   80.4216   91.7161
62.0000   51.0000   27.3574   85.0096
63.0000   50.0000   6.0032   5.0526
64.0000   22.0000   70.5091   67.7291
65.0000   27.0000   14.7872   79.6142
66.0000   2.0000   19.2929   49.8392
67.0000   46.0000   28.2434   70.8109
68.0000   5.0000   41.9332   86.3806
69.0000   13.0000   67.8012   74.1158
70.0000   99.0000   51.7453   28.7690
71.0000   13.0000   69.4647   25.4900
72.0000   66.0000   36.5900   6.3075
73.0000   51.0000   85.4650   20.5452
74.0000   17.0000   60.3150   18.5288
75.0000   27.0000   98.0231   38.9761
76.0000   36.0000   41.2128   13.8228
77.0000   15.0000   59.5318   40.2365
78.0000   58.0000   57.8674   53.7486
79.0000   16.0000   28.5407   84.6250
80.0000   7.0000   35.8362   39.0309
81.0000   46.0000   95.3985   14.8305
82.0000   84.0000   97.2992   50.9718
83.0000   82.0000   79.7705   81.3876
84.0000   5.0000   15.4977   99.3786
85.0000   73.0000   55.8347   47.5155
86.0000   25.0000   2.9093   93.8570
87.0000   50.0000   26.2696   4.7338
88.0000   76.0000   38.8606   78.1517
89.0000   81.0000   11.8540   77.0826
90.0000   5.0000   23.1273   69.0885
91.0000   3.0000   49.1730   87.1516
92.0000   87.0000   29.4392   17.9146
93.0000   64.0000   30.7139   14.3285
94.0000   72.0000   95.0123   46.9560
95.0000   35.0000   53.6235   69.8052
96.0000   93.0000   19.8932   70.9149
97.0000   41.0000   99.5892   74.5762
98.0000   94.0000   84.0893   28.2262
99.0000   98.0000   98.0936   47.0920
100.0000   64.0000   43.3596   4.0734
101.0000   78.0000   1.2576   41.8353
102.0000   56.0000   81.0848   57.7040
103.0000   52.0000   54.0175   3.8419
104.0000   15.0000   6.2303   6.3387
105.0000   21.0000   57.3953   96.6912
106.0000   12.0000   61.5568   77.1733
107.0000   45.0000   32.0004   81.4264
108.0000   1.0000   48.2257   40.3963
109.0000   8.0000   41.8766   91.7507
110.0000   30.0000   99.6440   59.8619
111.0000   44.0000   88.9647   78.8689
112.0000   55.0000   78.8151   98.7062
113.0000   22.0000   12.3222   85.9986
114.0000   57.0000   1.0414   30.9407
115.0000   86.0000   94.9974   15.7794
116.0000   35.0000   56.8365   81.8071
117.0000   89.0000   32.6446   59.6948
118.0000   17.0000   4.8385   57.9862
119.0000   89.0000   67.4012   68.4442
120.0000   37.0000   58.7185   40.9786
121.0000   82.0000   7.2382   87.9261
122.0000   84.0000   56.3681   25.1372
123.0000   1.0000   48.7231   33.6734
124.0000   27.0000   99.0978   34.2811
125.0000   67.0000   62.4542   16.5358
126.0000   72.0000   34.4913   41.4567
127.0000   27.0000   90.8411   70.3653
128.0000   2.0000   94.8922   96.9418
129.0000   76.0000   50.3445   27.1540
130.0000   22.0000   37.7754   17.7194
131.0000   68.0000   3.0402   92.6123
132.0000   73.0000   40.5324   45.0036
133.0000   32.0000   77.9854   82.7402
134.0000   66.0000   97.2945   23.3693
135.0000   69.0000   97.7752   19.1647
136.0000   12.0000   77.2300   3.5499
137.0000   4.0000   80.2833   66.0483
138.0000   3.0000   61.6121   3.5391
139.0000   62.0000   68.7789   54.1340
140.0000   68.0000   49.7661   50.5435
141.0000   18.0000   66.1975   39.7501
142.0000   93.0000   65.0375   65.4379
143.0000   47.0000   71.4292   87.4143
144.0000   16.0000   28.9554   13.9803
145.0000   22.0000   88.7703   99.2697
146.0000   58.0000   51.0783   61.5783
147.0000   71.0000   30.9623   26.9228
148.0000   88.0000   35.0106   31.7979
149.0000   22.0000   33.9065   78.8035
150.0000   55.0000   19.2890   20.6291
151.0000   69.0000   13.0854   67.7124
152.0000   59.0000   91.6599   23.3950
153.0000   39.0000   11.8766   31.3368
154.0000   44.0000   15.6445   11.2194
155.0000   92.0000   24.9950   27.5125
156.0000   37.0000   97.1936   22.1921
157.0000   84.0000   2.5522   24.8818
158.0000   3.0000   82.5168   64.6110
159.0000   56.0000   19.9318   5.1978
160.0000   88.0000   80.0135   52.6838
161.0000   65.0000   68.1609   79.5596
162.0000   6.0000   64.1571   57.1549
163.0000   66.0000   59.8995   73.5899
164.0000   73.0000   48.9146   85.7921
165.0000   7.0000   80.0716   82.3193
166.0000   77.0000   45.3769   51.3111
167.0000   27.0000   17.7801   74.0540
168.0000   87.0000   98.8873   68.2070
169.0000   54.0000   59.0752   23.8125
170.0000   13.0000   19.7443   82.8364
171.0000   62.0000   11.3434   92.3033
172.0000   9.0000   41.1578   20.2937
173.0000   85.0000   18.2817   97.5431
174.0000   53.0000   22.6622   98.3395
175.0000   66.0000   80.2159   92.3014
176.0000   73.0000   87.9089   98.0940
177.0000   70.0000   14.5383   25.1068
178.0000   98.0000   76.1726   71.9833
179.0000   9.0000   99.1198   72.0086
180.0000   18.0000   21.3706   88.4342
181.0000   30.0000   13.5545   28.1297
182.0000   43.0000   48.2341   43.2529
183.0000   71.0000   30.4071   55.9444
184.0000   8.0000   74.8491   43.6850
185.0000   74.0000   10.0928   2.0794
186.0000   87.0000   81.4169   6.5525
187.0000   36.0000   96.8514   85.8210
188.0000   57.0000   28.4586   57.4650
189.0000   83.0000   89.6116   61.9652
190.0000   53.0000   86.1627   34.6613
191.0000   78.0000   89.0071   50.0354
192.0000   96.0000   79.3965   95.7229
193.0000   18.0000   8.7456   9.1854
194.0000   12.0000   13.6910   64.3124
195.0000   46.0000   60.3313   42.1913
196.0000   87.0000   38.9246   91.0762
197.0000   21.0000   69.7300   2.5207
198.0000   28.0000   99.9816   31.4986
199.0000   87.0000   20.4552   69.0461
200.0000   86.0000   25.9612   15.2967
201.0000   65.0000   47.2476   12.1531
202.0000   11.0000   14.2820   37.8385
203.0000   50.0000   85.0948   61.0265
204.0000   58.0000   41.6798   0.8305
205.0000   54.0000   11.7474   66.6721
206.0000   86.0000   51.6154   97.9316
207.0000   28.0000   85.1180   81.0705
208.0000   56.0000   91.8811   6.0391
209.0000   88.0000   58.1119   8.5250
210.0000   87.0000   10.2207   19.3412
211.0000   25.0000   71.6936   54.3684
212.0000   100.0000   50.4738   58.0903
213.0000   21.0000   59.0715   28.5310
214.0000   61.0000   15.0169   34.9746
215.0000   48.0000   28.6689   56.6127
216.0000   31.0000   22.8601   34.7643
217.0000   63.0000   13.4268   61.5149
218.0000   15.0000   96.8240   36.6724
219.0000   83.0000   41.4220   66.3241
220.0000   100.0000   84.5698   33.5097
221.0000   86.0000   83.5769   77.5244
222.0000   27.0000   31.1832   80.3617
223.0000   7.0000   48.4587   96.4028
224.0000   46.0000   60.1497   89.5601
225.0000   85.0000   18.2752   92.5038
226.0000   53.0000   48.4896   7.4083
227.0000   51.0000   83.7277   63.9956
228.0000   5.0000   99.6205   20.7622
229.0000   89.0000   17.1517   98.8000
230.0000   59.0000   45.1442   8.7593
231.0000   21.0000   4.3817   57.4527
232.0000   66.0000   30.4478   1.1350
233.0000   66.0000   74.2101   57.8692
234.0000   92.0000   4.9565   12.0031
235.0000   52.0000   55.0632   87.7483
236.0000   29.0000   35.2663   90.5376
237.0000   14.0000   65.1440   46.5713
238.0000   21.0000   46.2679   75.1842
239.0000   52.0000   74.1740   11.1684
240.0000   33.0000   13.3499   83.7047
241.0000   67.0000   44.4523   21.4084
242.0000   3.0000   14.9052   3.3669
243.0000   21.0000   30.5456   75.3922
244.0000   92.0000   28.3576   5.9291
245.0000   9.0000   74.7222   85.6896
246.0000   37.0000   30.9537   75.0984
247.0000   79.0000   29.0091   35.8883
248.0000   11.0000   42.1633   99.5429
249.0000   53.0000   0.1621   1.7654
250.0000   7.0000   57.8764   63.5093
251.0000   14.0000   77.4390   68.1773
252.0000   59.0000   91.1403   33.7335
253.0000   7.0000   97.6068   37.3778
254.0000   61.0000   27.4448   77.1298
255.0000   37.0000   83.0222   67.0495
256.0000   27.0000   46.8429   8.9519
257.0000   72.0000   7.6892   50.5533
258.0000   77.0000   36.4218   50.1292
259.0000   98.0000   39.0856   91.9289
260.0000   58.0000   46.1898   99.8906
261.0000   84.0000   42.2279   20.3107
262.0000   18.0000   66.7907   85.6138
263.0000   23.0000   20.0347   5.0375
264.0000   96.0000   37.5619   94.9793
265.0000   97.0000   51.2088   72.9665
266.0000   72.0000   74.6291   18.4451
267.0000   16.0000   79.0056   10.7472
268.0000   16.0000   39.4917   94.5915
269.0000   72.0000   34.2571   58.9803
270.0000   12.0000   17.5594   89.9689
271.0000   89.0000   10.6524   19.3419
272.0000   29.0000   38.0373   92.2144
273.0000   52.0000   35.6252   12.3447
274.0000   64.0000   96.4285   20.7496
275.0000   6.0000   9.8887   21.8426
276.0000   4.0000   12.9982   52.4552
277.0000   4.0000   33.3412   54.6206
278.0000   14.0000   44.2350   95.3383
279.0000   40.0000   58.9017   20.4743
280.0000   43.0000   17.9663   22.6790
281.0000   84.0000   72.3740   79.7825
282.0000   72.0000   72.2375   91.8027
283.0000   1.0000   33.6147   33.1196
284.0000   12.0000   5.6330   38.1641
285.0000   67.0000   86.3723   81.7928
286.0000   40.0000   25.8483   34.3771
287.0000   70.0000   65.3462   15.6916
288.0000   33.0000   62.1538   31.0158
289.0000   46.0000   48.7754   51.6855
290.0000   18.0000   93.9876   31.7175
291.0000   3.0000   11.9564   19.7842
292.0000   73.0000   64.6274   86.8535
293.0000   44.0000   71.1942   67.8930
294.0000   89.0000   18.9358   75.2945
295.0000   88.0000   42.8884   93.8406
296.0000   92.0000   54.0280   94.8775
297.0000   87.0000   62.1829   53.4839
298.0000   4.0000   96.6612   63.5576
299.0000   13.0000   12.2952   77.5131
300.0000   22.0000   67.7440   4.0633
301.0000   29.0000   43.6549   78.3233
302.0000   86.0000   71.2874   72.2207
303.0000   99.0000   25.9393   45.5669
304.0000   39.0000   85.3001   59.8834
305.0000   66.0000   19.5161   67.9318
306.0000   90.0000   68.6836   92.8642
307.0000   25.0000   95.4451   78.3888
308.0000   31.0000   37.0186   98.9930
309.0000   42.0000   6.6673   46.8205
310.0000   19.0000   36.0382   67.6697
311.0000   15.0000   78.3598   42.9732
312.0000   8.0000   39.5694   73.2912
313.0000   18.0000   50.4840   24.4862
314.0000   52.0000   40.0800   59.1312
315.0000   96.0000   36.2709   37.1692
316.0000   28.0000   72.3629   1.0753
317.0000   37.0000   23.1608   11.9265
318.0000   28.0000   48.1539   89.6801
319.0000   59.0000   98.9475   73.1509
320.0000   74.0000   33.2598   51.9982
321.0000   61.0000   92.8878   72.7837
322.0000   98.0000   47.2017   76.7600
323.0000   73.0000   50.6046   26.3043
324.0000   93.0000   91.9581   13.7936
325.0000   26.0000   40.8242   32.8529
326.0000   73.0000   50.5494   20.5276
327.0000   4.0000   12.3717   41.2474
328.0000   92.0000   60.1438   95.1114
329.0000   87.0000   25.9752   92.2484
330.0000   30.0000   80.0368   92.6054
331.0000   47.0000   62.3030   20.0138
332.0000   34.0000   39.0534   45.0269
333.0000   48.0000   39.1090   0.2138
334.0000   95.0000   79.7552   51.2014
335.0000   49.0000   94.3896   1.5350
336.0000   5.0000   21.2621   54.2010
337.0000   37.0000   98.4674   5.0805
338.0000   50.0000   26.6042   70.3091
339.0000   12.0000   51.6223   85.3953
340.0000   19.0000   41.0289   63.0021
341.0000   4.0000   36.9643   85.1707
342.0000   67.0000   60.4115   90.3152
343.0000   99.0000   10.5759   74.5368
344.0000   41.0000   1.4947   43.8726
345.0000   50.0000   57.9851   68.3533
346.0000   9.0000   32.0304   48.9414
347.0000   63.0000   17.8378   39.8903
348.0000   64.0000   41.4002   4.6189
349.0000   77.0000   95.9802   27.4964
350.0000   39.0000   42.0598   49.6158
351.0000   45.0000   31.1512   74.8167
352.0000   38.0000   96.3486   44.1699
353.0000   66.0000   27.1402   48.2749
354.0000   49.0000   26.9341   85.3823
355.0000   35.0000   32.0871   31.5829
356.0000   20.0000   30.6499   50.4535
357.0000   9.0000   7.1580   94.5433
358.0000   17.0000   81.6624   65.8497
359.0000   47.0000   59.8685   25.9120
360.0000   64.0000   15.2784   43.1548
361.0000   8.0000   47.5719   6.1813
362.0000   13.0000   65.9202   49.0152
363.0000   28.0000   73.5027   18.0238
364.0000   15.0000   24.0491   6.0002
365.0000   26.0000   67.8624   19.1198
366.0000   13.0000   25.8323   48.8366
367.0000   68.0000   95.7108   54.1889
368.0000   27.0000   12.3401   64.5089
369.0000   83.0000   17.5142   67.4544
370.0000   17.0000   72.4592   87.1085
371.0000   46.0000   38.7302   36.1313
372.0000   37.0000   6.9127   10.6399
373.0000   52.0000   77.0320   49.7947
374.0000   87.0000   33.3418   66.3650
375.0000   43.0000   0.3358   25.4666
376.0000   14.0000   38.9408   69.4067
377.0000   44.0000   54.5974   39.2417
378.0000   15.0000   9.3880   40.6561
379.0000   78.0000   36.7890   3.1890
380.0000   74.0000   66.6399   60.0888
381.0000   53.0000   11.4794   85.3645
382.0000   89.0000   38.5940   57.1547
383.0000   75.0000   17.6586   38.3050
384.0000   76.0000   21.5670   1.9953
385.0000   51.0000   48.9027   61.3594
386.0000   65.0000   6.3672   18.2121
387.0000   50.0000   55.9827   62.8946
388.0000   53.0000   65.6693   54.4194
389.0000   45.0000   55.8137   41.7269
390.0000   18.0000   61.7610   31.3259
391.0000   80.0000   20.2629   66.9745
392.0000   92.0000   59.2683   92.3305
393.0000   98.0000   17.8289   67.8607
394.0000   80.0000   38.2377   23.5190
395.0000   43.0000   28.6917   37.5542
396.0000   83.0000   20.7733   63.2416
397.0000   63.0000   13.5615   50.1107
398.0000   89.0000   18.6519   94.7750
399.0000   46.0000   0.8248   72.8684
400.0000   97.0000   49.9157   18.6262
401.0000   76.0000   71.7130   81.5167
402.0000   54.0000   90.3013   6.3764
403.0000   63.0000   60.5009   90.6030
404.0000   27.0000   71.1290   56.0154
405.0000   20.0000   99.8179   46.0419
406.0000   39.0000   13.1096   95.4439
407.0000   82.0000   78.4247   78.1040
408.0000   60.0000   7.3158   26.5804
409.0000   40.0000   86.1488   35.7557
410.0000   45.0000   51.2875   59.6112
411.0000   38.0000   90.7512   54.3374
412.0000   10.0000   7.8579   16.5279
413.0000   37.0000   51.1930   74.8284
414.0000   60.0000   76.1924   81.5229
415.0000   4.0000   41.3373   11.2215
416.0000   12.0000   75.3951   94.7722
417.0000   38.0000   33.2335   19.7791
418.0000   2.0000   72.6518   59.4896
419.0000   52.0000   93.4906   15.6725
420.0000   33.0000   34.5864   36.0948
421.0000   83.0000   28.4238   90.3572
422.0000   62.0000   94.8542   66.2690
423.0000   40.0000   46.0270   63.8125
424.0000   18.0000   73.1398   52.9421
425.0000   36.0000   30.7584   33.4071
426.0000   43.0000   95.0153   18.6237
427.0000   80.0000   99.8131   0.0040
428.0000   66.0000   26.6663   20.8502
429.0000   67.0000   13.1281   79.4021
430.0000   99.0000   95.0370   92.4228
431.0000   13.0000   24.9158   14.5071
432.0000   39.0000   85.0604   78.5043
433.0000   48.0000   26.3430   64.1402
434.0000   29.0000   10.4106   41.2987
435.0000   93.0000   80.7077   74.6136
436.0000   85.0000   4.4456   70.1974
437.0000   5.0000   6.4737   44.5498
438.0000   42.0000   71.6650   36.4479
439.0000   15.0000   77.7124   93.8311
440.0000   34.0000   51.1612   42.8909
441.0000   36.0000   94.8710   63.4979
442.0000   6.0000   30.6627   34.3525
443.0000   18.0000   33.6840   83.7381
444.0000   83.0000   99.1401   96.6535
445.0000   58.0000   53.8718   25.4615
446.0000   44.0000   83.2625   41.2164
447.0000   83.0000   39.7880   80.9906
448.0000   62.0000   89.4632   4.2055
449.0000   86.0000   55.2609   22.1344
450.0000   35.0000   48.5088   3.1845
451.0000   52.0000   23.3258   45.4743
452.0000   47.0000   14.6004   50.3186
453.0000   95.0000   20.8789   76.5272
454.0000   98.0000   29.7980   57.3970
455.0000   41.0000   70.4226   64.2061
456.0000   75.0000   57.7496   84.0716
457.0000   92.0000   6.7599   28.8137
458.0000   71.0000   22.5977   16.1718
459.0000   15.0000   49.6897   40.1534
460.0000   60.0000   13.3851   12.9418
461.0000   24.0000   20.1940   50.9980
462.0000   68.0000   44.2026   63.2012
463.0000   72.0000   8.2794   60.2417
464.0000   31.0000   44.6308   14.3028
465.0000   71.0000   73.0226   6.0509
466.0000   1.0000   95.5503   99.0609
467.0000   91.0000   21.4376   87.2768
468.0000   3.0000   61.8697   89.5577
469.0000   73.0000   20.2458   97.8073
470.0000   41.0000   69.4804   30.3660
471.0000   2.0000   19.8413   37.4556
472.0000   94.0000   10.9235   69.5186
473.0000   66.0000   2.8251   52.5981
474.0000   27.0000   60.4800   62.2817
475.0000   8.0000   26.6505   78.9613
476.0000   99.0000   85.9789   80.7215
477.0000   71.0000   0.6200   13.1237
478.0000   90.0000   98.8762   37.8478
479.0000   95.0000   51.2776   75.1863
480.0000   35.0000   10.7609   21.9271
481.0000   87.0000   24.5773   0.8309
482.0000   78.0000   93.8619   7.7983
483.0000   11.0000   57.3090   0.9048
484.0000   35.0000   63.2001   40.1256
485.0000   60.0000   71.4020   11.5988
486.0000   22.0000   13.9767   27.9961
487.0000   22.0000   66.3020   67.3977
488.0000   81.0000   25.2817   46.8657
489.0000   24.0000   28.3190   75.3315
490.0000   72.0000   81.2477   7.3547
491.0000   25.0000   20.7098   61.5700
492.0000   96.0000   97.0903   51.6197
493.0000   99.0000   15.4454   2.6293
494.0000   44.0000   53.4900   25.1878
495.0000   9.0000   8.5857   21.0868
496.0000   18.0000   86.1933   13.0233
497.0000   74.0000   9.4860   97.4046
498.0000   25.0000   48.7437   41.2705
499.0000   79.0000   90.1656   25.6761
500.0000   91.0000   11.3911   20.3032
501.0000   8.0000   62.2866   4.7643
502.0000   78.0000   46.3113   15.8906
503.0000   62.0000   7.2377   88.9352
504.0000   9.0000   72.1470   0.8291
505.0000   80.0000   11.8725   5.8140
506.0000   87.0000   58.5187   4.4277
507.0000   54.0000   50.9666   58.6304
508.0000   80.0000   1.3544   5.9353
509.0000   58.0000   62.2441   7.6029
510.0000   39.0000   17.5030   75.6440
511.0000   56.0000   39.7829   36.5779
512.0000   52.0000   17.2034   59.3889
513.0000   44.0000   73.8548   83.2645
514.0000   4.0000   51.3978   88.4508
515.0000   77.0000   37.0275   59.4064
516.0000   70.0000   6.5118   3.4160
517.0000   60.0000   4.1009   1.4567
518.0000   74.0000   33.2883   68.8277
519.0000   18.0000   46.8322   45.1632
520.0000   5.0000   97.6107   87.1338
521.0000   74.0000   96.2420   81.8682
522.0000   73.0000   55.6909   48.7783
523.0000   31.0000   66.1373   41.9123
524.0000   83.0000   60.7028   39.0073
525.0000   46.0000   25.0790   10.9684
526.0000   96.0000   60.6024   87.7097
527.0000   14.0000   71.9887   41.0320
528.0000   35.0000   16.7693   38.0477
529.0000   50.0000   36.1121   76.6931
530.0000   78.0000   12.4807   13.8141
531.0000   89.0000   99.4841   79.3193
532.0000   73.0000   21.1230   1.7372
533.0000   47.0000   21.2015   68.0674
534.0000   61.0000   11.6209   7.8775
535.0000   98.0000   23.3835   76.5083
536.0000   17.0000   8.5239   28.7305
537.0000   13.0000   5.7122   73.4640
538.0000   63.0000   87.2041   88.8717
539.0000   46.0000   51.8675   20.9635
540.0000   4.0000   25.4133   95.3399
541.0000   100.0000   6.7184   9.8845
542.0000   90.0000   56.6789   27.3344
543.0000   1.0000   18.4379   71.1802
544.0000   99.0000   76.0602   94.7330
545.0000   74.0000   90.0394   40.9063
546.0000   48.0000   34.3723   74.4773
547.0000   49.0000   69.9839   21.3110
548.0000   81.0000   0.4918   64.2318
549.0000   59.0000   54.5262   78.2788
550.0000   59.0000   71.1283   38.1571
551.0000   97.0000   84.3909   95.8346
552.0000   96.0000   25.5251   0.7284
553.0000   78.0000   64.1032   88.5526
554.0000   94.0000   66.8791   2.8827
555.0000   88.0000   57.0489   15.1908
556.0000   35.0000   63.8137   91.5693
557.0000   45.0000   26.1424   52.2307
558.0000   65.0000   12.0868   63.0630
559.0000   58.0000   24.8699   80.1351
560.0000   52.0000   0.9085   58.3301
561.0000   88.0000   90.2054   41.2409
562.0000   10.0000   98.1019   52.7017
563.0000   7.0000   97.2481   5.7162
564.0000   52.0000   87.3987   51.6847
565.0000   41.0000   41.6351   69.6308
566.0000   58.0000   56.7196   27.8188
567.0000   18.0000   87.2018   37.3795
568.0000   75.0000   5.3339   16.8751
569.0000   29.0000   62.0874   55.0403
570.0000   96.0000   72.4268   31.1788
571.0000   35.0000   38.0176   5.4175
572.0000   25.0000   8.0283   33.7498
573.0000   10.0000   94.0566   74.9200
574.0000   67.0000   57.5535   18.8168
575.0000   88.0000   17.4521   86.7885
576.0000   99.0000   92.8116   99.9227
577.0000   2.0000   22.9624   51.5143
578.0000   82.0000   68.9077   47.9205
579.0000   60.0000   90.1916   3.7769
580.0000   34.0000   63.2467   38.4523
581.0000   8.0000   86.4488   78.7024
582.0000   3.0000   42.1723   43.7930
583.0000   51.0000   26.3755   88.8096
584.0000   85.0000   58.5981   23.3448
585.0000   2.0000   56.1511   45.5512
586.0000   91.0000   59.6580   7.2320
587.0000   31.0000   31.7082   40.7730
588.0000   47.0000   32.5817   83.7914
589.0000   74.0000   58.2020   35.3598
590.0000   45.0000   49.9684   11.7409
591.0000   46.0000   47.0497   93.6407
592.0000   44.0000   44.4505   33.4641
593.0000   69.0000   42.3911   20.2235
594.0000   53.0000   69.2001   3.8741
595.0000   77.0000   8.0594   34.7698
596.0000   3.0000   39.3998   86.7200
597.0000   26.0000   63.8753   79.3699
598.0000   82.0000   99.9136   73.8456
599.0000   98.0000   71.3421   67.6132
600.0000   11.0000   70.0420   19.2147
601.0000   53.0000   41.7886   26.8042
602.0000   77.0000   55.8703   90.4208
603.0000   92.0000   88.9816   73.1966
604.0000   13.0000   0.1881   37.4222
605.0000   11.0000   51.0963   79.1283
606.0000   36.0000   18.9817   12.7777
607.0000   86.0000   86.0246   17.8970
608.0000   84.0000   20.9602   82.2656
609.0000   92.0000   60.5930   9.5894
610.0000   65.0000   59.7295   59.7488
611.0000   16.0000   68.3093   42.6412
612.0000   13.0000   20.3731   35.5778
613.0000   79.0000   83.1374   60.7770
614.0000   94.0000   10.2133   22.2663
615.0000   84.0000   1.1151   90.0652
616.0000   48.0000   41.7414   0.0854
617.0000   41.0000   64.4832   51.4755
618.0000   43.0000   50.3545   44.6132
619.0000   32.0000   41.6472   58.3711
620.0000   19.0000   50.3304   12.4894
621.0000   88.0000   98.5913   62.3440
622.0000   10.0000   95.9373   42.4829
623.0000   85.0000   44.1459   83.7776
624.0000   100.0000   59.7399   3.5818
625.0000   18.0000   17.1455   27.6551
626.0000   53.0000   25.7440   12.5996
627.0000   8.0000   14.8346   92.5658
628.0000   40.0000   70.4603   34.5975
629.0000   11.0000   95.3010   48.6643
630.0000   10.0000   36.8745   20.2742
631.0000   59.0000   44.3531   9.6223
632.0000   14.0000   80.9958   19.3035
633.0000   43.0000   13.3908   4.2819
634.0000   34.0000   83.6572   52.3317
635.0000   85.0000   87.7679   26.5268
636.0000   27.0000   12.3413   23.5506
637.0000   89.0000   95.2880   73.1798
638.0000   23.0000   46.8324   52.0447
639.0000   30.0000   21.8130   42.2923
640.0000   96.0000   26.4989   50.8629
641.0000   24.0000   10.2599   99.5233
642.0000   5.0000   77.4045   86.6672
643.0000   72.0000   48.2728   76.1947
644.0000   97.0000   97.9632   7.5204
645.0000   20.0000   80.8699   96.6918
646.0000   42.0000   99.2865   16.1141
647.0000   47.0000   28.0387   19.5865
648.0000   20.0000   25.5692   93.8244
649.0000   60.0000   71.9083   45.1256
650.0000   8.0000   31.3718   10.1760
651.0000   94.0000   53.4631   53.0779
652.0000   2.0000   17.7569   99.2118
653.0000   79.0000   40.8088   27.1162
654.0000   87.0000   99.3939   5.7214
655.0000   33.0000   67.7515   46.4057
656.0000   95.0000   75.1872   38.7848
657.0000   37.0000   28.8218   95.2937
658.0000   37.0000   95.4466   24.0011
659.0000   50.0000   57.1898   95.8341
660.0000   21.0000   35.1609   41.7861
661.0000   96.0000   73.6214   72.0921
662.0000   91.0000   98.6764   51.0827
663.0000   7.0000   23.0633   7.2147
664.0000   81.0000   15.2139   71.7650
665.0000   79.0000   21.5163   20.8049
666.0000   13.0000   59.7173   3.9597
667.0000   68.0000   88.1966   87.9805
668.0000   88.0000   35.9534   86.6895
669.0000   30.0000   9.4451   81.4445
670.0000   60.0000   66.9193   19.5082
671.0000   95.0000   39.8405   25.3619
672.0000   9.0000   99.2735   99.6321
673.0000   73.0000   15.0941   49.9288
674.0000   54.0000   4.9861   87.6682
675.0000   25.0000   88.3421   31.7307
676.0000   33.0000   21.0466   83.9084
677.0000   16.0000   77.4361   92.7234
678.0000   6.0000   23.5882   38.8741
679.0000   93.0000   84.3702   44.2797
680.0000   56.0000   77.1688   16.3157
681.0000   75.0000   38.0731   94.9622
682.0000   57.0000   31.0363   58.4644
683.0000   31.0000   33.8397   64.0023
684.0000   56.0000   5.3161   20.9158
685.0000   95.0000   5.5977   20.7294
686.0000   68.0000   30.5166   4.7641
687.0000   34.0000   84.8303   77.3351
688.0000   47.0000   30.3527   79.8601
689.0000   89.0000   3.4312   89.5350
690.0000   71.0000   35.5645   29.9398
691.0000   78.0000   56.5863   21.7219
692.0000   38.0000   20.6867   44.2203
693.0000   8.0000   94.6102   22.0023
694.0000   75.0000   16.6996   94.6288
695.0000   22.0000   74.2249   77.6369
696.0000   59.0000   73.1594   36.9387
697.0000   88.0000   33.7335   62.1155
698.0000   63.0000   59.3038   25.0678
699.0000   29.0000   82.6448   57.3877
700.0000   68.0000   12.6444   79.4958
