0.0000   0.0000   0.0000   0.0000
1.0000   120.0000   18.7455   41.8328
2.0000   180.0000   48.5441   43.7958
3.0000   106.0000   44.4344   26.6197
4.0000   129.0000   21.3460   0.4531
5.0000   132.0000   33.8448   45.0888
6.0000   156.0000   40.8950   21.2735
7.0000   122.0000   18.5551   21.0951
8.0000   169.0000   15.0031   36.5732
9.0000   169.0000   43.5052   25.4393
10.0000   118.0000   33.2572   36.2156
11.0000   174.0000   21.8853   48.5268
12.0000   107.0000   48.9914   6.7423
13.0000   152.0000   41.7486   39.1995
14.0000   178.0000   44.3006   37.9690
15.0000   142.0000   3.3712   29.1363
16.0000   144.0000   46.4437   43.7805
17.0000   137.0000   29.3737   45.2918
18.0000   109.0000   23.4028   20.5526
19.0000   126.0000   34.7698   15.4748
20.0000   135.0000   41.2161   6.4452
21.0000   108.0000   41.3278   23.4279
22.0000   130.0000   14.5178   35.4868
23.0000   170.0000   43.0356   41.6983
24.0000   140.0000   42.5313   8.2108
25.0000   118.0000   39.3672   8.3439
26.0000   101.0000   38.5183   15.8930
27.0000   101.0000   29.9269   39.4434
28.0000   176.0000   20.5016   45.7194
29.0000   175.0000   3.5776   16.7999
30.0000   147.0000   39.7151   15.3468
31.0000   110.0000   42.3087   42.0137
32.0000   162.0000   24.6508   27.0639
33.0000   102.0000   17.2231   44.1995
34.0000   164.0000   27.5248   7.4265
35.0000   91.0000   31.5008   31.9594
36.0000   177.0000   35.1296   24.7005
37.0000   171.0000   32.7172   13.4178
38.0000   119.0000   24.6587   25.4169
39.0000   165.0000   6.7564   36.5167
40.0000   98.0000   4.3730   11.8728
41.0000   131.0000   27.2753   9.6107
42.0000   127.0000   41.6215   37.0684
43.0000   162.0000   20.3554   7.4213
44.0000   144.0000   8.0852   31.0965
45.0000   103.0000   8.7628   26.8352
46.0000   97.0000   7.4381   9.5644
47.0000   169.0000   36.6116   23.2188
48.0000   116.0000   44.2800   20.4732
49.0000   173.0000   24.9149   5.9643
50.0000   106.0000   28.3257   43.7221
51.0000   148.0000   28.4712   0.0732
52.0000   101.0000   14.7257   15.1563
53.0000   150.0000   46.5120   45.4428
54.0000   124.0000   26.4634   10.6956
55.0000   171.0000   24.1740   44.9231
56.0000   106.0000   2.7806   45.3204
57.0000   130.0000   39.6234   24.6749
58.0000   103.0000   31.0766   15.4304
59.0000   117.0000   44.1361   7.3715
60.0000   147.0000   27.4335   16.9425
61.0000   174.0000   46.9025   22.2656
62.0000   163.0000   19.7510   44.3577
63.0000   146.0000   2.8195   44.7797
64.0000   154.0000   19.0716   34.0976
65.0000   136.0000   11.7776   20.5767
66.0000   99.0000   4.3515   47.3757
67.0000   150.0000   37.4784   46.2570
68.0000   108.0000   14.2851   15.0535
69.0000   102.0000   39.5439   23.9707
70.0000   163.0000   17.4820   35.2617
71.0000   94.0000   47.3457   42.6252
72.0000   157.0000   0.8603   3.3995
73.0000   162.0000   36.0705   41.4057
74.0000   145.0000   36.7965   7.9463
75.0000   165.0000   21.4049   12.4784
76.0000   110.0000   29.0639   46.0147
77.0000   107.0000   31.6334   32.4505
78.0000   154.0000   37.7444   39.9664
79.0000   147.0000   3.7542   44.6364
80.0000   165.0000   36.7658   4.3034
81.0000   175.0000   32.3896   38.6737
82.0000   166.0000   49.6059   30.1075
83.0000   126.0000   29.9947   3.8100
84.0000   172.0000   34.1501   35.7645
85.0000   116.0000   47.9347   17.7778
86.0000   122.0000   15.7326   3.1193
87.0000   166.0000   1.8023   7.6748
88.0000   142.0000   40.4871   31.4447
89.0000   128.0000   21.8986   42.5514
90.0000   166.0000   18.4353   8.2474
91.0000   176.0000   35.2458   29.9306
92.0000   152.0000   1.8941   27.8837
93.0000   119.0000   40.1558   23.6499
94.0000   138.0000   23.7472   18.1106
95.0000   144.0000   32.7973   36.4165
96.0000   106.0000   17.7983   41.2938
97.0000   108.0000   26.7318   37.4341
98.0000   91.0000   15.8384   42.0596
99.0000   171.0000   32.2484   16.8462
100.0000   120.0000   23.5313   35.7245
101.0000   134.0000   33.1701   25.2557
102.0000   136.0000   44.8283   26.0814
103.0000   154.0000   13.7594   12.6143
104.0000   137.0000   24.2351   1.8101
105.0000   175.0000   10.0500   48.1289
106.0000   131.0000   9.8517   8.5816
107.0000   127.0000   19.7502   29.3785
108.0000   117.0000   47.8040   29.6899
109.0000   115.0000   10.2900   47.7354
110.0000   161.0000   40.4413   46.0503
111.0000   129.0000   17.4419   26.7321
112.0000   95.0000   29.4308   37.3128
113.0000   132.0000   5.4194   16.0646
114.0000   93.0000   7.0107   40.0099
115.0000   114.0000   15.5864   39.9797
116.0000   176.0000   14.1272   31.6654
117.0000   148.0000   16.6545   15.2134
118.0000   113.0000   31.5206   48.0226
119.0000   165.0000   20.4663   0.1673
120.0000   177.0000   0.2555   24.2342
121.0000   171.0000   20.4596   30.7484
122.0000   141.0000   15.0656   17.2490
123.0000   158.0000   38.3867   11.8337
124.0000   153.0000   44.7638   42.2590
125.0000   146.0000   5.4829   23.9810
126.0000   124.0000   39.2245   1.2408
127.0000   155.0000   32.9940   35.7992
128.0000   153.0000   9.6285   44.4503
129.0000   156.0000   41.8365   30.8431
130.0000   154.0000   19.5403   43.2094
131.0000   134.0000   7.8597   30.4828
132.0000   123.0000   36.1019   27.1196
133.0000   147.0000   30.6496   34.8567
134.0000   146.0000   8.4902   25.9694
135.0000   100.0000   34.9891   1.6186
136.0000   111.0000   31.9745   41.3076
137.0000   104.0000   41.6598   26.3794
138.0000   128.0000   4.0287   25.0918
139.0000   164.0000   21.6370   35.5640
140.0000   179.0000   21.2614   19.9100
141.0000   160.0000   1.8201   17.9387
142.0000   116.0000   9.0338   30.6176
143.0000   93.0000   21.2979   2.3268
144.0000   147.0000   34.5574   7.3047
145.0000   95.0000   16.0235   3.5580
146.0000   171.0000   17.3793   32.0443
147.0000   111.0000   39.5889   20.5029
148.0000   114.0000   0.0087   33.0066
149.0000   103.0000   24.7495   37.7486
150.0000   143.0000   12.3574   28.1201
