0.0000   0.0000   0.0000   0.0000
1.0000   81.0000   4.7228   42.1818
2.0000   108.0000   39.4598   48.1442
3.0000   117.0000   6.0717   43.0502
4.0000   77.0000   24.8391   24.4148
5.0000   86.0000   16.3738   40.6854
6.0000   122.0000   29.4815   28.2936
7.0000   105.0000   49.9746   22.2763
8.0000   116.0000   39.4817   25.7536
9.0000   128.0000   15.0888   36.6420
10.0000   102.0000   13.0812   46.1453
11.0000   80.0000   33.9650   14.7169
12.0000   94.0000   4.1705   43.3629
13.0000   134.0000   48.5185   28.3132
14.0000   93.0000   48.0558   14.9538
15.0000   99.0000   24.0550   22.4502
16.0000   138.0000   2.3600   25.0380
17.0000   132.0000   18.8419   25.2860
18.0000   139.0000   33.0319   36.9540
19.0000   66.0000   43.0231   1.6036
20.0000   127.0000   7.5090   3.3248
21.0000   52.0000   16.8978   22.8936
22.0000   92.0000   6.5278   9.6805
23.0000   99.0000   18.8660   45.9083
24.0000   97.0000   36.1110   39.9261
25.0000   84.0000   42.2297   41.1001
26.0000   74.0000   28.7808   10.4570
27.0000   72.0000   14.1461   32.2190
28.0000   83.0000   10.7842   36.1702
29.0000   133.0000   38.6086   29.8497
30.0000   115.0000   34.2321   43.7105
31.0000   55.0000   35.0943   4.0511
32.0000   68.0000   49.5670   14.8591
33.0000   65.0000   31.8390   25.2259
34.0000   118.0000   9.7817   11.9921
35.0000   134.0000   36.0716   11.4864
36.0000   129.0000   20.1771   3.8929
37.0000   53.0000   10.8883   40.8562
38.0000   84.0000   33.7513   40.4022
39.0000   108.0000   23.8167   25.4411
40.0000   63.0000   28.5828   16.8178
41.0000   139.0000   26.2087   31.2630
42.0000   92.0000   32.2615   25.3164
43.0000   75.0000   14.4859   7.2908
44.0000   90.0000   48.5976   9.6780
45.0000   58.0000   37.4275   49.0180
46.0000   130.0000   15.0367   27.0148
47.0000   121.0000   31.8082   10.4472
48.0000   124.0000   8.0769   10.2659
49.0000   57.0000   34.5183   17.5553
50.0000   84.0000   43.8622   18.5412
51.0000   79.0000   32.2274   1.0775
52.0000   140.0000   48.6381   35.9960
53.0000   113.0000   29.8726   29.0666
54.0000   124.0000   36.0592   3.7135
55.0000   108.0000   1.6734   20.3527
56.0000   111.0000   47.4808   15.3024
57.0000   127.0000   7.7198   25.2758
58.0000   85.0000   19.1707   35.1951
59.0000   103.0000   23.3689   5.0401
60.0000   73.0000   2.4907   49.2019
61.0000   76.0000   10.0376   40.9136
62.0000   130.0000   33.0910   20.4883
63.0000   58.0000   20.4328   45.1821
64.0000   128.0000   34.8495   40.1940
65.0000   134.0000   24.4474   36.4298
66.0000   94.0000   34.8107   40.9297
67.0000   73.0000   28.2794   40.5775
68.0000   54.0000   36.1041   35.4571
69.0000   98.0000   21.9130   5.1635
70.0000   57.0000   27.2520   3.0056
71.0000   130.0000   22.1408   11.5999
72.0000   114.0000   25.6004   19.8703
73.0000   138.0000   0.8324   2.6018
74.0000   128.0000   14.5161   41.8115
75.0000   67.0000   23.2382   34.1379
76.0000   121.0000   26.3990   8.0426
77.0000   77.0000   36.0810   37.5170
78.0000   110.0000   34.6820   29.6617
79.0000   71.0000   3.2288   22.0976
80.0000   117.0000   35.6718   36.7772
81.0000   136.0000   43.4883   6.5911
82.0000   60.0000   29.4666   20.8005
83.0000   77.0000   9.3686   43.8213
84.0000   102.0000   1.5831   34.3682
85.0000   105.0000   41.9056   38.4775
86.0000   75.0000   39.0555   28.4750
87.0000   114.0000   5.2849   29.9650
88.0000   60.0000   19.3790   9.1063
89.0000   75.0000   25.1709   24.4620
90.0000   88.0000   45.6722   35.9762
91.0000   136.0000   24.0467   47.1262
92.0000   88.0000   14.4231   13.4884
93.0000   80.0000   22.2990   3.9796
94.0000   116.0000   10.7270   7.3305
95.0000   112.0000   32.2681   45.0183
96.0000   112.0000   26.9838   5.3739
97.0000   138.0000   5.8796   0.0359
98.0000   59.0000   15.7564   2.3866
99.0000   93.0000   26.4999   7.1950
100.0000   85.0000   23.4517   34.9282
101.0000   53.0000   27.5350   29.5468
102.0000   76.0000   38.8138   47.7572
103.0000   119.0000   42.8496   6.7479
104.0000   55.0000   33.9290   14.3454
105.0000   133.0000   42.4307   31.4707
106.0000   67.0000   14.2558   12.6635
107.0000   82.0000   31.2215   9.9838
108.0000   139.0000   27.6698   17.2025
109.0000   107.0000   16.5357   23.0701
110.0000   100.0000   27.4325   13.0711
111.0000   137.0000   7.4573   32.6493
112.0000   113.0000   21.3153   35.7032
113.0000   85.0000   49.6864   31.9066
114.0000   119.0000   25.5212   26.5876
115.0000   114.0000   21.7837   47.6524
116.0000   96.0000   31.0494   49.6093
117.0000   65.0000   23.5030   45.8718
118.0000   124.0000   46.1186   47.2506
119.0000   57.0000   33.4647   16.4690
120.0000   67.0000   45.7543   37.9301
121.0000   94.0000   1.6913   9.8760
122.0000   52.0000   28.8392   10.0471
123.0000   107.0000   40.0349   1.0473
124.0000   58.0000   29.7866   35.0761
125.0000   74.0000   9.5425   13.7483
126.0000   59.0000   2.5721   19.2278
127.0000   137.0000   6.5526   5.3640
128.0000   94.0000   1.9459   37.9038
129.0000   53.0000   44.8281   37.2960
130.0000   111.0000   0.7269   37.7929
131.0000   93.0000   9.0168   28.2497
132.0000   69.0000   15.3823   17.1288
133.0000   104.0000   43.2433   38.0879
134.0000   118.0000   2.2521   6.8586
135.0000   105.0000   28.4577   24.7033
136.0000   98.0000   26.0402   32.1307
137.0000   94.0000   45.7908   38.5591
138.0000   50.0000   34.0972   39.2933
139.0000   51.0000   1.2815   23.1197
140.0000   71.0000   28.1216   18.6244
141.0000   128.0000   36.7570   14.3985
142.0000   56.0000   6.9650   34.9840
143.0000   64.0000   28.0207   25.4005
144.0000   57.0000   31.2802   44.2053
145.0000   140.0000   44.4998   25.1070
146.0000   94.0000   29.9323   39.2082
147.0000   85.0000   5.2183   13.5764
148.0000   91.0000   26.0966   34.3353
149.0000   137.0000   23.2761   43.6438
150.0000   127.0000   23.0944   11.8015
151.0000   107.0000   2.0945   39.1226
152.0000   102.0000   3.3782   6.5288
153.0000   59.0000   49.1587   49.9821
154.0000   104.0000   1.5768   24.4833
155.0000   97.0000   1.8967   42.9172
156.0000   82.0000   27.6124   35.0315
157.0000   102.0000   38.0710   41.2372
158.0000   104.0000   18.4632   14.8046
159.0000   99.0000   19.0356   13.9208
160.0000   78.0000   41.9583   2.9962
161.0000   63.0000   47.5863   31.2505
162.0000   81.0000   44.3303   36.0073
163.0000   60.0000   16.4518   2.4160
164.0000   67.0000   13.8394   23.5782
165.0000   94.0000   26.0857   22.1954
166.0000   137.0000   29.8470   46.6137
167.0000   69.0000   41.6447   3.1528
168.0000   63.0000   23.9059   38.6316
169.0000   55.0000   26.0516   14.5851
170.0000   55.0000   33.8726   8.7882
171.0000   54.0000   15.4638   15.3474
172.0000   76.0000   1.7798   10.0092
173.0000   114.0000   18.7830   8.2704
174.0000   55.0000   32.4876   41.4472
175.0000   87.0000   7.9334   0.9429
176.0000   73.0000   21.8530   16.5495
177.0000   51.0000   8.6320   14.0534
178.0000   125.0000   35.7306   46.7053
179.0000   94.0000   48.8467   21.4025
180.0000   89.0000   27.1468   47.8560
181.0000   63.0000   30.0196   39.4066
182.0000   108.0000   45.6387   29.9028
183.0000   109.0000   38.8501   4.3405
184.0000   118.0000   14.9051   46.5671
185.0000   80.0000   25.4385   38.3405
186.0000   111.0000   35.6283   43.6294
187.0000   110.0000   43.0266   44.2930
188.0000   139.0000   47.3685   13.9826
189.0000   56.0000   29.5807   13.8706
190.0000   104.0000   45.7575   23.1029
191.0000   98.0000   12.3021   27.5188
192.0000   98.0000   41.1914   0.9084
193.0000   102.0000   41.4241   48.6445
194.0000   131.0000   46.8613   34.7732
195.0000   86.0000   20.5364   33.6313
196.0000   64.0000   1.5099   49.5297
197.0000   105.0000   24.7893   10.3113
198.0000   82.0000   17.6674   46.3424
199.0000   88.0000   33.8004   43.3219
200.0000   113.0000   0.7416   35.3888
201.0000   118.0000   44.2321   39.5038
202.0000   66.0000   32.6667   43.5649
203.0000   131.0000   16.5507   42.6601
204.0000   57.0000   46.5266   1.9547
205.0000   85.0000   43.8959   46.2861
206.0000   109.0000   28.9948   9.3298
207.0000   95.0000   3.1007   48.6259
208.0000   50.0000   26.4069   48.5303
209.0000   51.0000   30.9600   49.9813
210.0000   62.0000   14.1553   29.2248
211.0000   82.0000   49.5598   35.7278
212.0000   109.0000   22.2617   40.4341
213.0000   69.0000   7.0388   33.4274
214.0000   66.0000   21.4069   44.5702
215.0000   112.0000   21.9362   16.6213
216.0000   119.0000   16.7236   23.5931
217.0000   96.0000   34.4765   48.1096
218.0000   140.0000   33.9247   17.8753
219.0000   116.0000   7.9265   16.3951
220.0000   115.0000   13.2232   25.5742
221.0000   128.0000   18.6474   27.5407
222.0000   127.0000   16.7154   29.3371
223.0000   102.0000   16.6046   45.0408
224.0000   62.0000   13.6731   2.8565
225.0000   124.0000   9.1245   37.4246
226.0000   114.0000   20.0286   31.0117
227.0000   135.0000   20.3369   30.9310
228.0000   71.0000   28.3063   35.9747
229.0000   71.0000   43.3579   5.4346
230.0000   73.0000   2.4134   47.6454
231.0000   110.0000   35.3256   17.4174
232.0000   139.0000   49.7728   25.1707
233.0000   130.0000   30.9127   15.3200
234.0000   55.0000   19.0170   28.6916
235.0000   124.0000   45.5696   23.0800
236.0000   110.0000   14.2335   21.3190
237.0000   118.0000   36.8705   48.9373
238.0000   112.0000   34.9056   23.1991
239.0000   81.0000   10.5643   23.1014
240.0000   101.0000   21.0142   22.1467
241.0000   133.0000   19.8661   42.8514
242.0000   56.0000   29.9485   39.6960
243.0000   99.0000   18.9050   21.4788
244.0000   81.0000   25.8553   48.4385
245.0000   100.0000   26.1007   27.7195
246.0000   133.0000   16.7383   45.1201
247.0000   58.0000   6.2567   36.5772
248.0000   131.0000   13.2761   9.0054
249.0000   121.0000   16.2039   11.3855
250.0000   84.0000   39.4886   31.5586
251.0000   107.0000   20.5016   8.6810
252.0000   94.0000   8.1184   2.5114
253.0000   104.0000   45.8066   42.6679
254.0000   87.0000   16.7760   0.3737
255.0000   91.0000   14.5220   4.5276
256.0000   98.0000   43.7756   46.2453
257.0000   61.0000   19.1651   26.4350
258.0000   114.0000   30.3870   19.6657
259.0000   126.0000   10.0200   45.7508
260.0000   137.0000   33.0444   42.1789
261.0000   87.0000   47.3868   41.4203
262.0000   77.0000   22.0129   14.0052
263.0000   127.0000   42.4924   5.4040
264.0000   72.0000   37.8178   19.0353
265.0000   131.0000   33.3210   31.8289
266.0000   140.0000   20.0053   19.8452
267.0000   136.0000   47.6638   29.4983
268.0000   54.0000   2.7103   44.1902
269.0000   68.0000   42.3454   42.4083
270.0000   88.0000   36.0017   39.5316
271.0000   94.0000   4.1779   1.3428
272.0000   89.0000   22.9467   33.7713
273.0000   97.0000   48.3603   9.9652
274.0000   89.0000   37.4245   40.1698
275.0000   64.0000   35.5564   37.2631
276.0000   103.0000   49.4233   36.7188
277.0000   85.0000   12.9338   33.7884
278.0000   88.0000   43.9694   39.3787
279.0000   103.0000   32.1089   23.7079
280.0000   76.0000   11.0876   47.8647
281.0000   106.0000   40.3391   43.2383
282.0000   97.0000   43.4397   34.7912
283.0000   61.0000   18.9373   5.6727
284.0000   100.0000   3.2367   14.7416
285.0000   73.0000   38.6402   32.5118
286.0000   66.0000   34.8796   42.2479
287.0000   51.0000   38.4954   8.8362
288.0000   125.0000   49.0887   36.5478
289.0000   78.0000   9.7694   13.8645
290.0000   77.0000   10.2600   6.9087
291.0000   128.0000   35.4000   46.2740
292.0000   50.0000   6.7472   29.0534
293.0000   66.0000   2.5143   28.6211
294.0000   109.0000   13.0398   35.8389
295.0000   57.0000   21.7208   25.7153
296.0000   91.0000   36.6282   13.4830
297.0000   57.0000   30.6934   19.8718
298.0000   69.0000   6.2019   42.2957
299.0000   96.0000   9.6917   2.5195
300.0000   85.0000   25.6585   10.3140
301.0000   69.0000   36.3048   49.6955
302.0000   92.0000   1.8399   21.7562
303.0000   57.0000   28.5756   43.7061
304.0000   61.0000   3.1004   36.3929
305.0000   123.0000   3.5331   6.0398
306.0000   80.0000   32.2147   17.2302
307.0000   80.0000   49.8566   15.0466
308.0000   105.0000   44.7621   23.2255
309.0000   87.0000   43.4175   18.4993
310.0000   96.0000   41.9241   15.7282
311.0000   106.0000   48.6015   23.6414
312.0000   69.0000   44.7077   5.6516
313.0000   111.0000   36.5856   9.1479
314.0000   95.0000   12.1938   20.5738
315.0000   105.0000   33.2427   18.9848
316.0000   133.0000   45.9274   6.8179
317.0000   89.0000   31.2243   9.7890
318.0000   98.0000   44.2793   5.5129
319.0000   118.0000   35.4693   7.9692
320.0000   55.0000   25.4425   18.3607
321.0000   95.0000   15.2617   40.8929
322.0000   52.0000   2.0647   21.1735
323.0000   102.0000   40.3121   31.7112
324.0000   79.0000   26.8574   7.9997
325.0000   92.0000   25.9054   43.8709
