0.0000   0.0000   50.0000   50.0000
1.0000   57.0000   62.7317   82.6824
2.0000   22.0000   41.1503   36.9621
3.0000   12.0000   46.6554   32.6413
4.0000   38.0000   19.3533   85.8833
5.0000   86.0000   59.1500   95.7167
6.0000   76.0000   95.2395   20.1431
7.0000   26.0000   1.7151   52.3951
8.0000   39.0000   82.4017   84.4559
9.0000   22.0000   69.7700   93.1903
10.0000   34.0000   62.1819   19.5002
11.0000   31.0000   95.9389   97.5375
12.0000   47.0000   68.6526   11.5762
13.0000   83.0000   58.7493   8.5810
14.0000   67.0000   57.7936   22.9553
15.0000   50.0000   70.0596   25.1008
16.0000   25.0000   46.9640   79.6551
17.0000   53.0000   3.6582   51.9908
18.0000   12.0000   78.6189   79.1999
19.0000   52.0000   51.2751   91.2529
20.0000   48.0000   0.3337   40.2384
21.0000   52.0000   84.0278   44.1750
22.0000   15.0000   81.6720   62.4426
23.0000   31.0000   60.4652   17.0836
24.0000   76.0000   86.8975   57.8966
25.0000   74.0000   36.0511   89.4381
26.0000   86.0000   3.0427   46.1879
27.0000   32.0000   58.3870   81.0885
28.0000   80.0000   12.7205   6.1816
29.0000   70.0000   41.4884   89.7093
30.0000   89.0000   7.5432   92.2913
31.0000   98.0000   81.1242   71.0584
32.0000   16.0000   33.5719   80.3250
33.0000   7.0000   14.1573   24.7102
34.0000   75.0000   35.7742   9.4115
35.0000   58.0000   43.1609   36.4601
36.0000   36.0000   9.6311   42.1468
37.0000   15.0000   90.6515   84.7527
38.0000   46.0000   3.2981   97.7548
39.0000   100.0000   66.9298   92.5107
40.0000   47.0000   85.0767   31.6476
41.0000   29.0000   90.3357   6.4280
42.0000   3.0000   63.2113   41.4610
43.0000   14.0000   3.8796   58.7316
44.0000   29.0000   34.0412   41.1115
45.0000   78.0000   17.0005   60.9316
46.0000   29.0000   64.0933   50.7956
47.0000   49.0000   55.6789   72.5770
48.0000   87.0000   53.1051   75.9469
49.0000   21.0000   55.5459   81.2400
50.0000   26.0000   60.4622   89.9826
51.0000   38.0000   62.5660   55.1340
52.0000   54.0000   25.9251   43.9510
53.0000   19.0000   12.9585   26.0455
54.0000   63.0000   46.1677   86.0489
55.0000   1.0000   40.6290   72.2167
56.0000   60.0000   78.9824   42.5598
57.0000   87.0000   92.8390   25.3153
58.0000   40.0000   71.7116   53.3229
59.0000   2.0000   44.3855   89.8199
60.0000   6.0000   35.3202   1.6355
61.0000   22.0000   51.2556   18.0146
62.0000   71.0000   44.4042   16.7841
63.0000   18.0000   31.1077   56.8582
64.0000   27.0000   80.0745   23.2760
65.0000   18.0000   75.4873   26.7990
66.0000   66.0000   43.1891   13.2757
67.0000   77.0000   90.5500   84.0293
68.0000   6.0000   68.8900   4.5874
69.0000   14.0000   14.3345   44.5537
70.0000   29.0000   44.6171   23.6236
71.0000   68.0000   22.7448   74.4305
72.0000   3.0000   55.4725   44.1977
73.0000   11.0000   58.3646   55.8997
74.0000   8.0000   39.0711   16.0069
75.0000   49.0000   79.5621   68.4968
76.0000   70.0000   79.1116   54.2867
77.0000   12.0000   23.2561   44.5256
78.0000   12.0000   36.3000   67.7538
79.0000   31.0000   85.9897   28.4608
80.0000   62.0000   89.3640   74.8464
81.0000   83.0000   1.3850   10.5781
82.0000   2.0000   91.4208   33.8263
83.0000   80.0000   46.5208   86.6552
84.0000   92.0000   17.7509   3.3237
85.0000   52.0000   90.1053   94.7946
86.0000   46.0000   22.3924   64.6512
87.0000   1.0000   42.0210   61.3439
88.0000   24.0000   33.6502   71.6432
89.0000   71.0000   52.5918   37.6540
90.0000   78.0000   95.5908   75.0990
91.0000   56.0000   42.1131   81.1128
92.0000   60.0000   55.7168   32.3362
93.0000   43.0000   9.6239   11.3490
94.0000   45.0000   55.7970   87.2567
95.0000   12.0000   59.4522   74.2525
96.0000   44.0000   98.0977   45.1982
97.0000   53.0000   58.8127   14.5793
98.0000   24.0000   4.9692   41.6793
99.0000   20.0000   50.0078   10.8776
100.0000   16.0000   20.2567   70.8503
101.0000   4.0000   35.1286   79.2401
102.0000   56.0000   64.4696   32.0444
103.0000   50.0000   72.6404   35.1272
104.0000   49.0000   36.9922   6.9774
105.0000   19.0000   55.7162   79.3596
106.0000   87.0000   62.8946   65.3450
107.0000   33.0000   25.4303   25.0487
108.0000   53.0000   5.4162   45.6272
109.0000   60.0000   0.9350   10.7349
110.0000   81.0000   44.9899   51.2721
111.0000   96.0000   54.8581   41.3281
112.0000   99.0000   31.7262   55.4649
113.0000   43.0000   58.7189   35.4932
114.0000   82.0000   14.5075   96.1201
115.0000   82.0000   15.2428   85.3578
116.0000   71.0000   85.3598   68.5268
117.0000   81.0000   98.4057   74.0027
118.0000   87.0000   96.2375   63.5980
119.0000   75.0000   54.5630   32.3042
120.0000   40.0000   18.7126   60.1180
121.0000   24.0000   51.0119   42.9136
122.0000   98.0000   56.8373   82.6163
123.0000   38.0000   35.2098   72.3354
124.0000   68.0000   24.2885   35.5370
125.0000   30.0000   8.5697   46.7574
126.0000   58.0000   8.7086   87.7434
127.0000   53.0000   33.9986   80.4063
128.0000   49.0000   95.2874   91.9438
129.0000   91.0000   81.3436   80.2271
130.0000   93.0000   63.3506   1.1086
131.0000   74.0000   11.1455   51.9285
132.0000   50.0000   28.0731   44.3669
133.0000   37.0000   38.4931   70.3692
134.0000   35.0000   98.7470   85.6059
135.0000   9.0000   95.5900   29.9476
136.0000   70.0000   67.2948   95.6401
137.0000   92.0000   55.3319   76.1137
138.0000   12.0000   3.6907   18.2362
139.0000   66.0000   24.4592   94.6765
140.0000   22.0000   55.7966   33.9953
141.0000   69.0000   51.4716   83.8791
142.0000   31.0000   41.6801   65.6095
143.0000   45.0000   11.0254   81.2078
144.0000   85.0000   59.7622   9.4682
145.0000   21.0000   4.4362   29.8449
146.0000   59.0000   3.0084   1.4093
147.0000   74.0000   1.6706   95.0713
148.0000   58.0000   18.4321   44.6825
149.0000   20.0000   72.0681   42.2022
150.0000   58.0000   8.9957   72.2454
151.0000   3.0000   3.3229   30.1710
152.0000   99.0000   34.7287   31.0177
153.0000   31.0000   47.4648   63.4684
154.0000   71.0000   4.4007   53.3972
155.0000   72.0000   8.5112   54.8111
156.0000   17.0000   95.7538   98.0072
157.0000   93.0000   76.3098   23.5124
158.0000   15.0000   59.8998   90.9972
159.0000   87.0000   36.1211   79.2328
160.0000   34.0000   34.6367   66.0659
161.0000   34.0000   19.5768   74.2052
162.0000   78.0000   83.5398   83.9981
163.0000   88.0000   41.2808   40.3976
164.0000   25.0000   99.4446   41.7776
165.0000   95.0000   32.7684   58.5915
166.0000   80.0000   30.2594   33.4864
167.0000   6.0000   90.7425   41.7347
168.0000   32.0000   91.3459   55.1388
169.0000   27.0000   8.6297   24.1158
170.0000   75.0000   95.6851   3.7501
171.0000   98.0000   41.2000   61.9873
172.0000   93.0000   74.2204   42.3764
173.0000   52.0000   77.2660   78.5554
174.0000   7.0000   14.2608   60.2833
175.0000   97.0000   26.3831   60.2226
176.0000   97.0000   99.3218   48.3639
177.0000   53.0000   85.4728   42.4069
178.0000   40.0000   29.4551   66.1662
179.0000   56.0000   7.6929   99.9304
180.0000   41.0000   96.1323   22.9940
181.0000   48.0000   69.9656   53.3866
182.0000   62.0000   60.8825   81.4799
183.0000   95.0000   71.7666   79.9834
184.0000   46.0000   85.7575   93.5970
185.0000   32.0000   67.8305   79.5151
186.0000   6.0000   71.3790   35.5615
187.0000   71.0000   78.1331   50.1762
188.0000   22.0000   28.5682   72.4523
189.0000   82.0000   58.2378   99.9085
190.0000   99.0000   25.9021   80.9271
191.0000   24.0000   92.0561   72.6715
192.0000   64.0000   66.2852   46.4951
193.0000   24.0000   53.7624   33.5782
194.0000   9.0000   90.4791   38.1063
195.0000   45.0000   15.9432   34.8449
196.0000   43.0000   71.5426   22.4336
197.0000   29.0000   10.9673   14.1385
198.0000   14.0000   5.6426   57.4140
199.0000   68.0000   31.2292   38.2235
200.0000   78.0000   20.5030   78.1447
201.0000   32.0000   14.5515   13.0508
202.0000   72.0000   49.0065   56.1369
203.0000   56.0000   17.9356   10.7287
204.0000   64.0000   3.9202   49.1756
205.0000   77.0000   5.3917   18.4637
206.0000   1.0000   47.9006   2.0929
207.0000   35.0000   72.0347   81.6061
208.0000   98.0000   52.6545   46.9244
209.0000   62.0000   1.9276   81.0579
210.0000   14.0000   40.5021   0.0486
211.0000   24.0000   40.9237   94.6186
212.0000   1.0000   98.3753   74.2390
213.0000   94.0000   64.8553   8.6737
214.0000   48.0000   1.3103   18.7999
215.0000   96.0000   70.5384   55.6391
216.0000   94.0000   35.0197   71.8996
217.0000   67.0000   71.7421   29.9779
218.0000   38.0000   39.8168   3.4734
219.0000   65.0000   60.3779   23.9226
220.0000   55.0000   37.9312   52.0981
221.0000   55.0000   44.8842   16.7791
222.0000   14.0000   36.2304   95.1583
223.0000   14.0000   55.4144   34.6906
224.0000   2.0000   59.9285   95.5333
225.0000   4.0000   48.7964   32.5937
226.0000   92.0000   30.1122   55.8144
227.0000   6.0000   76.6510   52.1098
228.0000   74.0000   67.3798   5.6847
229.0000   65.0000   19.8758   77.2565
230.0000   15.0000   10.3499   49.5712
231.0000   93.0000   3.6160   30.8328
232.0000   67.0000   74.5467   10.7054
233.0000   4.0000   41.0022   14.6237
234.0000   69.0000   12.2325   79.6927
235.0000   5.0000   56.8632   20.3745
236.0000   13.0000   52.8987   79.0214
237.0000   67.0000   22.9987   36.3566
238.0000   66.0000   34.3041   37.8991
239.0000   62.0000   82.5811   34.0758
240.0000   55.0000   50.2496   24.2980
241.0000   46.0000   94.1138   85.8933
242.0000   71.0000   82.6611   74.7032
243.0000   63.0000   79.1076   43.6177
244.0000   34.0000   21.9788   62.3947
245.0000   42.0000   81.8855   8.5976
246.0000   73.0000   62.5473   10.1075
247.0000   90.0000   35.5074   7.7288
248.0000   55.0000   9.6282   97.3432
249.0000   45.0000   21.8541   34.7581
250.0000   68.0000   91.1436   68.7380
251.0000   41.0000   55.8898   12.1173
252.0000   46.0000   9.7068   28.0900
253.0000   11.0000   29.7671   55.4532
254.0000   21.0000   29.9951   31.9071
255.0000   74.0000   26.7632   77.4182
256.0000   18.0000   36.8722   2.7359
257.0000   16.0000   38.2305   96.4242
258.0000   30.0000   85.4121   13.3893
259.0000   38.0000   72.2090   28.8574
260.0000   56.0000   87.9773   92.1568
261.0000   93.0000   47.2715   63.9802
262.0000   34.0000   43.9375   96.3958
263.0000   76.0000   41.4683   42.2254
264.0000   71.0000   42.9921   15.8409
265.0000   37.0000   50.1991   40.6030
266.0000   55.0000   43.4351   97.3703
267.0000   92.0000   50.8891   92.5168
268.0000   42.0000   99.6054   50.7504
269.0000   39.0000   96.3390   83.9691
270.0000   2.0000   19.8148   25.6990
271.0000   11.0000   15.8989   92.8363
272.0000   43.0000   85.0116   94.0873
273.0000   54.0000   28.5408   2.2027
274.0000   27.0000   87.7465   11.0057
275.0000   7.0000   59.1762   17.7650
276.0000   63.0000   69.7435   76.1088
277.0000   79.0000   41.0191   39.7552
278.0000   49.0000   18.7167   87.5422
279.0000   5.0000   18.0687   21.9546
280.0000   25.0000   58.4591   96.1790
281.0000   54.0000   0.3761   13.3063
282.0000   32.0000   19.9507   9.0147
283.0000   21.0000   60.5601   47.2614
284.0000   69.0000   68.4646   13.4199
285.0000   78.0000   20.8504   62.1868
286.0000   27.0000   3.1776   3.6326
287.0000   92.0000   5.2422   72.0614
288.0000   63.0000   93.2694   93.4834
289.0000   77.0000   38.8468   31.8097
290.0000   84.0000   38.2574   47.9553
291.0000   77.0000   7.6285   33.2900
292.0000   79.0000   27.4386   2.5621
293.0000   16.0000   55.3088   40.0050
294.0000   48.0000   73.2447   35.5119
295.0000   68.0000   66.4776   97.2231
296.0000   81.0000   20.6409   11.8223
297.0000   17.0000   82.1595   82.1409
298.0000   11.0000   41.4796   1.2763
299.0000   2.0000   97.3310   45.4126
300.0000   17.0000   95.0008   99.9741
301.0000   25.0000   87.2720   5.9996
302.0000   77.0000   34.6458   29.2688
303.0000   93.0000   93.2380   77.6378
304.0000   6.0000   58.8642   32.3984
305.0000   74.0000   34.9944   69.1271
306.0000   69.0000   14.9548   4.7758
307.0000   19.0000   76.4545   75.6582
308.0000   87.0000   46.8212   65.0291
309.0000   35.0000   58.8126   78.9374
310.0000   10.0000   12.7406   23.1651
311.0000   62.0000   28.1722   32.5772
312.0000   43.0000   87.7769   11.5294
313.0000   34.0000   68.3198   45.9817
314.0000   56.0000   44.5103   69.6406
315.0000   34.0000   81.4352   82.8369
316.0000   40.0000   5.8995   38.7321
317.0000   58.0000   85.4517   36.3086
318.0000   95.0000   38.4157   29.5523
319.0000   60.0000   63.5137   64.5117
320.0000   75.0000   39.5722   61.5915
321.0000   39.0000   5.1814   44.7786
322.0000   25.0000   74.7795   39.6573
323.0000   30.0000   62.0470   12.0334
324.0000   36.0000   57.0302   18.9733
325.0000   12.0000   29.8144   80.2048
326.0000   23.0000   20.0408   78.3320
327.0000   61.0000   77.1092   66.0668
328.0000   96.0000   20.9183   16.7174
329.0000   2.0000   62.5563   8.1920
330.0000   27.0000   63.8789   75.7608
331.0000   29.0000   96.4347   51.8624
332.0000   62.0000   19.1951   48.7625
333.0000   23.0000   0.0034   35.0224
334.0000   75.0000   89.6845   59.5263
335.0000   22.0000   44.4152   40.2700
336.0000   27.0000   89.6094   8.8603
337.0000   100.0000   90.8558   52.7563
338.0000   36.0000   46.3227   17.9060
339.0000   50.0000   52.9558   27.6026
340.0000   15.0000   26.4871   56.7084
341.0000   80.0000   4.5397   30.2000
342.0000   3.0000   78.8321   52.6767
343.0000   76.0000   31.7443   85.2051
344.0000   25.0000   97.2105   51.3004
345.0000   70.0000   84.4361   11.0204
346.0000   57.0000   68.1123   40.2940
347.0000   19.0000   96.5741   69.0960
348.0000   43.0000   17.8887   73.1585
349.0000   69.0000   34.2809   10.6943
350.0000   23.0000   42.7815   23.3176
351.0000   31.0000   1.5971   52.2994
352.0000   83.0000   52.7996   29.2519
353.0000   29.0000   95.3937   83.4043
354.0000   81.0000   83.1917   63.0808
355.0000   8.0000   63.8887   41.8988
356.0000   62.0000   52.5335   41.6498
357.0000   92.0000   66.0800   21.2112
358.0000   87.0000   66.9340   97.8182
359.0000   46.0000   90.9190   73.5103
360.0000   87.0000   14.0559   15.2198
361.0000   16.0000   63.7171   59.1103
362.0000   38.0000   52.4959   53.6526
363.0000   38.0000   40.7335   13.3968
364.0000   55.0000   97.4786   23.1121
365.0000   54.0000   44.5041   59.1654
366.0000   9.0000   93.7312   71.8113
367.0000   64.0000   34.9523   68.0511
368.0000   72.0000   73.8202   25.0307
369.0000   79.0000   72.0267   11.6966
370.0000   13.0000   14.0892   86.3167
371.0000   74.0000   87.1702   23.9417
372.0000   41.0000   84.9638   99.6676
373.0000   90.0000   5.7215   85.6971
374.0000   37.0000   41.9614   6.6531
375.0000   49.0000   80.3512   70.4534
376.0000   42.0000   69.4423   77.1163
377.0000   18.0000   93.9095   86.1913
378.0000   61.0000   30.2833   1.3078
379.0000   76.0000   51.3732   90.1146
380.0000   73.0000   45.9132   8.5956
381.0000   39.0000   34.2135   14.3953
382.0000   31.0000   21.3733   6.9459
383.0000   62.0000   44.6942   28.5157
384.0000   63.0000   36.3750   21.5732
385.0000   83.0000   9.7571   25.1438
386.0000   39.0000   13.6788   41.6166
387.0000   51.0000   65.5144   26.8366
388.0000   46.0000   50.2188   38.6102
389.0000   36.0000   0.8258   39.6533
390.0000   18.0000   14.4712   39.9952
391.0000   43.0000   2.8463   83.6945
392.0000   23.0000   92.6282   86.7650
393.0000   62.0000   28.3082   69.8193
394.0000   93.0000   45.0417   82.8632
395.0000   6.0000   63.0466   63.4011
396.0000   52.0000   25.1038   59.6660
397.0000   95.0000   95.3672   70.4162
398.0000   87.0000   10.1628   14.3839
399.0000   61.0000   66.2339   33.3876
400.0000   84.0000   63.7551   26.4087
401.0000   60.0000   64.6391   36.9100
402.0000   4.0000   11.2587   9.2785
403.0000   75.0000   63.4342   17.3069
404.0000   12.0000   72.6226   60.9056
405.0000   58.0000   64.4323   38.5923
406.0000   69.0000   3.6766   95.7512
407.0000   72.0000   15.8141   36.2771
408.0000   86.0000   67.2153   58.5451
409.0000   10.0000   70.9086   13.8476
410.0000   5.0000   94.8293   94.9719
411.0000   42.0000   24.4420   89.1452
412.0000   34.0000   45.8353   30.9123
413.0000   63.0000   42.3994   75.7838
414.0000   15.0000   53.8097   43.9328
415.0000   93.0000   49.3075   56.2498
416.0000   63.0000   83.5902   76.5491
417.0000   2.0000   23.0420   78.9288
418.0000   41.0000   61.2200   17.6788
419.0000   7.0000   46.5355   54.7262
420.0000   5.0000   10.6739   94.6779
421.0000   93.0000   0.4938   69.9865
422.0000   60.0000   39.6329   22.2018
423.0000   43.0000   17.4117   79.5870
424.0000   63.0000   16.2151   24.1764
425.0000   71.0000   65.3327   62.5890
426.0000   25.0000   19.5324   59.8498
427.0000   65.0000   55.4881   29.7624
428.0000   46.0000   95.5313   26.0529
429.0000   33.0000   90.3281   72.3742
430.0000   82.0000   26.9386   0.2069
431.0000   54.0000   98.7315   82.8117
432.0000   40.0000   78.3135   74.5148
433.0000   66.0000   48.0483   99.0575
434.0000   83.0000   52.6485   82.8113
435.0000   17.0000   19.6388   13.5324
436.0000   63.0000   90.0753   35.6555
437.0000   52.0000   6.4717   17.6522
438.0000   50.0000   79.0891   41.3019
439.0000   86.0000   52.8773   4.5410
440.0000   85.0000   28.4837   35.0718
441.0000   17.0000   85.3783   84.9512
442.0000   43.0000   28.2948   9.0261
443.0000   25.0000   49.3892   90.1785
444.0000   32.0000   58.1574   99.4386
445.0000   16.0000   88.7879   0.4714
446.0000   21.0000   74.5370   19.8697
447.0000   56.0000   62.2050   7.9228
448.0000   87.0000   32.1436   34.3964
449.0000   22.0000   36.4280   65.6541
450.0000   33.0000   20.5749   90.2662
451.0000   30.0000   60.0806   68.8571
452.0000   27.0000   52.6148   56.8734
453.0000   41.0000   92.5762   83.2798
454.0000   77.0000   4.8343   32.7625
455.0000   46.0000   62.7830   7.5344
456.0000   9.0000   62.9462   84.5354
457.0000   92.0000   53.2859   49.0599
458.0000   26.0000   76.9881   69.3288
459.0000   20.0000   83.0721   49.9378
460.0000   90.0000   13.9782   1.6570
461.0000   84.0000   82.6463   91.2491
462.0000   1.0000   4.4904   3.9208
463.0000   16.0000   1.5991   26.2197
464.0000   87.0000   2.1557   12.6604
465.0000   92.0000   57.1912   99.2803
466.0000   55.0000   90.9371   12.4080
467.0000   32.0000   85.8349   87.2359
468.0000   50.0000   63.7605   39.9945
469.0000   86.0000   80.1414   57.2399
470.0000   39.0000   1.5608   21.4755
471.0000   33.0000   13.2659   88.4407
472.0000   82.0000   76.3175   81.3131
473.0000   59.0000   13.5829   4.8650
474.0000   63.0000   2.4331   92.2083
475.0000   68.0000   43.4650   80.9764
476.0000   69.0000   21.7277   46.7344
477.0000   22.0000   47.3100   84.2567
478.0000   77.0000   7.1031   52.7100
479.0000   67.0000   87.3146   95.6390
480.0000   13.0000   94.8502   66.4497
481.0000   93.0000   21.3574   17.4919
482.0000   66.0000   39.7422   28.5543
483.0000   46.0000   32.6501   26.7661
484.0000   91.0000   64.9168   81.2746
485.0000   35.0000   87.0985   44.6494
486.0000   67.0000   42.3545   60.5863
487.0000   44.0000   66.7854   51.0165
488.0000   87.0000   61.7217   88.2885
489.0000   14.0000   80.1611   15.6766
490.0000   54.0000   98.9795   47.3513
491.0000   90.0000   71.2549   17.3675
492.0000   59.0000   46.9662   47.7960
493.0000   31.0000   91.4983   29.3833
494.0000   75.0000   77.4830   89.6371
495.0000   67.0000   46.5761   20.6078
496.0000   62.0000   3.4025   23.7250
497.0000   90.0000   47.7856   36.4959
498.0000   33.0000   65.5163   7.8418
499.0000   34.0000   19.3798   12.7756
500.0000   19.0000   44.2576   77.1231
501.0000   30.0000   73.3852   73.7664
502.0000   20.0000   35.4456   79.7627
503.0000   13.0000   30.0608   57.8613
504.0000   48.0000   56.8283   83.6698
505.0000   3.0000   11.8833   76.4024
506.0000   88.0000   81.9404   45.7086
507.0000   34.0000   46.9413   75.9853
508.0000   73.0000   33.8559   9.4561
509.0000   62.0000   73.3085   95.4780
510.0000   34.0000   58.1575   76.6965
511.0000   68.0000   77.3547   69.2239
512.0000   74.0000   52.6007   79.6484
513.0000   60.0000   90.3299   49.5259
514.0000   50.0000   94.1423   60.0503
515.0000   14.0000   88.5678   20.3783
516.0000   40.0000   80.6251   46.7820
517.0000   32.0000   31.0737   80.1233
518.0000   44.0000   83.7270   87.7705
519.0000   76.0000   11.2887   75.6639
520.0000   59.0000   31.9930   39.7173
521.0000   97.0000   11.0796   37.8020
522.0000   3.0000   54.4892   64.4284
523.0000   100.0000   46.4102   39.4187
524.0000   76.0000   17.2240   50.7398
525.0000   45.0000   76.0573   36.2344
526.0000   72.0000   53.7620   39.5011
527.0000   29.0000   66.9440   87.8540
528.0000   52.0000   10.5954   80.8682
529.0000   49.0000   22.8558   26.0789
530.0000   13.0000   22.8407   46.4216
531.0000   6.0000   78.5473   11.2787
532.0000   60.0000   45.1941   84.1911
533.0000   16.0000   80.7892   27.1337
534.0000   58.0000   21.4098   60.7709
535.0000   92.0000   48.8587   12.0774
536.0000   84.0000   99.9724   24.9461
537.0000   68.0000   90.2100   38.6004
538.0000   69.0000   88.7607   95.1214
539.0000   100.0000   33.8913   12.0359
540.0000   64.0000   98.3441   77.5983
541.0000   98.0000   44.3824   68.6893
542.0000   98.0000   76.9440   94.7194
543.0000   31.0000   18.2246   8.2037
544.0000   4.0000   95.3151   84.0461
545.0000   82.0000   78.8419   48.5913
546.0000   12.0000   93.9332   96.6687
547.0000   91.0000   44.4412   50.0549
548.0000   43.0000   64.1150   17.6947
549.0000   16.0000   99.5580   7.8876
550.0000   91.0000   20.2866   14.4721
551.0000   33.0000   81.5216   9.1538
552.0000   41.0000   87.7488   1.4325
553.0000   44.0000   13.0369   84.0297
554.0000   16.0000   59.2397   42.3484
555.0000   75.0000   0.3261   97.5517
556.0000   99.0000   51.6920   76.2897
557.0000   84.0000   88.6016   48.2334
558.0000   75.0000   14.5111   90.5298
559.0000   88.0000   29.8379   55.7327
560.0000   27.0000   83.9520   10.7580
561.0000   52.0000   8.6010   69.6621
562.0000   34.0000   60.6909   48.5190
563.0000   12.0000   65.7431   93.3344
564.0000   19.0000   41.0852   91.4157
565.0000   57.0000   98.5922   9.1940
566.0000   8.0000   75.5564   83.7848
567.0000   85.0000   9.5863   81.8387
568.0000   54.0000   78.1134   16.2701
569.0000   76.0000   34.6884   80.9299
570.0000   72.0000   1.3354   21.3895
571.0000   84.0000   5.3821   22.8802
572.0000   96.0000   73.0619   70.5140
573.0000   46.0000   85.5856   98.4347
574.0000   16.0000   28.9198   56.7566
575.0000   96.0000   44.4078   53.6583
576.0000   28.0000   59.2377   22.3883
577.0000   87.0000   18.0395   89.9284
578.0000   9.0000   34.6691   96.3658
579.0000   77.0000   53.5658   54.6392
580.0000   53.0000   15.3809   77.8903
581.0000   20.0000   77.5009   65.4920
582.0000   75.0000   72.4985   87.9008
583.0000   3.0000   4.3097   47.2204
584.0000   88.0000   37.3057   71.6811
585.0000   61.0000   86.7269   7.0588
586.0000   58.0000   60.5185   78.3709
587.0000   71.0000   58.0986   33.0425
588.0000   57.0000   70.6403   27.7323
589.0000   25.0000   26.0087   33.8725
590.0000   86.0000   81.3536   40.1095
591.0000   43.0000   53.7517   72.9142
592.0000   19.0000   47.4032   6.0121
593.0000   53.0000   99.8144   66.3880
594.0000   95.0000   19.8289   10.5602
595.0000   12.0000   4.2074   50.0919
596.0000   82.0000   26.1095   76.1922
597.0000   40.0000   63.8983   72.6541
598.0000   1.0000   51.3587   41.6326
599.0000   16.0000   20.3422   11.1639
600.0000   65.0000   31.7162   73.9988
601.0000   40.0000   45.9943   43.0969
602.0000   50.0000   11.6615   0.2890
603.0000   36.0000   47.4175   13.8778
604.0000   13.0000   99.5182   25.4846
605.0000   79.0000   7.7751   20.1388
606.0000   42.0000   19.1647   47.1979
607.0000   56.0000   34.5739   18.3834
608.0000   63.0000   19.8099   93.7455
609.0000   71.0000   48.4990   77.4425
610.0000   39.0000   92.2189   25.1580
611.0000   83.0000   46.9733   85.2986
612.0000   29.0000   39.1773   21.4165
613.0000   91.0000   2.3462   73.8551
614.0000   89.0000   12.6913   29.0602
615.0000   10.0000   82.0625   99.1006
616.0000   83.0000   83.8823   48.4929
617.0000   64.0000   33.8312   11.4223
618.0000   12.0000   39.6749   14.4418
619.0000   91.0000   86.2491   62.7168
620.0000   60.0000   57.7863   71.5816
621.0000   90.0000   61.5809   7.4748
622.0000   82.0000   92.3021   33.5368
623.0000   39.0000   17.2354   54.3280
624.0000   72.0000   48.2953   96.1171
625.0000   40.0000   10.2486   62.0350
626.0000   64.0000   96.0961   17.1915
627.0000   47.0000   27.9838   85.2063
628.0000   88.0000   7.7936   41.2165
629.0000   34.0000   4.9908   16.2154
630.0000   33.0000   93.5384   72.3339
631.0000   19.0000   68.5716   32.6112
632.0000   77.0000   80.8094   1.4149
633.0000   76.0000   44.2841   59.9528
634.0000   59.0000   86.6315   14.4952
635.0000   57.0000   9.1069   77.3441
636.0000   25.0000   6.7133   50.4322
637.0000   5.0000   26.9162   58.0490
638.0000   91.0000   50.8593   4.9924
639.0000   46.0000   26.9562   76.5491
640.0000   68.0000   37.3742   99.4897
641.0000   30.0000   21.2375   14.2384
642.0000   33.0000   16.7817   79.6053
643.0000   52.0000   83.4408   21.7017
644.0000   69.0000   98.7765   29.3924
645.0000   16.0000   5.2042   30.8616
646.0000   38.0000   42.5690   86.8663
647.0000   23.0000   32.3825   90.5771
648.0000   4.0000   46.8472   12.5322
649.0000   99.0000   69.8111   9.4827
650.0000   52.0000   47.5401   34.5072
651.0000   68.0000   10.9818   11.8243
652.0000   73.0000   27.0270   72.3571
653.0000   99.0000   7.2496   46.6118
654.0000   98.0000   16.7152   24.4652
655.0000   39.0000   43.9567   87.0664
656.0000   70.0000   76.6749   37.7038
657.0000   82.0000   32.8435   84.9462
658.0000   6.0000   71.7916   87.5838
659.0000   74.0000   6.3493   53.2505
660.0000   18.0000   47.2468   2.1128
661.0000   66.0000   10.3509   17.5559
662.0000   88.0000   97.7184   48.7972
663.0000   27.0000   66.6993   85.6612
664.0000   91.0000   34.1398   15.0557
665.0000   20.0000   79.3676   33.4951
666.0000   6.0000   7.8410   22.3125
667.0000   47.0000   59.6690   66.1473
668.0000   51.0000   68.9446   82.7218
669.0000   86.0000   18.3382   18.8848
670.0000   90.0000   49.5672   5.9835
671.0000   55.0000   18.0069   92.3729
672.0000   83.0000   87.2347   51.9781
673.0000   94.0000   73.6730   4.3894
674.0000   56.0000   46.9934   47.2587
675.0000   72.0000   59.2917   15.4510
676.0000   20.0000   96.2118   0.5473
677.0000   20.0000   30.2429   49.2404
678.0000   15.0000   66.3887   99.2890
679.0000   15.0000   10.8981   46.3385
680.0000   6.0000   23.7544   8.8210
681.0000   50.0000   82.5771   80.4904
682.0000   71.0000   3.4459   64.5973
683.0000   12.0000   98.6705   48.5058
684.0000   94.0000   82.7462   30.0854
685.0000   23.0000   81.2257   93.5950
686.0000   92.0000   45.1870   42.8144
687.0000   14.0000   63.6349   37.9927
688.0000   20.0000   23.6537   0.8953
689.0000   15.0000   15.6456   23.9529
690.0000   59.0000   94.3381   29.1693
691.0000   86.0000   70.1947   55.3027
692.0000   71.0000   74.2242   87.3480
693.0000   36.0000   74.4481   79.9587
694.0000   28.0000   84.2157   80.6275
695.0000   8.0000   54.8397   51.4510
696.0000   13.0000   35.5551   41.2927
697.0000   10.0000   77.1499   39.7567
698.0000   33.0000   61.5317   57.9842
699.0000   15.0000   17.8447   5.6564
700.0000   95.0000   60.8472   15.3653
701.0000   64.0000   3.1337   57.4919
702.0000   28.0000   9.8336   14.7244
703.0000   32.0000   37.1922   84.3135
704.0000   51.0000   23.4751   49.1376
705.0000   38.0000   65.3135   59.1764
706.0000   8.0000   45.5782   29.3654
707.0000   93.0000   62.5618   21.3422
708.0000   93.0000   37.4532   45.0391
709.0000   91.0000   67.5543   41.8617
710.0000   20.0000   39.7590   52.0143
711.0000   34.0000   48.0879   9.1445
712.0000   6.0000   6.5184   36.0990
713.0000   42.0000   13.6374   29.0974
714.0000   35.0000   6.7358   25.1943
715.0000   11.0000   27.1758   84.5088
716.0000   39.0000   22.0054   41.4172
717.0000   10.0000   8.3866   14.6010
718.0000   61.0000   10.5898   84.7299
719.0000   5.0000   85.4522   89.4892
720.0000   67.0000   35.6719   20.5449
721.0000   4.0000   5.9183   92.8656
722.0000   53.0000   16.7158   30.4522
723.0000   20.0000   77.4882   37.9725
724.0000   7.0000   23.4206   22.3378
725.0000   5.0000   16.7382   92.2538
726.0000   20.0000   21.9164   54.2205
727.0000   72.0000   31.9855   67.7110
728.0000   36.0000   64.8451   11.4695
729.0000   79.0000   7.9546   45.1073
730.0000   80.0000   8.9975   61.8572
731.0000   33.0000   41.7067   67.4168
732.0000   11.0000   48.0116   42.6502
733.0000   97.0000   60.2215   54.6742
734.0000   24.0000   70.0156   17.6906
735.0000   72.0000   72.9475   16.6435
736.0000   87.0000   21.0304   32.3344
737.0000   96.0000   25.2748   54.6276
738.0000   42.0000   99.1422   88.2257
739.0000   20.0000   29.5891   82.6685
740.0000   68.0000   90.9432   60.7218
741.0000   58.0000   19.7731   14.1492
742.0000   48.0000   35.5136   54.0505
743.0000   55.0000   83.1146   68.0082
744.0000   16.0000   27.9582   56.9680
745.0000   70.0000   37.0339   26.4495
746.0000   66.0000   80.8142   63.0077
747.0000   56.0000   20.2073   14.5146
748.0000   80.0000   69.7328   41.6669
749.0000   10.0000   38.6943   52.1288
750.0000   1.0000   30.5952   80.4544
751.0000   96.0000   36.5937   71.9934
752.0000   92.0000   51.6428   12.2305
753.0000   66.0000   97.6043   44.5240
754.0000   49.0000   20.6334   7.0925
755.0000   54.0000   43.0049   58.7511
756.0000   86.0000   47.4101   44.4219
757.0000   22.0000   78.1131   44.1894
758.0000   59.0000   92.6969   99.4075
759.0000   10.0000   66.3057   19.7208
760.0000   4.0000   53.5120   62.1209
761.0000   94.0000   85.1441   47.8069
762.0000   43.0000   94.8205   14.0237
763.0000   95.0000   49.5269   73.8557
764.0000   87.0000   45.9468   33.4792
765.0000   67.0000   1.0488   38.1674
766.0000   31.0000   45.5267   13.7651
767.0000   62.0000   12.2083   53.5032
768.0000   38.0000   57.9378   79.8816
769.0000   20.0000   28.8195   6.4389
770.0000   97.0000   48.9907   73.4430
771.0000   90.0000   9.6249   33.5206
772.0000   32.0000   7.6470   76.7274
773.0000   68.0000   63.8428   31.0995
774.0000   31.0000   58.5975   87.3350
775.0000   83.0000   50.4403   88.7123
776.0000   91.0000   97.7158   34.8615
777.0000   73.0000   67.3106   61.9592
778.0000   75.0000   39.8763   7.7271
779.0000   7.0000   26.4056   73.8827
780.0000   37.0000   98.5093   42.5122
781.0000   89.0000   78.9333   66.0037
782.0000   11.0000   1.8935   70.6742
783.0000   66.0000   39.8856   29.5634
784.0000   18.0000   49.7500   96.5669
785.0000   2.0000   28.4429   43.1094
786.0000   54.0000   43.4566   61.9618
787.0000   93.0000   10.9447   24.6934
788.0000   72.0000   89.9443   22.7718
789.0000   79.0000   87.6177   92.5166
790.0000   11.0000   79.4273   63.1406
791.0000   64.0000   92.2611   62.3159
792.0000   54.0000   32.8369   61.1335
793.0000   91.0000   54.4612   62.1632
794.0000   28.0000   37.0374   61.4041
795.0000   37.0000   78.7898   97.6502
796.0000   72.0000   8.9134   73.7925
797.0000   58.0000   6.2154   14.3154
798.0000   91.0000   94.3203   95.5624
799.0000   62.0000   1.4240   42.7316
800.0000   45.0000   52.4482   70.4411
801.0000   42.0000   98.1060   8.1315
802.0000   39.0000   28.5044   4.7945
803.0000   59.0000   33.1899   69.5603
804.0000   17.0000   13.7813   6.7247
805.0000   30.0000   73.5404   39.9754
806.0000   91.0000   38.8256   6.9612
807.0000   90.0000   45.8601   21.4217
808.0000   31.0000   6.3272   60.6710
809.0000   84.0000   77.0996   24.8298
810.0000   92.0000   61.1955   89.5422
811.0000   51.0000   89.7328   67.0005
812.0000   10.0000   41.7185   75.6438
813.0000   17.0000   66.2295   63.3280
814.0000   68.0000   84.1906   25.9021
815.0000   29.0000   72.2465   81.3690
816.0000   54.0000   18.7208   89.6808
817.0000   77.0000   19.9013   31.9282
818.0000   22.0000   79.2584   82.0617
819.0000   87.0000   83.0384   74.7490
820.0000   88.0000   57.0267   94.9641
821.0000   41.0000   65.8650   23.3125
822.0000   58.0000   51.6383   72.1622
823.0000   85.0000   54.2921   48.7561
824.0000   19.0000   96.0961   81.0287
825.0000   62.0000   95.3211   65.3058
826.0000   87.0000   47.7833   32.1439
827.0000   93.0000   63.7661   76.7268
828.0000   71.0000   83.2946   97.0356
829.0000   7.0000   95.0582   19.8026
830.0000   57.0000   86.8569   18.4878
831.0000   25.0000   3.4238   67.0790
832.0000   55.0000   22.9304   75.8924
833.0000   10.0000   97.4334   40.5004
834.0000   98.0000   19.9390   81.1330
835.0000   68.0000   18.2963   48.2035
836.0000   45.0000   32.9131   33.9448
837.0000   89.0000   94.4542   62.2700
838.0000   46.0000   69.9323   36.6208
839.0000   80.0000   89.1324   40.2925
840.0000   82.0000   37.5273   20.2848
841.0000   70.0000   27.1653   67.7364
842.0000   92.0000   27.2457   82.5164
843.0000   65.0000   19.6451   23.9357
844.0000   15.0000   58.4052   3.6337
845.0000   43.0000   83.6713   61.5232
846.0000   13.0000   94.6163   26.0350
847.0000   3.0000   83.7127   84.2457
848.0000   76.0000   9.2522   5.0683
849.0000   55.0000   60.2295   29.5983
850.0000   97.0000   33.8507   74.8804
851.0000   9.0000   18.7653   65.0567
852.0000   1.0000   18.1656   65.6746
853.0000   27.0000   37.8595   37.4503
854.0000   96.0000   37.3357   69.5269
855.0000   63.0000   63.6888   4.9973
856.0000   92.0000   1.2742   49.1528
857.0000   34.0000   69.3907   17.0617
858.0000   8.0000   28.1380   77.9920
859.0000   70.0000   94.6955   52.3253
860.0000   70.0000   99.2580   51.8666
861.0000   32.0000   32.9859   88.9879
862.0000   25.0000   76.8893   34.8506
863.0000   38.0000   25.6558   56.2319
864.0000   41.0000   93.0416   39.2957
865.0000   40.0000   53.6134   17.1797
866.0000   69.0000   11.1274   44.4002
867.0000   87.0000   22.2611   19.9341
868.0000   26.0000   1.7337   73.4097
869.0000   100.0000   73.0548   71.8632
870.0000   16.0000   74.0724   81.6156
871.0000   62.0000   13.4479   7.6925
872.0000   71.0000   12.9676   13.0664
873.0000   57.0000   35.6029   66.4412
874.0000   96.0000   39.3662   79.4218
875.0000   37.0000   13.8299   57.8444
876.0000   90.0000   4.5911   38.5195
877.0000   49.0000   75.0704   91.1932
878.0000   92.0000   37.0914   51.9882
879.0000   29.0000   71.1733   35.6270
880.0000   45.0000   1.0225   63.0533
881.0000   15.0000   21.4318   96.8336
882.0000   63.0000   42.7800   4.5128
883.0000   9.0000   77.0765   67.3052
884.0000   96.0000   81.1033   38.8506
885.0000   60.0000   42.5870   99.4614
886.0000   6.0000   73.5394   43.7815
887.0000   45.0000   45.3964   46.2246
888.0000   72.0000   66.3440   32.2606
889.0000   24.0000   76.6203   18.3003
890.0000   34.0000   66.3222   75.6067
891.0000   49.0000   34.7833   19.5039
892.0000   31.0000   87.1063   7.9961
893.0000   84.0000   80.6957   63.9669
894.0000   10.0000   54.0348   60.5688
895.0000   18.0000   43.7838   41.1666
896.0000   19.0000   56.9402   22.9140
897.0000   9.0000   17.7242   27.1633
898.0000   6.0000   12.3812   21.5615
899.0000   46.0000   48.2618   63.2164
900.0000   35.0000   99.5698   61.8813
901.0000   82.0000   96.1451   56.7192
902.0000   86.0000   5.0524   25.6121
903.0000   24.0000   87.7115   89.2463
904.0000   72.0000   98.3410   27.8938
905.0000   60.0000   47.9604   8.6751
906.0000   96.0000   40.6454   48.3916
907.0000   78.0000   73.8620   20.2751
908.0000   15.0000   49.9025   68.0852
909.0000   39.0000   98.8563   42.5918
910.0000   63.0000   49.5107   64.5152
911.0000   81.0000   21.3622   91.5896
912.0000   13.0000   28.1221   32.8188
913.0000   29.0000   36.5373   89.5949
914.0000   26.0000   25.1663   90.1375
915.0000   42.0000   59.9827   31.2357
916.0000   94.0000   32.2614   68.8897
917.0000   91.0000   86.4973   81.3945
918.0000   61.0000   74.9403   44.5603
919.0000   53.0000   32.4253   15.8106
920.0000   68.0000   7.8646   69.4010
921.0000   39.0000   31.5608   90.8700
922.0000   23.0000   86.1156   62.3822
923.0000   65.0000   87.2923   4.8006
924.0000   86.0000   18.4559   70.0851
925.0000   70.0000   16.1630   24.3390
926.0000   82.0000   16.7311   80.1565
927.0000   13.0000   64.4010   64.8827
928.0000   26.0000   91.2173   16.7036
929.0000   4.0000   24.4876   13.8968
930.0000   11.0000   28.7958   25.6597
931.0000   84.0000   61.9631   17.6724
932.0000   89.0000   59.8344   98.2003
933.0000   52.0000   18.6134   78.4650
934.0000   94.0000   63.5981   21.4937
935.0000   35.0000   38.4920   71.7518
936.0000   79.0000   50.3762   10.9140
937.0000   86.0000   89.6923   78.6833
938.0000   50.0000   36.7067   18.2971
939.0000   87.0000   35.4353   35.0971
940.0000   90.0000   73.8601   68.2986
941.0000   19.0000   99.6879   55.2390
942.0000   87.0000   94.7304   83.0565
943.0000   78.0000   51.0156   66.9939
944.0000   64.0000   99.0946   43.8376
945.0000   69.0000   51.6504   54.7144
946.0000   94.0000   58.6279   11.2541
947.0000   52.0000   77.2996   63.3013
948.0000   18.0000   40.4687   15.7148
949.0000   57.0000   73.8200   33.1784
950.0000   21.0000   32.4551   51.0859
951.0000   77.0000   57.2145   68.3991
952.0000   17.0000   7.9516   93.3598
953.0000   68.0000   20.7773   18.1780
954.0000   32.0000   68.6131   86.6671
955.0000   37.0000   42.1447   14.8385
956.0000   51.0000   93.9893   55.0341
957.0000   1.0000   27.3783   58.9884
958.0000   54.0000   51.3270   85.4662
959.0000   56.0000   94.7351   31.4344
960.0000   27.0000   42.2260   51.8228
961.0000   2.0000   92.7199   1.2887
962.0000   43.0000   78.8921   94.3889
963.0000   31.0000   37.0361   95.9076
964.0000   85.0000   75.8597   10.8189
965.0000   80.0000   6.2915   99.2188
966.0000   39.0000   75.3011   87.4403
967.0000   3.0000   15.2780   0.9350
968.0000   8.0000   58.3386   20.5053
969.0000   3.0000   77.2973   12.5904
970.0000   15.0000   36.7855   81.9190
971.0000   98.0000   13.9711   35.5910
972.0000   13.0000   13.0720   40.2765
973.0000   62.0000   0.7853   48.6966
974.0000   10.0000   10.6650   44.4999
975.0000   2.0000   2.5117   65.3142
976.0000   17.0000   45.7351   84.6362
977.0000   95.0000   64.7174   67.6783
978.0000   26.0000   5.6526   98.0353
979.0000   85.0000   6.3233   71.9622
980.0000   76.0000   50.9051   6.7047
981.0000   71.0000   30.6925   4.9939
982.0000   84.0000   56.4941   43.7967
983.0000   54.0000   96.1207   64.9521
984.0000   44.0000   90.2856   24.9630
985.0000   15.0000   16.7042   65.1998
986.0000   80.0000   65.8781   43.7500
987.0000   87.0000   35.9024   32.2824
988.0000   14.0000   47.5178   32.1065
989.0000   37.0000   38.2524   49.2676
990.0000   34.0000   27.3269   37.9705
991.0000   30.0000   49.8476   75.0951
992.0000   84.0000   7.7485   81.3952
993.0000   57.0000   37.9207   97.4264
994.0000   70.0000   67.7885   10.5968
995.0000   51.0000   3.2765   58.8325
996.0000   82.0000   21.7707   71.3210
997.0000   68.0000   53.0843   31.4355
998.0000   18.0000   80.9802   17.1788
999.0000   68.0000   33.0231   41.9712
1000.0000   34.0000   41.9773   43.0565
