0.0000   0.0000   0.0000   0.0000
1.0000   135.0000   10.3508   42.9912
2.0000   134.0000   21.7062   13.6410
3.0000   144.0000   30.9540   9.2025
4.0000   118.0000   9.7045   8.0682
5.0000   95.0000   9.0150   30.3257
6.0000   76.0000   32.1412   10.3297
7.0000   133.0000   45.6672   8.1720
8.0000   80.0000   41.3162   36.2441
9.0000   145.0000   21.2243   9.6431
10.0000   85.0000   7.3908   13.9127
11.0000   121.0000   16.4830   5.2615
12.0000   133.0000   18.9007   34.9977
13.0000   142.0000   37.5416   19.5339
14.0000   90.0000   34.4720   47.1380
15.0000   60.0000   31.1700   2.4965
16.0000   99.0000   40.6292   25.1347
17.0000   88.0000   34.4065   20.5945
18.0000   109.0000   47.4151   47.1860
19.0000   134.0000   45.6455   15.5917
20.0000   132.0000   41.0102   29.6412
21.0000   112.0000   44.2635   17.2282
22.0000   123.0000   44.6009   39.1758
23.0000   123.0000   49.4182   6.4742
24.0000   140.0000   0.0379   23.1944
25.0000   119.0000   43.5469   38.8708
26.0000   127.0000   5.3741   11.3205
27.0000   81.0000   5.4603   47.8438
28.0000   87.0000   34.2336   26.5670
29.0000   140.0000   33.8146   15.8596
30.0000   116.0000   5.3012   7.5939
31.0000   97.0000   9.0343   31.4125
32.0000   87.0000   35.6593   18.9399
33.0000   138.0000   33.9070   26.8280
34.0000   96.0000   1.2477   23.1508
35.0000   149.0000   35.4703   8.9590
36.0000   135.0000   37.3341   42.2068
37.0000   148.0000   23.0306   10.9533
38.0000   113.0000   31.4343   44.2349
39.0000   149.0000   20.3081   24.7348
40.0000   113.0000   1.8178   20.3168
41.0000   95.0000   34.8185   26.8817
42.0000   86.0000   43.9305   2.0391
43.0000   147.0000   41.7699   34.0586
44.0000   83.0000   10.1251   27.5407
45.0000   67.0000   15.7473   42.3597
46.0000   128.0000   30.4513   46.4604
47.0000   149.0000   38.7816   3.9766
48.0000   70.0000   0.7686   11.9313
49.0000   80.0000   43.6262   47.5570
50.0000   75.0000   34.1547   25.4247
51.0000   72.0000   16.8399   48.2513
52.0000   138.0000   4.4557   27.5858
53.0000   143.0000   13.6547   16.9235
54.0000   77.0000   5.1530   31.7637
55.0000   71.0000   32.4316   43.1167
56.0000   63.0000   13.9141   47.2047
57.0000   73.0000   42.1413   47.3492
58.0000   62.0000   8.8862   33.7173
59.0000   74.0000   27.6679   20.6091
60.0000   88.0000   42.1463   3.0346
61.0000   104.0000   42.8628   43.6662
62.0000   106.0000   36.6142   29.7082
63.0000   101.0000   29.5592   16.5752
64.0000   64.0000   11.8492   11.5829
65.0000   142.0000   46.9332   48.5499
66.0000   127.0000   14.2087   24.2562
67.0000   131.0000   48.6014   7.1437
68.0000   133.0000   0.0181   10.7724
69.0000   129.0000   47.7187   15.5132
70.0000   74.0000   31.2402   11.9502
71.0000   146.0000   29.6870   48.7004
72.0000   121.0000   31.2973   11.1125
73.0000   147.0000   18.1743   45.5054
74.0000   93.0000   38.8801   21.8348
75.0000   105.0000   16.5545   35.5310
76.0000   106.0000   12.3249   31.5428
77.0000   146.0000   8.4894   18.7673
78.0000   142.0000   3.7439   24.6305
79.0000   87.0000   14.7300   42.7895
80.0000   82.0000   10.1089   24.0246
81.0000   111.0000   23.8035   29.9543
82.0000   123.0000   14.3119   47.2886
83.0000   107.0000   48.2372   12.3235
84.0000   137.0000   22.6708   48.7524
85.0000   109.0000   31.6358   6.6109
86.0000   78.0000   28.0613   33.7937
87.0000   102.0000   6.3725   27.1758
88.0000   134.0000   5.9157   45.3426
89.0000   103.0000   20.4468   26.0697
90.0000   83.0000   36.9299   47.5961
91.0000   94.0000   17.4262   47.5222
92.0000   101.0000   15.2794   14.8971
93.0000   101.0000   18.6784   20.2953
94.0000   139.0000   2.8007   8.7433
95.0000   126.0000   20.2114   19.2757
96.0000   129.0000   34.6538   38.3064
97.0000   101.0000   38.5020   3.8061
98.0000   134.0000   24.7877   10.3003
99.0000   103.0000   31.5403   22.9921
100.0000   93.0000   25.7378   30.1934
101.0000   66.0000   4.0407   25.4333
102.0000   60.0000   34.7892   32.3362
103.0000   138.0000   48.8033   13.2354
104.0000   104.0000   18.8240   26.2757
105.0000   70.0000   26.6849   34.0782
106.0000   125.0000   4.2503   39.7364
107.0000   115.0000   25.5799   22.7140
108.0000   66.0000   12.1047   16.5949
109.0000   87.0000   45.7765   2.1615
110.0000   111.0000   5.2931   11.3319
111.0000   120.0000   39.3165   44.1678
112.0000   88.0000   17.0836   23.6772
113.0000   86.0000   5.3506   8.6919
114.0000   122.0000   1.6336   3.4844
115.0000   148.0000   11.1268   6.6350
116.0000   81.0000   49.2915   17.3105
117.0000   138.0000   48.3912   3.1171
118.0000   102.0000   44.5033   7.0825
119.0000   140.0000   3.7163   46.6103
120.0000   105.0000   44.4596   32.9600
121.0000   134.0000   24.1707   49.0811
122.0000   103.0000   12.8152   17.3319
123.0000   76.0000   15.8024   32.1426
124.0000   76.0000   14.6278   2.5780
125.0000   133.0000   11.5719   47.2452
126.0000   110.0000   22.9541   32.7207
127.0000   63.0000   47.3674   14.4525
128.0000   126.0000   43.0022   18.3720
129.0000   120.0000   39.8513   11.7414
130.0000   74.0000   6.5385   30.7666
131.0000   89.0000   3.5201   1.7891
132.0000   141.0000   46.4931   17.7537
133.0000   86.0000   37.5360   49.3435
134.0000   123.0000   20.4903   45.0384
135.0000   70.0000   32.1385   10.6644
136.0000   147.0000   26.2994   44.7801
137.0000   86.0000   42.8657   35.0937
138.0000   68.0000   29.5096   24.9386
139.0000   127.0000   14.1236   32.2420
140.0000   128.0000   37.5372   33.0973
141.0000   61.0000   7.4042   22.3844
142.0000   129.0000   46.1323   11.2808
143.0000   114.0000   39.1020   32.1087
144.0000   62.0000   26.2177   2.9621
145.0000   99.0000   39.9173   33.7013
146.0000   97.0000   4.6622   49.5392
147.0000   64.0000   43.9056   32.5319
148.0000   133.0000   31.7687   20.1655
149.0000   114.0000   36.5603   39.8067
150.0000   100.0000   47.9866   24.1738
151.0000   85.0000   32.3736   21.6743
152.0000   147.0000   37.5749   13.1305
153.0000   100.0000   1.4659   35.7420
154.0000   90.0000   11.8227   14.8381
155.0000   81.0000   28.2188   3.7121
156.0000   63.0000   26.7601   16.3648
157.0000   86.0000   34.7510   46.4866
158.0000   136.0000   32.7843   8.4072
159.0000   150.0000   9.7151   28.6723
160.0000   62.0000   10.9429   45.9006
161.0000   144.0000   23.3211   8.2786
162.0000   77.0000   36.6462   12.3143
163.0000   129.0000   25.4553   22.5718
164.0000   91.0000   42.1071   21.7322
165.0000   136.0000   36.9124   4.8698
166.0000   115.0000   11.1166   30.5618
167.0000   70.0000   25.9248   26.2097
168.0000   91.0000   11.4103   39.1531
169.0000   84.0000   20.0849   34.6361
170.0000   149.0000   39.3078   20.8233
171.0000   112.0000   47.0074   26.1508
172.0000   94.0000   12.2295   33.0460
173.0000   86.0000   17.9921   47.2840
174.0000   68.0000   34.8040   44.1969
175.0000   101.0000   16.8465   7.8585
176.0000   76.0000   3.6690   14.5924
177.0000   113.0000   7.5812   39.1166
178.0000   84.0000   23.3911   10.4045
179.0000   72.0000   45.2910   1.2648
180.0000   77.0000   46.8679   7.9807
181.0000   106.0000   36.4401   20.6241
182.0000   81.0000   2.4217   27.1084
183.0000   136.0000   37.7858   46.6538
184.0000   144.0000   45.3297   15.6965
185.0000   144.0000   15.4076   25.7363
186.0000   71.0000   45.3107   12.0120
187.0000   147.0000   44.1448   11.0150
188.0000   74.0000   39.4909   30.3829
189.0000   130.0000   9.0437   25.8503
190.0000   123.0000   46.1594   2.6450
191.0000   116.0000   13.8681   43.4021
192.0000   117.0000   26.9098   4.0275
193.0000   62.0000   16.2308   41.9105
194.0000   144.0000   39.1547   7.8491
195.0000   110.0000   28.3587   25.8259
196.0000   118.0000   24.2192   37.4110
197.0000   70.0000   20.8533   44.3787
198.0000   98.0000   12.7653   7.1503
199.0000   78.0000   0.2222   20.2390
200.0000   114.0000   31.9056   45.8616
201.0000   120.0000   47.8192   33.1366
202.0000   90.0000   2.2182   12.1113
203.0000   134.0000   21.9940   0.6939
204.0000   122.0000   35.6420   35.3990
205.0000   123.0000   21.6052   2.4987
206.0000   95.0000   46.8351   12.7027
207.0000   101.0000   41.1842   31.4707
208.0000   74.0000   46.4649   0.6189
209.0000   103.0000   39.5627   41.4222
210.0000   82.0000   27.0332   46.0749
211.0000   71.0000   8.5313   43.0952
212.0000   67.0000   35.2585   17.8162
213.0000   150.0000   43.2264   43.7968
214.0000   142.0000   0.5714   11.0367
215.0000   83.0000   25.4723   38.2225
216.0000   104.0000   28.5961   36.3603
217.0000   92.0000   34.7991   48.9310
218.0000   68.0000   0.0011   37.4130
219.0000   60.0000   47.1151   22.7609
220.0000   139.0000   48.0444   6.3816
221.0000   128.0000   5.3573   10.4560
222.0000   131.0000   43.9146   22.8573
223.0000   119.0000   36.1239   46.4185
224.0000   91.0000   32.6963   24.3078
225.0000   78.0000   38.1562   3.5617
226.0000   142.0000   14.8789   15.0472
227.0000   137.0000   34.1503   18.4618
228.0000   103.0000   36.6682   46.8825
229.0000   133.0000   40.0952   19.1142
230.0000   134.0000   15.9940   47.5932
231.0000   146.0000   31.1849   30.9118
232.0000   119.0000   28.6307   41.2676
233.0000   143.0000   19.1046   5.4989
234.0000   98.0000   21.2753   16.8330
235.0000   143.0000   40.1534   30.0718
236.0000   86.0000   20.9672   40.3324
237.0000   79.0000   4.0332   16.8252
238.0000   82.0000   15.9906   23.8735
239.0000   141.0000   11.2373   12.5692
240.0000   112.0000   23.2250   15.4547
241.0000   123.0000   41.7492   2.2278
242.0000   125.0000   0.4283   24.9013
243.0000   108.0000   11.9307   39.8834
244.0000   92.0000   33.0914   49.8135
245.0000   136.0000   30.2983   28.5451
246.0000   77.0000   25.5150   36.3348
247.0000   119.0000   4.1558   18.0780
248.0000   90.0000   32.7884   45.2607
249.0000   94.0000   14.8848   36.5317
250.0000   61.0000   7.7761   7.2062
251.0000   133.0000   30.0798   10.9888
252.0000   126.0000   37.1401   27.1246
253.0000   138.0000   27.5155   19.6927
254.0000   71.0000   11.3011   49.9491
255.0000   81.0000   13.0713   40.8886
256.0000   87.0000   28.2280   39.4984
257.0000   125.0000   43.0700   43.3134
258.0000   135.0000   40.3947   5.9119
259.0000   60.0000   27.4592   28.7169
260.0000   117.0000   17.8862   48.5260
261.0000   103.0000   10.7534   37.0472
262.0000   142.0000   13.2957   42.4553
263.0000   141.0000   32.5538   13.5558
264.0000   148.0000   28.7511   11.7715
265.0000   73.0000   37.8685   42.0743
266.0000   126.0000   40.7891   4.4311
267.0000   124.0000   14.3895   12.6598
268.0000   111.0000   17.9970   25.6443
269.0000   90.0000   46.9690   47.6479
270.0000   142.0000   25.8715   32.1845
271.0000   87.0000   33.3334   40.4321
272.0000   72.0000   32.7956   44.6286
273.0000   122.0000   38.3789   39.9768
274.0000   138.0000   49.5033   11.8189
275.0000   108.0000   21.4258   22.6272
276.0000   73.0000   28.2056   16.6856
277.0000   138.0000   47.2048   38.6548
278.0000   132.0000   4.0632   7.4695
279.0000   129.0000   16.1859   33.7171
280.0000   130.0000   4.9993   20.8502
281.0000   127.0000   12.2652   13.7019
282.0000   111.0000   25.3376   2.7541
283.0000   124.0000   14.3247   1.1578
284.0000   113.0000   30.3146   43.1432
285.0000   86.0000   30.6729   26.0619
286.0000   141.0000   31.2307   12.2507
287.0000   148.0000   7.8116   5.6644
288.0000   68.0000   15.9963   41.8699
289.0000   142.0000   1.5628   37.2168
290.0000   136.0000   24.1816   41.0135
291.0000   105.0000   25.6145   2.9295
292.0000   119.0000   29.7659   39.6464
293.0000   66.0000   11.5748   28.1266
294.0000   135.0000   12.7175   35.3467
295.0000   76.0000   40.8223   41.5643
296.0000   114.0000   27.4581   49.3452
297.0000   74.0000   36.4534   37.0354
298.0000   136.0000   17.9585   37.0782
299.0000   61.0000   25.5583   0.2912
300.0000   65.0000   43.3181   24.1134
301.0000   94.0000   46.4508   18.7972
302.0000   64.0000   40.0337   26.0714
303.0000   92.0000   16.3102   44.2027
304.0000   122.0000   34.0838   18.7931
305.0000   107.0000   8.6025   27.5756
306.0000   139.0000   28.1748   12.1514
307.0000   103.0000   27.6572   23.8782
308.0000   130.0000   39.2091   14.1487
309.0000   133.0000   25.3693   41.2214
310.0000   140.0000   5.6417   30.2223
311.0000   124.0000   14.6301   33.3096
312.0000   87.0000   46.0729   21.3746
313.0000   116.0000   27.3664   48.4262
314.0000   107.0000   19.7798   7.6767
315.0000   109.0000   23.1122   21.5115
316.0000   113.0000   44.3540   24.4832
317.0000   107.0000   42.4999   9.9290
318.0000   149.0000   18.7546   22.9184
319.0000   86.0000   19.5871   6.9846
320.0000   119.0000   20.6800   18.3965
321.0000   130.0000   18.1422   17.4833
322.0000   64.0000   36.7859   14.8778
323.0000   65.0000   27.8543   26.4313
324.0000   80.0000   33.3018   14.4980
325.0000   104.0000   14.3714   12.1905
326.0000   90.0000   48.0940   46.5934
327.0000   109.0000   26.1880   46.4391
328.0000   115.0000   38.4814   9.7774
329.0000   147.0000   38.9711   19.7839
330.0000   65.0000   45.1866   19.4783
331.0000   99.0000   4.2775   23.7897
332.0000   148.0000   22.4615   20.8017
333.0000   80.0000   38.0562   21.4066
334.0000   123.0000   39.2720   15.5864
335.0000   61.0000   13.6739   25.8727
336.0000   121.0000   25.3948   26.5645
337.0000   87.0000   15.6215   24.9957
338.0000   64.0000   16.8114   4.7840
339.0000   92.0000   24.1851   39.6401
340.0000   75.0000   34.7230   42.9937
341.0000   95.0000   25.6860   20.4660
342.0000   108.0000   40.2826   21.8998
343.0000   141.0000   18.9782   33.9316
344.0000   120.0000   5.3570   7.1543
345.0000   117.0000   10.1057   5.5477
346.0000   120.0000   8.5332   49.9261
347.0000   95.0000   20.5032   20.3113
348.0000   76.0000   47.4636   22.8977
349.0000   77.0000   49.3843   44.3991
350.0000   108.0000   24.8560   43.5980
351.0000   84.0000   13.9303   47.3129
352.0000   118.0000   13.8028   13.1655
353.0000   118.0000   31.0786   44.6623
354.0000   98.0000   24.5936   44.9048
355.0000   80.0000   47.4824   14.8973
356.0000   115.0000   20.7031   32.7307
357.0000   94.0000   46.8455   13.3499
358.0000   127.0000   16.5701   23.7574
359.0000   90.0000   27.7506   15.9802
360.0000   107.0000   42.2849   40.0705
361.0000   111.0000   11.7298   47.8246
362.0000   148.0000   42.3957   6.0515
363.0000   150.0000   10.9121   10.0077
364.0000   124.0000   49.3872   8.9194
365.0000   146.0000   10.3569   24.9256
366.0000   124.0000   29.9457   34.9363
367.0000   142.0000   44.3730   38.1329
368.0000   116.0000   10.0016   5.0248
369.0000   93.0000   3.4896   44.5995
370.0000   148.0000   29.5454   29.1827
371.0000   117.0000   17.2712   33.1102
372.0000   140.0000   17.9422   19.2451
373.0000   73.0000   20.4256   18.2540
374.0000   135.0000   38.8474   3.0232
375.0000   66.0000   47.3125   32.2921
