0.0000   0.0000   50.0000   50.0000
1.0000   94.0000   43.0781   24.5453
2.0000   57.0000   84.7160   70.9005
3.0000   83.0000   17.2500   56.3177
4.0000   23.0000   38.7516   15.7987
5.0000   82.0000   96.4023   64.9567
6.0000   75.0000   24.5942   83.5394
7.0000   34.0000   55.8853   19.4518
8.0000   83.0000   47.2825   60.3932
9.0000   43.0000   13.9230   20.5933
10.0000   14.0000   22.0009   72.7505
11.0000   97.0000   76.6577   26.5512
12.0000   57.0000   46.1671   21.8181
13.0000   18.0000   58.5850   7.0334
14.0000   55.0000   92.5182   42.8474
15.0000   16.0000   70.1432   82.5693
16.0000   94.0000   29.6511   80.8288
17.0000   84.0000   28.4960   82.9050
18.0000   74.0000   97.5831   98.8622
19.0000   45.0000   43.5806   91.2257
20.0000   77.0000   32.0327   19.4949
21.0000   44.0000   31.1542   74.5530
22.0000   77.0000   70.3923   93.5452
23.0000   30.0000   90.2282   78.6263
24.0000   47.0000   41.3649   90.1321
25.0000   27.0000   74.6473   24.0895
