0.0000   0.0000   0.0000   0.0000
1.0000   65.0000   15.3143   49.3106
2.0000   50.0000   70.1828   45.7918
3.0000   60.0000   66.1486   70.2461
4.0000   104.0000   96.8013   9.1489
5.0000   49.0000   3.0726   25.2652
6.0000   117.0000   0.4724   84.0659
7.0000   56.0000   15.4385   93.3865
8.0000   86.0000   73.9824   29.5623
9.0000   42.0000   30.1095   37.6513
10.0000   38.0000   87.3560   40.3780
11.0000   37.0000   41.6439   79.5616
12.0000   81.0000   81.6113   94.8670
13.0000   45.0000   85.5059   20.3848
14.0000   116.0000   93.1918   75.7039
15.0000   101.0000   97.1635   48.1667
16.0000   80.0000   57.9352   22.8949
17.0000   68.0000   38.3766   65.8649
18.0000   41.0000   64.8088   58.9765
19.0000   59.0000   21.2547   78.1523
20.0000   41.0000   73.5259   46.0722
21.0000   63.0000   19.7010   8.5698
22.0000   88.0000   91.1729   31.1166
23.0000   61.0000   41.9418   16.6272
24.0000   108.0000   1.5911   56.0209
25.0000   42.0000   28.4841   44.3326
26.0000   62.0000   8.8189   41.0708
27.0000   85.0000   88.4113   4.6894
28.0000   57.0000   35.6360   69.0498
29.0000   65.0000   2.5771   40.9094
30.0000   89.0000   23.5718   87.2075
31.0000   100.0000   19.0879   49.9938
32.0000   50.0000   94.3068   85.0278
33.0000   109.0000   78.4832   17.2469
34.0000   79.0000   87.3685   84.1516
35.0000   68.0000   7.1712   61.5480
36.0000   74.0000   66.7166   83.9413
37.0000   58.0000   0.0386   85.8405
38.0000   90.0000   12.4117   50.2362
39.0000   95.0000   20.3249   4.5707
40.0000   107.0000   66.3692   18.4574
41.0000   49.0000   9.4538   54.7442
42.0000   110.0000   41.2021   85.3281
43.0000   61.0000   63.1856   98.1074
44.0000   112.0000   35.8160   20.2366
45.0000   79.0000   85.8172   96.5990
46.0000   82.0000   31.7530   14.3539
47.0000   56.0000   68.0552   11.3518
48.0000   43.0000   7.2869   50.2763
49.0000   111.0000   82.4763   72.2277
50.0000   87.0000   13.2518   52.9109
51.0000   108.0000   91.4335   50.4944
52.0000   103.0000   25.8449   53.7514
53.0000   96.0000   50.4075   15.7921
54.0000   77.0000   14.1441   86.9674
55.0000   59.0000   57.9373   18.0411
56.0000   101.0000   53.8160   49.2623
57.0000   98.0000   45.1935   90.7105
58.0000   83.0000   18.8106   87.3627
59.0000   50.0000   27.6419   81.0641
60.0000   112.0000   91.8002   6.8242
61.0000   84.0000   99.7525   84.1043
62.0000   89.0000   46.2201   11.0005
63.0000   57.0000   30.6182   39.4952
64.0000   51.0000   92.6749   60.7401
65.0000   51.0000   83.2241   26.5968
66.0000   86.0000   40.0912   74.9062
67.0000   108.0000   61.5046   83.4243
68.0000   118.0000   24.5967   4.5104
69.0000   77.0000   35.6645   58.4958
70.0000   54.0000   81.9924   42.3918
71.0000   72.0000   66.0318   70.7965
72.0000   102.0000   37.5168   55.2408
73.0000   100.0000   9.1664   69.0649
74.0000   57.0000   51.0469   37.4091
75.0000   102.0000   35.1187   27.7556
76.0000   45.0000   43.4325   74.4227
77.0000   112.0000   84.8041   63.6731
78.0000   91.0000   77.1433   57.1660
79.0000   113.0000   23.2703   24.6877
80.0000   54.0000   52.7030   85.4109
81.0000   32.0000   40.1609   90.3505
82.0000   41.0000   47.2253   69.4238
83.0000   116.0000   41.2824   92.9092
84.0000   72.0000   0.8856   21.7861
85.0000   34.0000   75.2287   62.8365
86.0000   104.0000   75.3653   10.2880
87.0000   94.0000   56.1444   17.1721
88.0000   59.0000   44.2846   29.9127
89.0000   110.0000   78.1015   85.1022
90.0000   90.0000   80.2366   17.2162
91.0000   43.0000   40.7189   50.0334
92.0000   54.0000   73.1744   64.4262
93.0000   65.0000   42.1547   50.5330
94.0000   65.0000   81.4865   82.3623
95.0000   109.0000   42.3243   26.9453
96.0000   88.0000   91.5700   32.5020
97.0000   64.0000   61.3545   65.7649
98.0000   98.0000   38.2157   12.1780
99.0000   109.0000   19.7550   20.2319
100.0000   59.0000   37.3870   37.7494
101.0000   108.0000   19.9986   9.4176
102.0000   105.0000   1.1743   14.2356
103.0000   98.0000   38.3295   63.3447
104.0000   57.0000   17.6902   56.8181
105.0000   38.0000   15.0883   27.6397
106.0000   65.0000   90.9682   29.1430
107.0000   54.0000   75.8107   94.4467
108.0000   97.0000   35.4500   86.1808
109.0000   57.0000   13.1608   14.1384
110.0000   113.0000   25.9624   1.9676
111.0000   51.0000   18.4759   76.5286
112.0000   68.0000   16.2595   2.4176
113.0000   41.0000   59.4331   31.3951
114.0000   86.0000   37.7047   63.0541
115.0000   88.0000   23.7605   67.3226
116.0000   45.0000   42.0850   56.2917
117.0000   65.0000   92.8026   55.9464
118.0000   57.0000   28.5720   22.8045
119.0000   52.0000   41.3217   4.5836
120.0000   75.0000   11.6456   74.1053
121.0000   106.0000   79.8848   40.1813
122.0000   33.0000   88.7049   53.3886
123.0000   97.0000   11.5765   54.0275
124.0000   101.0000   53.1599   66.9592
125.0000   117.0000   51.3059   91.8667
126.0000   57.0000   76.9979   83.7397
127.0000   112.0000   86.5799   15.8520
128.0000   114.0000   28.1159   7.7113
129.0000   77.0000   82.1489   38.1040
130.0000   71.0000   72.1920   86.9533
131.0000   30.0000   99.2016   15.5831
132.0000   80.0000   22.7623   28.9630
133.0000   64.0000   19.0554   67.0665
134.0000   53.0000   63.6365   6.0887
135.0000   100.0000   76.8987   97.9408
136.0000   88.0000   92.6750   9.2749
137.0000   111.0000   6.3228   99.6732
138.0000   93.0000   67.4162   10.4054
139.0000   61.0000   63.6201   68.3249
140.0000   101.0000   70.6474   11.1529
141.0000   115.0000   53.0633   49.9826
142.0000   44.0000   53.3470   72.3505
143.0000   114.0000   37.8197   47.9199
144.0000   114.0000   2.6850   34.4032
145.0000   40.0000   40.4873   10.3933
146.0000   94.0000   3.3091   60.2407
147.0000   46.0000   99.4068   18.3577
148.0000   101.0000   88.3858   3.8521
149.0000   98.0000   8.9229   85.3422
150.0000   37.0000   2.5009   15.8387
151.0000   62.0000   96.4421   93.0929
152.0000   38.0000   60.6292   45.7616
153.0000   65.0000   73.7358   91.0410
154.0000   32.0000   38.4257   99.7656
155.0000   98.0000   21.7694   68.7763
156.0000   62.0000   34.5464   3.2489
157.0000   46.0000   18.3316   99.2704
158.0000   30.0000   40.3392   49.8158
159.0000   119.0000   81.0635   61.6586
160.0000   101.0000   8.2811   60.7850
161.0000   70.0000   18.1069   65.2557
162.0000   83.0000   20.7631   13.1889
163.0000   108.0000   73.9028   53.1425
164.0000   109.0000   22.7028   15.4368
165.0000   113.0000   6.8147   18.9957
166.0000   34.0000   53.4615   89.7976
167.0000   60.0000   65.6075   78.9867
168.0000   44.0000   1.9717   76.6538
169.0000   102.0000   47.4543   4.8439
170.0000   116.0000   36.2495   8.1396
171.0000   79.0000   33.1049   81.8247
172.0000   71.0000   50.5701   24.0620
173.0000   87.0000   13.6524   83.6610
174.0000   62.0000   94.6982   91.5310
175.0000   33.0000   27.4597   24.7335
176.0000   103.0000   44.3864   59.7222
177.0000   111.0000   56.4911   64.1366
178.0000   45.0000   0.6121   52.7968
179.0000   98.0000   96.3593   45.1395
180.0000   97.0000   96.1405   55.9121
181.0000   53.0000   67.2596   94.6531
182.0000   119.0000   64.4279   7.8428
183.0000   85.0000   79.4031   54.7128
184.0000   112.0000   79.3966   68.5883
185.0000   69.0000   57.8584   70.5984
186.0000   91.0000   94.9847   86.7616
187.0000   93.0000   55.2858   35.2438
188.0000   49.0000   34.7167   7.7295
189.0000   59.0000   7.3051   5.4217
190.0000   47.0000   68.4687   17.4294
191.0000   48.0000   3.2005   37.2224
192.0000   108.0000   6.5085   75.1580
193.0000   82.0000   54.2307   64.9171
194.0000   112.0000   57.2506   9.7405
195.0000   120.0000   74.5189   6.9529
196.0000   96.0000   71.3121   17.2922
197.0000   34.0000   38.9526   98.2984
198.0000   45.0000   72.8385   12.1102
199.0000   89.0000   10.0631   36.2312
200.0000   43.0000   34.0768   81.0054
201.0000   41.0000   50.5888   45.1841
202.0000   54.0000   69.3710   43.6623
203.0000   41.0000   76.4280   37.5595
204.0000   51.0000   13.1383   44.7736
205.0000   55.0000   51.2274   23.0598
206.0000   71.0000   88.1531   11.1932
207.0000   61.0000   66.3441   18.2327
208.0000   105.0000   22.1675   0.0730
209.0000   94.0000   21.1738   61.0476
210.0000   30.0000   4.4244   64.7768
211.0000   79.0000   29.4078   86.3643
212.0000   118.0000   17.5044   23.3184
213.0000   59.0000   99.8829   22.6072
214.0000   118.0000   26.6361   51.4868
215.0000   81.0000   23.1062   23.2261
216.0000   48.0000   18.8910   44.2760
217.0000   98.0000   11.6769   75.8827
218.0000   86.0000   89.7000   1.7760
219.0000   91.0000   15.1317   81.8196
220.0000   59.0000   8.7076   26.5208
221.0000   78.0000   75.3600   88.6207
222.0000   74.0000   75.4604   33.2522
223.0000   34.0000   47.8988   99.9746
224.0000   69.0000   61.5728   85.6546
225.0000   65.0000   76.5123   48.1105
