0.0000   0.0000   50.0000   50.0000
1.0000   52.0000   78.3543   51.0032
2.0000   17.0000   0.4913   2.8263
3.0000   71.0000   15.0641   62.1278
4.0000   33.0000   66.3738   7.8651
5.0000   79.0000   64.1602   1.3691
6.0000   58.0000   14.5047   22.4432
7.0000   77.0000   15.7122   76.8707
8.0000   51.0000   88.8740   76.7489
9.0000   44.0000   53.1178   9.3172
10.0000   20.0000   65.9964   69.0674
11.0000   21.0000   80.7353   71.1166
12.0000   63.0000   98.0410   7.0046
13.0000   25.0000   22.1465   21.8984
14.0000   43.0000   70.6855   43.7110
15.0000   95.0000   71.5037   80.3287
16.0000   64.0000   20.2232   49.6180
17.0000   17.0000   19.0585   3.5108
18.0000   59.0000   88.1034   48.8444
19.0000   39.0000   52.8676   17.5865
20.0000   61.0000   56.9814   44.8100
21.0000   58.0000   3.8803   68.4572
22.0000   77.0000   75.6293   49.0664
23.0000   31.0000   28.5136   26.6484
24.0000   87.0000   36.8380   4.4383
25.0000   40.0000   69.0975   45.1733
26.0000   82.0000   90.8551   9.7764
27.0000   87.0000   97.6893   84.0206
28.0000   26.0000   82.8834   55.0330
29.0000   24.0000   56.6048   97.3997
30.0000   58.0000   83.3952   56.2136
31.0000   39.0000   79.4257   74.9442
32.0000   45.0000   2.7851   72.3218
33.0000   23.0000   37.8389   41.6458
34.0000   96.0000   62.3227   32.6032
35.0000   73.0000   3.8068   46.3542
36.0000   21.0000   90.6224   56.2383
37.0000   28.0000   94.3743   24.3750
38.0000   90.0000   21.6754   68.4447
39.0000   86.0000   19.6923   96.0751
40.0000   87.0000   58.9264   24.0824
41.0000   47.0000   54.0168   87.7017
42.0000   21.0000   99.2222   69.9861
43.0000   39.0000   14.9043   98.3279
44.0000   71.0000   67.9274   29.6134
45.0000   13.0000   88.1232   59.8820
46.0000   18.0000   84.6780   60.4291
47.0000   15.0000   17.4936   87.0467
48.0000   73.0000   5.1262   40.3254
49.0000   95.0000   26.1394   38.2217
50.0000   62.0000   25.6203   49.4810
51.0000   48.0000   25.2497   63.9055
52.0000   43.0000   73.1651   37.9262
53.0000   51.0000   84.6714   32.3679
54.0000   70.0000   80.1683   59.3824
55.0000   52.0000   81.5992   57.2333
56.0000   68.0000   26.5152   29.5303
57.0000   10.0000   51.5337   24.7336
58.0000   65.0000   22.5689   93.2291
59.0000   38.0000   30.0209   90.8116
60.0000   59.0000   8.1963   29.1132
61.0000   83.0000   77.4062   3.8075
62.0000   42.0000   66.4571   16.3530
63.0000   16.0000   59.6107   74.7321
64.0000   52.0000   66.8651   90.5867
65.0000   89.0000   65.9143   53.6916
66.0000   31.0000   44.7863   71.3500
67.0000   63.0000   12.5032   88.1754
68.0000   64.0000   21.2241   88.3339
69.0000   89.0000   24.2752   53.4347
70.0000   99.0000   6.1414   26.0425
71.0000   41.0000   73.7569   55.8694
72.0000   60.0000   45.9359   16.2124
73.0000   85.0000   26.2026   10.2098
74.0000   83.0000   75.3064   32.6401
75.0000   98.0000   14.8726   4.1840
76.0000   97.0000   45.6308   14.7829
77.0000   100.0000   20.2314   84.9005
78.0000   87.0000   81.5279   97.8774
79.0000   70.0000   65.3500   81.8202
80.0000   33.0000   32.0205   59.3737
81.0000   77.0000   89.4195   5.6022
82.0000   44.0000   87.6837   22.4209
83.0000   11.0000   76.4554   0.1076
84.0000   54.0000   16.4820   8.9136
85.0000   86.0000   35.9629   3.7673
86.0000   77.0000   86.5214   92.4580
87.0000   41.0000   4.3900   21.0936
88.0000   40.0000   33.1964   94.9196
89.0000   38.0000   70.1331   45.5877
90.0000   42.0000   6.7200   2.3984
91.0000   54.0000   22.6281   15.7710
92.0000   96.0000   41.9064   62.9057
93.0000   67.0000   79.5728   28.4174
94.0000   100.0000   25.1097   25.5620
95.0000   69.0000   27.7174   33.2131
96.0000   79.0000   44.5303   90.9979
97.0000   13.0000   63.3995   54.4104
98.0000   27.0000   94.3952   65.1286
99.0000   54.0000   24.2688   83.6626
100.0000   53.0000   75.7147   57.3751
101.0000   97.0000   65.5145   40.4783
102.0000   36.0000   65.4995   69.1660
103.0000   53.0000   65.6016   50.7765
104.0000   64.0000   14.7688   61.3487
105.0000   99.0000   73.6966   62.7706
106.0000   69.0000   79.0993   89.4634
107.0000   54.0000   9.2297   68.1766
108.0000   67.0000   39.3063   91.2980
109.0000   90.0000   34.4248   99.5396
110.0000   45.0000   37.2868   14.2659
111.0000   58.0000   89.1791   7.3739
112.0000   99.0000   31.5024   6.6307
113.0000   29.0000   62.6589   8.7920
114.0000   37.0000   87.4838   38.6654
115.0000   75.0000   98.0243   58.5985
116.0000   19.0000   4.4727   42.5679
117.0000   94.0000   31.7695   34.7430
118.0000   99.0000   74.6673   25.0832
119.0000   33.0000   80.0967   45.5892
120.0000   61.0000   46.6995   63.0909
121.0000   51.0000   16.1410   33.6931
122.0000   82.0000   5.1058   92.6258
123.0000   68.0000   40.3826   64.6094
124.0000   57.0000   76.4170   74.3219
125.0000   80.0000   86.5937   70.8609
