0.0000   0.0000   50.0000   50.0000
1.0000   95.0000   81.3210   61.0243
2.0000   77.0000   38.5961   47.7256
3.0000   10.0000   83.2233   51.9914
4.0000   32.0000   22.9688   42.2009
5.0000   115.0000   21.8403   43.8315
6.0000   21.0000   6.9952   46.1440
7.0000   88.0000   98.6324   43.4664
8.0000   36.0000   88.6642   24.1155
9.0000   37.0000   24.4363   75.1921
10.0000   77.0000   58.1767   48.6482
11.0000   109.0000   99.5723   46.5290
12.0000   39.0000   91.8684   5.1420
13.0000   55.0000   36.6163   33.9686
14.0000   70.0000   3.3765   91.6153
15.0000   34.0000   75.1379   1.9810
16.0000   33.0000   73.2793   45.0709
17.0000   55.0000   39.7865   48.4738
18.0000   68.0000   39.4870   76.0060
19.0000   68.0000   22.7030   95.1481
20.0000   76.0000   56.6621   74.5918
21.0000   45.0000   56.6765   46.7507
22.0000   34.0000   73.7519   6.4925
23.0000   84.0000   56.0356   68.7975
24.0000   113.0000   10.1726   30.8214
25.0000   46.0000   21.4939   0.6761
26.0000   13.0000   53.4622   9.5548
27.0000   30.0000   44.0372   80.4580
28.0000   42.0000   47.4315   19.0639
29.0000   92.0000   98.6762   47.1134
30.0000   13.0000   32.1012   93.8044
31.0000   26.0000   82.2299   17.7781
32.0000   46.0000   53.9562   70.1572
33.0000   107.0000   30.8221   17.3889
34.0000   108.0000   53.9059   83.7923
35.0000   55.0000   4.7788   91.6928
36.0000   97.0000   1.0034   67.5313
37.0000   38.0000   53.8215   23.2255
38.0000   102.0000   69.8341   67.4695
39.0000   88.0000   83.1313   45.9260
40.0000   81.0000   86.4757   26.1613
41.0000   30.0000   61.1374   10.6157
42.0000   78.0000   37.3731   62.3413
43.0000   48.0000   96.4932   58.6696
44.0000   45.0000   60.7365   55.2721
45.0000   100.0000   6.3443   33.9070
46.0000   73.0000   93.6197   71.6680
47.0000   114.0000   15.9663   54.3856
48.0000   33.0000   77.2474   14.0132
49.0000   116.0000   15.1491   11.7375
50.0000   44.0000   75.4274   44.9564
51.0000   28.0000   33.7020   43.5297
52.0000   67.0000   70.0131   10.9694
53.0000   39.0000   33.9302   37.2893
54.0000   94.0000   62.2379   47.8895
55.0000   25.0000   42.3929   98.1608
56.0000   77.0000   46.9697   4.8038
57.0000   52.0000   48.0897   47.7626
58.0000   37.0000   69.4870   78.7540
59.0000   49.0000   86.3599   72.6211
60.0000   99.0000   10.2266   92.2254
61.0000   102.0000   94.2471   35.2887
62.0000   35.0000   9.7360   46.9788
63.0000   45.0000   10.4235   72.5616
64.0000   28.0000   88.3247   91.9356
65.0000   39.0000   93.8621   60.3968
66.0000   120.0000   60.4330   26.1954
67.0000   62.0000   87.1747   43.6337
68.0000   112.0000   6.6132   89.1887
69.0000   118.0000   33.2996   4.6157
70.0000   35.0000   86.5246   30.6397
71.0000   38.0000   18.8779   44.9801
72.0000   71.0000   27.9904   77.3433
73.0000   90.0000   62.0635   52.6902
74.0000   35.0000   54.2621   77.0256
75.0000   105.0000   3.1242   25.7902
76.0000   83.0000   22.6914   90.4737
77.0000   37.0000   26.5333   0.1412
78.0000   115.0000   23.6427   87.1891
79.0000   68.0000   4.7606   63.8448
80.0000   82.0000   96.4596   99.4830
81.0000   45.0000   67.8619   57.4997
82.0000   76.0000   92.9985   6.8266
83.0000   71.0000   20.8314   98.6841
84.0000   43.0000   13.8123   6.2092
85.0000   15.0000   87.7620   61.9609
86.0000   48.0000   39.4315   2.4593
87.0000   27.0000   56.1478   58.1580
88.0000   72.0000   96.0297   67.9115
89.0000   79.0000   9.9778   11.4686
90.0000   112.0000   50.8930   2.8889
91.0000   55.0000   42.7518   55.4492
92.0000   118.0000   41.9226   75.9218
93.0000   45.0000   15.2059   94.5529
94.0000   62.0000   4.0312   86.3485
95.0000   33.0000   57.2550   30.9462
96.0000   74.0000   52.9399   69.0648
97.0000   29.0000   30.8359   14.3018
98.0000   93.0000   28.5680   80.8473
99.0000   98.0000   94.3033   43.5634
100.0000   23.0000   74.4222   97.9079
101.0000   119.0000   63.2171   5.5052
102.0000   47.0000   77.2520   3.7969
103.0000   112.0000   48.9489   59.4560
104.0000   68.0000   36.9780   40.8996
105.0000   111.0000   77.8738   65.1380
106.0000   71.0000   6.0152   54.5248
107.0000   96.0000   27.5006   44.2706
108.0000   39.0000   3.1331   19.1938
109.0000   61.0000   4.3375   49.8085
110.0000   40.0000   1.1531   6.4391
111.0000   108.0000   46.7579   93.3410
112.0000   110.0000   85.4992   14.7422
113.0000   81.0000   67.6965   80.9645
114.0000   109.0000   3.1822   13.3001
115.0000   60.0000   25.6319   91.0687
116.0000   93.0000   53.4622   97.4205
117.0000   18.0000   9.9014   5.7288
118.0000   32.0000   9.5991   29.9424
119.0000   21.0000   44.1598   96.7705
120.0000   17.0000   28.1247   44.8640
121.0000   20.0000   70.7450   43.2085
122.0000   93.0000   71.7479   53.4924
123.0000   115.0000   86.8111   72.1509
124.0000   45.0000   28.0795   72.7787
125.0000   62.0000   32.7514   48.8455
126.0000   117.0000   37.8395   17.4093
127.0000   77.0000   76.7034   56.8074
128.0000   90.0000   21.3704   42.9096
129.0000   46.0000   22.9161   51.9739
130.0000   90.0000   30.1774   51.7662
131.0000   112.0000   29.8842   78.4753
132.0000   110.0000   36.5807   66.4412
133.0000   109.0000   69.5254   94.6172
134.0000   28.0000   14.8973   7.3777
135.0000   106.0000   70.2306   43.6109
136.0000   62.0000   40.2711   53.7531
137.0000   70.0000   5.4584   76.9164
138.0000   72.0000   15.9601   91.8016
139.0000   103.0000   47.1808   13.1452
140.0000   26.0000   52.2403   62.4299
141.0000   16.0000   57.1025   72.1587
142.0000   118.0000   86.5684   89.5095
143.0000   74.0000   25.0790   48.6931
144.0000   83.0000   12.9055   5.9797
145.0000   62.0000   72.6981   97.3477
146.0000   23.0000   80.1279   43.5761
147.0000   60.0000   25.3072   39.3182
148.0000   93.0000   76.5507   89.5625
149.0000   110.0000   43.4067   6.8819
150.0000   75.0000   42.4689   99.8619
151.0000   84.0000   79.6358   77.8351
152.0000   20.0000   7.9639   18.6917
153.0000   38.0000   41.0983   25.0955
154.0000   52.0000   31.2246   75.5776
155.0000   84.0000   70.4487   90.3481
156.0000   15.0000   9.4729   4.9722
157.0000   38.0000   98.9277   91.6157
158.0000   82.0000   98.0497   17.4990
159.0000   89.0000   74.2833   71.2963
160.0000   18.0000   86.2271   99.0958
161.0000   21.0000   98.3261   76.0931
162.0000   103.0000   45.4189   3.3278
163.0000   39.0000   95.4552   2.1691
164.0000   13.0000   11.4594   99.8311
165.0000   111.0000   70.0817   46.0387
166.0000   81.0000   90.3249   9.3775
167.0000   89.0000   2.0654   64.2901
168.0000   12.0000   78.8057   9.5874
169.0000   78.0000   47.4141   46.1518
170.0000   113.0000   45.1466   3.2148
171.0000   97.0000   28.1855   66.7680
172.0000   84.0000   30.6508   56.2028
173.0000   71.0000   66.9965   25.0111
174.0000   93.0000   23.2029   66.5670
175.0000   57.0000   87.3644   1.5735
176.0000   50.0000   30.8284   89.1082
177.0000   72.0000   74.7457   27.7790
178.0000   72.0000   16.0764   41.1205
179.0000   60.0000   76.2567   17.9543
180.0000   12.0000   67.2061   65.3193
181.0000   100.0000   94.8774   7.7490
182.0000   47.0000   72.4400   15.3811
183.0000   118.0000   79.4539   57.8945
184.0000   15.0000   3.8843   75.4697
185.0000   44.0000   62.9096   35.8330
186.0000   19.0000   16.2275   49.1976
187.0000   40.0000   20.3596   29.0248
188.0000   88.0000   46.5298   6.5970
189.0000   111.0000   26.3055   43.1686
190.0000   67.0000   11.6345   51.1643
191.0000   29.0000   88.9043   23.6702
192.0000   15.0000   18.5464   85.3957
193.0000   78.0000   42.3872   82.8056
194.0000   36.0000   89.8563   9.3199
195.0000   26.0000   90.8604   48.4533
196.0000   47.0000   6.9940   86.8200
197.0000   103.0000   43.8300   53.2649
198.0000   49.0000   79.0210   26.9847
199.0000   54.0000   57.8166   20.2095
200.0000   14.0000   82.4574   47.2759
