0.0000   0.0000   50.0000   50.0000
1.0000   64.0000   71.5467   62.8415
2.0000   36.0000   31.7791   86.2292
3.0000   8.0000   26.8803   28.3624
4.0000   7.0000   69.1166   8.4468
5.0000   38.0000   89.3445   89.5191
6.0000   34.0000   99.9544   13.5351
7.0000   72.0000   31.9905   49.9049
8.0000   77.0000   25.6096   60.6610
9.0000   16.0000   35.2725   0.9194
10.0000   16.0000   31.1521   94.5379
11.0000   14.0000   6.0661   32.4989
12.0000   21.0000   52.6701   77.2300
13.0000   80.0000   98.6151   39.9125
14.0000   37.0000   96.0775   8.0971
15.0000   53.0000   21.1344   31.6854
16.0000   38.0000   49.5992   7.0261
17.0000   62.0000   32.6551   65.7057
18.0000   81.0000   70.1959   96.5973
19.0000   32.0000   66.8575   91.8606
20.0000   69.0000   99.2161   71.7983
21.0000   89.0000   56.9773   27.2930
22.0000   36.0000   12.7971   4.1673
23.0000   91.0000   56.0424   71.1924
24.0000   77.0000   46.3119   24.5217
25.0000   100.0000   9.7662   76.9212
26.0000   90.0000   44.7078   51.7876
27.0000   28.0000   52.5315   93.7510
28.0000   31.0000   7.5652   4.7528
29.0000   65.0000   76.6192   56.0979
30.0000   96.0000   25.0494   14.5900
31.0000   55.0000   53.9819   10.2825
32.0000   17.0000   73.6129   98.7930
33.0000   78.0000   28.1217   61.8798
34.0000   42.0000   21.9762   74.3944
35.0000   5.0000   8.6427   92.7243
36.0000   55.0000   22.2877   22.4063
37.0000   58.0000   88.9227   11.8698
38.0000   30.0000   13.9923   3.9469
39.0000   88.0000   10.1291   99.6992
40.0000   63.0000   70.1360   80.9605
41.0000   37.0000   19.1324   50.2392
42.0000   54.0000   24.6935   7.3466
43.0000   13.0000   9.7156   39.4017
44.0000   41.0000   4.6277   22.9953
45.0000   33.0000   9.3031   69.5459
46.0000   29.0000   75.1665   11.9893
47.0000   15.0000   33.7999   59.6819
48.0000   54.0000   52.3369   78.1919
49.0000   78.0000   49.2186   80.9316
50.0000   31.0000   71.1294   70.4128
51.0000   30.0000   60.2464   46.5744
52.0000   98.0000   70.7844   20.2014
53.0000   99.0000   41.1567   69.2603
54.0000   60.0000   67.0322   95.2182
55.0000   96.0000   71.7276   37.0445
56.0000   45.0000   82.8696   40.1221
57.0000   8.0000   32.3833   69.6277
58.0000   74.0000   63.6515   4.3575
59.0000   60.0000   18.6099   8.2573
60.0000   82.0000   42.2998   27.9315
61.0000   49.0000   60.5841   45.9307
62.0000   76.0000   56.5315   46.6537
63.0000   72.0000   39.4593   58.3857
64.0000   16.0000   78.4333   75.1699
65.0000   15.0000   65.0168   9.5422
66.0000   76.0000   71.8828   8.6997
67.0000   100.0000   39.1472   49.7033
68.0000   47.0000   26.9036   78.4711
69.0000   57.0000   18.7940   22.2090
70.0000   10.0000   81.3102   87.8566
71.0000   31.0000   2.0854   52.0060
72.0000   97.0000   99.5700   63.3377
73.0000   66.0000   31.0115   46.5716
74.0000   40.0000   92.7579   69.6568
75.0000   49.0000   36.3504   4.7399
76.0000   17.0000   21.5199   59.0462
77.0000   30.0000   84.9985   89.5888
78.0000   8.0000   98.5759   64.7468
79.0000   63.0000   8.6534   63.2399
80.0000   36.0000   23.2144   14.7596
81.0000   71.0000   21.0503   2.3333
82.0000   87.0000   83.6894   42.2015
83.0000   21.0000   33.1600   9.6577
84.0000   42.0000   86.0287   59.7986
85.0000   3.0000   64.2014   68.6731
86.0000   18.0000   22.0563   29.9072
87.0000   75.0000   81.5210   88.9362
88.0000   32.0000   37.1754   26.5093
89.0000   21.0000   82.8321   38.5005
90.0000   95.0000   53.6998   49.1616
91.0000   54.0000   41.1464   95.4227
92.0000   80.0000   45.4105   55.6161
93.0000   41.0000   56.7264   54.3127
94.0000   86.0000   11.8738   70.4799
95.0000   33.0000   28.0494   42.0044
96.0000   4.0000   31.1809   75.3246
97.0000   74.0000   18.0251   28.2968
98.0000   54.0000   23.8968   22.5802
99.0000   65.0000   3.3596   47.1468
100.0000   13.0000   89.1426   44.4839
101.0000   18.0000   26.7217   87.9498
102.0000   38.0000   72.8970   85.0344
103.0000   11.0000   48.0376   59.8563
104.0000   57.0000   74.7935   15.5703
105.0000   57.0000   75.6901   20.7802
106.0000   47.0000   98.6707   99.1765
107.0000   63.0000   78.2905   35.6460
108.0000   65.0000   98.7142   41.1693
109.0000   15.0000   51.3754   40.2198
110.0000   72.0000   57.1492   23.2287
111.0000   18.0000   6.9988   16.0204
112.0000   39.0000   95.7559   8.8474
113.0000   7.0000   40.4618   70.5962
114.0000   8.0000   32.3209   75.5136
115.0000   65.0000   22.5473   88.4891
116.0000   25.0000   2.8760   57.6802
117.0000   92.0000   31.9205   34.4843
118.0000   42.0000   0.3286   83.3047
119.0000   55.0000   53.6912   91.0615
120.0000   87.0000   80.9215   70.3169
121.0000   29.0000   51.2925   60.3357
122.0000   15.0000   45.3164   6.5271
123.0000   24.0000   30.9385   93.3786
124.0000   66.0000   12.7744   80.2177
125.0000   56.0000   34.9948   54.7501
