0.0000   0.0000   0.0000   0.0000
1.0000   77.0000   54.9573   89.8246
2.0000   104.0000   9.0744   70.4572
3.0000   66.0000   88.6356   47.1888
4.0000   72.0000   56.2367   32.4726
5.0000   103.0000   32.2844   58.4868
6.0000   99.0000   22.7572   12.3787
7.0000   48.0000   53.1036   70.4225
8.0000   46.0000   62.2847   34.3984
9.0000   77.0000   90.4847   88.8450
10.0000   72.0000   21.3791   23.3828
11.0000   43.0000   43.9367   78.8167
12.0000   69.0000   63.7186   28.6784
13.0000   45.0000   8.9588   84.0092
14.0000   63.0000   79.3240   23.9465
15.0000   45.0000   10.6132   52.5908
16.0000   75.0000   0.3202   80.1417
17.0000   79.0000   25.8072   72.4181
18.0000   92.0000   88.9136   79.7303
19.0000   39.0000   13.3405   33.3523
20.0000   75.0000   68.9669   12.3218
21.0000   49.0000   9.6844   69.5595
22.0000   86.0000   77.4535   88.1872
23.0000   109.0000   62.8508   51.4569
24.0000   98.0000   29.7468   54.0636
25.0000   51.0000   54.5432   84.2798
26.0000   100.0000   23.3056   61.3432
27.0000   72.0000   23.0430   27.8699
28.0000   85.0000   23.2159   11.3178
29.0000   49.0000   81.1615   84.3376
30.0000   43.0000   38.0248   2.2432
31.0000   34.0000   31.5867   88.2644
32.0000   68.0000   87.2823   7.1331
33.0000   57.0000   98.5225   50.9455
34.0000   116.0000   77.7655   87.5799
35.0000   83.0000   25.0609   94.1865
36.0000   30.0000   93.0493   36.6742
37.0000   31.0000   30.7629   19.8141
38.0000   37.0000   93.1612   4.6830
39.0000   73.0000   97.4954   30.8526
40.0000   81.0000   76.7655   93.0961
41.0000   98.0000   81.9575   30.5862
42.0000   74.0000   69.6146   68.5999
43.0000   62.0000   96.9972   3.8214
44.0000   75.0000   60.0357   73.1605
45.0000   51.0000   95.6021   34.6963
46.0000   81.0000   31.5434   49.8613
47.0000   63.0000   67.4653   37.6787
48.0000   118.0000   94.3553   8.5194
49.0000   106.0000   77.4700   83.2105
50.0000   102.0000   84.8446   66.4443
51.0000   47.0000   92.5927   55.1323
52.0000   107.0000   83.4881   14.7247
53.0000   70.0000   85.2878   26.7103
54.0000   72.0000   26.8271   0.4946
55.0000   102.0000   87.2058   1.6526
56.0000   46.0000   28.9761   64.7301
57.0000   33.0000   10.3928   56.7188
58.0000   75.0000   78.1039   42.3340
59.0000   106.0000   3.2300   9.8890
60.0000   35.0000   29.5147   3.2440
61.0000   87.0000   91.5933   40.3471
62.0000   42.0000   41.9872   29.2798
63.0000   63.0000   39.8319   62.6397
64.0000   97.0000   38.8288   78.6353
65.0000   94.0000   63.5205   27.5414
66.0000   75.0000   77.2693   16.6146
67.0000   84.0000   2.6404   39.7145
68.0000   31.0000   9.0089   34.8981
69.0000   39.0000   86.7211   33.5233
70.0000   72.0000   68.9278   35.8334
71.0000   97.0000   32.0695   74.1350
72.0000   45.0000   0.9394   60.0081
73.0000   77.0000   95.1969   90.6695
74.0000   55.0000   97.9126   5.9334
75.0000   98.0000   44.5240   23.6308
76.0000   58.0000   67.5194   5.8322
77.0000   87.0000   34.9817   1.2208
78.0000   37.0000   72.1026   8.8019
79.0000   86.0000   73.9108   57.7754
80.0000   41.0000   7.7116   18.5993
81.0000   107.0000   79.8521   9.7322
82.0000   33.0000   22.3046   67.6961
83.0000   81.0000   16.3221   13.2582
84.0000   115.0000   15.5671   52.3532
85.0000   82.0000   62.5366   34.1956
86.0000   52.0000   34.6533   68.7676
87.0000   116.0000   30.3295   43.4668
88.0000   43.0000   93.7212   14.2756
89.0000   110.0000   59.7655   95.5343
90.0000   112.0000   93.5406   6.1022
91.0000   59.0000   18.4840   3.5951
92.0000   65.0000   14.2407   38.7357
93.0000   95.0000   67.4052   48.9460
94.0000   105.0000   55.6479   83.3671
95.0000   38.0000   73.2973   82.3518
96.0000   67.0000   54.3464   26.2720
97.0000   66.0000   22.2379   93.6401
98.0000   63.0000   60.1171   16.0680
99.0000   113.0000   72.3680   35.8873
100.0000   94.0000   18.0440   80.9035
101.0000   46.0000   85.0831   53.0861
102.0000   59.0000   12.5323   14.3415
103.0000   40.0000   25.8036   20.2324
104.0000   96.0000   47.4926   79.6794
105.0000   51.0000   37.8998   63.6258
106.0000   110.0000   14.7820   88.6653
107.0000   40.0000   86.0988   77.3185
108.0000   113.0000   86.4418   7.6549
109.0000   120.0000   4.2773   69.1317
110.0000   55.0000   95.9774   53.2720
111.0000   75.0000   32.0599   23.2181
112.0000   117.0000   4.1295   5.1661
113.0000   44.0000   97.8418   77.2946
114.0000   55.0000   46.5179   77.8040
115.0000   116.0000   78.2172   16.1051
116.0000   67.0000   24.5763   67.2087
117.0000   32.0000   71.6371   11.6336
118.0000   71.0000   48.1947   84.9476
119.0000   90.0000   17.3088   59.9761
120.0000   51.0000   5.0498   13.7565
121.0000   72.0000   90.1161   29.8703
122.0000   72.0000   36.9060   53.8233
123.0000   78.0000   57.4593   20.7247
124.0000   58.0000   0.2379   97.5185
125.0000   119.0000   33.8531   64.8027
126.0000   102.0000   97.0137   47.0110
127.0000   80.0000   94.2549   4.0181
128.0000   95.0000   26.7653   47.7945
129.0000   34.0000   28.0788   15.9574
130.0000   44.0000   86.7427   72.6863
131.0000   82.0000   62.5073   82.7387
132.0000   30.0000   14.5653   6.3270
133.0000   65.0000   3.8751   4.1355
134.0000   30.0000   41.6828   73.0593
135.0000   117.0000   72.5721   96.2925
136.0000   40.0000   79.4839   56.5360
137.0000   87.0000   55.5614   93.0316
138.0000   71.0000   3.9507   6.9337
139.0000   85.0000   63.1050   77.2440
140.0000   89.0000   15.6340   75.1690
141.0000   80.0000   77.0032   64.6465
142.0000   73.0000   33.8971   80.0669
143.0000   95.0000   37.3254   84.2013
144.0000   101.0000   71.8672   36.6443
145.0000   116.0000   2.7265   70.0962
146.0000   114.0000   86.2747   42.8814
147.0000   55.0000   45.6270   21.5065
148.0000   117.0000   51.1579   76.7762
149.0000   92.0000   42.6629   77.1891
150.0000   66.0000   93.4695   90.9605
