0.0000   0.0000   50.0000   50.0000
1.0000   57.0000   23.2258   16.3413
2.0000   111.0000   16.8282   52.7953
3.0000   57.0000   40.9136   31.5277
4.0000   75.0000   92.6857   9.4653
5.0000   40.0000   9.7879   18.3467
6.0000   108.0000   62.3324   96.1771
7.0000   40.0000   33.4648   98.1041
8.0000   90.0000   34.9988   69.6432
9.0000   30.0000   60.6093   96.1013
10.0000   83.0000   80.9894   96.4174
11.0000   26.0000   53.3722   0.2012
12.0000   72.0000   0.3634   37.9750
13.0000   33.0000   57.5490   47.4193
14.0000   108.0000   87.8312   56.4572
15.0000   24.0000   25.1478   85.9736
16.0000   23.0000   64.4178   87.2606
17.0000   16.0000   5.6561   58.6707
18.0000   54.0000   65.8725   34.0752
19.0000   64.0000   88.1814   99.3364
20.0000   48.0000   38.1231   42.0903
21.0000   77.0000   77.5810   55.2757
22.0000   74.0000   63.6594   75.8142
23.0000   50.0000   9.3446   82.6997
24.0000   47.0000   45.1451   90.3252
25.0000   31.0000   1.0989   56.3671
26.0000   87.0000   27.6486   97.0231
27.0000   96.0000   70.9809   44.3045
28.0000   53.0000   28.1271   24.8707
29.0000   34.0000   75.1638   66.9212
30.0000   10.0000   23.9527   4.4139
31.0000   21.0000   57.9687   34.0528
32.0000   29.0000   54.8967   10.0390
33.0000   38.0000   84.7976   14.2226
34.0000   103.0000   4.8234   54.5238
35.0000   45.0000   35.9516   84.9005
36.0000   57.0000   53.5592   2.4137
37.0000   38.0000   28.9859   63.1278
38.0000   57.0000   36.8545   46.6361
39.0000   38.0000   6.0940   9.4245
40.0000   64.0000   95.8930   2.2698
41.0000   52.0000   7.6135   33.4788
42.0000   102.0000   70.9573   12.0644
43.0000   116.0000   4.5868   23.3883
44.0000   33.0000   99.4119   65.6743
45.0000   107.0000   56.8696   76.0279
46.0000   113.0000   48.3750   13.1856
47.0000   68.0000   55.1113   94.6705
48.0000   21.0000   89.6722   32.0555
49.0000   65.0000   16.0933   24.0316
50.0000   88.0000   0.9377   70.6598
51.0000   96.0000   38.9296   46.3444
52.0000   21.0000   80.4861   65.2066
53.0000   94.0000   52.6670   64.3424
54.0000   112.0000   40.8417   7.9746
55.0000   119.0000   53.8313   26.8722
56.0000   37.0000   98.2618   0.5940
57.0000   29.0000   61.3769   96.3276
58.0000   17.0000   43.0662   5.3682
59.0000   61.0000   49.0534   97.6306
60.0000   91.0000   3.0997   69.1081
61.0000   102.0000   39.2610   96.2263
62.0000   106.0000   72.8525   62.9189
63.0000   37.0000   17.0293   79.6308
64.0000   107.0000   62.6138   33.0767
65.0000   112.0000   90.3018   71.3616
66.0000   65.0000   53.1829   14.7552
67.0000   93.0000   16.4079   82.8823
68.0000   29.0000   27.7425   72.4481
69.0000   120.0000   1.3121   14.7866
70.0000   35.0000   59.4482   56.8607
71.0000   12.0000   29.9261   58.3106
72.0000   47.0000   3.2083   46.9365
73.0000   99.0000   79.3225   41.1756
74.0000   72.0000   33.7715   86.5744
75.0000   72.0000   28.5478   46.7139
76.0000   49.0000   36.6351   56.4842
77.0000   19.0000   64.0400   13.6361
78.0000   28.0000   62.1408   35.1120
79.0000   74.0000   67.4841   88.8046
80.0000   59.0000   24.1750   33.6864
81.0000   111.0000   64.0227   45.6380
82.0000   49.0000   31.8328   33.3887
83.0000   16.0000   28.6754   57.4104
84.0000   97.0000   73.7393   22.7154
85.0000   20.0000   7.8307   97.4120
86.0000   54.0000   41.2860   94.8234
87.0000   98.0000   48.2871   20.2951
88.0000   83.0000   82.2514   18.3859
89.0000   45.0000   56.3449   41.6498
90.0000   86.0000   30.4225   95.4829
91.0000   24.0000   17.1559   56.6474
92.0000   106.0000   70.7854   0.1275
93.0000   95.0000   68.2822   40.2675
94.0000   88.0000   25.6018   49.5063
95.0000   34.0000   25.0349   39.2663
96.0000   118.0000   41.1777   61.3599
97.0000   110.0000   1.1436   20.4903
98.0000   36.0000   4.3574   27.4408
99.0000   120.0000   33.3584   69.8436
100.0000   35.0000   46.1050   77.0555
101.0000   21.0000   70.1898   85.4034
102.0000   26.0000   95.4023   34.9553
103.0000   79.0000   24.1832   36.3590
104.0000   120.0000   41.7942   19.0460
105.0000   59.0000   23.8829   23.7717
106.0000   33.0000   96.4601   72.6996
107.0000   80.0000   75.7537   94.7361
108.0000   26.0000   11.3295   1.4834
109.0000   12.0000   85.0408   20.1868
110.0000   110.0000   15.2375   88.0025
111.0000   10.0000   71.2306   50.7236
112.0000   78.0000   76.9936   29.5947
113.0000   94.0000   62.4662   36.1464
114.0000   10.0000   3.1876   60.0505
115.0000   111.0000   53.2551   11.2405
116.0000   107.0000   43.6914   17.7020
117.0000   111.0000   89.8840   68.2090
118.0000   72.0000   42.0660   79.5525
119.0000   58.0000   77.6821   21.2931
120.0000   13.0000   58.3375   97.2429
121.0000   85.0000   53.6241   21.7662
122.0000   76.0000   72.2250   47.8568
123.0000   69.0000   93.6143   63.6170
124.0000   115.0000   5.9343   53.4808
125.0000   66.0000   24.0046   29.7295
126.0000   73.0000   98.9618   16.9294
127.0000   111.0000   11.6346   60.0654
128.0000   43.0000   75.8184   0.3272
129.0000   97.0000   24.2851   25.0829
130.0000   111.0000   38.7179   20.2716
131.0000   28.0000   54.3574   20.5532
132.0000   57.0000   56.2058   55.6341
133.0000   102.0000   61.8092   30.7248
134.0000   48.0000   43.5645   52.1755
135.0000   80.0000   13.5024   17.7380
136.0000   113.0000   58.8156   94.6212
137.0000   60.0000   46.6278   43.5565
138.0000   20.0000   18.2152   78.9781
139.0000   89.0000   75.8273   43.9727
140.0000   108.0000   95.3752   15.4705
141.0000   27.0000   86.2972   87.2245
142.0000   113.0000   41.7753   67.0292
143.0000   35.0000   88.8806   95.6548
144.0000   43.0000   70.2504   59.1572
145.0000   107.0000   78.7056   2.4553
146.0000   47.0000   98.6311   19.4225
147.0000   37.0000   15.8643   18.5860
148.0000   102.0000   27.6962   16.1897
149.0000   56.0000   13.0827   22.4492
150.0000   40.0000   96.0831   17.6325
151.0000   15.0000   23.0468   80.0544
152.0000   106.0000   31.8024   74.3459
153.0000   50.0000   87.7207   20.7186
154.0000   37.0000   91.6841   89.3921
155.0000   80.0000   6.5577   85.5958
156.0000   51.0000   80.6507   72.8663
157.0000   82.0000   80.9869   90.2451
158.0000   73.0000   84.4029   72.8616
159.0000   81.0000   23.9050   90.4281
160.0000   30.0000   66.0471   96.0603
161.0000   86.0000   56.5790   89.2514
162.0000   87.0000   14.9332   46.5015
163.0000   98.0000   10.7085   41.2073
164.0000   44.0000   65.9920   60.4808
165.0000   76.0000   16.3688   87.4243
166.0000   30.0000   28.9764   13.2546
167.0000   54.0000   46.7319   55.3098
168.0000   41.0000   39.0313   12.5728
169.0000   63.0000   42.5029   72.4543
170.0000   119.0000   55.2615   20.6866
171.0000   21.0000   84.3144   86.5447
172.0000   14.0000   25.5720   96.3714
173.0000   109.0000   77.0076   88.9129
174.0000   79.0000   11.2707   96.4958
175.0000   111.0000   72.9623   47.0498
176.0000   52.0000   36.5893   2.2711
177.0000   101.0000   57.8157   44.4363
178.0000   53.0000   61.2772   52.6049
179.0000   18.0000   52.5455   50.9693
180.0000   28.0000   60.6537   55.1441
181.0000   75.0000   99.8819   1.1380
182.0000   75.0000   68.8098   49.8244
183.0000   92.0000   36.0543   54.0118
184.0000   117.0000   5.9399   51.4476
185.0000   43.0000   22.3321   26.9585
186.0000   119.0000   86.0229   11.9763
187.0000   40.0000   98.1401   37.5779
188.0000   120.0000   59.2461   82.3031
189.0000   72.0000   30.2870   26.6711
190.0000   71.0000   70.4023   51.7284
191.0000   41.0000   7.5663   2.9284
192.0000   73.0000   55.8511   79.7500
193.0000   42.0000   93.6478   65.3839
194.0000   41.0000   40.8951   91.4341
195.0000   27.0000   3.0997   81.1742
196.0000   118.0000   63.1737   25.6980
197.0000   17.0000   77.5267   19.1369
198.0000   22.0000   90.6678   98.0971
199.0000   120.0000   74.9583   13.4981
200.0000   34.0000   27.1875   58.5220
201.0000   66.0000   47.5231   28.5367
202.0000   113.0000   10.9701   6.8690
203.0000   106.0000   95.6223   63.1669
204.0000   109.0000   4.1429   96.6880
205.0000   118.0000   65.2490   0.0928
206.0000   82.0000   88.2376   11.9938
207.0000   58.0000   20.6138   28.3002
208.0000   27.0000   31.3061   52.8378
209.0000   22.0000   9.5095   54.5261
210.0000   49.0000   87.3833   55.6533
211.0000   27.0000   47.4103   50.4251
212.0000   80.0000   8.4857   85.8888
213.0000   31.0000   15.8816   32.2599
214.0000   61.0000   7.9860   97.9293
215.0000   113.0000   0.8081   77.3924
216.0000   66.0000   40.3121   10.8537
217.0000   104.0000   9.1664   90.7438
218.0000   40.0000   83.1320   67.2490
219.0000   114.0000   38.5089   35.6150
220.0000   99.0000   77.4912   26.6220
221.0000   63.0000   73.8758   72.1440
222.0000   51.0000   39.6056   41.2246
223.0000   119.0000   35.3664   51.8502
224.0000   79.0000   31.7319   37.2365
225.0000   109.0000   67.9947   7.1539
226.0000   36.0000   6.3265   33.3973
227.0000   22.0000   58.8519   69.8890
228.0000   58.0000   80.7430   54.2894
229.0000   43.0000   19.8686   93.5667
230.0000   14.0000   16.5551   39.8188
231.0000   30.0000   10.8174   46.7448
232.0000   92.0000   7.5866   89.7935
233.0000   94.0000   85.6518   95.5662
234.0000   73.0000   66.7958   34.6775
235.0000   106.0000   81.1002   18.4043
236.0000   112.0000   25.2853   26.1341
237.0000   103.0000   84.1114   55.5287
238.0000   68.0000   38.3739   3.2653
239.0000   24.0000   28.9049   95.2701
240.0000   76.0000   89.0358   85.8802
241.0000   85.0000   36.9540   43.9338
242.0000   52.0000   7.2580   55.6119
243.0000   107.0000   51.2645   67.7780
244.0000   94.0000   73.0130   66.4362
245.0000   103.0000   30.2535   88.0587
246.0000   85.0000   92.4717   51.3073
247.0000   21.0000   42.7557   68.2056
248.0000   93.0000   41.6415   93.3426
249.0000   45.0000   95.3001   65.3859
250.0000   33.0000   7.6770   89.1812
