0.0000   0.0000   0.0000   0.0000
1.0000   90.0000   17.2163   11.1313
2.0000   96.0000   36.4852   23.4984
3.0000   92.0000   3.9679   42.9610
4.0000   87.0000   33.1150   22.1301
5.0000   76.0000   26.5799   46.8524
6.0000   64.0000   43.0108   29.2929
7.0000   103.0000   47.1222   46.3321
8.0000   104.0000   36.5856   39.8220
9.0000   67.0000   21.2837   32.6897
10.0000   63.0000   6.8962   46.3808
11.0000   150.0000   10.5852   25.1314
12.0000   142.0000   46.2471   29.7826
13.0000   100.0000   16.5867   42.8245
14.0000   130.0000   10.6716   44.4737
15.0000   139.0000   0.0873   16.6351
16.0000   89.0000   22.8806   34.5068
17.0000   146.0000   24.4237   10.9683
18.0000   95.0000   45.5772   19.4167
19.0000   148.0000   14.3893   7.0100
20.0000   136.0000   36.8318   48.2167
21.0000   61.0000   5.3774   12.0872
22.0000   69.0000   20.9514   5.4631
23.0000   145.0000   43.4019   9.3463
24.0000   89.0000   17.0018   39.5071
25.0000   137.0000   33.9701   32.6397
26.0000   87.0000   47.7215   32.8259
27.0000   133.0000   25.3535   22.9071
28.0000   111.0000   49.4199   29.9691
29.0000   134.0000   25.1338   2.6902
30.0000   109.0000   30.7532   11.8731
31.0000   130.0000   48.7409   17.3691
32.0000   147.0000   26.4947   28.9895
33.0000   91.0000   26.2270   12.8300
34.0000   91.0000   6.2058   17.7141
35.0000   96.0000   35.2404   24.2505
36.0000   148.0000   12.9107   15.3524
37.0000   113.0000   1.8273   5.9144
38.0000   75.0000   19.7146   36.1722
39.0000   62.0000   19.1193   36.5098
40.0000   150.0000   18.2006   5.6827
41.0000   136.0000   6.5591   9.0651
42.0000   125.0000   5.0696   45.8313
43.0000   129.0000   35.4984   34.9736
44.0000   104.0000   48.0004   46.6070
45.0000   98.0000   9.7771   27.7712
46.0000   147.0000   41.9636   5.3643
47.0000   89.0000   33.4965   20.9323
48.0000   86.0000   14.2731   5.8871
49.0000   85.0000   16.9153   26.1490
50.0000   126.0000   15.6986   18.8820
51.0000   61.0000   32.1951   32.2645
52.0000   113.0000   20.9383   33.6259
53.0000   126.0000   15.2707   42.0800
54.0000   134.0000   34.3466   12.4942
55.0000   124.0000   45.9182   33.9374
56.0000   94.0000   13.0264   47.3846
57.0000   90.0000   25.0471   15.9222
58.0000   132.0000   25.6578   24.8619
59.0000   139.0000   14.8535   12.9272
60.0000   117.0000   22.5069   48.9725
61.0000   143.0000   15.0607   39.1819
62.0000   119.0000   17.8023   41.3706
63.0000   99.0000   18.2202   27.0481
64.0000   109.0000   21.8924   7.7383
65.0000   81.0000   22.0304   6.1865
66.0000   84.0000   13.4602   8.1888
67.0000   104.0000   17.3353   14.6116
68.0000   140.0000   45.9932   33.9022
69.0000   76.0000   38.5271   31.3416
70.0000   73.0000   42.7104   15.6683
71.0000   129.0000   27.5488   35.8520
72.0000   99.0000   4.0830   47.7985
73.0000   88.0000   0.4620   2.4819
74.0000   99.0000   42.6216   49.6054
75.0000   105.0000   20.0953   12.4795
76.0000   147.0000   16.4468   22.6431
77.0000   76.0000   34.2369   2.0535
78.0000   93.0000   17.3348   27.7968
79.0000   85.0000   43.3343   7.7427
80.0000   108.0000   35.5844   22.5290
81.0000   81.0000   5.7012   37.0525
82.0000   66.0000   29.9163   3.6410
83.0000   148.0000   44.1328   42.1104
84.0000   102.0000   11.4081   34.6672
85.0000   65.0000   43.8664   40.1049
86.0000   120.0000   32.3834   29.1830
87.0000   147.0000   6.8005   41.1366
88.0000   71.0000   10.4558   38.4686
89.0000   95.0000   13.6534   11.4775
90.0000   80.0000   40.2634   18.6087
91.0000   136.0000   26.5148   25.7786
92.0000   147.0000   31.9776   30.9904
93.0000   150.0000   39.4735   7.2993
94.0000   115.0000   25.6843   4.8575
95.0000   67.0000   2.2679   21.6248
96.0000   94.0000   48.7068   30.9497
97.0000   119.0000   27.5784   47.0360
98.0000   82.0000   31.5093   1.4511
99.0000   141.0000   16.7032   28.0742
100.0000   131.0000   30.2379   13.4062
101.0000   147.0000   1.2479   40.8495
102.0000   108.0000   35.2770   13.2034
103.0000   148.0000   10.2524   0.9676
104.0000   79.0000   11.6675   39.8075
105.0000   89.0000   1.2016   17.7939
106.0000   105.0000   20.0539   0.8188
107.0000   119.0000   45.5191   41.0446
108.0000   78.0000   1.5551   44.8024
109.0000   92.0000   16.4457   18.4370
110.0000   127.0000   49.4136   8.3377
111.0000   68.0000   25.6502   38.5111
112.0000   141.0000   3.8015   30.8530
113.0000   66.0000   15.7018   45.3329
114.0000   62.0000   43.2765   45.6415
115.0000   82.0000   43.1479   14.5596
116.0000   139.0000   36.6974   17.5285
117.0000   147.0000   15.9825   39.8605
118.0000   106.0000   35.5825   29.2715
119.0000   106.0000   22.3988   4.2099
120.0000   141.0000   33.7826   44.2793
121.0000   79.0000   3.5454   31.0168
122.0000   72.0000   37.4905   25.8151
123.0000   141.0000   46.1407   31.3290
124.0000   143.0000   23.0082   21.8131
125.0000   136.0000   19.7553   5.6842
126.0000   140.0000   26.2220   33.1427
127.0000   126.0000   9.7944   14.4863
128.0000   86.0000   24.1145   20.9419
129.0000   120.0000   5.4227   4.3414
130.0000   99.0000   27.6672   19.2742
131.0000   108.0000   45.9956   37.9490
132.0000   100.0000   12.1262   38.3293
133.0000   143.0000   9.0865   41.6822
134.0000   137.0000   44.3735   41.7030
135.0000   92.0000   1.8292   25.3308
136.0000   68.0000   24.6271   9.1280
137.0000   92.0000   27.9194   3.4109
138.0000   103.0000   15.1565   37.1917
139.0000   91.0000   21.9063   28.6563
140.0000   138.0000   19.9207   36.0439
141.0000   71.0000   6.5582   30.5649
142.0000   81.0000   24.3864   17.9275
143.0000   96.0000   34.3836   35.2219
144.0000   78.0000   11.8541   9.0366
145.0000   132.0000   40.8948   23.8910
146.0000   109.0000   37.3517   28.9993
147.0000   72.0000   39.1565   2.6233
148.0000   138.0000   41.2946   33.7584
149.0000   81.0000   14.4589   49.7332
150.0000   110.0000   45.2901   16.1139
151.0000   62.0000   4.9495   14.3046
152.0000   67.0000   46.2577   26.8656
153.0000   60.0000   48.2139   23.0129
154.0000   117.0000   7.5094   38.3412
155.0000   87.0000   20.9928   11.4577
156.0000   105.0000   9.2582   25.0982
157.0000   70.0000   40.6719   8.8724
158.0000   143.0000   29.0438   35.9073
159.0000   116.0000   9.7167   38.0000
160.0000   112.0000   28.5760   35.7790
161.0000   79.0000   25.6003   44.2850
162.0000   62.0000   33.9056   14.9452
163.0000   130.0000   20.7356   5.6279
164.0000   84.0000   25.2384   5.3356
165.0000   69.0000   10.1547   12.5412
166.0000   79.0000   27.0049   20.3365
167.0000   60.0000   44.8359   3.4677
168.0000   107.0000   1.6958   6.3808
169.0000   114.0000   46.9921   35.6835
170.0000   69.0000   21.1003   20.6118
171.0000   68.0000   36.2870   30.2350
172.0000   84.0000   37.9277   40.5486
173.0000   86.0000   32.1369   20.7007
174.0000   122.0000   32.0065   29.7647
175.0000   76.0000   36.8243   11.8062
176.0000   96.0000   20.2693   5.9178
177.0000   89.0000   43.3836   28.4346
178.0000   141.0000   15.9196   41.4377
179.0000   77.0000   36.8071   46.5777
180.0000   123.0000   6.3973   34.3292
181.0000   131.0000   20.8919   5.1729
182.0000   72.0000   49.5844   31.3518
183.0000   71.0000   20.2313   10.6500
184.0000   146.0000   37.2082   2.9544
185.0000   74.0000   27.5206   7.5868
186.0000   114.0000   41.3487   13.9464
187.0000   102.0000   27.5583   18.3152
188.0000   76.0000   44.4575   19.6882
189.0000   149.0000   32.2447   6.6408
190.0000   95.0000   14.3981   9.6583
191.0000   148.0000   45.4025   13.2838
192.0000   104.0000   20.0142   4.1714
193.0000   115.0000   7.5328   29.4014
194.0000   85.0000   33.4100   45.5936
195.0000   100.0000   37.4171   35.6017
196.0000   62.0000   22.7889   2.7039
197.0000   76.0000   2.9240   20.1732
198.0000   102.0000   4.2107   15.4024
199.0000   78.0000   49.9821   0.9308
200.0000   118.0000   22.3888   15.7012
201.0000   77.0000   49.0705   5.0410
202.0000   70.0000   45.2807   4.6953
203.0000   122.0000   43.9656   29.0322
204.0000   92.0000   2.4365   20.2645
205.0000   125.0000   23.4902   32.7417
206.0000   121.0000   3.0440   43.0222
207.0000   98.0000   17.6378   10.2965
208.0000   78.0000   1.9264   48.3970
209.0000   74.0000   43.6679   10.3049
210.0000   133.0000   5.8175   8.8304
211.0000   66.0000   31.2100   20.1218
212.0000   95.0000   19.7788   37.5966
213.0000   85.0000   3.4803   32.0694
214.0000   121.0000   8.9739   0.9065
215.0000   99.0000   3.6356   12.7541
216.0000   90.0000   33.4821   16.5811
217.0000   97.0000   43.7087   4.5158
218.0000   69.0000   4.1083   24.3233
219.0000   133.0000   3.5514   31.0187
220.0000   95.0000   26.5967   48.3152
221.0000   88.0000   0.4906   23.4739
222.0000   88.0000   34.2104   48.0180
223.0000   77.0000   7.0539   19.5127
224.0000   144.0000   29.7708   11.8654
225.0000   62.0000   14.3104   30.9337
