0.0000   0.0000   50.0000   50.0000
1.0000   93.0000   33.8420   78.5187
2.0000   45.0000   31.8476   35.5885
3.0000   78.0000   18.6575   80.5838
4.0000   96.0000   37.8796   34.7436
5.0000   87.0000   86.6416   58.5251
6.0000   1.0000   54.2940   55.5189
7.0000   82.0000   34.7315   19.8349
8.0000   30.0000   0.1560   95.5206
9.0000   86.0000   78.0147   24.5529
10.0000   47.0000   88.0815   27.8171
11.0000   65.0000   70.7881   32.7510
12.0000   19.0000   11.0897   64.7904
13.0000   34.0000   88.1529   54.7599
14.0000   33.0000   36.4408   39.3902
15.0000   60.0000   20.8389   87.3021
16.0000   57.0000   24.6122   77.2909
17.0000   1.0000   12.3565   42.2624
18.0000   99.0000   2.0082   0.7715
19.0000   84.0000   53.1754   95.6678
20.0000   14.0000   89.7220   96.4066
21.0000   14.0000   20.6672   45.3619
22.0000   17.0000   10.5574   36.4602
23.0000   84.0000   8.1320   99.5389
24.0000   16.0000   31.9255   89.9091
25.0000   94.0000   17.7924   74.9601
26.0000   52.0000   30.1327   82.8785
27.0000   99.0000   27.7423   21.3808
28.0000   94.0000   91.6023   29.5665
29.0000   24.0000   66.5142   53.5286
30.0000   31.0000   80.7720   71.1372
31.0000   70.0000   66.8045   79.4716
32.0000   39.0000   0.4268   17.7326
33.0000   52.0000   64.3304   17.3966
34.0000   44.0000   3.3576   14.8658
35.0000   4.0000   84.1698   18.8610
36.0000   84.0000   94.2921   38.6676
37.0000   17.0000   2.3310   88.6366
38.0000   94.0000   19.9197   6.4317
39.0000   38.0000   81.6989   71.4817
40.0000   79.0000   36.4283   56.0284
41.0000   74.0000   67.0411   28.0278
42.0000   23.0000   83.2833   24.0107
43.0000   35.0000   92.1953   83.5682
44.0000   48.0000   94.9051   94.7789
45.0000   58.0000   30.4907   70.3332
46.0000   58.0000   57.6627   21.5347
47.0000   2.0000   5.3231   70.8869
48.0000   83.0000   16.5614   94.9653
49.0000   49.0000   17.0916   71.4576
50.0000   75.0000   19.6815   84.1910
51.0000   87.0000   16.3588   86.2074
52.0000   93.0000   10.2771   94.8453
53.0000   34.0000   41.6796   68.2573
54.0000   82.0000   63.4760   8.8022
55.0000   33.0000   90.5054   26.2293
56.0000   92.0000   86.3308   7.8961
57.0000   9.0000   95.1938   64.6153
58.0000   54.0000   86.4821   72.1836
59.0000   15.0000   39.5999   66.4863
60.0000   100.0000   32.8611   80.2264
61.0000   31.0000   56.4700   26.4913
62.0000   24.0000   67.9145   75.7457
63.0000   31.0000   56.6806   51.4119
64.0000   21.0000   19.8891   98.2587
65.0000   68.0000   57.9010   1.2029
66.0000   88.0000   91.4715   65.9853
67.0000   30.0000   56.5080   29.7914
68.0000   1.0000   44.5373   90.3940
69.0000   98.0000   66.3009   33.8985
70.0000   84.0000   58.0884   47.2933
71.0000   81.0000   94.0723   29.6937
72.0000   6.0000   11.0516   77.4697
73.0000   33.0000   48.3447   35.8077
74.0000   92.0000   39.6576   46.1400
75.0000   94.0000   64.3839   53.6161
76.0000   96.0000   38.7653   98.1205
77.0000   34.0000   53.5035   66.3633
78.0000   72.0000   67.0440   30.2744
79.0000   38.0000   61.6553   75.4128
80.0000   59.0000   78.9626   75.8214
81.0000   95.0000   28.1965   79.9747
82.0000   92.0000   88.0398   45.5838
83.0000   92.0000   0.8011   37.0861
84.0000   97.0000   19.0150   4.3614
85.0000   14.0000   96.1010   54.7056
86.0000   58.0000   79.6604   27.7994
87.0000   12.0000   30.3829   27.6357
88.0000   75.0000   75.0173   73.0355
89.0000   61.0000   52.3860   5.9647
90.0000   5.0000   50.7952   18.8152
91.0000   35.0000   15.7798   18.1644
92.0000   68.0000   87.1238   60.5496
93.0000   82.0000   7.1145   10.9467
94.0000   71.0000   1.9724   31.8351
95.0000   47.0000   39.5425   12.1553
96.0000   85.0000   42.1247   4.5864
97.0000   93.0000   69.2378   14.0754
98.0000   92.0000   83.0078   42.8708
99.0000   56.0000   59.4303   63.5335
100.0000   62.0000   38.1932   81.5285
101.0000   12.0000   79.8002   47.7471
102.0000   52.0000   19.8648   56.3802
103.0000   74.0000   52.6406   16.9302
104.0000   12.0000   49.9199   92.0731
105.0000   52.0000   19.7539   68.6044
106.0000   73.0000   62.4035   96.6201
107.0000   31.0000   56.5530   12.2795
108.0000   23.0000   67.5171   34.1582
109.0000   14.0000   91.6993   71.9877
110.0000   22.0000   56.5784   80.6636
111.0000   76.0000   78.5962   74.5603
112.0000   1.0000   34.6275   84.6431
113.0000   33.0000   51.1630   20.5903
114.0000   53.0000   72.6566   42.2492
115.0000   58.0000   91.2157   51.3601
116.0000   60.0000   91.8798   81.2315
117.0000   8.0000   97.7811   99.7146
118.0000   31.0000   92.4925   18.5283
119.0000   61.0000   53.4075   70.1370
120.0000   59.0000   56.7231   93.7271
121.0000   76.0000   52.9851   34.2301
122.0000   27.0000   87.8963   82.7834
123.0000   81.0000   5.5802   9.5527
124.0000   98.0000   96.1275   25.2103
125.0000   12.0000   27.5145   58.6460
126.0000   65.0000   51.0534   9.8079
127.0000   52.0000   56.0524   50.9191
128.0000   71.0000   1.2597   81.9823
129.0000   22.0000   18.4847   1.4035
130.0000   57.0000   61.6901   43.2623
131.0000   28.0000   39.2683   86.4841
132.0000   71.0000   54.6775   20.7753
133.0000   52.0000   16.3853   52.5264
134.0000   58.0000   80.5695   64.6237
135.0000   62.0000   96.1551   1.8927
136.0000   52.0000   94.2482   32.0985
137.0000   6.0000   24.8161   35.9684
138.0000   48.0000   7.5503   69.8015
139.0000   93.0000   90.6645   59.5355
140.0000   90.0000   36.4434   45.5257
141.0000   77.0000   65.9455   4.0675
142.0000   54.0000   34.0777   63.2184
143.0000   87.0000   2.8565   88.5358
144.0000   22.0000   9.6757   29.1803
145.0000   54.0000   45.1818   96.4931
146.0000   22.0000   53.6113   15.4513
147.0000   36.0000   49.5706   13.5677
148.0000   72.0000   73.9196   90.8755
149.0000   61.0000   39.5994   56.3144
150.0000   46.0000   8.5416   27.6511
151.0000   31.0000   54.9377   74.8834
152.0000   60.0000   73.8994   76.7556
153.0000   33.0000   24.5884   11.5495
154.0000   10.0000   31.8260   36.2451
155.0000   24.0000   22.3461   80.4986
156.0000   13.0000   99.7595   86.3164
157.0000   19.0000   35.1438   18.4117
158.0000   68.0000   97.7591   34.0520
159.0000   36.0000   91.8341   35.0419
160.0000   47.0000   44.6968   96.7301
161.0000   3.0000   5.9773   5.1011
162.0000   90.0000   12.2506   69.7993
163.0000   35.0000   68.1432   31.4616
164.0000   25.0000   72.2802   12.2329
165.0000   75.0000   94.0162   69.1989
166.0000   26.0000   45.5658   35.8034
167.0000   30.0000   5.1008   6.2742
168.0000   47.0000   44.9142   0.1091
169.0000   52.0000   25.9951   27.1424
170.0000   16.0000   30.5118   74.1050
171.0000   6.0000   71.3347   85.0026
172.0000   70.0000   3.7120   35.9592
173.0000   32.0000   73.8991   93.3293
174.0000   86.0000   23.1076   12.5392
175.0000   75.0000   90.5915   5.9127
176.0000   65.0000   82.3822   52.1865
177.0000   82.0000   28.9236   68.7584
178.0000   33.0000   39.7539   51.4537
179.0000   54.0000   60.7715   83.7639
180.0000   77.0000   23.2114   34.4595
181.0000   33.0000   10.8854   11.5276
182.0000   68.0000   61.8431   63.7480
183.0000   52.0000   29.6800   94.7520
184.0000   11.0000   67.3183   14.9881
185.0000   81.0000   76.5427   56.8601
186.0000   87.0000   47.0112   60.7660
187.0000   13.0000   4.9836   50.9924
188.0000   4.0000   59.7276   18.9507
189.0000   25.0000   25.9880   24.8509
190.0000   15.0000   46.9368   46.6604
191.0000   89.0000   3.0887   82.3981
192.0000   40.0000   92.4017   14.7420
193.0000   98.0000   72.7858   16.8381
194.0000   29.0000   87.9618   13.3881
195.0000   89.0000   95.6628   45.6206
196.0000   3.0000   22.2810   47.7603
197.0000   11.0000   94.0616   12.8673
198.0000   3.0000   20.6672   76.1673
199.0000   9.0000   66.2508   94.2474
200.0000   56.0000   47.0992   75.0503
201.0000   59.0000   9.7592   1.4005
202.0000   20.0000   0.8533   2.0269
203.0000   17.0000   96.8019   6.9413
204.0000   71.0000   22.5755   79.6095
205.0000   81.0000   67.2501   43.0531
206.0000   82.0000   25.4121   65.0221
207.0000   58.0000   68.8767   47.2228
208.0000   67.0000   75.8417   79.8028
209.0000   27.0000   76.2029   89.1751
210.0000   29.0000   57.9576   12.2589
211.0000   21.0000   97.9656   37.3990
212.0000   51.0000   50.3752   61.9445
213.0000   41.0000   59.9745   26.6373
214.0000   87.0000   84.3527   3.0666
215.0000   12.0000   84.4871   73.3116
216.0000   68.0000   91.4512   86.5651
217.0000   76.0000   47.6406   49.5576
218.0000   60.0000   24.8702   48.5938
219.0000   96.0000   44.0392   2.7917
220.0000   42.0000   94.7974   10.3364
221.0000   63.0000   54.3398   83.7180
222.0000   17.0000   1.1638   84.6680
223.0000   75.0000   34.7505   41.8990
224.0000   53.0000   43.3153   60.7598
225.0000   82.0000   65.6008   16.3814
226.0000   2.0000   34.6102   8.2865
227.0000   37.0000   57.3508   80.7488
228.0000   61.0000   24.2153   8.1420
229.0000   39.0000   50.7432   72.4467
230.0000   13.0000   14.0800   91.8445
231.0000   42.0000   94.0003   41.4483
232.0000   69.0000   73.5194   17.7107
233.0000   98.0000   12.7838   62.1009
234.0000   21.0000   80.2626   13.0097
235.0000   56.0000   30.2731   59.5037
236.0000   72.0000   11.0318   60.6137
237.0000   97.0000   66.7895   98.2287
238.0000   36.0000   22.1942   14.8129
239.0000   32.0000   68.3145   60.2666
240.0000   95.0000   17.5176   15.6982
241.0000   90.0000   50.4528   59.5566
242.0000   42.0000   88.2614   21.8309
243.0000   52.0000   45.8571   27.7275
244.0000   19.0000   91.7183   29.8558
245.0000   51.0000   23.5072   94.0338
246.0000   37.0000   11.2739   79.5742
247.0000   54.0000   26.7940   40.0001
248.0000   33.0000   56.8370   27.3517
249.0000   56.0000   21.9932   61.4378
250.0000   83.0000   17.3416   92.2774
251.0000   3.0000   30.6678   73.7029
252.0000   24.0000   28.7076   70.7143
253.0000   58.0000   7.9973   18.7322
254.0000   56.0000   52.1761   36.8102
255.0000   87.0000   25.9108   92.4194
256.0000   23.0000   35.6661   32.7597
257.0000   82.0000   2.8048   41.5584
258.0000   7.0000   24.5196   47.7392
259.0000   82.0000   86.5754   45.1846
260.0000   21.0000   42.5986   25.1951
261.0000   31.0000   43.0019   43.5057
262.0000   12.0000   31.9032   65.9814
263.0000   92.0000   75.6064   11.4581
264.0000   87.0000   43.2699   13.3915
265.0000   26.0000   39.4652   92.4910
266.0000   41.0000   24.3267   44.6285
267.0000   14.0000   26.7020   92.4407
268.0000   98.0000   30.6257   62.4579
269.0000   14.0000   94.0790   6.0560
270.0000   57.0000   34.8857   17.0065
271.0000   74.0000   1.6931   50.7868
272.0000   50.0000   21.8299   5.7339
273.0000   94.0000   58.5501   6.4083
274.0000   64.0000   84.7417   57.6364
275.0000   7.0000   81.6122   62.3802
276.0000   20.0000   76.7997   53.1301
277.0000   28.0000   49.3928   57.7584
278.0000   10.0000   78.5138   57.0209
279.0000   100.0000   17.0799   8.3469
280.0000   3.0000   66.4646   47.6034
281.0000   83.0000   11.9391   90.1436
282.0000   42.0000   96.9809   46.7664
283.0000   32.0000   52.7568   82.8863
284.0000   44.0000   76.0303   5.9940
285.0000   98.0000   37.0924   26.5735
286.0000   68.0000   77.8201   50.0146
287.0000   34.0000   69.5408   60.4847
288.0000   64.0000   1.2086   88.5380
289.0000   35.0000   27.2873   12.0948
290.0000   89.0000   62.9254   44.3778
291.0000   22.0000   44.9269   64.2545
292.0000   65.0000   5.5667   4.9599
293.0000   19.0000   82.1702   98.9297
294.0000   56.0000   25.6201   64.5912
295.0000   70.0000   60.6609   32.2746
296.0000   29.0000   90.7185   20.6310
297.0000   52.0000   46.5319   79.1445
298.0000   95.0000   63.7538   16.6332
299.0000   60.0000   2.8443   98.8596
300.0000   55.0000   48.4385   40.6896
301.0000   81.0000   29.1295   1.2308
302.0000   13.0000   89.9180   14.1699
303.0000   38.0000   15.7743   84.0491
304.0000   13.0000   23.1102   55.2556
305.0000   56.0000   68.1454   29.0217
306.0000   54.0000   94.2276   97.2872
307.0000   81.0000   43.0939   2.1473
308.0000   77.0000   3.3030   24.5963
309.0000   44.0000   6.2227   72.0559
310.0000   31.0000   45.9869   42.6499
311.0000   10.0000   78.7410   30.9659
312.0000   24.0000   84.2945   30.6178
313.0000   41.0000   48.4467   44.8226
314.0000   21.0000   85.5709   72.7371
315.0000   45.0000   90.0275   96.2446
316.0000   88.0000   48.3276   76.7974
317.0000   11.0000   85.8916   6.5104
318.0000   67.0000   28.4839   98.3862
319.0000   12.0000   34.8361   83.4119
320.0000   86.0000   14.4038   69.8179
321.0000   17.0000   51.6525   21.9131
322.0000   16.0000   57.5638   3.8578
323.0000   36.0000   47.8381   41.4254
324.0000   69.0000   70.6898   87.7336
325.0000   66.0000   53.3835   41.5571
326.0000   12.0000   14.1778   44.9893
327.0000   1.0000   87.6194   87.0264
328.0000   76.0000   36.6865   92.7244
329.0000   84.0000   92.3393   5.5643
330.0000   72.0000   74.9810   37.2746
331.0000   69.0000   82.8092   50.4306
332.0000   40.0000   17.7545   63.3799
333.0000   7.0000   50.9372   35.2901
334.0000   35.0000   91.6681   51.0334
335.0000   12.0000   8.5868   62.0130
336.0000   32.0000   55.2866   38.3950
337.0000   61.0000   14.3325   31.0821
338.0000   66.0000   63.0043   89.9808
339.0000   85.0000   30.8398   65.2597
340.0000   97.0000   36.8534   55.0720
341.0000   23.0000   19.4813   13.8218
342.0000   74.0000   43.6450   37.5648
343.0000   21.0000   3.7344   97.6924
344.0000   22.0000   78.1837   82.1630
345.0000   26.0000   53.8224   74.2817
346.0000   14.0000   19.7725   7.1650
347.0000   19.0000   37.5324   54.9360
348.0000   92.0000   51.4113   37.2150
349.0000   42.0000   99.4604   11.1244
350.0000   97.0000   46.5677   8.8605
351.0000   67.0000   14.4184   97.7955
352.0000   29.0000   19.4169   6.0835
353.0000   88.0000   98.8149   66.6274
354.0000   62.0000   60.3935   59.6999
355.0000   73.0000   81.3012   21.2064
356.0000   36.0000   80.7052   5.6111
357.0000   34.0000   24.2395   13.2209
358.0000   20.0000   72.0041   69.8141
359.0000   42.0000   92.8080   77.9882
360.0000   90.0000   68.2754   40.4539
361.0000   38.0000   24.7797   43.8300
362.0000   23.0000   49.4678   91.3969
363.0000   59.0000   37.2672   42.9546
364.0000   45.0000   96.3699   25.1201
365.0000   64.0000   59.8417   4.4345
366.0000   63.0000   15.3124   26.5490
367.0000   8.0000   29.2138   24.5989
368.0000   93.0000   19.3053   61.4594
369.0000   39.0000   16.4438   6.4266
370.0000   18.0000   74.9620   60.3537
371.0000   48.0000   54.3316   90.3585
372.0000   97.0000   36.7121   5.7882
373.0000   84.0000   81.1274   68.5316
374.0000   80.0000   91.7618   13.1841
375.0000   32.0000   70.3105   60.9351
376.0000   53.0000   99.7324   98.0209
377.0000   83.0000   61.7443   86.3889
378.0000   96.0000   5.1100   49.7178
379.0000   48.0000   80.4504   51.7053
380.0000   67.0000   36.7058   13.9168
381.0000   73.0000   83.6877   62.2567
382.0000   72.0000   48.1656   18.4923
383.0000   81.0000   16.8735   17.4371
384.0000   8.0000   41.1150   76.3575
385.0000   44.0000   26.3773   27.5433
386.0000   10.0000   6.9773   40.6586
387.0000   92.0000   60.3714   2.3380
388.0000   34.0000   41.9334   40.0011
389.0000   9.0000   67.8377   81.0023
390.0000   88.0000   67.9714   31.7959
391.0000   37.0000   83.8174   44.9326
392.0000   75.0000   6.0743   99.5597
393.0000   9.0000   21.4723   96.7281
394.0000   76.0000   27.3787   97.3933
395.0000   26.0000   60.1721   42.5824
396.0000   88.0000   91.8998   14.0021
397.0000   86.0000   12.2178   23.2634
398.0000   2.0000   67.9910   12.3052
399.0000   95.0000   49.8560   2.5856
400.0000   94.0000   58.6068   78.2016
401.0000   27.0000   2.3440   73.4071
402.0000   18.0000   42.4940   13.5028
403.0000   32.0000   21.0359   75.3265
404.0000   72.0000   73.4038   80.7720
405.0000   76.0000   16.5259   44.0311
406.0000   64.0000   69.0438   34.0148
407.0000   41.0000   1.4513   93.0800
408.0000   36.0000   1.5600   72.9764
409.0000   90.0000   85.6808   3.4754
410.0000   71.0000   84.9697   58.1387
411.0000   67.0000   18.5116   58.9975
412.0000   30.0000   79.4578   64.7432
413.0000   45.0000   31.5696   30.5787
414.0000   81.0000   60.4165   88.2969
415.0000   52.0000   40.4571   0.9093
416.0000   68.0000   63.8085   96.9397
417.0000   38.0000   76.7369   24.1302
418.0000   24.0000   61.5224   42.7184
419.0000   9.0000   26.0786   99.8227
420.0000   25.0000   50.4294   5.2702
421.0000   74.0000   28.6068   71.3837
422.0000   79.0000   4.7113   99.7890
423.0000   70.0000   48.2615   73.5325
424.0000   29.0000   5.5321   0.4955
425.0000   37.0000   96.4110   71.1558
426.0000   96.0000   92.0179   5.4609
427.0000   68.0000   8.8102   90.6616
428.0000   3.0000   22.7443   36.5876
429.0000   33.0000   7.5793   72.2378
430.0000   86.0000   26.1539   61.1070
431.0000   26.0000   35.8644   57.0908
432.0000   90.0000   73.8797   98.1296
433.0000   79.0000   6.4539   85.7709
434.0000   15.0000   90.4044   10.0765
435.0000   51.0000   71.8887   27.4401
436.0000   91.0000   98.0506   85.7485
437.0000   14.0000   56.5566   41.8588
438.0000   21.0000   31.8297   47.1316
439.0000   79.0000   18.0908   2.4258
440.0000   95.0000   17.6686   9.1383
441.0000   4.0000   60.2900   79.6273
442.0000   56.0000   56.7171   73.6223
443.0000   32.0000   40.9438   51.0646
444.0000   95.0000   37.6786   53.0908
445.0000   20.0000   60.6676   39.0654
446.0000   19.0000   65.2675   51.5002
447.0000   22.0000   55.0811   13.9136
448.0000   62.0000   3.5929   10.6448
449.0000   21.0000   43.7328   47.1039
450.0000   27.0000   57.2075   26.2730
451.0000   19.0000   72.9918   29.4249
452.0000   45.0000   14.9522   77.8248
453.0000   13.0000   72.6954   20.5848
454.0000   64.0000   0.7087   37.3604
455.0000   36.0000   79.5975   51.6523
456.0000   47.0000   58.4780   73.5650
457.0000   79.0000   59.3103   58.4520
458.0000   10.0000   70.1962   81.3444
459.0000   28.0000   70.7126   7.6086
460.0000   6.0000   58.0253   70.0970
461.0000   58.0000   67.7703   16.1500
462.0000   30.0000   75.2060   84.0036
463.0000   50.0000   26.8532   62.0310
464.0000   58.0000   74.9449   7.4051
465.0000   95.0000   26.7897   15.3311
466.0000   43.0000   91.7844   68.1920
467.0000   64.0000   13.1156   24.9163
468.0000   32.0000   44.4498   25.0031
469.0000   74.0000   43.4302   35.2342
470.0000   40.0000   47.2806   43.7283
471.0000   97.0000   43.8720   37.7485
472.0000   7.0000   78.7592   71.5196
473.0000   48.0000   49.5991   79.2332
474.0000   31.0000   42.7371   56.2965
475.0000   75.0000   64.6163   97.1299
476.0000   51.0000   78.4926   89.8344
477.0000   41.0000   44.0125   43.3391
478.0000   25.0000   94.9135   53.6260
479.0000   100.0000   90.5461   60.2306
480.0000   16.0000   11.5671   7.5997
481.0000   37.0000   28.9556   65.1230
482.0000   20.0000   42.1016   60.9126
483.0000   11.0000   82.5798   6.1459
484.0000   97.0000   29.4152   0.4989
485.0000   77.0000   12.0177   18.8076
486.0000   37.0000   48.1710   18.6217
487.0000   100.0000   40.6684   61.8968
488.0000   56.0000   38.3205   83.9368
489.0000   43.0000   28.5158   36.8324
490.0000   58.0000   75.2797   67.1967
491.0000   71.0000   79.6182   93.3561
492.0000   64.0000   62.9860   36.1083
493.0000   58.0000   70.5929   98.3263
494.0000   88.0000   97.5395   86.0733
495.0000   10.0000   2.4205   99.3988
496.0000   31.0000   51.2386   49.1564
497.0000   89.0000   10.4173   20.4462
498.0000   42.0000   91.8329   79.7390
499.0000   75.0000   95.2486   13.8507
500.0000   4.0000   58.2865   96.5004
501.0000   70.0000   54.7651   93.9927
502.0000   52.0000   91.9002   24.0032
503.0000   11.0000   16.3472   1.3569
504.0000   69.0000   83.8970   68.5223
505.0000   24.0000   25.4693   46.1400
506.0000   61.0000   11.4958   62.1244
507.0000   27.0000   52.3984   11.5035
508.0000   49.0000   22.1195   32.7434
509.0000   97.0000   16.5683   76.5623
510.0000   13.0000   48.0517   70.0535
511.0000   38.0000   24.4385   69.3621
512.0000   67.0000   66.5681   13.9823
513.0000   88.0000   2.4497   66.3492
514.0000   21.0000   42.3970   47.7478
515.0000   64.0000   48.5357   85.5480
516.0000   66.0000   3.8814   54.0805
517.0000   71.0000   12.3171   41.6217
518.0000   22.0000   66.9224   84.3887
519.0000   92.0000   35.7873   86.9164
520.0000   87.0000   33.2865   84.7130
521.0000   85.0000   22.3012   65.0857
522.0000   76.0000   67.1679   11.8218
523.0000   10.0000   46.1560   14.6221
524.0000   26.0000   43.1687   54.4135
525.0000   2.0000   26.6090   91.9180
526.0000   83.0000   24.5661   65.4178
527.0000   68.0000   61.6434   33.5204
528.0000   23.0000   50.0077   76.9963
529.0000   22.0000   13.4788   38.3856
530.0000   40.0000   5.9727   64.1945
531.0000   10.0000   54.9577   69.8294
532.0000   13.0000   30.8094   8.4897
533.0000   33.0000   55.6413   50.8517
534.0000   15.0000   75.7423   58.0336
535.0000   22.0000   0.2908   11.5087
536.0000   24.0000   13.4642   87.4938
537.0000   100.0000   60.7860   10.1084
538.0000   45.0000   84.3599   10.3164
539.0000   43.0000   93.4304   9.7401
540.0000   94.0000   52.4445   97.4071
541.0000   77.0000   5.1240   21.2894
542.0000   78.0000   9.9225   77.3977
543.0000   59.0000   99.5251   19.7146
544.0000   61.0000   85.5644   61.4151
545.0000   67.0000   58.8318   11.1785
546.0000   90.0000   85.7416   65.4855
547.0000   67.0000   23.6757   45.9494
548.0000   57.0000   98.9919   23.3547
549.0000   71.0000   60.9924   45.9864
550.0000   17.0000   75.0699   65.4543
551.0000   78.0000   17.3647   61.0971
552.0000   79.0000   21.8369   28.4229
553.0000   22.0000   18.7148   28.7423
554.0000   97.0000   74.7863   63.2242
555.0000   50.0000   37.8579   16.1732
556.0000   20.0000   98.2985   37.0355
557.0000   34.0000   1.1487   47.8080
558.0000   27.0000   19.2044   10.0389
559.0000   59.0000   84.0940   99.8857
560.0000   83.0000   9.3731   83.4093
561.0000   25.0000   49.3795   15.4843
562.0000   14.0000   30.6136   85.0413
563.0000   19.0000   35.2737   21.7381
564.0000   100.0000   4.9980   83.8811
565.0000   65.0000   85.6942   49.3668
566.0000   58.0000   80.8816   88.4077
567.0000   63.0000   81.8270   78.8260
568.0000   89.0000   91.4316   89.3930
569.0000   7.0000   84.5413   14.5739
570.0000   69.0000   52.8094   87.6356
571.0000   40.0000   82.7299   43.1699
572.0000   70.0000   57.8972   66.1368
573.0000   33.0000   0.5052   80.5840
574.0000   94.0000   28.2400   95.1276
575.0000   88.0000   24.3136   16.0188
576.0000   92.0000   70.3220   74.2490
577.0000   70.0000   30.0693   85.0924
578.0000   90.0000   83.7724   60.9079
579.0000   95.0000   76.8617   20.3369
580.0000   85.0000   85.6086   2.7701
581.0000   73.0000   34.9836   49.9360
582.0000   39.0000   4.2691   94.2979
583.0000   34.0000   46.8407   39.3213
584.0000   56.0000   42.1786   59.4649
585.0000   95.0000   1.4458   84.5445
586.0000   90.0000   23.9933   77.2050
587.0000   83.0000   0.3077   31.9478
588.0000   48.0000   86.7810   4.2488
589.0000   87.0000   5.5372   25.7380
590.0000   49.0000   72.7371   55.6468
591.0000   43.0000   5.2476   36.5523
592.0000   76.0000   24.2240   14.8900
593.0000   3.0000   59.2921   72.1381
594.0000   9.0000   36.8673   19.2794
595.0000   55.0000   39.7289   71.0151
596.0000   92.0000   93.0476   38.1878
597.0000   45.0000   59.4379   20.7626
598.0000   22.0000   49.1778   45.6858
599.0000   80.0000   84.7573   77.8267
600.0000   38.0000   80.0236   97.2096
601.0000   60.0000   80.1782   36.1814
602.0000   17.0000   15.1169   11.5706
603.0000   56.0000   7.0155   80.0248
604.0000   11.0000   58.3985   65.2935
605.0000   32.0000   52.6353   71.4055
606.0000   59.0000   70.4475   34.7266
607.0000   43.0000   28.7067   53.0677
608.0000   32.0000   62.6809   0.0093
609.0000   21.0000   25.1130   99.4564
610.0000   76.0000   52.3278   1.9800
611.0000   82.0000   6.7406   34.3564
612.0000   84.0000   92.1538   72.7641
613.0000   2.0000   53.1114   37.2913
614.0000   42.0000   82.7381   52.8226
615.0000   24.0000   50.7345   98.5119
616.0000   52.0000   29.7750   91.5344
617.0000   100.0000   25.3567   65.9429
618.0000   11.0000   85.9276   39.8589
619.0000   68.0000   0.6369   19.8702
620.0000   65.0000   62.9143   54.1016
621.0000   70.0000   8.1192   81.3246
622.0000   13.0000   48.4026   50.0929
623.0000   32.0000   4.9740   72.3315
624.0000   87.0000   45.7878   22.0756
625.0000   62.0000   18.5266   85.2065
626.0000   47.0000   30.5489   9.0627
627.0000   44.0000   71.7766   49.6368
628.0000   39.0000   36.3176   90.6256
629.0000   28.0000   60.8919   1.3124
630.0000   10.0000   83.6694   57.8723
631.0000   9.0000   68.8922   2.2103
632.0000   71.0000   22.9230   97.7370
633.0000   41.0000   72.3844   29.5935
634.0000   30.0000   5.2711   83.8685
635.0000   30.0000   66.3162   52.2244
636.0000   60.0000   90.2151   89.4460
637.0000   38.0000   5.1451   39.0821
638.0000   82.0000   52.3566   29.7835
639.0000   82.0000   54.0819   23.0479
640.0000   89.0000   69.1256   31.5023
641.0000   20.0000   11.9846   68.8031
642.0000   54.0000   50.9605   71.0070
643.0000   14.0000   58.3683   81.4639
644.0000   23.0000   29.8713   97.8414
645.0000   90.0000   6.0960   23.9038
646.0000   53.0000   10.7889   46.7462
647.0000   79.0000   14.7265   16.7130
648.0000   45.0000   80.6289   98.4695
649.0000   44.0000   42.9736   79.7739
650.0000   47.0000   52.1737   57.8106
