0.0000   0.0000   0.0000   0.0000
1.0000   65.0000   64.6385   68.6530
2.0000   63.0000   60.7030   99.8276
3.0000   110.0000   78.6220   99.4609
4.0000   102.0000   56.4506   64.9685
5.0000   59.0000   73.6349   63.9029
6.0000   105.0000   47.2629   24.1242
7.0000   99.0000   34.6062   3.8857
8.0000   115.0000   45.5702   20.6759
9.0000   80.0000   20.0057   29.9489
10.0000   91.0000   87.0669   56.6210
11.0000   116.0000   86.5802   40.0451
12.0000   120.0000   0.7682   25.7186
13.0000   79.0000   28.8996   6.2661
14.0000   87.0000   60.4015   46.1714
15.0000   94.0000   77.7355   64.2446
16.0000   113.0000   53.5176   34.5624
17.0000   112.0000   11.8177   66.5597
18.0000   69.0000   4.1707   60.6826
19.0000   118.0000   54.7446   48.0934
20.0000   103.0000   79.4639   16.1255
21.0000   105.0000   41.2241   90.7432
22.0000   41.0000   3.3089   51.2087
23.0000   71.0000   7.6917   2.8288
24.0000   93.0000   17.2623   23.7387
25.0000   72.0000   81.7818   59.9924
26.0000   31.0000   16.8743   77.1413
27.0000   93.0000   85.6616   11.8724
28.0000   93.0000   80.5350   44.2339
29.0000   110.0000   49.6578   72.6320
30.0000   59.0000   39.3913   49.3491
31.0000   54.0000   80.6855   60.9183
32.0000   92.0000   25.2931   33.5874
33.0000   73.0000   47.9886   96.8708
34.0000   49.0000   65.9848   12.0158
35.0000   67.0000   50.7825   57.2753
36.0000   53.0000   71.6281   40.9577
37.0000   85.0000   43.0670   43.3714
38.0000   47.0000   89.2045   85.0508
39.0000   94.0000   82.9098   97.3094
40.0000   37.0000   10.8958   1.9357
41.0000   89.0000   78.7159   37.5275
42.0000   71.0000   25.4438   28.4338
43.0000   49.0000   1.8032   43.8447
44.0000   59.0000   49.8609   87.5920
45.0000   47.0000   21.7117   45.1908
46.0000   120.0000   13.1988   55.9843
47.0000   49.0000   1.5298   76.9790
48.0000   109.0000   30.4597   35.5262
49.0000   57.0000   40.9065   63.0818
50.0000   36.0000   90.6929   94.6225
51.0000   38.0000   6.9523   5.8568
52.0000   61.0000   95.9819   96.2247
53.0000   103.0000   75.1133   3.7121
54.0000   118.0000   64.6601   48.9610
55.0000   78.0000   75.3606   50.1313
56.0000   113.0000   57.0393   71.5527
57.0000   79.0000   43.9485   62.4500
58.0000   54.0000   32.2080   80.5349
59.0000   80.0000   95.7257   26.8214
60.0000   108.0000   4.0043   28.4307
61.0000   74.0000   86.6562   86.2794
62.0000   41.0000   42.4303   75.9644
63.0000   114.0000   60.7617   68.7883
64.0000   78.0000   46.0907   6.8111
65.0000   76.0000   55.2793   16.2280
66.0000   59.0000   95.6165   87.6982
67.0000   92.0000   66.8217   69.5992
68.0000   104.0000   15.1735   47.0346
69.0000   113.0000   95.4884   32.1530
70.0000   58.0000   69.5329   17.5002
71.0000   85.0000   87.6590   52.1632
72.0000   85.0000   36.2503   17.6552
73.0000   76.0000   29.3957   90.0429
74.0000   83.0000   96.9336   27.9164
75.0000   47.0000   86.3424   6.1375
76.0000   113.0000   59.7603   74.1483
77.0000   90.0000   84.7043   67.3520
78.0000   87.0000   47.4843   20.9833
79.0000   82.0000   26.6415   26.8751
80.0000   42.0000   24.2034   28.8664
81.0000   47.0000   90.0758   73.5909
82.0000   69.0000   99.7821   55.3320
83.0000   96.0000   54.0265   0.9994
84.0000   79.0000   7.0652   3.1083
85.0000   46.0000   43.7773   60.1837
86.0000   90.0000   10.8248   50.2924
87.0000   109.0000   41.1915   85.3114
88.0000   39.0000   26.8415   65.7505
89.0000   48.0000   84.4881   37.6241
90.0000   116.0000   65.9979   77.0487
91.0000   87.0000   6.7043   97.0882
92.0000   84.0000   94.0516   94.8487
93.0000   44.0000   88.6241   49.4624
94.0000   64.0000   6.4968   94.9990
95.0000   106.0000   15.5221   34.3499
96.0000   61.0000   15.2152   73.4173
97.0000   57.0000   29.0066   73.2810
98.0000   111.0000   89.2557   52.9778
99.0000   72.0000   19.2111   13.1743
100.0000   39.0000   25.3633   35.7705
101.0000   95.0000   44.0059   91.7326
102.0000   48.0000   42.7620   38.9831
103.0000   74.0000   11.9362   5.9685
104.0000   50.0000   15.5879   25.0409
105.0000   78.0000   50.1903   66.4472
106.0000   51.0000   98.0363   18.2471
107.0000   30.0000   61.5342   8.4289
108.0000   72.0000   20.1660   99.2461
109.0000   79.0000   11.1424   86.5156
110.0000   80.0000   58.6005   77.0009
111.0000   100.0000   99.2081   21.4381
112.0000   90.0000   4.7615   95.9718
113.0000   31.0000   55.2912   19.9516
114.0000   30.0000   90.8692   66.7486
115.0000   86.0000   60.7009   72.9278
116.0000   109.0000   29.8763   94.1814
117.0000   58.0000   19.4917   20.2093
118.0000   41.0000   60.9032   75.7779
119.0000   109.0000   59.9272   71.3964
120.0000   50.0000   6.0517   58.0358
121.0000   65.0000   48.0389   72.9438
122.0000   48.0000   54.4106   36.6500
123.0000   82.0000   41.6790   70.6180
124.0000   42.0000   47.9770   20.2241
125.0000   76.0000   34.7892   1.5458
126.0000   38.0000   96.3258   53.8711
127.0000   69.0000   55.3373   54.3014
128.0000   96.0000   12.0650   33.5257
129.0000   67.0000   15.6890   9.1304
130.0000   91.0000   21.0437   93.6032
131.0000   45.0000   95.1676   65.8462
132.0000   52.0000   48.1787   10.4494
133.0000   103.0000   48.1737   85.3693
134.0000   82.0000   75.8268   97.0108
135.0000   61.0000   0.8685   54.4019
136.0000   95.0000   11.5691   22.5772
137.0000   99.0000   25.7777   27.4882
138.0000   83.0000   51.1440   88.3354
139.0000   55.0000   1.1516   19.5609
140.0000   92.0000   71.7391   87.4317
141.0000   66.0000   30.0256   14.8558
142.0000   42.0000   69.8796   28.2521
143.0000   84.0000   5.6720   62.5267
144.0000   37.0000   96.6197   12.5855
145.0000   102.0000   68.8086   66.8941
146.0000   49.0000   84.3866   55.0482
147.0000   96.0000   93.6838   29.9252
148.0000   33.0000   89.7505   55.8572
149.0000   63.0000   58.5660   36.4013
150.0000   115.0000   87.4007   41.5331
151.0000   76.0000   21.0012   42.7455
152.0000   39.0000   46.8170   28.1157
153.0000   70.0000   70.5877   48.5141
154.0000   82.0000   59.8963   29.5184
155.0000   69.0000   15.8362   3.7720
156.0000   48.0000   19.9900   41.3357
157.0000   59.0000   96.5281   39.2353
158.0000   72.0000   16.0446   11.7146
159.0000   32.0000   87.6101   48.8266
160.0000   66.0000   50.7298   26.9391
161.0000   105.0000   65.2668   12.6335
162.0000   101.0000   62.5501   89.3363
163.0000   64.0000   46.3386   75.9306
164.0000   115.0000   42.2414   16.5786
165.0000   120.0000   71.1907   41.7303
166.0000   104.0000   26.5198   34.0079
167.0000   85.0000   46.3419   46.2840
168.0000   36.0000   44.2649   14.9974
169.0000   97.0000   76.1016   43.0573
170.0000   88.0000   15.9122   85.0304
171.0000   47.0000   41.2132   38.6221
172.0000   77.0000   51.4320   8.1061
173.0000   57.0000   89.1965   52.2660
174.0000   42.0000   29.2222   1.7230
175.0000   50.0000   85.3668   39.8230
176.0000   52.0000   88.0923   3.4995
177.0000   68.0000   42.1822   60.5688
178.0000   33.0000   61.6064   83.5668
179.0000   77.0000   60.6293   72.9336
180.0000   61.0000   82.0839   62.7984
181.0000   59.0000   38.6257   78.3111
182.0000   71.0000   20.2392   8.5642
183.0000   100.0000   67.2113   44.7855
184.0000   107.0000   91.1533   32.9749
185.0000   39.0000   29.2776   73.2925
186.0000   75.0000   20.2962   49.5117
187.0000   116.0000   14.3455   36.3423
188.0000   55.0000   42.7675   72.1966
189.0000   106.0000   91.2672   22.6712
190.0000   89.0000   22.5654   91.6558
191.0000   52.0000   55.6077   12.7229
192.0000   105.0000   1.5377   14.7125
193.0000   101.0000   21.1357   24.0553
194.0000   75.0000   8.8555   5.2006
195.0000   90.0000   58.2838   30.3096
196.0000   92.0000   27.5611   20.1566
197.0000   103.0000   44.2239   17.2638
198.0000   118.0000   14.9920   80.1885
199.0000   45.0000   41.5765   18.7370
200.0000   95.0000   63.7759   62.7183
201.0000   81.0000   39.6625   45.4818
202.0000   60.0000   17.7037   4.6428
203.0000   120.0000   1.5962   23.9177
204.0000   46.0000   68.1274   6.3889
205.0000   95.0000   56.1529   43.6898
206.0000   65.0000   27.2677   30.1846
207.0000   52.0000   5.5942   12.3555
208.0000   109.0000   75.8011   3.7854
209.0000   49.0000   54.1219   17.2912
210.0000   39.0000   48.9953   13.8537
211.0000   103.0000   29.3187   69.7620
212.0000   112.0000   61.3871   49.0325
213.0000   97.0000   72.3910   15.3082
214.0000   72.0000   24.2170   53.5913
215.0000   118.0000   2.6592   92.8664
216.0000   74.0000   68.8742   54.2274
217.0000   35.0000   88.0871   90.3433
218.0000   110.0000   75.2121   87.8388
219.0000   63.0000   91.1070   53.7756
220.0000   32.0000   19.1519   47.1472
221.0000   113.0000   3.4626   34.8444
222.0000   35.0000   43.6077   37.8449
223.0000   102.0000   8.8739   27.0310
224.0000   107.0000   80.6953   31.1895
225.0000   77.0000   10.9267   92.7466
226.0000   83.0000   12.8785   83.2371
227.0000   34.0000   87.6511   81.7987
228.0000   52.0000   32.7313   54.0579
229.0000   91.0000   14.3004   55.2265
230.0000   91.0000   32.8339   47.3210
231.0000   45.0000   94.6155   93.1967
232.0000   114.0000   87.1858   14.0059
233.0000   103.0000   20.3401   33.1073
234.0000   93.0000   67.9511   53.4175
235.0000   65.0000   94.1557   26.3348
236.0000   54.0000   78.1689   89.8471
237.0000   73.0000   49.3736   51.6570
238.0000   111.0000   12.1453   11.5254
239.0000   48.0000   61.0209   56.7565
240.0000   33.0000   48.6638   29.6478
241.0000   67.0000   78.3637   24.8864
242.0000   99.0000   38.5410   1.3062
243.0000   97.0000   9.8716   20.1136
244.0000   106.0000   69.6288   49.8398
245.0000   68.0000   74.2070   93.1441
246.0000   116.0000   58.1513   13.7985
247.0000   79.0000   62.0026   43.4488
248.0000   33.0000   91.4113   31.4622
249.0000   75.0000   76.9294   48.6346
250.0000   57.0000   68.9099   74.2209
251.0000   64.0000   1.3887   60.3349
252.0000   81.0000   70.8903   74.3405
253.0000   71.0000   74.4784   86.7308
254.0000   36.0000   56.3530   99.4171
255.0000   85.0000   42.3948   47.7006
256.0000   35.0000   79.4155   14.8217
257.0000   60.0000   16.7997   35.5287
258.0000   40.0000   95.0105   36.2275
259.0000   111.0000   29.0091   22.9347
260.0000   60.0000   52.4426   13.5333
261.0000   80.0000   0.0900   65.5774
262.0000   63.0000   94.9330   58.4860
263.0000   33.0000   51.5308   51.1002
264.0000   70.0000   36.7565   73.2488
265.0000   49.0000   88.8234   12.7616
266.0000   110.0000   99.9286   76.4467
267.0000   59.0000   90.0431   43.7072
268.0000   79.0000   94.6029   64.3234
269.0000   101.0000   51.7271   47.4122
270.0000   77.0000   67.1310   4.8640
271.0000   111.0000   99.6652   45.9237
272.0000   107.0000   19.2051   24.2157
273.0000   95.0000   20.1888   62.0518
274.0000   58.0000   85.0674   90.0468
275.0000   30.0000   99.8202   84.8630
276.0000   64.0000   97.8823   50.8568
277.0000   105.0000   40.3872   4.6241
278.0000   45.0000   27.9529   43.7441
279.0000   37.0000   81.6378   54.9337
280.0000   112.0000   16.0210   54.7185
281.0000   103.0000   30.0887   21.5197
282.0000   107.0000   0.0645   38.3231
283.0000   99.0000   37.9727   18.6320
284.0000   102.0000   29.9871   14.7304
285.0000   65.0000   42.4491   66.4184
286.0000   37.0000   27.1374   17.3649
287.0000   34.0000   65.3646   97.8745
288.0000   46.0000   43.6911   27.7009
289.0000   95.0000   40.9574   77.5991
290.0000   64.0000   5.6217   75.9454
291.0000   46.0000   69.6135   69.2544
292.0000   40.0000   23.5067   17.1313
293.0000   42.0000   63.1825   47.7617
294.0000   76.0000   8.1020   47.9066
295.0000   70.0000   78.8956   17.0434
296.0000   70.0000   75.9461   63.4136
297.0000   37.0000   63.2434   29.3330
298.0000   58.0000   0.8726   85.9642
299.0000   68.0000   62.0694   61.5043
300.0000   87.0000   14.3422   71.5731
