0.0000   0.0000   0.0000   0.0000
1.0000   120.0000   95.5700   42.6887
2.0000   39.0000   79.4019   88.6672
3.0000   42.0000   59.0091   23.7500
4.0000   102.0000   31.1908   3.6467
5.0000   74.0000   65.8292   87.7100
6.0000   80.0000   62.8828   36.8446
7.0000   63.0000   79.7462   50.1792
8.0000   42.0000   60.7732   60.4509
9.0000   79.0000   5.2504   77.5520
10.0000   119.0000   87.6860   24.5440
11.0000   76.0000   13.0293   9.7404
12.0000   116.0000   78.5184   71.0522
13.0000   47.0000   22.5793   94.9702
14.0000   117.0000   45.3161   93.9595
15.0000   47.0000   1.0533   10.9709
16.0000   94.0000   97.6648   80.0758
17.0000   113.0000   23.7527   81.1435
18.0000   106.0000   93.5383   57.3657
19.0000   88.0000   37.7307   17.0595
20.0000   37.0000   82.1449   55.8511
21.0000   93.0000   0.7868   39.4242
22.0000   36.0000   51.7344   94.3768
23.0000   51.0000   94.0202   80.9505
24.0000   40.0000   49.4638   61.9938
25.0000   40.0000   85.2949   74.0023
26.0000   115.0000   42.2823   64.9536
27.0000   56.0000   10.6555   67.9331
28.0000   104.0000   75.1485   5.1063
29.0000   49.0000   49.6956   23.9459
30.0000   61.0000   14.4933   81.4514
31.0000   59.0000   42.1338   88.8943
32.0000   115.0000   55.6298   57.4792
33.0000   93.0000   96.3887   82.0583
34.0000   33.0000   90.7363   67.9292
35.0000   80.0000   80.5540   63.1352
36.0000   66.0000   64.0868   80.8405
37.0000   99.0000   87.6339   34.4413
38.0000   108.0000   66.7375   7.3597
39.0000   73.0000   71.0952   28.2901
40.0000   109.0000   9.0247   49.0543
41.0000   50.0000   20.2719   1.0525
42.0000   102.0000   89.7473   29.4214
43.0000   116.0000   43.3378   45.2310
44.0000   51.0000   69.2139   85.5904
45.0000   79.0000   49.9647   78.5017
46.0000   109.0000   7.7773   72.9457
47.0000   70.0000   25.9722   72.4824
48.0000   72.0000   15.1671   53.4295
49.0000   84.0000   79.3833   77.0617
50.0000   65.0000   47.3127   42.8296
51.0000   53.0000   81.3019   72.0630
52.0000   57.0000   96.0998   1.7946
53.0000   47.0000   9.3807   16.8809
54.0000   46.0000   87.3743   11.8678
55.0000   88.0000   69.4611   1.5838
56.0000   64.0000   23.6995   1.2883
57.0000   83.0000   92.4304   71.8692
58.0000   65.0000   45.2676   29.3013
59.0000   86.0000   63.5716   84.3600
60.0000   58.0000   50.1683   80.8615
61.0000   42.0000   34.8000   3.8603
62.0000   102.0000   59.6748   65.5730
63.0000   89.0000   40.6375   39.8162
64.0000   89.0000   26.8918   38.7018
65.0000   75.0000   29.2401   24.7784
66.0000   111.0000   64.2798   87.7577
67.0000   94.0000   63.6964   37.0007
68.0000   88.0000   5.8371   68.6294
69.0000   46.0000   84.4310   78.1262
70.0000   62.0000   62.3596   43.3296
71.0000   70.0000   13.3514   69.9673
72.0000   106.0000   98.5635   99.6960
73.0000   84.0000   36.8788   12.7017
74.0000   52.0000   39.6540   33.7090
75.0000   67.0000   3.7125   19.1173
76.0000   38.0000   83.3360   2.5797
77.0000   100.0000   92.9371   44.3035
78.0000   49.0000   30.5248   16.4074
79.0000   59.0000   9.7589   64.5235
80.0000   75.0000   80.3868   41.2175
81.0000   44.0000   2.1222   58.0974
82.0000   93.0000   52.4206   79.2207
83.0000   72.0000   51.4460   54.4943
84.0000   32.0000   89.0578   35.4187
85.0000   99.0000   71.0113   24.7341
86.0000   83.0000   67.5809   70.1740
87.0000   52.0000   37.9408   15.8724
88.0000   76.0000   19.0253   30.4396
89.0000   53.0000   21.2382   45.7715
90.0000   102.0000   76.7472   77.1148
91.0000   83.0000   89.0426   31.3447
92.0000   52.0000   14.1560   40.8346
93.0000   69.0000   44.3015   59.6003
94.0000   73.0000   64.1217   2.0068
95.0000   68.0000   93.6688   99.5471
96.0000   65.0000   92.8551   59.0035
97.0000   41.0000   33.3400   36.5136
98.0000   39.0000   12.7755   97.1566
99.0000   84.0000   44.9197   20.9801
100.0000   99.0000   25.7826   8.3516
101.0000   112.0000   2.3613   36.8483
102.0000   69.0000   8.0249   42.9921
103.0000   112.0000   26.1596   52.8720
104.0000   92.0000   72.9099   31.9339
105.0000   79.0000   59.2133   42.6836
106.0000   95.0000   7.7311   97.3500
107.0000   95.0000   81.1004   56.6881
108.0000   85.0000   52.7118   8.0224
109.0000   115.0000   93.0634   7.4613
110.0000   116.0000   72.0931   93.1482
111.0000   88.0000   82.5010   62.8996
112.0000   32.0000   75.2574   25.1540
113.0000   91.0000   41.3833   57.4564
114.0000   45.0000   14.6421   49.9480
115.0000   44.0000   25.3558   58.1337
116.0000   76.0000   70.4612   11.0397
117.0000   101.0000   61.8141   91.1025
118.0000   51.0000   20.8915   4.2056
119.0000   54.0000   86.9869   29.5866
120.0000   110.0000   33.8318   64.3281
121.0000   64.0000   65.0283   58.9244
122.0000   68.0000   53.5793   30.1443
123.0000   79.0000   26.4754   61.5033
124.0000   93.0000   84.8517   55.0527
125.0000   66.0000   80.7134   92.8093
126.0000   40.0000   70.6151   99.2684
127.0000   42.0000   0.1785   65.9291
128.0000   80.0000   33.5243   16.3567
129.0000   67.0000   49.0292   6.4453
130.0000   65.0000   86.4597   39.0942
131.0000   104.0000   39.2331   41.0378
132.0000   77.0000   0.5745   9.7395
133.0000   52.0000   87.4205   13.5793
134.0000   92.0000   85.6983   90.2981
135.0000   107.0000   2.9485   8.0644
136.0000   98.0000   54.2887   56.1348
137.0000   102.0000   16.9378   29.3460
138.0000   115.0000   73.4969   87.5631
139.0000   61.0000   94.0192   28.9589
140.0000   57.0000   34.8960   73.8617
141.0000   30.0000   74.0994   80.2989
142.0000   77.0000   72.6123   37.0007
143.0000   87.0000   10.4765   12.8557
144.0000   85.0000   14.5765   73.0905
145.0000   78.0000   64.6465   34.0711
146.0000   55.0000   83.2469   45.9375
147.0000   105.0000   12.0339   25.4618
148.0000   120.0000   68.5982   4.5915
149.0000   92.0000   0.8188   99.7675
150.0000   40.0000   51.1667   89.3146
151.0000   102.0000   33.9715   9.4698
152.0000   75.0000   69.0000   9.2535
153.0000   45.0000   12.3450   62.7377
154.0000   56.0000   75.6540   11.3012
155.0000   88.0000   4.1795   3.1248
156.0000   91.0000   85.3100   85.6549
157.0000   116.0000   63.5744   19.0709
158.0000   94.0000   12.7789   66.1203
159.0000   50.0000   89.1766   11.7016
160.0000   109.0000   31.9758   92.1198
161.0000   45.0000   42.8027   6.6421
162.0000   70.0000   27.2780   47.8557
163.0000   48.0000   70.1999   65.4224
164.0000   38.0000   11.7091   73.7626
165.0000   89.0000   81.7342   97.6326
166.0000   84.0000   88.2691   85.2256
167.0000   57.0000   76.9051   0.2349
168.0000   51.0000   79.1538   8.2111
169.0000   32.0000   5.5710   1.7191
170.0000   108.0000   49.0727   28.9063
171.0000   69.0000   48.6680   18.2106
172.0000   50.0000   53.1155   15.3562
173.0000   113.0000   12.7673   64.4537
174.0000   78.0000   17.0556   78.4676
175.0000   83.0000   36.9281   94.8320
