0.0000   0.0000   50.0000   50.0000
1.0000   40.0000   29.5858   84.0134
2.0000   57.0000   39.9142   78.6568
3.0000   6.0000   74.6188   21.2627
4.0000   61.0000   20.3585   78.4185
5.0000   11.0000   36.8922   70.4597
6.0000   92.0000   67.6597   38.9729
7.0000   36.0000   81.2196   27.0271
8.0000   77.0000   58.6999   67.0342
9.0000   69.0000   8.1259   89.5807
10.0000   91.0000   75.3061   65.6588
11.0000   66.0000   46.5756   18.4537
12.0000   49.0000   74.7918   19.8119
13.0000   11.0000   8.3988   27.8499
14.0000   39.0000   74.9119   38.4659
15.0000   64.0000   31.2134   98.9899
16.0000   23.0000   57.5966   0.8461
17.0000   97.0000   97.2576   51.4966
18.0000   12.0000   9.2637   79.2648
19.0000   76.0000   54.6236   75.6263
20.0000   5.0000   44.6942   82.2143
21.0000   51.0000   17.7569   92.1801
22.0000   100.0000   95.1552   28.2447
23.0000   83.0000   42.3369   48.6840
24.0000   4.0000   24.8130   62.8599
25.0000   97.0000   51.5612   57.1867
26.0000   56.0000   97.2541   39.3048
27.0000   15.0000   87.2739   7.6546
28.0000   16.0000   22.5155   51.8000
29.0000   23.0000   93.6896   41.4298
30.0000   93.0000   64.1466   19.7816
31.0000   32.0000   67.7449   32.9479
32.0000   39.0000   82.1496   66.6267
33.0000   27.0000   86.4960   80.2698
34.0000   60.0000   15.8650   36.9714
35.0000   51.0000   25.8911   78.4032
36.0000   31.0000   87.6427   80.7123
37.0000   90.0000   38.2504   2.8571
38.0000   58.0000   75.6223   62.7555
39.0000   38.0000   93.3165   61.3395
40.0000   83.0000   88.9497   21.4020
41.0000   43.0000   62.7950   22.7709
42.0000   16.0000   5.7752   89.5685
43.0000   37.0000   73.0864   75.2371
44.0000   66.0000   89.5956   62.7424
45.0000   49.0000   96.8581   69.4289
46.0000   55.0000   57.3856   20.2789
47.0000   88.0000   23.3091   97.5424
48.0000   11.0000   40.8044   12.6381
49.0000   76.0000   68.9492   23.9385
50.0000   48.0000   49.9230   40.1378
51.0000   58.0000   17.6803   13.4440
52.0000   100.0000   26.6744   10.2306
53.0000   19.0000   34.9287   10.3070
54.0000   74.0000   16.3180   59.8369
55.0000   84.0000   0.6474   39.2217
56.0000   7.0000   72.5255   59.1378
57.0000   51.0000   11.6861   99.9356
58.0000   80.0000   26.4838   63.1349
59.0000   11.0000   79.1429   96.0580
60.0000   35.0000   7.8267   71.3686
61.0000   54.0000   94.5299   9.7698
62.0000   93.0000   41.1328   16.5046
63.0000   30.0000   28.4247   16.6137
64.0000   37.0000   51.4366   41.8331
65.0000   51.0000   29.9577   73.0033
66.0000   64.0000   64.2585   50.9660
67.0000   53.0000   70.5814   77.8748
68.0000   87.0000   3.6745   58.2636
69.0000   63.0000   36.2919   94.3040
70.0000   70.0000   99.6408   17.6592
71.0000   72.0000   28.6066   88.4487
72.0000   70.0000   55.5263   0.5437
73.0000   5.0000   95.0695   65.8235
74.0000   14.0000   56.2114   6.3468
75.0000   61.0000   98.4569   79.1958
76.0000   91.0000   33.6152   96.1897
77.0000   13.0000   28.3066   40.8965
78.0000   90.0000   28.4281   52.7514
79.0000   66.0000   3.5644   37.6059
80.0000   92.0000   54.0504   70.9246
81.0000   87.0000   82.6572   46.1267
82.0000   10.0000   51.4691   45.6699
83.0000   44.0000   97.1929   9.3588
84.0000   23.0000   47.9058   74.8944
85.0000   42.0000   1.3739   62.9347
86.0000   23.0000   29.2228   30.2976
87.0000   92.0000   58.7150   36.0045
88.0000   49.0000   31.2053   76.4265
89.0000   6.0000   10.0616   51.4357
90.0000   83.0000   19.2818   5.8421
91.0000   12.0000   25.8468   75.4425
92.0000   11.0000   39.3072   47.7080
93.0000   35.0000   37.1302   66.5500
94.0000   40.0000   33.7164   97.1915
95.0000   40.0000   3.8838   68.5094
96.0000   58.0000   25.2850   49.7490
97.0000   18.0000   13.0846   72.7064
98.0000   67.0000   45.4428   86.4992
99.0000   7.0000   74.6597   57.3923
100.0000   61.0000   97.2264   71.1941
101.0000   31.0000   71.6409   2.8433
102.0000   85.0000   36.5937   48.0143
103.0000   87.0000   96.7255   64.7199
104.0000   74.0000   92.0938   94.7315
105.0000   41.0000   74.8221   36.2805
106.0000   82.0000   10.6690   28.0505
107.0000   30.0000   65.2653   77.5615
108.0000   59.0000   37.2886   46.4254
109.0000   95.0000   11.4148   61.1722
110.0000   32.0000   58.0541   25.5772
111.0000   40.0000   43.8641   25.9253
112.0000   85.0000   33.6747   27.1399
113.0000   57.0000   29.5773   10.3695
114.0000   80.0000   14.7501   61.8334
115.0000   90.0000   99.2193   77.4730
116.0000   96.0000   22.3652   97.9685
117.0000   84.0000   14.2753   26.6328
118.0000   84.0000   34.3197   42.1006
119.0000   66.0000   14.1527   60.9579
120.0000   43.0000   64.0296   28.5777
121.0000   8.0000   30.9060   82.7229
122.0000   70.0000   38.3554   89.3011
123.0000   60.0000   73.6324   49.0521
124.0000   72.0000   42.8197   61.0753
125.0000   32.0000   83.0515   29.6123
126.0000   75.0000   31.1449   58.4469
127.0000   79.0000   46.8822   59.6762
128.0000   13.0000   87.8354   54.0513
129.0000   8.0000   74.3040   27.3751
130.0000   70.0000   34.4929   73.7196
131.0000   100.0000   59.2127   8.2193
132.0000   22.0000   68.2562   9.1171
133.0000   70.0000   87.9291   34.3198
134.0000   36.0000   46.0266   89.7999
135.0000   30.0000   0.3479   97.9469
136.0000   75.0000   31.0966   33.8344
137.0000   59.0000   36.2077   88.2066
138.0000   94.0000   80.7431   60.3164
139.0000   54.0000   84.7591   20.6483
140.0000   21.0000   18.6350   14.3823
141.0000   35.0000   58.9345   45.9656
142.0000   21.0000   24.2597   65.5857
143.0000   66.0000   62.1804   33.6571
144.0000   72.0000   6.2353   14.8288
145.0000   61.0000   62.6963   5.0045
146.0000   56.0000   62.7982   24.9352
147.0000   70.0000   45.5382   92.6631
148.0000   42.0000   78.9085   55.1647
149.0000   99.0000   26.7566   36.2907
150.0000   49.0000   0.2199   17.2350
151.0000   18.0000   41.9464   76.7579
152.0000   86.0000   79.0550   96.7495
153.0000   27.0000   16.9624   50.9403
154.0000   85.0000   17.0232   36.6109
155.0000   3.0000   92.1432   43.2172
156.0000   70.0000   38.4093   13.0651
157.0000   24.0000   99.2111   26.5206
158.0000   31.0000   82.8397   37.0640
159.0000   68.0000   57.2929   79.1624
160.0000   63.0000   50.6046   84.9001
161.0000   52.0000   17.9537   59.8662
162.0000   34.0000   94.3583   17.9865
163.0000   1.0000   22.3613   24.3856
164.0000   97.0000   43.7294   33.2284
165.0000   91.0000   19.5867   2.7776
166.0000   37.0000   94.8377   39.2552
167.0000   72.0000   49.4688   52.7212
168.0000   62.0000   23.6223   14.1837
169.0000   45.0000   44.1773   32.2758
170.0000   60.0000   1.2380   21.3367
171.0000   78.0000   32.5384   42.2665
172.0000   12.0000   24.8993   65.1183
173.0000   35.0000   10.3766   99.7031
174.0000   15.0000   62.4583   24.3390
175.0000   40.0000   12.0940   92.3474
176.0000   30.0000   78.7895   29.9381
177.0000   49.0000   86.9236   77.7943
178.0000   3.0000   83.6347   9.8460
179.0000   28.0000   41.0143   74.3226
180.0000   27.0000   15.5228   27.8317
181.0000   73.0000   97.6902   87.7729
182.0000   94.0000   63.3306   53.7539
183.0000   88.0000   18.7783   51.6715
184.0000   11.0000   13.7064   41.8877
185.0000   13.0000   6.7145   2.2635
186.0000   99.0000   14.0294   78.5510
187.0000   32.0000   38.2525   71.0317
188.0000   19.0000   16.8984   62.5011
189.0000   17.0000   41.9977   69.0523
190.0000   79.0000   81.8426   68.3862
191.0000   97.0000   12.2201   53.6666
192.0000   37.0000   9.9095   64.2496
193.0000   64.0000   34.6077   80.6148
194.0000   64.0000   49.2560   63.0814
195.0000   22.0000   69.7339   33.4364
196.0000   20.0000   73.6522   85.3148
197.0000   33.0000   89.7278   89.2016
198.0000   48.0000   38.2452   25.2939
199.0000   55.0000   6.0408   85.0058
200.0000   11.0000   63.3851   43.9085
201.0000   31.0000   16.7326   78.7240
202.0000   2.0000   69.2165   61.2518
203.0000   90.0000   98.1822   55.6113
204.0000   88.0000   93.7490   49.7966
205.0000   49.0000   81.6804   97.1492
206.0000   26.0000   53.4830   71.3480
207.0000   90.0000   48.3482   16.5980
208.0000   7.0000   32.3287   72.9252
209.0000   68.0000   83.9385   2.8215
210.0000   22.0000   62.2122   26.8642
211.0000   56.0000   53.2736   92.4883
212.0000   60.0000   5.8758   18.3725
213.0000   28.0000   36.0810   94.3206
214.0000   48.0000   36.8202   78.4898
215.0000   50.0000   92.2304   0.0373
216.0000   6.0000   50.8904   69.1422
217.0000   39.0000   21.0514   23.4016
218.0000   31.0000   82.5781   55.2618
219.0000   34.0000   19.6686   32.7055
220.0000   5.0000   25.5215   94.9515
221.0000   17.0000   60.8317   85.1820
222.0000   25.0000   7.7193   24.5422
223.0000   92.0000   68.1892   37.0369
224.0000   98.0000   53.1434   35.9136
225.0000   21.0000   4.8656   75.6975
226.0000   52.0000   63.0805   75.9968
227.0000   56.0000   47.1247   56.0597
228.0000   47.0000   2.9629   64.7210
229.0000   89.0000   31.3482   91.9682
230.0000   94.0000   52.9003   78.9397
231.0000   97.0000   2.4103   37.1095
232.0000   24.0000   62.8014   52.8837
233.0000   30.0000   80.2943   47.8096
234.0000   66.0000   20.0586   88.5700
235.0000   27.0000   69.5820   53.1354
236.0000   99.0000   78.7051   96.3947
237.0000   70.0000   38.6146   85.6130
238.0000   79.0000   91.9760   67.3342
239.0000   40.0000   51.5200   98.3838
240.0000   59.0000   40.2332   6.7699
241.0000   90.0000   13.7425   95.3988
242.0000   6.0000   60.2791   74.4091
243.0000   8.0000   70.5435   16.3308
244.0000   40.0000   46.8346   27.5116
245.0000   53.0000   57.9212   25.0047
246.0000   88.0000   40.9608   92.9235
247.0000   35.0000   22.3802   75.4421
248.0000   94.0000   17.3641   73.5046
249.0000   89.0000   70.3025   15.1322
250.0000   93.0000   99.8823   26.9487
251.0000   71.0000   31.7096   1.9147
252.0000   93.0000   30.7032   2.8580
253.0000   74.0000   27.2627   20.1841
254.0000   81.0000   89.7473   47.4009
255.0000   1.0000   50.7932   22.2215
256.0000   7.0000   95.8822   20.2111
257.0000   71.0000   71.2493   5.0156
258.0000   47.0000   61.4509   79.6130
259.0000   79.0000   8.4855   91.9282
260.0000   81.0000   82.6806   24.7600
261.0000   2.0000   44.8264   30.5297
262.0000   63.0000   83.8644   84.3101
263.0000   97.0000   24.7383   23.0160
264.0000   59.0000   63.3163   98.6183
265.0000   8.0000   13.7045   98.6135
266.0000   94.0000   28.9709   15.7036
267.0000   11.0000   60.6188   85.9412
268.0000   47.0000   72.9449   66.1391
269.0000   27.0000   0.4426   12.5348
270.0000   68.0000   14.2803   53.2278
271.0000   38.0000   86.7668   96.6905
272.0000   71.0000   49.8107   78.0207
273.0000   39.0000   7.0486   56.3580
274.0000   38.0000   24.1361   67.6743
275.0000   80.0000   57.6111   7.8929
276.0000   33.0000   90.3286   64.3773
277.0000   9.0000   25.0520   89.6199
278.0000   4.0000   97.4477   71.9169
279.0000   91.0000   8.4287   0.6838
280.0000   51.0000   2.7203   7.2222
281.0000   96.0000   28.0330   7.0528
282.0000   2.0000   0.3946   85.4104
283.0000   63.0000   13.6395   80.9276
284.0000   9.0000   77.1008   5.0580
285.0000   48.0000   34.1901   43.1201
286.0000   94.0000   4.1780   14.9121
287.0000   78.0000   3.0054   39.6960
288.0000   60.0000   58.2228   56.4927
289.0000   17.0000   88.0971   85.8993
290.0000   40.0000   81.8469   15.2691
291.0000   54.0000   28.2695   52.2671
292.0000   75.0000   79.0757   93.1447
293.0000   98.0000   5.1973   25.2222
294.0000   54.0000   60.6203   5.2963
295.0000   92.0000   6.7055   81.6738
296.0000   46.0000   78.7871   0.0719
297.0000   83.0000   17.7169   52.5492
298.0000   93.0000   89.2366   37.6511
299.0000   12.0000   95.3587   4.9598
300.0000   73.0000   24.9537   64.8450
301.0000   88.0000   85.2645   65.1396
302.0000   31.0000   71.3587   70.6932
303.0000   97.0000   89.0383   63.8524
304.0000   22.0000   73.6966   57.9337
305.0000   56.0000   5.0301   30.2525
306.0000   57.0000   1.4738   12.7433
307.0000   38.0000   10.8186   74.3059
308.0000   64.0000   86.9401   47.9679
309.0000   81.0000   81.8955   88.7216
310.0000   38.0000   20.0920   72.3671
311.0000   72.0000   59.1701   16.9740
312.0000   78.0000   58.9834   30.2273
313.0000   55.0000   91.4093   95.2048
314.0000   7.0000   32.9372   78.2548
315.0000   43.0000   48.9881   0.5224
316.0000   49.0000   14.2093   39.3193
317.0000   76.0000   34.7105   39.2985
318.0000   69.0000   96.8871   72.2568
319.0000   29.0000   72.1217   75.1586
320.0000   12.0000   25.8681   91.0908
321.0000   81.0000   87.8992   48.4263
322.0000   62.0000   17.2112   31.1233
323.0000   48.0000   84.8162   85.7454
324.0000   57.0000   88.9021   7.2856
325.0000   14.0000   25.6923   0.5394
326.0000   24.0000   92.1112   92.8753
327.0000   53.0000   64.5278   71.9239
328.0000   47.0000   8.2170   14.1725
329.0000   80.0000   48.0595   46.7106
330.0000   37.0000   27.2478   10.6595
331.0000   66.0000   71.9413   82.1653
332.0000   59.0000   6.9317   32.6467
333.0000   79.0000   4.3905   99.2353
334.0000   55.0000   84.5005   98.0384
335.0000   78.0000   15.8037   26.8226
336.0000   27.0000   83.8778   58.0237
337.0000   63.0000   66.5112   62.3352
338.0000   43.0000   94.4522   97.4237
339.0000   54.0000   57.6679   68.2105
340.0000   24.0000   80.0285   54.0707
341.0000   56.0000   12.7568   42.4286
342.0000   8.0000   66.7106   90.0349
343.0000   89.0000   32.9518   26.7297
344.0000   3.0000   95.9810   85.2528
345.0000   80.0000   52.1980   53.8139
346.0000   74.0000   53.0395   82.5065
347.0000   47.0000   67.3239   13.3722
348.0000   95.0000   3.2814   54.6372
349.0000   66.0000   61.8813   85.7357
350.0000   59.0000   78.5285   33.0610
351.0000   48.0000   40.7119   71.4130
352.0000   83.0000   11.9585   91.3851
353.0000   51.0000   47.8460   40.1609
354.0000   44.0000   32.0480   61.8167
355.0000   5.0000   95.6012   10.1133
356.0000   85.0000   47.3254   6.3241
357.0000   41.0000   6.1458   38.0645
358.0000   93.0000   56.9502   31.4412
359.0000   42.0000   55.0068   73.8941
360.0000   58.0000   11.1113   79.5061
361.0000   48.0000   44.4830   0.6506
362.0000   70.0000   9.0437   57.0429
363.0000   81.0000   67.0807   6.8497
364.0000   14.0000   92.6466   89.4549
365.0000   32.0000   37.8387   8.7618
366.0000   5.0000   19.0847   2.4060
367.0000   21.0000   13.0927   76.9931
368.0000   46.0000   24.6571   5.7187
369.0000   99.0000   76.2311   84.2027
370.0000   98.0000   43.4812   56.0515
371.0000   32.0000   22.7150   36.1345
372.0000   12.0000   22.6326   75.6172
373.0000   80.0000   44.9252   23.8416
374.0000   7.0000   30.3495   75.7709
375.0000   6.0000   93.1916   37.2896
376.0000   96.0000   40.1705   21.9977
377.0000   12.0000   55.1280   83.9710
378.0000   97.0000   25.7911   23.0292
379.0000   3.0000   8.3744   48.1117
380.0000   48.0000   18.1316   10.3315
381.0000   50.0000   95.2700   90.1234
382.0000   22.0000   98.3912   90.4991
383.0000   27.0000   80.4984   54.7294
384.0000   70.0000   10.9555   53.4158
385.0000   75.0000   78.6213   66.8616
386.0000   61.0000   53.0226   86.5080
387.0000   37.0000   33.1969   78.7448
388.0000   19.0000   38.9776   31.3409
389.0000   59.0000   7.9253   82.7335
390.0000   74.0000   98.8433   18.7730
391.0000   85.0000   24.9922   95.8108
392.0000   20.0000   95.3270   91.6996
393.0000   35.0000   60.7354   65.6402
394.0000   90.0000   40.3870   47.7854
395.0000   33.0000   71.1678   7.3656
396.0000   88.0000   91.8096   20.7245
397.0000   38.0000   40.2459   48.7415
398.0000   94.0000   34.4910   16.5541
399.0000   91.0000   40.9092   57.5384
400.0000   34.0000   51.8546   55.1630
401.0000   49.0000   52.6217   5.4087
402.0000   89.0000   56.3635   56.8230
403.0000   21.0000   2.6223   45.3881
404.0000   25.0000   92.8796   16.7778
405.0000   44.0000   7.4590   28.2720
406.0000   12.0000   7.1206   16.1980
407.0000   98.0000   1.0707   4.6736
408.0000   23.0000   62.1519   8.2111
409.0000   84.0000   71.9571   17.5199
410.0000   98.0000   66.5065   17.5114
411.0000   1.0000   90.0649   85.6886
412.0000   29.0000   52.9860   58.4580
413.0000   87.0000   12.9777   3.4964
414.0000   49.0000   79.0034   53.2414
415.0000   34.0000   1.9540   28.4048
416.0000   85.0000   56.2748   27.2022
417.0000   82.0000   7.0596   11.7556
418.0000   62.0000   61.0777   96.1893
419.0000   57.0000   1.4076   13.3103
420.0000   39.0000   70.8780   57.9587
421.0000   12.0000   7.4711   43.1124
422.0000   55.0000   34.8070   28.7856
423.0000   17.0000   44.8733   86.8453
424.0000   83.0000   84.8571   10.0833
425.0000   21.0000   11.9079   16.9135
426.0000   41.0000   30.3866   95.9610
427.0000   39.0000   5.6730   51.1946
428.0000   24.0000   24.3059   97.4112
429.0000   21.0000   23.4580   51.7552
430.0000   62.0000   15.5245   36.6903
431.0000   51.0000   56.5052   71.2870
432.0000   43.0000   75.2514   0.8850
433.0000   70.0000   25.6323   83.5299
434.0000   97.0000   42.9815   34.3230
435.0000   44.0000   67.1778   52.2870
436.0000   34.0000   25.0227   77.9608
437.0000   75.0000   29.2207   32.0310
438.0000   70.0000   8.0712   20.3811
439.0000   53.0000   82.1331   24.2687
440.0000   39.0000   83.0367   32.1005
441.0000   42.0000   82.5044   41.4604
442.0000   59.0000   67.7964   69.6781
443.0000   54.0000   72.5081   84.6452
444.0000   80.0000   77.2827   57.2723
445.0000   86.0000   93.0031   35.1277
446.0000   41.0000   76.0383   66.0456
447.0000   73.0000   44.6302   32.2327
448.0000   66.0000   4.8196   94.7477
449.0000   21.0000   73.0343   98.2573
450.0000   21.0000   85.6037   92.9080
451.0000   18.0000   47.2102   50.2390
452.0000   33.0000   15.2826   18.6638
453.0000   66.0000   7.6020   60.4023
454.0000   50.0000   92.6140   55.4557
455.0000   80.0000   41.7714   2.6868
456.0000   1.0000   84.5392   62.4523
457.0000   78.0000   34.8840   66.6512
458.0000   3.0000   63.1177   86.5657
459.0000   82.0000   71.6618   9.7220
460.0000   81.0000   11.2827   58.0855
461.0000   79.0000   18.4294   87.4054
462.0000   16.0000   54.0000   81.0076
463.0000   79.0000   74.5571   70.0390
464.0000   14.0000   0.9732   17.2961
465.0000   43.0000   19.8331   20.2086
466.0000   79.0000   25.1057   38.3936
467.0000   18.0000   13.4378   47.2734
468.0000   11.0000   75.3236   1.6398
469.0000   42.0000   40.6476   93.4072
470.0000   99.0000   10.5828   2.8173
471.0000   99.0000   43.9728   55.6257
472.0000   35.0000   12.1582   36.2330
473.0000   62.0000   85.6281   96.6516
474.0000   4.0000   76.1842   50.8560
475.0000   18.0000   35.0539   58.6696
476.0000   55.0000   31.9629   14.4880
477.0000   76.0000   90.9881   87.8758
478.0000   54.0000   34.8638   62.9128
479.0000   46.0000   89.0175   45.2861
480.0000   100.0000   45.8371   53.6073
481.0000   50.0000   88.3327   54.7387
482.0000   60.0000   78.2335   16.2866
483.0000   42.0000   68.7539   44.8928
484.0000   54.0000   30.9486   3.3393
485.0000   59.0000   15.6398   22.2474
486.0000   6.0000   97.2772   41.1419
487.0000   30.0000   51.8014   57.2347
488.0000   72.0000   25.5714   83.8403
489.0000   7.0000   30.4752   86.4166
490.0000   92.0000   3.3747   69.9379
491.0000   61.0000   88.8294   72.6992
492.0000   7.0000   1.9386   49.2822
493.0000   65.0000   14.9328   77.8854
494.0000   98.0000   99.2085   85.2061
495.0000   14.0000   4.2924   7.3383
496.0000   27.0000   74.9464   14.9338
497.0000   68.0000   78.1317   12.4613
498.0000   41.0000   10.9782   85.9236
499.0000   52.0000   12.3041   19.9499
500.0000   65.0000   80.6450   92.9756
501.0000   68.0000   39.6443   46.8904
502.0000   18.0000   90.0504   88.1875
503.0000   76.0000   35.9900   60.4206
504.0000   2.0000   42.8409   16.8885
505.0000   100.0000   64.0823   45.1465
506.0000   57.0000   75.3450   60.9828
507.0000   41.0000   71.0557   44.0171
508.0000   99.0000   75.3257   99.9144
509.0000   13.0000   94.8017   58.2205
510.0000   17.0000   72.6766   33.3606
511.0000   20.0000   70.6853   58.2950
512.0000   4.0000   6.4510   35.2364
513.0000   83.0000   7.5325   3.2602
514.0000   31.0000   66.0387   57.8449
515.0000   80.0000   1.6600   14.1353
516.0000   66.0000   33.8335   52.1489
517.0000   44.0000   89.4850   52.3324
518.0000   36.0000   64.4837   88.3491
519.0000   55.0000   72.0927   92.7302
520.0000   42.0000   27.8379   68.8754
521.0000   44.0000   76.6602   70.7277
522.0000   27.0000   42.9791   59.0316
523.0000   18.0000   95.4464   32.8505
524.0000   100.0000   2.3854   21.7350
525.0000   91.0000   50.2151   77.7892
526.0000   37.0000   94.5887   41.8452
527.0000   69.0000   64.3664   10.9133
528.0000   94.0000   31.4092   19.6945
529.0000   75.0000   37.5314   46.0907
530.0000   15.0000   75.4216   8.3745
531.0000   20.0000   53.2867   4.1008
532.0000   14.0000   55.8042   9.4909
533.0000   12.0000   14.7746   91.0480
534.0000   7.0000   91.6954   32.0411
535.0000   22.0000   74.7487   7.0589
536.0000   98.0000   96.5050   55.8465
537.0000   35.0000   10.5426   64.2930
538.0000   18.0000   58.0141   32.0917
539.0000   46.0000   56.2847   60.5341
540.0000   66.0000   8.2634   62.6166
541.0000   4.0000   31.9055   95.5460
542.0000   54.0000   86.9910   89.0338
543.0000   23.0000   9.8959   95.4952
544.0000   30.0000   11.8657   39.2168
545.0000   98.0000   86.4554   83.7768
546.0000   25.0000   10.7586   76.6415
547.0000   14.0000   76.9711   48.5955
548.0000   43.0000   93.7437   95.6172
549.0000   93.0000   19.1842   81.0682
550.0000   84.0000   22.8491   29.8295
551.0000   47.0000   43.0973   24.8602
552.0000   76.0000   22.9000   85.4492
553.0000   22.0000   24.4885   98.7980
554.0000   36.0000   35.7409   82.7408
555.0000   77.0000   75.5181   54.8126
556.0000   94.0000   72.0642   47.0337
557.0000   88.0000   59.4431   25.5813
558.0000   22.0000   47.4494   80.2127
559.0000   14.0000   62.9836   20.1174
560.0000   97.0000   50.3287   0.5698
561.0000   23.0000   41.8410   27.8715
562.0000   2.0000   88.8581   25.4164
563.0000   61.0000   17.9190   68.9051
564.0000   85.0000   35.5491   99.3826
565.0000   50.0000   20.3783   50.1778
566.0000   30.0000   48.0316   19.6381
567.0000   69.0000   77.9141   47.0788
568.0000   82.0000   12.9971   39.7696
569.0000   51.0000   54.5474   48.2589
570.0000   99.0000   48.6090   53.5885
571.0000   95.0000   34.4636   96.8869
572.0000   70.0000   10.3687   21.4709
573.0000   37.0000   45.2927   48.9603
574.0000   85.0000   13.1967   54.3423
575.0000   16.0000   97.1356   26.2535
576.0000   18.0000   83.4887   90.6077
577.0000   96.0000   38.7826   21.6487
578.0000   1.0000   57.7667   6.6971
579.0000   11.0000   47.8229   6.9546
580.0000   51.0000   39.2983   36.5334
581.0000   59.0000   63.4965   35.2594
582.0000   36.0000   46.6274   9.9705
583.0000   13.0000   34.1582   2.9981
584.0000   31.0000   67.7095   72.2575
585.0000   29.0000   73.0270   80.4943
586.0000   14.0000   43.3718   97.4917
587.0000   84.0000   68.7228   97.3521
588.0000   12.0000   29.0012   34.1445
589.0000   93.0000   36.7721   45.2006
590.0000   90.0000   7.7289   41.6320
591.0000   4.0000   59.0530   54.3972
592.0000   44.0000   59.3232   45.9672
593.0000   52.0000   85.9521   30.3924
594.0000   58.0000   55.9659   90.2581
595.0000   32.0000   56.5579   32.6475
596.0000   50.0000   4.4923   22.9848
597.0000   42.0000   50.1109   5.9832
598.0000   97.0000   32.5380   24.8289
599.0000   84.0000   94.0319   49.0394
600.0000   12.0000   71.4563   35.6636
601.0000   28.0000   46.1111   25.1023
602.0000   33.0000   95.2870   91.4598
603.0000   38.0000   82.9901   50.7030
604.0000   10.0000   2.1792   81.7033
605.0000   48.0000   35.6105   98.3019
606.0000   64.0000   4.6813   65.3715
607.0000   87.0000   12.7785   49.7138
608.0000   15.0000   78.4968   14.9191
609.0000   27.0000   44.7664   59.6068
610.0000   55.0000   16.0833   20.3921
611.0000   80.0000   91.3083   2.0915
612.0000   64.0000   71.0643   21.9981
613.0000   24.0000   49.4172   35.9275
614.0000   49.0000   60.3338   40.5428
615.0000   55.0000   41.0864   23.8114
616.0000   39.0000   22.2660   86.6529
617.0000   1.0000   19.2432   41.8111
618.0000   22.0000   97.3272   15.3503
619.0000   94.0000   35.1360   81.4661
620.0000   69.0000   93.5958   31.5891
621.0000   78.0000   79.7863   43.0476
622.0000   14.0000   34.2704   21.3498
623.0000   16.0000   61.4346   39.5406
624.0000   4.0000   32.2311   61.8678
625.0000   51.0000   52.6086   75.3319
626.0000   87.0000   34.3648   26.2081
627.0000   26.0000   34.1545   57.7277
628.0000   62.0000   48.2917   76.4550
629.0000   60.0000   14.8422   87.5996
630.0000   19.0000   99.5780   28.6683
631.0000   54.0000   99.1297   87.0225
632.0000   92.0000   0.6707   81.0838
633.0000   75.0000   39.8726   36.6437
634.0000   55.0000   76.5723   88.4175
635.0000   45.0000   42.1611   16.7016
636.0000   27.0000   62.6553   10.5732
637.0000   33.0000   17.4634   1.6961
638.0000   62.0000   37.6357   56.8119
639.0000   73.0000   46.9132   42.4583
640.0000   71.0000   93.9034   87.5503
641.0000   44.0000   54.7214   90.1816
642.0000   63.0000   61.8624   87.8153
643.0000   39.0000   40.3870   13.2328
644.0000   3.0000   66.2506   19.4160
645.0000   15.0000   34.9223   80.9721
646.0000   44.0000   56.9540   10.9256
647.0000   60.0000   88.5493   90.0572
648.0000   11.0000   75.2181   49.9852
649.0000   4.0000   3.1389   42.9211
650.0000   61.0000   57.5306   75.7965
651.0000   30.0000   48.4404   93.4943
652.0000   17.0000   32.3103   8.6928
653.0000   38.0000   75.4502   7.0160
654.0000   59.0000   51.1267   38.1992
655.0000   21.0000   7.3790   13.9013
656.0000   98.0000   75.4779   52.1423
657.0000   6.0000   78.0440   81.6403
658.0000   60.0000   81.0802   87.0788
659.0000   17.0000   34.4816   68.4881
660.0000   82.0000   74.7833   42.7339
661.0000   77.0000   45.0495   23.5255
662.0000   3.0000   60.8539   40.7302
663.0000   39.0000   54.9041   70.4229
664.0000   69.0000   2.2070   24.8417
665.0000   93.0000   84.4605   61.9324
666.0000   32.0000   59.3023   22.9132
667.0000   99.0000   21.0543   84.0648
668.0000   86.0000   15.9989   50.1075
669.0000   27.0000   45.5939   82.2188
670.0000   76.0000   39.8719   64.9896
671.0000   19.0000   47.8764   60.3810
672.0000   62.0000   69.9589   78.3083
673.0000   32.0000   42.0570   25.4866
674.0000   38.0000   21.8958   58.1390
675.0000   41.0000   17.5626   36.9070
676.0000   53.0000   77.0065   6.1747
677.0000   53.0000   5.5070   40.3560
678.0000   88.0000   43.8059   19.7450
679.0000   62.0000   99.1002   68.0366
680.0000   73.0000   82.1236   89.7473
681.0000   49.0000   1.1962   25.3339
682.0000   22.0000   31.9218   27.0812
683.0000   27.0000   50.5704   90.1994
684.0000   11.0000   29.9745   56.5765
685.0000   29.0000   78.0924   60.6605
686.0000   91.0000   70.2630   83.0741
687.0000   30.0000   49.9606   66.0011
688.0000   64.0000   86.1068   38.2068
689.0000   88.0000   21.2689   4.5433
690.0000   1.0000   20.5476   4.7251
691.0000   12.0000   33.4425   46.1831
692.0000   10.0000   45.8097   42.5646
693.0000   35.0000   57.8008   75.9723
694.0000   52.0000   30.1685   30.2504
695.0000   84.0000   59.9692   55.3933
696.0000   45.0000   76.6266   92.6877
697.0000   22.0000   33.9557   46.2174
698.0000   93.0000   71.8285   43.7787
699.0000   56.0000   48.6777   82.6743
700.0000   19.0000   76.4664   15.5727
701.0000   76.0000   71.6376   10.3113
702.0000   100.0000   62.6064   99.6489
703.0000   48.0000   72.8704   90.3960
704.0000   59.0000   17.7350   46.0644
705.0000   94.0000   54.5007   20.1620
706.0000   41.0000   40.4682   62.2445
707.0000   99.0000   62.4829   79.8544
708.0000   84.0000   94.7986   43.6285
709.0000   91.0000   60.9558   47.8843
710.0000   14.0000   5.5655   96.1471
711.0000   51.0000   64.6227   22.7117
712.0000   7.0000   43.6546   30.9017
713.0000   40.0000   96.5906   42.9085
714.0000   91.0000   46.5138   12.1453
715.0000   45.0000   96.3608   8.1929
716.0000   97.0000   60.2625   37.8697
717.0000   21.0000   19.4221   51.6026
718.0000   49.0000   12.3344   95.0557
719.0000   39.0000   67.2871   13.9330
720.0000   18.0000   7.0913   59.1243
721.0000   93.0000   66.1802   70.6485
722.0000   90.0000   44.3157   91.6300
723.0000   45.0000   50.4766   22.2110
724.0000   33.0000   12.4461   49.8703
725.0000   26.0000   78.5638   38.0825
726.0000   32.0000   5.3357   73.1258
727.0000   61.0000   2.2459   79.0986
728.0000   97.0000   54.6306   82.8073
729.0000   33.0000   15.7136   62.9587
730.0000   5.0000   93.4064   6.3293
731.0000   17.0000   33.7401   75.6625
732.0000   3.0000   98.6218   29.3051
733.0000   58.0000   91.4014   40.4893
734.0000   16.0000   55.8642   37.8054
735.0000   16.0000   16.7023   54.2113
736.0000   1.0000   55.1319   38.3987
737.0000   71.0000   55.6521   26.2717
738.0000   21.0000   73.6249   36.4326
739.0000   76.0000   45.6317   31.8289
740.0000   25.0000   63.5048   78.5438
741.0000   37.0000   27.9748   50.0584
742.0000   95.0000   82.1008   31.9456
743.0000   20.0000   17.2781   84.3329
744.0000   97.0000   9.8799   3.6155
745.0000   92.0000   63.0557   35.7968
746.0000   21.0000   6.9481   97.7037
747.0000   35.0000   68.7797   95.0171
748.0000   98.0000   3.2575   98.0988
749.0000   19.0000   52.4776   19.0234
750.0000   67.0000   95.6182   22.4242
