0.0000   0.0000   0.0000   0.0000
1.0000   26.0000   42.3919   2.1901
2.0000   22.0000   29.9908   35.9342
3.0000   45.0000   4.3612   41.7540
4.0000   89.0000   38.4201   10.5305
5.0000   100.0000   16.4930   19.3052
6.0000   26.0000   47.8838   19.3346
7.0000   49.0000   10.3109   49.7466
8.0000   63.0000   17.8113   41.7322
9.0000   25.0000   44.0691   8.5992
10.0000   58.0000   37.9349   48.1382
11.0000   42.0000   32.6770   23.4451
12.0000   33.0000   1.9300   1.6903
13.0000   90.0000   42.1277   44.5645
14.0000   54.0000   25.5258   14.4849
15.0000   111.0000   23.7357   49.9884
16.0000   61.0000   22.2033   23.5501
17.0000   31.0000   2.9756   6.0493
18.0000   35.0000   30.5229   2.4118
19.0000   39.0000   36.0357   49.1933
20.0000   24.0000   21.0151   1.6466
21.0000   25.0000   18.9523   26.1206
22.0000   83.0000   0.8492   35.7256
23.0000   47.0000   40.2686   22.7960
24.0000   44.0000   26.7988   14.3017
25.0000   44.0000   0.7937   3.5782
26.0000   65.0000   28.3636   16.3986
27.0000   27.0000   4.4193   44.2124
28.0000   47.0000   48.3293   32.3761
29.0000   103.0000   41.8324   46.4268
30.0000   118.0000   17.4537   3.8093
31.0000   106.0000   3.2762   36.7287
32.0000   75.0000   47.3722   40.4330
33.0000   78.0000   45.1207   48.0326
34.0000   37.0000   17.9872   37.8159
35.0000   36.0000   9.8337   42.2601
36.0000   115.0000   1.4020   24.9851
37.0000   104.0000   18.3400   24.5477
38.0000   24.0000   29.4924   49.8212
39.0000   117.0000   6.7069   4.3707
40.0000   56.0000   32.8578   29.2130
41.0000   99.0000   44.8996   14.7575
42.0000   73.0000   14.8847   22.3313
43.0000   82.0000   20.6380   32.7535
44.0000   42.0000   20.7264   24.4559
45.0000   90.0000   1.5931   19.9147
46.0000   71.0000   35.3605   11.2245
47.0000   57.0000   13.2572   15.8293
48.0000   102.0000   31.2183   26.8605
49.0000   22.0000   15.8703   45.5483
50.0000   20.0000   45.9366   43.3979
51.0000   22.0000   28.8061   3.1258
52.0000   28.0000   23.1695   1.0811
53.0000   91.0000   1.5811   42.2673
54.0000   73.0000   12.5721   7.4191
55.0000   77.0000   34.3716   37.2160
56.0000   56.0000   31.9238   31.0879
57.0000   70.0000   23.0771   27.3354
58.0000   95.0000   37.1856   22.2582
59.0000   68.0000   34.1660   45.6924
60.0000   109.0000   13.6237   19.5772
61.0000   58.0000   32.9943   11.5790
62.0000   48.0000   31.8171   8.2379
63.0000   79.0000   32.7539   20.0515
64.0000   113.0000   16.7962   23.2181
65.0000   49.0000   23.8966   7.7165
66.0000   105.0000   14.1035   17.1200
67.0000   21.0000   43.4045   14.3853
68.0000   96.0000   5.9999   49.6968
69.0000   100.0000   5.2024   44.8883
70.0000   119.0000   49.4201   40.6762
71.0000   23.0000   23.8290   4.9245
72.0000   69.0000   2.7504   15.7317
73.0000   37.0000   12.5241   38.4973
74.0000   52.0000   6.5071   16.5442
75.0000   44.0000   6.3059   42.9478
76.0000   100.0000   16.8569   49.9772
77.0000   38.0000   14.2147   49.1186
78.0000   82.0000   9.9775   12.4489
79.0000   37.0000   12.3660   17.0962
80.0000   29.0000   35.9213   41.8323
81.0000   115.0000   2.9355   46.9245
82.0000   81.0000   21.1080   0.0231
83.0000   24.0000   36.8594   49.5733
84.0000   53.0000   26.8532   18.1530
85.0000   26.0000   21.6721   9.3002
86.0000   89.0000   44.4461   13.6590
87.0000   114.0000   4.3393   3.5936
88.0000   21.0000   14.4570   46.8983
89.0000   32.0000   24.3165   39.3090
90.0000   91.0000   21.8706   40.0710
91.0000   25.0000   39.4343   7.9979
92.0000   67.0000   30.8921   16.7293
93.0000   63.0000   37.1664   26.6889
94.0000   117.0000   32.3366   43.9415
95.0000   86.0000   44.9104   10.5416
96.0000   46.0000   41.3445   28.8917
97.0000   20.0000   25.1398   30.4863
98.0000   115.0000   35.7613   8.3496
99.0000   78.0000   26.2267   3.5142
100.0000   75.0000   40.6254   30.0573
101.0000   100.0000   9.2758   9.8961
102.0000   24.0000   14.5697   20.2734
103.0000   80.0000   28.2570   38.9812
104.0000   60.0000   47.2559   17.3477
105.0000   106.0000   22.8875   16.1924
106.0000   114.0000   42.1311   48.1293
107.0000   33.0000   9.3713   19.5353
108.0000   100.0000   33.7508   7.7632
109.0000   85.0000   36.2859   26.7249
110.0000   29.0000   25.7825   43.6941
111.0000   55.0000   1.0918   37.9222
112.0000   25.0000   41.8878   5.1655
113.0000   83.0000   17.3023   26.0386
114.0000   47.0000   48.8931   31.9597
115.0000   92.0000   4.6573   37.3712
116.0000   90.0000   38.7894   14.1719
117.0000   97.0000   37.6194   23.6545
118.0000   94.0000   8.7392   47.0645
119.0000   100.0000   23.4730   42.0886
120.0000   119.0000   3.1091   0.6252
121.0000   85.0000   27.8589   1.5784
122.0000   36.0000   13.9761   22.0089
123.0000   86.0000   15.0747   30.1710
124.0000   61.0000   24.7255   5.3077
125.0000   33.0000   36.5243   34.3853
126.0000   101.0000   43.6558   35.0215
127.0000   22.0000   18.6771   30.3183
128.0000   79.0000   9.2959   32.0956
129.0000   87.0000   44.1922   30.5320
130.0000   59.0000   11.1994   32.1364
131.0000   93.0000   30.7445   22.6457
132.0000   63.0000   37.6435   44.2835
133.0000   45.0000   43.4378   20.4433
134.0000   94.0000   0.0322   45.8683
135.0000   21.0000   22.1925   26.1077
136.0000   105.0000   43.7884   49.9587
137.0000   63.0000   35.9596   27.7110
138.0000   71.0000   40.6372   21.0576
139.0000   46.0000   37.0725   4.6043
140.0000   89.0000   37.9723   13.4424
141.0000   92.0000   22.5342   10.3970
142.0000   74.0000   4.2599   10.1683
143.0000   48.0000   33.2105   44.5137
144.0000   28.0000   7.2540   20.7354
145.0000   120.0000   34.9617   25.9032
146.0000   102.0000   7.5933   23.5862
147.0000   58.0000   26.2072   23.1316
148.0000   75.0000   35.9591   41.4469
149.0000   83.0000   8.4155   9.8794
150.0000   110.0000   10.6627   20.2298
