0.0000   0.0000   50.0000   50.0000
1.0000   21.0000   27.5921   33.4826
2.0000   71.0000   54.5787   14.1219
3.0000   25.0000   44.7893   72.2731
4.0000   4.0000   54.8726   14.5190
5.0000   81.0000   34.3154   92.3542
6.0000   37.0000   59.5188   32.2731
7.0000   61.0000   14.7463   77.6801
8.0000   20.0000   29.6253   78.6409
9.0000   42.0000   43.8169   33.8311
10.0000   3.0000   12.8637   68.9105
11.0000   47.0000   54.5682   93.7865
12.0000   11.0000   5.1933   78.7718
13.0000   35.0000   51.7835   12.6087
14.0000   13.0000   53.4086   6.1583
15.0000   40.0000   25.7597   49.1425
16.0000   98.0000   81.8205   98.8608
17.0000   15.0000   15.2876   83.0788
18.0000   75.0000   35.1062   69.8391
19.0000   18.0000   16.1451   92.8854
20.0000   46.0000   28.4190   90.6184
21.0000   94.0000   81.8290   66.9107
22.0000   86.0000   73.7103   70.6204
23.0000   91.0000   48.5797   20.3704
24.0000   44.0000   93.3228   67.2194
25.0000   43.0000   81.3401   71.7089
26.0000   42.0000   7.1085   22.5131
27.0000   91.0000   27.8704   73.9106
28.0000   80.0000   76.9252   95.3200
29.0000   93.0000   6.2611   94.3522
30.0000   57.0000   47.9776   52.3482
31.0000   92.0000   67.1479   51.1997
32.0000   54.0000   0.0596   70.6569
33.0000   26.0000   27.8818   86.8054
34.0000   82.0000   71.0400   2.3820
35.0000   74.0000   8.0025   13.0255
36.0000   13.0000   75.4442   19.6065
37.0000   12.0000   14.7765   62.9859
38.0000   3.0000   78.0720   87.0508
39.0000   28.0000   27.8771   80.6534
40.0000   85.0000   46.1722   64.2824
41.0000   11.0000   12.2115   42.2092
42.0000   66.0000   87.2708   86.2943
43.0000   72.0000   74.5119   70.1377
44.0000   72.0000   75.4620   60.4950
45.0000   60.0000   53.9751   24.0340
46.0000   63.0000   55.1542   56.6208
47.0000   47.0000   94.0613   91.5168
48.0000   27.0000   19.7502   70.8579
49.0000   31.0000   10.3352   2.7152
50.0000   36.0000   32.2052   24.5862
51.0000   89.0000   48.1840   18.1958
52.0000   99.0000   14.7327   61.4023
53.0000   90.0000   48.1868   90.0823
54.0000   89.0000   58.1259   5.6078
55.0000   4.0000   14.4190   61.7698
56.0000   13.0000   80.3087   5.3452
57.0000   80.0000   39.7525   59.7701
58.0000   32.0000   45.1965   96.9813
59.0000   64.0000   3.6081   83.5572
60.0000   11.0000   62.6812   59.5506
61.0000   36.0000   59.5328   2.1458
62.0000   23.0000   81.8963   45.7188
63.0000   7.0000   90.0166   6.6863
64.0000   10.0000   40.5119   32.3492
65.0000   89.0000   38.3384   43.9957
66.0000   28.0000   46.7243   42.2210
67.0000   48.0000   30.9194   41.0147
68.0000   42.0000   6.9465   34.8359
69.0000   38.0000   85.6781   87.6709
70.0000   46.0000   20.2205   23.1362
71.0000   78.0000   52.6288   27.2237
72.0000   89.0000   14.1179   60.3156
73.0000   31.0000   18.0998   46.7152
74.0000   71.0000   48.4494   42.8409
75.0000   53.0000   81.9237   93.9855
76.0000   73.0000   86.5727   2.3302
77.0000   68.0000   49.2927   83.2234
78.0000   4.0000   40.6274   44.7817
79.0000   40.0000   10.0580   92.9919
80.0000   68.0000   99.7996   82.7702
81.0000   34.0000   26.7204   18.8221
82.0000   4.0000   38.1688   72.9834
83.0000   18.0000   43.1258   88.7403
84.0000   5.0000   22.8900   80.3549
85.0000   72.0000   4.1992   76.2850
86.0000   55.0000   78.2384   13.1886
87.0000   41.0000   52.9969   31.1106
88.0000   71.0000   44.8756   68.3048
89.0000   57.0000   6.1459   50.7306
90.0000   80.0000   87.1586   16.6462
91.0000   74.0000   44.0527   89.7910
92.0000   1.0000   53.6576   37.4510
93.0000   47.0000   32.9255   24.4282
94.0000   41.0000   49.7026   5.7296
95.0000   73.0000   69.4064   6.7750
96.0000   35.0000   49.5136   49.6075
97.0000   63.0000   89.4625   39.7598
98.0000   70.0000   35.9993   73.8206
99.0000   32.0000   47.6687   4.3586
100.0000   21.0000   45.0305   54.3985
101.0000   36.0000   80.7237   71.8737
102.0000   10.0000   66.7421   85.4213
103.0000   98.0000   14.1773   61.4678
104.0000   40.0000   57.9079   95.2896
105.0000   41.0000   9.4223   23.1382
106.0000   56.0000   66.2144   48.7779
107.0000   75.0000   41.4168   39.6890
108.0000   100.0000   82.5659   41.3032
109.0000   57.0000   30.9328   32.8264
110.0000   39.0000   18.5161   66.0814
111.0000   40.0000   74.3116   10.1580
112.0000   44.0000   76.9334   29.2526
113.0000   26.0000   50.3436   48.3965
114.0000   43.0000   83.8665   60.3481
115.0000   23.0000   11.2187   52.3257
116.0000   38.0000   48.8502   37.0071
117.0000   59.0000   68.5271   53.4704
118.0000   85.0000   30.9599   70.5926
119.0000   58.0000   75.8708   41.1882
120.0000   95.0000   73.3368   43.7320
121.0000   92.0000   28.2932   21.5076
122.0000   28.0000   33.2356   87.9166
123.0000   86.0000   42.2208   14.0366
124.0000   97.0000   35.1352   68.5743
125.0000   82.0000   47.0050   34.6972
126.0000   68.0000   73.6364   42.1037
127.0000   54.0000   17.0290   97.3161
128.0000   62.0000   7.6905   76.6540
129.0000   52.0000   95.6683   27.6345
130.0000   10.0000   94.8902   48.6303
131.0000   83.0000   78.7921   10.1108
132.0000   57.0000   12.6521   72.4466
133.0000   77.0000   72.9480   42.0547
134.0000   84.0000   22.5135   80.3927
135.0000   82.0000   57.7385   36.4711
136.0000   6.0000   53.3800   71.9258
137.0000   7.0000   78.8295   51.6890
138.0000   38.0000   56.5967   80.5853
139.0000   81.0000   70.2260   63.2878
140.0000   40.0000   79.5671   64.6288
141.0000   25.0000   78.1993   16.1642
142.0000   14.0000   66.7768   50.0588
143.0000   32.0000   0.3007   16.0718
144.0000   48.0000   88.0257   43.3599
145.0000   95.0000   13.9435   18.8392
146.0000   59.0000   2.3449   12.6655
147.0000   5.0000   54.3538   67.4008
148.0000   71.0000   35.2469   49.6752
149.0000   91.0000   42.2698   73.3942
150.0000   39.0000   18.5871   36.1430
151.0000   46.0000   46.2209   30.9886
152.0000   9.0000   91.1985   54.1792
153.0000   25.0000   48.1029   91.0694
154.0000   21.0000   64.7245   57.7783
155.0000   38.0000   62.7070   58.6327
156.0000   43.0000   74.4183   43.8982
157.0000   94.0000   43.7750   84.0764
158.0000   44.0000   86.1671   83.3253
159.0000   96.0000   72.4472   48.1324
160.0000   93.0000   77.7581   72.8928
161.0000   70.0000   94.0074   33.0005
162.0000   18.0000   70.9628   40.8947
163.0000   24.0000   5.0153   95.1546
164.0000   86.0000   89.4059   90.8806
165.0000   46.0000   79.5947   46.2862
166.0000   60.0000   37.4751   2.1462
167.0000   55.0000   46.4821   20.7957
168.0000   97.0000   95.1700   96.8789
169.0000   44.0000   25.8068   44.7597
170.0000   10.0000   68.6733   79.4432
171.0000   89.0000   88.2496   20.9668
172.0000   7.0000   60.1103   70.9018
173.0000   26.0000   36.4908   69.3466
174.0000   60.0000   51.2811   54.3393
175.0000   59.0000   97.0706   90.0091
176.0000   87.0000   38.5193   14.2064
177.0000   67.0000   60.0517   86.2148
178.0000   87.0000   25.8557   50.9293
179.0000   96.0000   99.6490   49.0417
180.0000   42.0000   51.6903   50.1407
181.0000   70.0000   79.8287   33.4597
182.0000   36.0000   88.0359   70.3795
183.0000   93.0000   37.0162   62.4438
184.0000   7.0000   75.3514   5.2917
185.0000   44.0000   73.6533   59.7505
186.0000   95.0000   11.2090   74.1468
187.0000   77.0000   61.2924   24.4606
188.0000   82.0000   22.8307   18.2095
189.0000   61.0000   32.0314   56.5849
190.0000   42.0000   67.9115   71.6872
191.0000   36.0000   25.8302   45.9359
192.0000   24.0000   39.3023   30.9084
193.0000   95.0000   82.6234   97.0417
194.0000   89.0000   66.2227   0.5234
195.0000   58.0000   74.2683   31.8764
196.0000   25.0000   74.9048   89.5016
197.0000   95.0000   69.3841   81.2385
198.0000   74.0000   4.6133   89.8050
199.0000   49.0000   88.9776   58.5053
200.0000   99.0000   82.8667   45.5363
201.0000   94.0000   14.2151   16.8462
202.0000   26.0000   62.0742   3.4249
203.0000   83.0000   17.4497   93.9651
204.0000   47.0000   23.0596   70.8693
205.0000   73.0000   72.7099   88.5047
206.0000   90.0000   89.7031   86.7887
207.0000   51.0000   25.6281   1.4696
208.0000   60.0000   4.2248   57.3440
209.0000   25.0000   78.0498   14.0429
210.0000   47.0000   11.5810   79.8366
211.0000   5.0000   14.3156   67.0265
212.0000   15.0000   18.3527   31.4042
213.0000   24.0000   74.6594   96.2297
214.0000   30.0000   55.6198   90.1109
215.0000   89.0000   10.9018   92.9406
216.0000   38.0000   65.3832   29.7856
217.0000   76.0000   94.4886   30.5033
218.0000   3.0000   11.7018   86.9564
219.0000   67.0000   63.4904   35.2479
220.0000   37.0000   76.1251   18.8977
221.0000   3.0000   8.9026   59.0093
222.0000   55.0000   43.9553   9.1263
223.0000   50.0000   93.3566   34.9942
224.0000   66.0000   66.8488   83.6040
225.0000   98.0000   47.3650   73.3349
226.0000   33.0000   59.4686   34.1665
227.0000   67.0000   2.2749   2.1120
228.0000   8.0000   3.1523   32.9901
229.0000   5.0000   18.1832   12.2471
230.0000   7.0000   95.9936   18.4734
231.0000   31.0000   64.6511   27.7018
232.0000   88.0000   18.1561   44.2930
233.0000   47.0000   79.5782   0.6726
234.0000   41.0000   37.2856   49.5275
235.0000   37.0000   5.0466   69.2365
236.0000   75.0000   13.8045   23.5771
237.0000   42.0000   99.0433   32.7203
238.0000   93.0000   20.6926   16.9799
239.0000   68.0000   54.0048   39.1973
240.0000   3.0000   56.4366   25.7428
241.0000   61.0000   65.6088   7.3831
242.0000   1.0000   3.8806   83.5508
243.0000   67.0000   90.9926   77.6739
244.0000   1.0000   43.2932   94.0947
245.0000   75.0000   60.5646   96.4704
246.0000   1.0000   4.1758   88.3350
247.0000   1.0000   25.7410   49.4636
248.0000   33.0000   82.7286   23.6299
249.0000   21.0000   10.6885   15.8088
250.0000   29.0000   48.8973   76.4299
251.0000   63.0000   20.3456   75.4964
252.0000   100.0000   56.7883   23.0520
253.0000   73.0000   17.0652   9.7657
254.0000   87.0000   44.2759   90.2698
255.0000   81.0000   11.5368   24.3251
256.0000   81.0000   16.9372   28.3109
257.0000   50.0000   66.8446   94.3600
258.0000   86.0000   86.7121   2.6099
259.0000   83.0000   38.9999   80.8498
260.0000   88.0000   97.6946   64.5813
261.0000   57.0000   55.2898   87.9108
262.0000   10.0000   7.9124   4.5294
263.0000   25.0000   85.3222   0.0778
264.0000   98.0000   96.9141   87.7568
265.0000   1.0000   38.9154   36.5292
266.0000   46.0000   91.1322   76.1644
267.0000   15.0000   9.1248   10.0148
268.0000   27.0000   79.7430   10.7997
269.0000   31.0000   48.7767   8.7453
270.0000   9.0000   91.0432   42.3446
271.0000   56.0000   64.6407   1.2725
272.0000   53.0000   91.1407   14.7980
273.0000   30.0000   59.8952   52.4410
274.0000   15.0000   93.8547   28.9017
275.0000   90.0000   68.8286   14.7694
276.0000   27.0000   31.5056   74.4860
277.0000   12.0000   99.4118   99.3784
278.0000   30.0000   4.7201   9.3682
279.0000   72.0000   27.6299   10.9439
280.0000   11.0000   30.8359   18.5551
281.0000   32.0000   0.1736   45.4019
282.0000   98.0000   81.4183   81.4467
283.0000   45.0000   33.4466   59.9242
284.0000   6.0000   77.3876   51.9766
285.0000   97.0000   33.1396   73.2339
286.0000   12.0000   68.1036   74.4353
287.0000   84.0000   46.7392   85.0753
288.0000   84.0000   44.5735   24.6833
289.0000   3.0000   86.7278   10.4039
290.0000   41.0000   57.5663   60.5170
291.0000   29.0000   12.7418   81.7241
292.0000   80.0000   13.4013   1.0215
293.0000   24.0000   35.5759   62.3891
294.0000   57.0000   90.4936   82.4099
295.0000   30.0000   74.3637   98.7270
296.0000   51.0000   7.5385   78.2144
297.0000   57.0000   18.3032   53.2910
298.0000   2.0000   18.9636   71.4769
299.0000   93.0000   47.1005   66.5741
300.0000   86.0000   87.7736   45.5419
301.0000   64.0000   90.4991   22.5569
302.0000   29.0000   47.7581   3.7531
303.0000   93.0000   40.7199   23.7720
304.0000   88.0000   98.1609   92.3422
305.0000   38.0000   21.2514   70.4065
306.0000   54.0000   44.3203   34.1584
307.0000   84.0000   79.4056   26.4446
308.0000   86.0000   14.2279   20.4690
309.0000   64.0000   27.3420   41.7432
310.0000   13.0000   74.8408   4.1211
311.0000   2.0000   35.0265   80.7733
312.0000   83.0000   20.3395   17.0464
313.0000   69.0000   25.7907   2.9780
314.0000   80.0000   41.0405   71.1037
315.0000   97.0000   8.0322   77.8701
316.0000   99.0000   46.1215   97.8766
317.0000   82.0000   12.5890   6.6277
318.0000   87.0000   31.6578   46.7695
319.0000   60.0000   60.0440   0.6798
320.0000   12.0000   79.3882   71.7437
321.0000   89.0000   39.8003   58.4111
322.0000   43.0000   87.2206   98.2687
323.0000   69.0000   3.2713   86.4968
324.0000   71.0000   94.7031   6.0383
325.0000   29.0000   40.0966   94.7455
326.0000   84.0000   43.9722   55.1785
327.0000   81.0000   23.3314   9.8413
328.0000   92.0000   50.3389   95.7272
329.0000   2.0000   8.5055   8.4753
330.0000   77.0000   50.9254   40.5706
331.0000   78.0000   97.6459   55.4664
332.0000   68.0000   50.4702   62.9155
333.0000   40.0000   93.2677   54.1766
334.0000   34.0000   97.2180   64.0936
335.0000   75.0000   57.3211   44.8978
336.0000   64.0000   91.6428   64.0400
337.0000   32.0000   85.4156   76.9161
338.0000   89.0000   2.8636   59.0667
339.0000   86.0000   95.5137   4.1098
340.0000   75.0000   59.7996   86.6105
341.0000   39.0000   49.4996   14.3021
342.0000   100.0000   81.7724   80.1792
343.0000   50.0000   76.3791   36.3433
344.0000   14.0000   68.4813   14.5073
345.0000   87.0000   10.4527   9.7287
346.0000   17.0000   64.7327   73.1497
347.0000   56.0000   65.7213   44.8606
348.0000   88.0000   14.1341   76.2892
349.0000   37.0000   86.6907   55.3297
350.0000   46.0000   76.4492   89.2414
351.0000   31.0000   41.6487   11.4811
352.0000   73.0000   64.4873   45.2843
353.0000   64.0000   33.9300   64.2220
354.0000   78.0000   92.8838   14.8451
355.0000   38.0000   0.5577   92.0593
356.0000   79.0000   25.0397   93.9955
357.0000   73.0000   94.4150   35.1698
358.0000   36.0000   52.4094   0.8999
359.0000   86.0000   74.8857   73.2389
360.0000   59.0000   89.1095   81.7695
361.0000   87.0000   80.3744   72.4634
362.0000   84.0000   25.2695   59.4647
363.0000   36.0000   24.1201   22.2920
364.0000   11.0000   34.8336   98.5297
365.0000   97.0000   23.6575   90.4242
366.0000   93.0000   58.0951   48.2412
367.0000   92.0000   13.6936   76.9142
368.0000   32.0000   25.5565   34.0043
369.0000   43.0000   36.1123   35.1031
370.0000   7.0000   18.0378   74.3632
371.0000   17.0000   42.4282   29.4579
372.0000   40.0000   73.7917   66.1930
373.0000   83.0000   44.9841   99.6342
374.0000   89.0000   14.9049   71.9529
375.0000   10.0000   34.7941   38.5589
376.0000   13.0000   49.3118   62.9157
377.0000   46.0000   80.5258   82.6509
378.0000   86.0000   78.9330   75.7202
379.0000   6.0000   56.6823   28.6129
380.0000   100.0000   45.2559   33.5657
381.0000   37.0000   26.5092   84.9334
382.0000   32.0000   29.2432   78.5991
383.0000   18.0000   19.6162   61.8958
384.0000   98.0000   15.5038   23.7659
385.0000   68.0000   48.9100   14.3424
386.0000   87.0000   73.2609   34.1335
387.0000   69.0000   78.9322   6.3867
388.0000   76.0000   66.9084   40.4199
389.0000   80.0000   16.7900   60.5815
390.0000   58.0000   70.8824   3.8011
391.0000   64.0000   56.2412   31.3199
392.0000   33.0000   7.6296   27.7550
393.0000   10.0000   29.6899   26.8874
394.0000   66.0000   90.4016   14.1335
395.0000   5.0000   17.0509   47.0672
396.0000   63.0000   87.7231   97.0569
397.0000   32.0000   30.7079   19.8433
398.0000   98.0000   27.1857   10.5951
399.0000   63.0000   26.2062   5.4900
400.0000   9.0000   16.5228   34.8025
401.0000   71.0000   45.0615   24.0092
402.0000   67.0000   73.1996   38.9345
403.0000   76.0000   76.4916   67.4176
404.0000   37.0000   74.0459   55.3561
405.0000   24.0000   37.4264   21.1312
406.0000   59.0000   1.4832   16.5904
407.0000   69.0000   84.1042   33.3187
408.0000   35.0000   58.5017   58.0878
409.0000   37.0000   17.5808   99.5354
410.0000   87.0000   87.2963   8.4462
411.0000   71.0000   1.6539   71.6795
412.0000   54.0000   42.6722   20.4439
413.0000   90.0000   35.3536   31.5681
414.0000   10.0000   64.9945   0.2734
415.0000   42.0000   0.4465   73.2029
416.0000   54.0000   99.5177   30.4143
417.0000   50.0000   26.4563   60.7634
418.0000   30.0000   8.1049   94.4620
419.0000   61.0000   46.8838   67.6780
420.0000   16.0000   91.4603   64.1806
421.0000   84.0000   46.1566   59.0819
422.0000   49.0000   63.8363   4.1212
423.0000   51.0000   98.4246   41.3994
424.0000   33.0000   94.6151   97.3862
425.0000   42.0000   55.0067   53.8336
426.0000   32.0000   47.7985   20.6889
427.0000   81.0000   94.4918   99.6528
428.0000   15.0000   33.1613   32.6342
429.0000   8.0000   43.2942   47.3163
430.0000   89.0000   24.6503   40.9170
431.0000   14.0000   25.1248   75.0555
432.0000   54.0000   12.9621   8.6069
433.0000   26.0000   7.9594   69.5278
434.0000   88.0000   36.4669   80.9658
435.0000   17.0000   99.0164   49.6769
436.0000   79.0000   7.6319   75.8819
437.0000   64.0000   33.2511   75.0457
438.0000   60.0000   88.8991   66.8867
439.0000   64.0000   76.5657   55.0023
440.0000   25.0000   78.4953   78.6447
441.0000   83.0000   65.6096   86.5147
442.0000   7.0000   26.4384   48.9597
443.0000   83.0000   45.8138   53.5529
444.0000   75.0000   34.7440   29.7710
445.0000   47.0000   54.4631   66.4721
446.0000   13.0000   16.4374   62.2856
447.0000   65.0000   15.9172   49.8100
448.0000   25.0000   56.8431   73.1317
449.0000   25.0000   18.6607   13.7887
450.0000   74.0000   37.4731   18.8107
451.0000   65.0000   8.4947   58.1583
452.0000   83.0000   22.0813   61.4081
453.0000   73.0000   39.7634   61.4009
454.0000   25.0000   78.2551   71.7972
455.0000   27.0000   57.9498   12.6353
456.0000   23.0000   54.6541   36.4414
457.0000   65.0000   85.9872   80.3404
458.0000   37.0000   20.7868   92.0696
459.0000   19.0000   56.8487   87.2873
460.0000   76.0000   39.9086   41.8470
461.0000   90.0000   56.4891   97.7214
462.0000   39.0000   11.3172   54.2930
463.0000   100.0000   63.7979   79.4066
464.0000   15.0000   27.8313   61.3086
465.0000   23.0000   94.6348   48.9248
466.0000   30.0000   26.7392   83.4515
467.0000   91.0000   84.5486   16.1191
468.0000   25.0000   14.1999   53.3605
469.0000   32.0000   12.0088   58.6178
470.0000   26.0000   8.7895   13.1724
471.0000   28.0000   3.3312   71.5232
472.0000   11.0000   16.3869   29.8949
473.0000   2.0000   31.3313   47.0049
474.0000   15.0000   36.1813   64.6944
475.0000   64.0000   88.9415   53.2707
476.0000   3.0000   5.3332   29.0169
477.0000   42.0000   73.1041   90.5509
478.0000   51.0000   57.2302   50.5292
479.0000   66.0000   43.7657   43.1802
480.0000   41.0000   75.6812   98.7384
481.0000   64.0000   72.1438   9.9877
482.0000   26.0000   64.0564   52.1745
483.0000   23.0000   8.4512   77.3408
484.0000   94.0000   68.7369   35.7480
485.0000   71.0000   66.9658   7.4369
486.0000   15.0000   45.3978   25.0830
487.0000   52.0000   62.3384   35.3538
488.0000   69.0000   53.0736   85.2963
489.0000   8.0000   88.1618   59.3474
490.0000   54.0000   52.6897   18.5293
491.0000   79.0000   93.0771   31.8301
492.0000   40.0000   69.9827   59.6528
493.0000   52.0000   61.7867   2.3411
494.0000   64.0000   9.6078   26.1811
495.0000   48.0000   40.3914   78.3929
496.0000   6.0000   32.5523   42.4893
497.0000   88.0000   76.3210   59.9126
498.0000   62.0000   41.6600   35.4913
499.0000   71.0000   67.1054   6.3591
500.0000   65.0000   63.8725   17.6286
501.0000   20.0000   2.0022   27.6698
502.0000   20.0000   25.0906   69.6607
503.0000   79.0000   64.2055   9.6990
504.0000   34.0000   62.3697   46.3320
505.0000   11.0000   64.9475   38.1156
506.0000   65.0000   4.1229   80.9117
507.0000   46.0000   55.4860   74.8825
508.0000   79.0000   8.8546   90.6710
509.0000   65.0000   50.7025   70.5367
510.0000   72.0000   40.3462   65.2926
511.0000   61.0000   58.5381   11.4535
512.0000   12.0000   77.7604   56.3262
513.0000   14.0000   94.0920   82.3996
514.0000   92.0000   70.8155   85.4707
515.0000   100.0000   28.5144   68.6172
516.0000   59.0000   22.6086   61.1511
517.0000   15.0000   51.3937   38.0974
518.0000   16.0000   75.1324   50.0148
519.0000   23.0000   96.2935   98.8013
520.0000   73.0000   91.1447   30.6075
521.0000   93.0000   98.1027   37.4174
522.0000   85.0000   2.1194   40.1233
523.0000   73.0000   95.7430   7.5847
524.0000   44.0000   98.0310   74.1606
525.0000   56.0000   31.9621   69.7579
526.0000   69.0000   96.8626   4.4587
527.0000   28.0000   31.9827   29.2940
528.0000   94.0000   7.2975   77.1262
529.0000   72.0000   51.0786   87.9868
530.0000   90.0000   11.3360   16.3265
531.0000   61.0000   30.0092   50.7767
532.0000   38.0000   95.6832   50.9232
533.0000   95.0000   91.7934   0.4153
534.0000   2.0000   60.6876   95.2844
535.0000   7.0000   33.8226   84.7691
536.0000   55.0000   18.0446   73.5137
537.0000   4.0000   3.7568   8.1144
538.0000   69.0000   39.2698   41.3216
539.0000   94.0000   13.4618   45.7883
540.0000   50.0000   68.5672   52.9983
541.0000   54.0000   28.2426   93.7518
542.0000   39.0000   69.5968   37.3343
543.0000   11.0000   88.1801   79.2450
544.0000   79.0000   23.5642   85.0643
545.0000   43.0000   83.0276   43.0399
546.0000   85.0000   83.6643   3.5486
547.0000   35.0000   45.4766   11.5164
548.0000   48.0000   70.9679   89.3698
549.0000   84.0000   54.2041   41.2445
550.0000   30.0000   96.8753   87.1122
551.0000   5.0000   0.0653   6.2751
552.0000   59.0000   45.2246   1.6284
553.0000   14.0000   35.5262   97.3852
554.0000   100.0000   83.2754   32.5534
555.0000   65.0000   13.5833   8.7972
556.0000   11.0000   67.0767   18.3612
557.0000   72.0000   90.8927   39.1685
558.0000   2.0000   25.7168   17.5288
559.0000   23.0000   69.9389   62.3658
560.0000   72.0000   20.4230   97.2373
561.0000   30.0000   25.2076   73.9598
562.0000   62.0000   47.0770   58.3016
563.0000   48.0000   64.6678   1.7354
564.0000   92.0000   87.6307   61.2764
565.0000   44.0000   42.8616   37.8834
566.0000   67.0000   88.8610   14.1709
567.0000   1.0000   95.5331   79.2792
568.0000   17.0000   60.0476   5.9715
569.0000   29.0000   25.6435   28.6507
570.0000   77.0000   96.4335   67.3932
571.0000   13.0000   56.9734   75.2616
572.0000   45.0000   17.4832   85.2613
573.0000   80.0000   69.9892   27.0779
574.0000   50.0000   19.4618   61.2581
575.0000   61.0000   40.6676   33.0290
576.0000   99.0000   34.0237   70.3670
577.0000   71.0000   54.8335   98.2697
578.0000   9.0000   26.7049   21.4729
579.0000   82.0000   62.8983   53.4525
580.0000   60.0000   48.5463   34.3239
581.0000   34.0000   16.2655   82.0181
582.0000   79.0000   67.7589   8.4923
583.0000   72.0000   48.8237   38.7553
584.0000   67.0000   11.7068   10.9490
585.0000   89.0000   19.0092   6.8310
586.0000   88.0000   25.4248   33.4529
587.0000   36.0000   26.1603   90.1004
588.0000   77.0000   44.2149   8.4546
589.0000   15.0000   91.6719   2.1443
590.0000   68.0000   89.8422   38.2341
591.0000   41.0000   95.5484   77.9012
592.0000   24.0000   99.8689   62.8894
593.0000   74.0000   71.5039   22.3867
594.0000   73.0000   94.7091   67.5871
595.0000   42.0000   72.9544   74.9761
596.0000   42.0000   11.5111   66.0832
597.0000   78.0000   95.4761   34.7312
598.0000   56.0000   15.0303   31.2962
599.0000   30.0000   38.4496   47.5437
600.0000   16.0000   65.9610   82.0667
601.0000   24.0000   49.7433   73.3732
602.0000   12.0000   9.6596   37.4080
603.0000   20.0000   76.0450   44.4195
604.0000   82.0000   37.2381   60.7053
605.0000   67.0000   49.7314   23.2039
606.0000   62.0000   91.0531   55.3830
607.0000   38.0000   58.1545   82.3473
608.0000   70.0000   96.4092   7.5505
609.0000   57.0000   14.8306   99.0385
610.0000   35.0000   18.7621   51.6229
611.0000   85.0000   58.4233   88.2231
612.0000   15.0000   75.2779   38.8624
613.0000   12.0000   93.2577   71.7507
614.0000   35.0000   99.1300   33.7122
615.0000   41.0000   44.4199   89.5663
616.0000   57.0000   6.8053   93.4361
617.0000   88.0000   9.6178   31.6718
618.0000   46.0000   47.0585   1.8629
619.0000   87.0000   65.6744   59.5500
620.0000   61.0000   84.9191   45.7305
621.0000   50.0000   44.8790   12.8483
622.0000   98.0000   63.1601   49.1259
623.0000   92.0000   58.7262   72.4267
624.0000   2.0000   41.1087   7.6396
625.0000   34.0000   19.7045   54.6510
626.0000   3.0000   83.8131   35.5756
627.0000   55.0000   79.2178   88.7039
628.0000   50.0000   69.6633   89.0928
629.0000   76.0000   79.1120   94.5388
630.0000   72.0000   29.6802   24.1172
631.0000   27.0000   74.1435   64.6724
632.0000   16.0000   94.5454   56.0190
633.0000   33.0000   51.4537   88.8086
634.0000   9.0000   40.3966   25.5180
635.0000   84.0000   21.0493   97.6300
636.0000   57.0000   18.6678   75.4994
637.0000   27.0000   7.6752   64.1053
638.0000   22.0000   37.0329   10.8202
639.0000   34.0000   37.0893   16.1000
640.0000   93.0000   57.7687   11.6276
641.0000   48.0000   24.2553   14.3762
642.0000   18.0000   88.1627   39.9599
643.0000   53.0000   75.5186   86.7692
644.0000   86.0000   58.0365   85.6903
645.0000   27.0000   45.4607   16.2431
646.0000   8.0000   44.7434   86.6178
647.0000   47.0000   2.6951   8.0022
648.0000   36.0000   71.2591   25.2167
649.0000   57.0000   37.0441   99.7398
650.0000   27.0000   98.3322   96.2657
651.0000   1.0000   7.5644   79.1495
652.0000   28.0000   65.2347   70.1008
653.0000   59.0000   79.7895   61.6283
654.0000   92.0000   27.4355   94.3877
655.0000   54.0000   58.0768   80.2914
656.0000   49.0000   94.1465   10.6446
657.0000   67.0000   50.0322   89.2243
658.0000   90.0000   92.6778   8.0540
659.0000   34.0000   13.7296   73.9962
660.0000   22.0000   21.8916   44.0563
661.0000   37.0000   52.0178   51.1639
662.0000   8.0000   93.2055   16.5068
663.0000   62.0000   86.9649   39.4314
664.0000   16.0000   59.8846   80.1551
665.0000   73.0000   67.3459   80.1250
666.0000   90.0000   52.9172   99.3096
667.0000   69.0000   62.2861   27.5420
668.0000   4.0000   13.2244   96.1356
669.0000   86.0000   40.7067   34.7481
670.0000   68.0000   23.2935   98.4557
671.0000   41.0000   12.1337   69.8038
672.0000   62.0000   45.9451   88.5096
673.0000   26.0000   49.7915   17.7955
674.0000   17.0000   73.0010   79.6294
675.0000   40.0000   62.0270   78.7959
676.0000   67.0000   2.9347   76.1177
677.0000   57.0000   41.8086   83.9954
678.0000   26.0000   80.6061   50.6852
679.0000   93.0000   50.5727   11.6956
680.0000   36.0000   26.0079   99.5706
681.0000   14.0000   40.3607   16.1305
682.0000   25.0000   53.2457   41.9628
683.0000   98.0000   18.1054   91.4140
684.0000   69.0000   99.7564   61.1968
685.0000   15.0000   68.9732   76.9893
686.0000   18.0000   19.2705   31.3650
687.0000   84.0000   66.8604   37.7297
688.0000   100.0000   94.7376   60.7894
689.0000   15.0000   0.5307   22.3316
690.0000   20.0000   45.9346   79.5703
691.0000   47.0000   17.9826   46.1014
692.0000   49.0000   45.9709   99.5818
693.0000   17.0000   69.5390   13.5125
694.0000   84.0000   68.9149   82.1749
695.0000   4.0000   23.6089   22.7977
696.0000   62.0000   83.7823   31.0244
697.0000   55.0000   78.0042   40.0961
698.0000   20.0000   89.8388   98.3287
699.0000   60.0000   11.6578   59.0303
700.0000   1.0000   55.3534   70.7738
701.0000   56.0000   49.4308   22.4099
702.0000   75.0000   14.0930   7.7519
703.0000   3.0000   57.7208   41.2755
704.0000   28.0000   38.4675   80.5309
705.0000   54.0000   37.9318   25.5382
706.0000   20.0000   94.4676   97.6034
707.0000   28.0000   2.5616   98.9299
708.0000   32.0000   0.5412   39.9919
709.0000   38.0000   87.1658   85.9688
710.0000   47.0000   46.8404   3.4306
711.0000   84.0000   82.7948   91.5915
712.0000   4.0000   21.9772   79.9272
713.0000   65.0000   70.2496   0.4973
714.0000   68.0000   93.2661   34.1845
715.0000   59.0000   60.2190   80.5160
716.0000   1.0000   53.1402   76.2571
717.0000   35.0000   47.5610   16.3623
718.0000   100.0000   46.3948   53.5779
719.0000   58.0000   55.3881   30.5683
720.0000   51.0000   13.8679   43.4565
721.0000   68.0000   47.4857   25.2759
722.0000   64.0000   37.0338   82.1279
723.0000   95.0000   63.7735   87.0805
724.0000   91.0000   1.9761   88.0991
725.0000   2.0000   16.2408   16.5882
726.0000   91.0000   65.3934   53.2010
727.0000   8.0000   87.6127   38.6886
728.0000   50.0000   83.9526   94.9367
729.0000   63.0000   83.1555   27.5501
730.0000   21.0000   51.7712   88.2295
731.0000   51.0000   87.0763   27.5612
732.0000   34.0000   31.8547   59.4422
733.0000   21.0000   58.3552   48.0345
734.0000   47.0000   66.1964   58.6098
735.0000   8.0000   35.5372   60.7804
736.0000   96.0000   4.4921   29.2321
737.0000   81.0000   7.5209   50.9996
738.0000   11.0000   1.1110   5.5640
739.0000   61.0000   9.7553   28.5730
740.0000   58.0000   93.8322   97.9240
741.0000   90.0000   24.3102   63.8861
742.0000   30.0000   2.4568   52.1136
743.0000   30.0000   60.7359   58.4598
744.0000   71.0000   22.3736   59.8188
745.0000   27.0000   22.3193   75.5801
746.0000   48.0000   75.1306   86.9593
747.0000   100.0000   11.7601   70.2496
748.0000   41.0000   61.5575   46.6245
749.0000   74.0000   66.6599   43.1106
750.0000   87.0000   60.3870   75.3194
751.0000   24.0000   76.7816   42.8616
752.0000   67.0000   59.1897   45.5362
753.0000   10.0000   3.4660   53.4004
754.0000   35.0000   41.4333   15.4827
755.0000   1.0000   27.6730   44.4393
756.0000   1.0000   67.3390   35.7798
757.0000   34.0000   3.7986   21.4708
758.0000   19.0000   0.7401   13.1245
759.0000   7.0000   99.6116   93.1451
760.0000   7.0000   56.9951   25.9076
761.0000   57.0000   99.6912   52.5399
762.0000   94.0000   63.8425   40.4999
763.0000   12.0000   81.6980   17.6788
764.0000   20.0000   66.8404   26.8918
765.0000   95.0000   3.3229   38.5066
766.0000   43.0000   58.6910   14.8612
767.0000   82.0000   33.9537   7.9983
768.0000   70.0000   86.7982   32.5139
769.0000   86.0000   23.8620   93.7067
770.0000   29.0000   43.0722   82.1277
771.0000   32.0000   32.7798   26.6196
772.0000   73.0000   14.9187   86.0328
773.0000   26.0000   1.1020   63.2872
774.0000   15.0000   43.3690   15.6700
775.0000   23.0000   77.4737   56.9520
776.0000   26.0000   54.8165   13.6002
777.0000   56.0000   76.6717   62.6456
778.0000   85.0000   80.2838   74.1305
779.0000   1.0000   74.7112   10.1318
780.0000   28.0000   95.2603   64.3334
781.0000   3.0000   72.0700   46.8050
782.0000   57.0000   11.4939   87.0673
783.0000   8.0000   8.3705   50.9458
784.0000   13.0000   6.7020   31.7081
785.0000   7.0000   42.4233   62.3622
786.0000   45.0000   70.8715   85.9340
787.0000   41.0000   68.4189   19.4915
788.0000   3.0000   72.5410   39.2917
789.0000   89.0000   28.2740   36.9066
790.0000   62.0000   74.1753   17.4667
791.0000   18.0000   0.1608   45.5414
792.0000   37.0000   61.9991   45.5690
793.0000   91.0000   63.7784   41.8818
794.0000   38.0000   51.0961   55.7839
795.0000   64.0000   15.8489   14.4278
796.0000   40.0000   91.6326   47.5298
797.0000   42.0000   83.3872   73.6472
798.0000   60.0000   62.0973   44.2839
799.0000   46.0000   77.9865   23.7727
800.0000   71.0000   23.7757   69.7614
801.0000   21.0000   11.5877   80.8572
802.0000   100.0000   87.9217   43.2829
803.0000   61.0000   77.0798   98.5839
804.0000   82.0000   85.1910   75.4120
805.0000   83.0000   66.6801   64.9074
806.0000   65.0000   48.5195   78.4081
807.0000   61.0000   70.4441   43.8456
808.0000   97.0000   22.4451   42.4390
809.0000   83.0000   10.3976   38.9823
810.0000   44.0000   60.9260   75.0188
811.0000   35.0000   61.3993   2.3581
812.0000   73.0000   63.1515   60.6055
813.0000   98.0000   15.8503   6.2017
814.0000   97.0000   32.7472   48.4939
815.0000   78.0000   71.4360   62.6574
816.0000   53.0000   3.9714   57.7686
817.0000   19.0000   8.5454   38.4787
818.0000   42.0000   48.5655   22.7818
819.0000   51.0000   51.5758   33.1057
820.0000   94.0000   93.3665   50.6610
821.0000   95.0000   54.7493   42.0728
822.0000   55.0000   57.2005   60.6835
823.0000   85.0000   55.5988   91.0022
824.0000   100.0000   45.0048   61.4069
825.0000   69.0000   76.7568   10.9556
826.0000   81.0000   36.0030   56.6854
827.0000   30.0000   5.6840   68.2534
828.0000   59.0000   30.1335   64.8770
829.0000   73.0000   41.1377   93.5142
830.0000   83.0000   10.1345   72.6256
831.0000   19.0000   81.0304   35.9052
832.0000   6.0000   13.3081   1.8203
833.0000   94.0000   61.9032   20.4377
834.0000   12.0000   25.2328   29.5644
835.0000   62.0000   21.2856   79.2484
836.0000   62.0000   81.8999   31.4203
837.0000   43.0000   6.0414   18.4782
838.0000   55.0000   44.3650   59.6470
839.0000   40.0000   67.6178   72.6607
840.0000   59.0000   87.9232   76.7799
841.0000   3.0000   56.4772   24.2586
842.0000   8.0000   32.7742   57.0530
843.0000   13.0000   32.7642   55.9132
844.0000   31.0000   49.2583   64.9816
845.0000   39.0000   85.0189   78.3957
846.0000   66.0000   34.5207   45.8500
847.0000   68.0000   18.3540   33.3927
848.0000   35.0000   31.7844   67.8796
849.0000   43.0000   81.4367   7.3679
850.0000   52.0000   60.3053   12.3751
851.0000   65.0000   11.1655   92.0167
852.0000   43.0000   44.5540   35.7116
853.0000   86.0000   10.7602   92.4848
854.0000   93.0000   46.1940   6.3440
855.0000   53.0000   65.7505   76.3281
856.0000   56.0000   10.3118   23.0814
857.0000   92.0000   50.1604   13.9625
858.0000   39.0000   94.9171   88.2680
859.0000   66.0000   73.4527   46.3122
860.0000   1.0000   50.1144   50.6339
861.0000   87.0000   92.3965   86.9430
862.0000   9.0000   55.3006   33.4167
863.0000   35.0000   74.3344   99.9942
864.0000   78.0000   77.0847   63.9567
865.0000   72.0000   48.3144   7.3447
866.0000   91.0000   96.8240   59.6942
867.0000   87.0000   70.2129   38.4787
868.0000   91.0000   9.8603   76.6094
869.0000   3.0000   77.9596   58.1000
870.0000   17.0000   5.7252   88.7909
871.0000   8.0000   39.3360   19.3190
872.0000   12.0000   94.7445   73.8975
873.0000   28.0000   4.0048   88.6464
874.0000   41.0000   22.7069   70.4433
875.0000   25.0000   43.1023   47.5235
876.0000   99.0000   86.7783   78.9499
877.0000   25.0000   26.6367   53.1645
878.0000   95.0000   90.2725   15.4750
879.0000   70.0000   1.1478   10.2728
880.0000   44.0000   52.9358   98.2743
881.0000   41.0000   58.7394   79.7272
882.0000   71.0000   1.3155   85.9401
883.0000   93.0000   29.9358   10.6367
884.0000   57.0000   98.7395   30.4702
885.0000   53.0000   34.8373   59.2749
886.0000   66.0000   4.1846   24.7074
887.0000   46.0000   47.9463   8.4766
888.0000   14.0000   59.6378   39.4414
889.0000   50.0000   16.5750   97.5597
890.0000   42.0000   52.7139   54.7600
891.0000   11.0000   75.3181   13.4329
892.0000   22.0000   87.9487   39.5738
893.0000   6.0000   69.0126   10.9536
894.0000   54.0000   54.9057   46.3064
895.0000   61.0000   15.6661   45.0797
896.0000   3.0000   56.7625   75.7890
897.0000   41.0000   36.8500   86.4318
898.0000   67.0000   29.3278   44.2088
899.0000   32.0000   31.9767   13.8258
900.0000   47.0000   92.3981   2.5990
