0.0000   0.0000   50.0000   50.0000
1.0000   13.0000   48.4004   10.4069
2.0000   42.0000   61.4241   82.1447
3.0000   41.0000   39.8937   63.4927
4.0000   78.0000   67.7566   16.3206
5.0000   23.0000   31.3772   47.4217
6.0000   52.0000   18.1598   84.8769
7.0000   41.0000   56.0670   60.2118
8.0000   51.0000   16.8423   37.3554
9.0000   62.0000   71.8374   71.8862
10.0000   50.0000   58.7391   22.0244
11.0000   70.0000   81.7767   86.5637
12.0000   28.0000   97.6451   32.8339
13.0000   34.0000   75.7691   82.7859
14.0000   25.0000   1.1190   22.3045
15.0000   21.0000   12.2519   31.2966
16.0000   51.0000   89.0546   23.6570
17.0000   53.0000   7.5302   54.5410
18.0000   41.0000   56.6902   57.6486
19.0000   71.0000   82.3517   63.7444
20.0000   37.0000   80.0619   63.8810
21.0000   50.0000   36.3739   42.2475
22.0000   83.0000   78.1228   70.8270
23.0000   67.0000   89.4975   94.6522
24.0000   61.0000   74.9294   93.2900
25.0000   49.0000   18.1342   7.1209
26.0000   56.0000   95.0368   81.7546
27.0000   10.0000   53.0475   76.8482
28.0000   69.0000   32.6731   68.2855
29.0000   84.0000   50.5515   95.0187
30.0000   69.0000   81.1911   62.3905
31.0000   25.0000   51.9743   88.9059
32.0000   78.0000   71.2890   55.8118
33.0000   54.0000   84.4823   88.8909
34.0000   79.0000   30.3930   44.0323
35.0000   62.0000   34.1241   95.0228
36.0000   52.0000   89.5437   86.8507
37.0000   21.0000   60.5154   50.8795
38.0000   87.0000   15.4543   84.9242
39.0000   33.0000   4.7940   21.0690
40.0000   26.0000   71.2630   28.2149
41.0000   53.0000   31.3816   93.8430
42.0000   83.0000   97.0917   51.6047
43.0000   12.0000   40.4913   17.6124
44.0000   12.0000   46.4452   8.5817
45.0000   79.0000   68.9573   93.7051
46.0000   19.0000   91.9664   2.9018
47.0000   74.0000   83.0173   18.7930
48.0000   73.0000   25.0617   19.7752
49.0000   45.0000   91.2941   40.2780
50.0000   64.0000   16.8012   99.8721
51.0000   78.0000   54.0856   38.2167
52.0000   46.0000   33.5238   33.0871
53.0000   75.0000   71.6880   93.3000
54.0000   51.0000   77.8231   32.7850
55.0000   42.0000   26.2527   24.9929
56.0000   52.0000   79.9042   68.8348
57.0000   56.0000   52.0841   48.3711
58.0000   79.0000   19.4461   70.9086
59.0000   82.0000   19.5748   14.5136
60.0000   63.0000   17.6727   57.5687
61.0000   69.0000   70.8484   3.3093
62.0000   49.0000   43.4223   13.8755
63.0000   37.0000   7.2948   79.7734
64.0000   58.0000   84.6323   27.4062
65.0000   19.0000   12.3978   96.3947
66.0000   61.0000   59.0647   20.0765
67.0000   45.0000   91.2154   85.9520
68.0000   41.0000   17.3741   38.8163
69.0000   29.0000   76.5940   77.0106
70.0000   25.0000   51.0365   31.6135
71.0000   42.0000   3.2666   37.6817
72.0000   40.0000   8.4374   10.8079
73.0000   98.0000   98.0302   9.4697
74.0000   31.0000   12.1799   81.3982
75.0000   41.0000   98.1428   0.5426
76.0000   42.0000   48.9705   45.4757
77.0000   48.0000   1.7253   66.5791
78.0000   49.0000   30.9492   2.9312
79.0000   64.0000   83.5677   89.4677
80.0000   17.0000   45.2992   72.5575
81.0000   12.0000   26.7515   12.2531
82.0000   84.0000   37.9736   74.6551
83.0000   57.0000   64.8208   43.5960
84.0000   54.0000   20.8753   20.0118
85.0000   82.0000   46.7467   2.4196
86.0000   59.0000   4.1112   93.4610
87.0000   62.0000   73.6724   90.0446
88.0000   46.0000   26.2420   12.0891
89.0000   71.0000   74.6091   53.7354
90.0000   19.0000   30.9414   90.2085
91.0000   20.0000   19.9491   65.1518
92.0000   49.0000   35.9902   38.7264
93.0000   79.0000   33.9792   74.8178
94.0000   20.0000   13.2661   38.7129
95.0000   41.0000   78.0968   89.5123
96.0000   28.0000   99.2979   28.1776
97.0000   16.0000   36.4528   85.8716
98.0000   53.0000   55.2008   43.5133
99.0000   47.0000   19.3403   86.6805
100.0000   87.0000   46.6673   57.3041
101.0000   25.0000   51.9334   68.5462
102.0000   52.0000   36.5157   62.5389
103.0000   20.0000   24.8813   4.7422
104.0000   95.0000   77.1797   65.1109
105.0000   58.0000   73.9244   23.0488
106.0000   42.0000   46.2004   86.0183
107.0000   36.0000   43.6726   47.3783
108.0000   24.0000   67.2551   38.1369
109.0000   84.0000   54.4638   59.8333
110.0000   30.0000   27.6728   12.0621
111.0000   26.0000   36.7960   2.1882
112.0000   27.0000   87.8187   2.5030
113.0000   96.0000   99.1641   93.7557
114.0000   88.0000   54.1769   14.0122
115.0000   79.0000   52.1097   28.9742
116.0000   84.0000   63.5030   30.4501
117.0000   12.0000   54.3170   16.9846
118.0000   52.0000   28.9296   47.2634
119.0000   78.0000   92.7560   74.6662
120.0000   21.0000   26.8518   50.4373
121.0000   77.0000   7.4905   32.7419
122.0000   33.0000   1.3332   13.5955
123.0000   47.0000   82.6677   20.1379
124.0000   13.0000   47.5583   36.8274
125.0000   13.0000   34.4396   57.7305
126.0000   83.0000   17.7526   48.3240
127.0000   28.0000   39.9843   5.4734
128.0000   28.0000   0.8728   37.1928
129.0000   90.0000   64.3009   64.0901
130.0000   10.0000   61.6744   43.4415
131.0000   82.0000   11.4355   42.3656
132.0000   38.0000   23.9146   7.3466
133.0000   37.0000   29.2267   60.5496
134.0000   24.0000   44.2228   21.9553
135.0000   15.0000   12.9974   34.1600
136.0000   28.0000   7.2276   1.4240
137.0000   60.0000   86.6803   9.4806
138.0000   20.0000   25.9034   41.5717
139.0000   98.0000   16.1634   36.7413
140.0000   92.0000   16.3485   30.6981
141.0000   12.0000   5.5142   15.4108
142.0000   69.0000   37.7998   99.2752
143.0000   20.0000   80.0970   19.8498
144.0000   51.0000   18.9336   37.4842
145.0000   55.0000   55.1553   36.8303
146.0000   56.0000   19.2159   5.0628
147.0000   81.0000   26.9402   99.7664
148.0000   39.0000   97.3976   96.3353
149.0000   88.0000   26.9618   92.0840
150.0000   37.0000   85.4613   21.9988
