0.0000   0.0000   0.0000   0.0000
1.0000   119.0000   70.9940   95.9614
2.0000   104.0000   55.3153   52.7675
3.0000   64.0000   36.3493   12.5891
4.0000   45.0000   24.1303   33.6099
5.0000   95.0000   36.9843   47.7361
6.0000   81.0000   78.6329   90.5107
7.0000   75.0000   99.5509   13.7376
8.0000   46.0000   80.4297   35.8989
9.0000   42.0000   87.1196   31.5004
10.0000   40.0000   90.6730   67.2242
11.0000   39.0000   29.2725   93.6951
12.0000   76.0000   69.0828   22.1128
13.0000   118.0000   25.4695   83.5552
14.0000   82.0000   65.1582   18.1337
15.0000   84.0000   82.2768   9.8959
16.0000   53.0000   94.6652   40.7443
17.0000   106.0000   5.5629   40.3352
18.0000   66.0000   55.1667   6.7243
19.0000   65.0000   65.3834   38.1687
20.0000   76.0000   63.2996   78.7336
21.0000   36.0000   35.4815   40.4976
22.0000   84.0000   48.9170   46.3904
23.0000   98.0000   88.2973   53.5665
24.0000   42.0000   66.0800   10.4925
25.0000   101.0000   81.9703   69.2887
26.0000   65.0000   35.1555   11.0898
27.0000   74.0000   2.4431   25.6068
28.0000   30.0000   32.0013   96.8926
29.0000   45.0000   26.0632   2.8024
30.0000   116.0000   31.1529   73.7898
31.0000   82.0000   7.8523   64.2432
32.0000   37.0000   78.9228   57.9094
33.0000   36.0000   64.5353   76.1848
34.0000   104.0000   5.4865   64.4509
35.0000   62.0000   85.0753   66.6247
36.0000   55.0000   88.4653   74.4127
37.0000   53.0000   42.2510   27.3021
38.0000   90.0000   44.1092   84.1860
39.0000   58.0000   17.1567   28.0529
40.0000   104.0000   55.2346   53.4696
41.0000   112.0000   5.5471   33.8510
42.0000   86.0000   76.3540   6.1923
43.0000   118.0000   8.6645   53.8407
44.0000   40.0000   36.1501   52.4988
45.0000   95.0000   97.4024   51.8830
46.0000   114.0000   12.9291   93.7587
47.0000   116.0000   50.2527   96.7298
48.0000   69.0000   13.0482   26.7169
49.0000   86.0000   11.5997   52.4788
50.0000   50.0000   62.9867   14.4239
51.0000   97.0000   28.9795   33.0585
52.0000   120.0000   83.9514   2.4885
53.0000   35.0000   29.0224   14.1351
54.0000   73.0000   92.4774   96.4530
55.0000   37.0000   93.9462   45.5335
56.0000   114.0000   53.0547   3.0924
57.0000   115.0000   51.9977   25.4574
58.0000   45.0000   75.1158   9.1237
59.0000   68.0000   79.6387   27.0108
60.0000   43.0000   95.7058   42.6726
61.0000   77.0000   84.4326   94.1778
62.0000   67.0000   38.6086   94.1962
63.0000   67.0000   50.1877   49.2445
64.0000   40.0000   29.7410   23.9507
65.0000   65.0000   22.7408   66.5545
66.0000   50.0000   98.2141   79.2216
67.0000   69.0000   79.6499   25.5196
68.0000   40.0000   67.9677   36.1217
69.0000   32.0000   70.8028   91.1977
70.0000   38.0000   4.1743   54.6884
71.0000   114.0000   14.8066   58.6793
72.0000   76.0000   41.0968   93.7351
73.0000   30.0000   10.7248   20.9830
74.0000   56.0000   19.4466   54.5500
75.0000   107.0000   76.0562   34.4331
76.0000   59.0000   89.6786   49.7945
77.0000   46.0000   25.3232   68.9404
78.0000   47.0000   67.3963   28.2449
79.0000   104.0000   28.6334   6.1603
80.0000   82.0000   39.1533   14.1207
81.0000   30.0000   34.1906   38.8238
82.0000   67.0000   42.7730   51.7526
83.0000   98.0000   93.4202   89.1611
84.0000   109.0000   24.1065   24.7067
85.0000   119.0000   64.6900   40.5116
86.0000   42.0000   83.4107   54.0087
87.0000   119.0000   86.3434   63.5141
88.0000   102.0000   0.8773   75.2169
89.0000   97.0000   60.1054   89.9341
90.0000   46.0000   26.0640   34.7660
91.0000   51.0000   80.3124   25.1170
92.0000   97.0000   5.9934   95.5030
93.0000   83.0000   30.8607   70.8282
94.0000   92.0000   50.9762   86.0794
95.0000   67.0000   83.7936   34.2256
96.0000   117.0000   92.9853   58.1968
97.0000   80.0000   63.0307   67.5259
98.0000   110.0000   65.2589   56.6020
99.0000   89.0000   22.1256   68.9079
100.0000   99.0000   95.2122   3.2843
101.0000   43.0000   77.0469   4.7695
102.0000   94.0000   94.2590   90.3403
103.0000   36.0000   50.8274   20.4791
104.0000   38.0000   19.5819   17.5755
105.0000   105.0000   35.5080   4.2704
106.0000   36.0000   68.7520   64.8744
107.0000   47.0000   72.6050   80.9669
108.0000   118.0000   69.0758   67.0788
109.0000   52.0000   55.2464   24.8194
110.0000   59.0000   47.3946   82.4768
111.0000   50.0000   2.6173   80.0605
112.0000   100.0000   58.5408   35.8130
113.0000   104.0000   37.9593   96.2427
114.0000   50.0000   94.9538   48.5255
115.0000   63.0000   92.4987   37.6659
116.0000   58.0000   51.6321   2.8545
117.0000   74.0000   55.7335   99.8490
118.0000   82.0000   89.9755   41.6435
119.0000   33.0000   67.9421   26.5449
120.0000   86.0000   83.6748   36.3627
121.0000   39.0000   10.4350   75.2322
122.0000   80.0000   10.6102   73.0848
123.0000   55.0000   48.0457   30.9437
124.0000   118.0000   71.6834   43.2996
125.0000   51.0000   57.3188   42.2352
126.0000   59.0000   5.4254   46.9772
127.0000   56.0000   95.8957   45.1419
128.0000   42.0000   78.5506   29.9171
129.0000   51.0000   85.0613   44.1671
130.0000   44.0000   96.6591   23.5371
131.0000   63.0000   39.4600   13.9500
132.0000   68.0000   33.9269   61.4920
133.0000   91.0000   43.4067   81.6505
134.0000   88.0000   89.0412   67.5662
135.0000   91.0000   75.1091   53.5509
136.0000   84.0000   63.1599   29.3278
137.0000   114.0000   34.9635   23.3440
138.0000   92.0000   15.8256   96.8835
139.0000   75.0000   29.9817   24.0004
140.0000   66.0000   24.3679   99.0728
141.0000   113.0000   2.7581   5.6827
142.0000   88.0000   24.6420   97.8256
143.0000   65.0000   23.4085   31.3337
144.0000   120.0000   92.2102   54.2979
145.0000   87.0000   86.5206   3.7945
146.0000   42.0000   61.4879   71.0135
147.0000   112.0000   96.4556   75.2915
148.0000   30.0000   38.1002   62.9392
149.0000   105.0000   87.9751   35.8933
150.0000   76.0000   22.4781   80.5527
151.0000   99.0000   55.3296   52.9730
152.0000   80.0000   38.3094   90.0877
153.0000   112.0000   6.1884   41.6210
154.0000   40.0000   51.5439   92.8115
155.0000   108.0000   39.8196   21.3695
156.0000   105.0000   76.3768   16.1034
157.0000   34.0000   34.5870   78.7576
158.0000   95.0000   37.0745   72.9117
159.0000   91.0000   82.4218   17.8764
160.0000   58.0000   47.1233   93.1932
161.0000   71.0000   41.2312   22.7618
162.0000   91.0000   33.1867   30.0411
163.0000   85.0000   11.6648   44.7648
164.0000   91.0000   58.2289   44.0986
165.0000   80.0000   30.2957   12.2136
166.0000   110.0000   84.5436   58.5920
167.0000   90.0000   98.1043   67.0869
168.0000   44.0000   59.8898   98.2217
169.0000   43.0000   30.0242   22.8847
170.0000   39.0000   62.3621   86.4224
171.0000   30.0000   35.6295   66.1142
172.0000   47.0000   25.0765   59.4984
173.0000   89.0000   92.4534   29.3571
174.0000   80.0000   30.2886   67.2700
175.0000   44.0000   82.3390   28.8287
176.0000   30.0000   94.6801   66.7507
177.0000   66.0000   22.1011   89.5810
178.0000   61.0000   17.7284   94.4282
179.0000   96.0000   95.1214   68.9919
180.0000   78.0000   53.5058   55.1541
181.0000   77.0000   84.8626   39.0065
182.0000   115.0000   58.7530   87.8545
183.0000   58.0000   13.2838   99.7497
184.0000   116.0000   61.6537   11.6194
185.0000   39.0000   66.7459   95.5108
186.0000   100.0000   36.0965   15.8235
187.0000   96.0000   76.9291   32.4737
188.0000   45.0000   47.4815   49.9973
189.0000   32.0000   30.9422   57.1083
190.0000   96.0000   22.9605   71.3826
191.0000   81.0000   4.5132   16.4279
192.0000   107.0000   90.2449   63.5203
193.0000   104.0000   66.6266   87.8531
194.0000   102.0000   78.6073   41.4155
195.0000   87.0000   18.6105   24.2313
196.0000   77.0000   68.1800   93.3725
197.0000   100.0000   79.4223   35.9905
198.0000   72.0000   53.8142   74.6457
199.0000   54.0000   71.0718   41.6535
200.0000   40.0000   59.8550   57.7535
201.0000   114.0000   65.8837   3.2784
202.0000   70.0000   78.1140   36.3900
203.0000   114.0000   54.3709   39.8369
204.0000   67.0000   37.7504   62.9511
205.0000   101.0000   4.9300   90.7222
206.0000   117.0000   33.0715   86.9679
207.0000   74.0000   3.3729   55.6388
208.0000   116.0000   14.7620   16.3408
209.0000   71.0000   23.6773   12.5400
210.0000   90.0000   12.1394   78.0166
211.0000   92.0000   27.1833   55.9336
212.0000   72.0000   53.9981   76.3398
213.0000   82.0000   2.6413   79.9051
214.0000   43.0000   86.9108   43.2847
215.0000   35.0000   39.2306   42.3059
216.0000   40.0000   56.9341   77.6043
217.0000   77.0000   84.5180   95.6192
218.0000   51.0000   55.3832   66.0191
219.0000   113.0000   85.0881   8.4560
220.0000   37.0000   60.2243   7.5070
221.0000   94.0000   23.3625   22.9310
222.0000   69.0000   31.3329   70.8440
223.0000   84.0000   70.4564   4.8203
224.0000   64.0000   61.9008   20.6660
225.0000   46.0000   44.2974   79.1783
226.0000   73.0000   50.0373   80.4353
227.0000   89.0000   15.5795   69.1316
228.0000   111.0000   2.9065   93.6553
229.0000   101.0000   58.5057   68.8651
230.0000   94.0000   72.0503   40.3369
231.0000   88.0000   92.0350   32.8762
232.0000   111.0000   34.2598   78.3591
233.0000   52.0000   14.7755   7.0232
234.0000   37.0000   2.2666   54.9289
235.0000   41.0000   10.1194   87.1279
236.0000   99.0000   14.1515   1.5172
237.0000   94.0000   17.7285   17.2178
238.0000   61.0000   57.6927   16.4161
239.0000   75.0000   85.0318   38.1033
240.0000   80.0000   9.0878   43.2729
241.0000   54.0000   76.6362   58.3364
242.0000   43.0000   52.7721   88.3526
243.0000   62.0000   73.2606   50.3986
244.0000   30.0000   10.2021   68.6302
245.0000   104.0000   89.0330   41.4347
246.0000   44.0000   68.3122   57.7475
247.0000   37.0000   96.1362   75.1308
248.0000   93.0000   55.5470   22.7202
249.0000   100.0000   66.9773   78.6777
250.0000   43.0000   62.0764   25.4782
251.0000   84.0000   92.4333   54.4746
252.0000   36.0000   35.6826   0.1339
253.0000   44.0000   89.9920   65.7671
254.0000   45.0000   16.8556   59.0951
255.0000   75.0000   21.5380   23.1868
256.0000   59.0000   20.9836   54.2420
257.0000   98.0000   11.3070   47.7778
258.0000   48.0000   54.3583   60.2015
259.0000   83.0000   83.4740   11.3965
260.0000   77.0000   6.5379   98.7957
261.0000   36.0000   92.0424   59.0803
262.0000   102.0000   92.0267   96.5981
263.0000   105.0000   11.9436   16.3422
264.0000   112.0000   65.3554   80.1169
265.0000   120.0000   93.2012   5.9139
266.0000   36.0000   75.1121   49.8414
267.0000   72.0000   11.8940   8.1850
268.0000   54.0000   34.7224   17.1877
269.0000   45.0000   56.1755   48.9109
270.0000   108.0000   40.9425   90.3833
271.0000   115.0000   89.2376   68.5725
272.0000   113.0000   74.0419   40.7130
273.0000   82.0000   77.1948   57.2692
274.0000   101.0000   22.0529   14.6155
275.0000   77.0000   47.7925   23.7304
