0.0000   0.0000   0.0000   0.0000
1.0000   94.0000   55.7970   47.0987
2.0000   59.0000   87.2744   1.7142
3.0000   69.0000   51.2670   99.8547
4.0000   68.0000   78.6206   95.2020
5.0000   75.0000   92.9545   95.3432
6.0000   91.0000   19.5197   60.6053
7.0000   37.0000   39.7019   74.2275
8.0000   114.0000   26.4007   5.7575
9.0000   75.0000   83.2991   74.8662
10.0000   78.0000   16.1617   96.9560
11.0000   64.0000   15.9425   10.2800
12.0000   34.0000   58.0136   59.2043
13.0000   108.0000   83.5917   68.0274
14.0000   79.0000   15.2764   42.8815
15.0000   98.0000   60.6823   25.7250
16.0000   69.0000   81.1875   32.9810
17.0000   81.0000   5.2820   68.3378
18.0000   102.0000   44.9371   19.1404
19.0000   120.0000   18.8443   50.1157
20.0000   50.0000   18.8532   45.1307
21.0000   97.0000   22.9011   56.9489
22.0000   103.0000   89.6630   15.1554
23.0000   119.0000   47.7571   62.6175
24.0000   80.0000   93.2415   60.4312
25.0000   92.0000   2.9421   28.4731
26.0000   49.0000   47.7136   75.9045
27.0000   42.0000   91.5236   91.7065
28.0000   81.0000   27.8181   38.0933
29.0000   63.0000   85.3803   37.8716
30.0000   32.0000   71.1964   55.4262
31.0000   56.0000   70.2215   80.3041
32.0000   40.0000   57.6044   80.8139
33.0000   85.0000   12.8589   43.1734
34.0000   31.0000   60.2510   48.1365
35.0000   95.0000   47.7544   67.4859
36.0000   37.0000   80.6368   57.0984
37.0000   51.0000   52.7922   88.6804
38.0000   57.0000   68.4056   7.1823
39.0000   92.0000   99.1630   74.2932
40.0000   50.0000   62.3023   43.5761
41.0000   76.0000   70.4990   90.6005
42.0000   64.0000   83.5272   84.9559
43.0000   100.0000   35.6841   76.9440
44.0000   30.0000   22.5272   48.7101
45.0000   70.0000   75.4427   18.9844
46.0000   39.0000   14.2243   53.3407
47.0000   117.0000   15.2596   83.8129
48.0000   93.0000   84.9214   85.4490
49.0000   93.0000   2.3098   95.6048
50.0000   100.0000   99.7602   42.7966
51.0000   84.0000   77.6731   47.2402
52.0000   109.0000   84.9536   50.2183
53.0000   101.0000   20.8862   72.8177
54.0000   78.0000   12.5402   85.2317
55.0000   116.0000   34.8678   17.9461
56.0000   71.0000   21.1681   53.9450
57.0000   33.0000   4.9429   92.2195
58.0000   117.0000   42.7355   22.8511
59.0000   118.0000   17.7947   49.8596
60.0000   113.0000   24.0556   84.6056
61.0000   47.0000   53.0699   2.9001
62.0000   47.0000   36.8136   51.6928
63.0000   90.0000   47.3095   93.6408
64.0000   87.0000   69.6483   55.9548
65.0000   108.0000   34.2462   58.0982
66.0000   112.0000   64.0880   27.4983
67.0000   56.0000   84.7298   8.0345
68.0000   75.0000   67.8363   44.1885
69.0000   60.0000   39.1842   81.3314
70.0000   85.0000   14.4292   25.4222
71.0000   78.0000   13.4630   85.7879
72.0000   103.0000   56.0852   5.7012
73.0000   65.0000   39.3101   21.9815
74.0000   35.0000   94.8960   71.0422
75.0000   103.0000   93.7390   94.1580
76.0000   86.0000   81.9711   50.0334
77.0000   52.0000   63.7004   40.1896
78.0000   54.0000   4.9314   46.1116
79.0000   66.0000   82.2776   77.8364
80.0000   53.0000   5.1134   11.8650
81.0000   81.0000   92.2777   24.4337
82.0000   118.0000   11.6719   88.6861
83.0000   91.0000   11.0017   77.9070
84.0000   71.0000   4.3380   59.5504
85.0000   33.0000   51.9753   66.4230
86.0000   68.0000   37.0453   78.8702
87.0000   30.0000   82.0501   19.3791
88.0000   105.0000   51.6794   92.3096
89.0000   115.0000   89.3706   21.7769
90.0000   113.0000   69.6947   69.0723
91.0000   90.0000   80.6913   58.8788
92.0000   68.0000   14.6465   27.7106
93.0000   109.0000   95.0764   66.5391
94.0000   76.0000   29.2892   35.6902
95.0000   60.0000   67.4005   98.0532
96.0000   79.0000   54.5144   48.1117
97.0000   111.0000   21.3573   62.5598
98.0000   116.0000   17.2621   36.6783
99.0000   111.0000   70.8305   89.8876
100.0000   98.0000   47.0636   92.7963
101.0000   104.0000   23.6506   10.9975
102.0000   40.0000   88.0749   78.1447
103.0000   111.0000   53.0606   39.2990
104.0000   87.0000   62.6797   0.7961
105.0000   31.0000   20.6944   44.4078
106.0000   88.0000   96.0724   61.6006
107.0000   58.0000   97.6646   24.8258
108.0000   116.0000   59.3518   79.0984
109.0000   31.0000   83.3136   41.0573
110.0000   113.0000   0.8790   42.7058
111.0000   33.0000   49.4872   53.7664
112.0000   86.0000   21.1707   22.4760
113.0000   48.0000   49.5301   42.6905
114.0000   110.0000   58.3648   96.7960
115.0000   102.0000   77.6713   40.4569
116.0000   115.0000   49.6589   78.2517
117.0000   109.0000   1.8305   30.5867
118.0000   30.0000   96.8760   26.8725
119.0000   108.0000   11.0867   35.5240
120.0000   70.0000   10.6760   21.9927
121.0000   30.0000   57.4329   21.0929
122.0000   83.0000   90.8750   64.9213
123.0000   115.0000   94.1875   65.8116
124.0000   105.0000   86.2137   8.9364
125.0000   78.0000   87.5251   76.0451
126.0000   100.0000   26.4788   32.9123
127.0000   106.0000   29.4546   96.2754
128.0000   98.0000   32.1792   56.5154
129.0000   98.0000   85.6904   63.4710
130.0000   83.0000   51.6163   70.3667
131.0000   86.0000   78.8946   85.2000
132.0000   98.0000   88.3474   43.3500
133.0000   92.0000   67.2026   96.9715
134.0000   89.0000   6.2045   99.1192
135.0000   42.0000   36.2970   61.3118
136.0000   43.0000   92.7741   56.2647
137.0000   110.0000   97.5267   13.7006
138.0000   83.0000   13.8260   16.6883
139.0000   103.0000   67.9956   1.7812
140.0000   66.0000   92.7311   32.9032
141.0000   93.0000   41.2034   4.1132
142.0000   83.0000   19.0227   46.7627
143.0000   98.0000   93.6736   11.1975
144.0000   79.0000   31.1543   7.7340
145.0000   102.0000   47.3927   61.1997
146.0000   80.0000   62.5778   20.1392
147.0000   83.0000   24.7952   39.2421
148.0000   34.0000   40.2540   76.9754
149.0000   43.0000   58.6131   23.6005
150.0000   46.0000   70.0729   23.0484
151.0000   80.0000   10.5045   23.6999
152.0000   43.0000   42.0432   27.5021
153.0000   56.0000   37.1482   62.9902
154.0000   75.0000   33.0161   2.1024
155.0000   57.0000   71.9792   95.7074
156.0000   107.0000   64.4205   48.4761
157.0000   111.0000   28.4303   60.7648
158.0000   50.0000   69.0987   33.6651
159.0000   117.0000   4.3379   87.7530
160.0000   81.0000   53.2281   70.5356
161.0000   111.0000   12.2798   0.5639
162.0000   97.0000   47.6747   40.5839
163.0000   82.0000   87.5607   75.8398
164.0000   117.0000   30.9560   68.8292
165.0000   44.0000   14.0270   74.9589
166.0000   77.0000   34.2224   93.1810
167.0000   41.0000   93.6744   62.5371
168.0000   52.0000   56.5228   23.0337
169.0000   76.0000   83.6546   21.3563
170.0000   56.0000   2.2355   32.4375
171.0000   44.0000   22.3528   47.0269
172.0000   105.0000   22.3496   34.7540
173.0000   40.0000   51.7118   5.2887
174.0000   55.0000   49.7400   89.0562
175.0000   58.0000   44.2820   48.3895
176.0000   31.0000   40.5618   36.2446
177.0000   92.0000   97.1271   39.6249
178.0000   58.0000   90.5467   55.2242
179.0000   112.0000   86.0881   94.1058
180.0000   85.0000   80.0253   71.3484
181.0000   48.0000   17.2906   74.4387
182.0000   82.0000   77.2159   11.5752
183.0000   118.0000   98.2027   70.6100
184.0000   42.0000   30.4795   49.0648
185.0000   49.0000   15.9814   76.4983
186.0000   94.0000   7.2682   51.8639
187.0000   112.0000   80.0880   17.4700
188.0000   70.0000   74.0648   2.0865
189.0000   66.0000   22.6668   94.9922
190.0000   70.0000   15.1123   61.6295
191.0000   64.0000   67.4783   10.0442
192.0000   51.0000   45.8175   72.6553
193.0000   48.0000   83.0734   89.8088
194.0000   31.0000   8.1389   73.2219
195.0000   42.0000   94.1989   39.0438
196.0000   42.0000   68.4718   9.3109
197.0000   63.0000   15.1897   58.9378
198.0000   116.0000   39.9443   95.4553
199.0000   106.0000   57.4196   54.6857
200.0000   99.0000   51.8892   19.2842
