0.0000   0.0000   0.0000   0.0000
1.0000   77.0000   16.7181   2.0758
2.0000   44.0000   40.3474   29.0648
3.0000   36.0000   6.5460   13.1148
4.0000   120.0000   21.0251   21.7837
5.0000   54.0000   39.9950   29.5362
6.0000   42.0000   21.9983   31.4801
7.0000   53.0000   22.2350   49.5983
8.0000   35.0000   30.8182   47.2978
9.0000   31.0000   16.6312   21.6459
10.0000   65.0000   27.8486   48.1544
11.0000   100.0000   46.4871   17.8168
12.0000   39.0000   33.7560   25.4975
13.0000   90.0000   11.1590   43.8106
14.0000   108.0000   5.7149   36.9267
15.0000   47.0000   23.1210   45.9537
16.0000   44.0000   43.2957   41.1173
17.0000   43.0000   13.7387   9.2440
18.0000   110.0000   7.7110   46.3534
19.0000   113.0000   2.7995   2.8326
20.0000   73.0000   40.8735   8.1613
21.0000   53.0000   41.9959   43.5741
22.0000   51.0000   19.1746   44.7706
23.0000   67.0000   47.0937   18.2614
24.0000   88.0000   1.4758   9.7063
25.0000   70.0000   45.2759   45.3265
26.0000   118.0000   18.9204   12.0646
27.0000   56.0000   24.5932   31.5503
28.0000   116.0000   49.9810   18.8792
29.0000   115.0000   23.9453   34.2180
30.0000   41.0000   46.9961   36.8689
31.0000   93.0000   43.7052   26.8552
32.0000   72.0000   43.3127   47.0660
33.0000   84.0000   10.6352   2.8786
34.0000   31.0000   49.9457   38.5185
35.0000   51.0000   40.6248   41.3232
36.0000   104.0000   44.3848   4.3012
37.0000   57.0000   11.6640   28.8156
38.0000   75.0000   23.0542   12.9086
39.0000   81.0000   18.4369   23.4032
40.0000   98.0000   46.1989   19.6169
41.0000   54.0000   40.4386   38.8764
42.0000   73.0000   32.1997   46.2354
43.0000   65.0000   9.4884   15.6127
44.0000   54.0000   10.4753   3.8057
45.0000   101.0000   16.1489   33.6268
46.0000   50.0000   30.7913   47.1376
47.0000   89.0000   39.8513   11.6844
48.0000   56.0000   38.4465   7.9966
49.0000   41.0000   49.8781   30.5913
50.0000   65.0000   15.0488   5.0363
51.0000   52.0000   47.0440   34.7823
52.0000   102.0000   48.6241   43.4977
53.0000   111.0000   25.0827   9.6205
54.0000   110.0000   31.0880   18.9450
55.0000   71.0000   5.2980   17.9155
56.0000   40.0000   42.6175   25.8785
57.0000   110.0000   16.8220   29.4432
58.0000   53.0000   19.2977   44.2853
59.0000   84.0000   38.7887   25.2597
60.0000   69.0000   19.8244   11.0103
61.0000   58.0000   8.7682   22.4935
62.0000   111.0000   3.3113   38.4073
63.0000   92.0000   40.1161   10.0419
64.0000   84.0000   20.7196   3.8661
65.0000   111.0000   12.5379   13.5003
66.0000   87.0000   15.9093   7.0840
67.0000   85.0000   48.9452   39.5635
68.0000   100.0000   27.4851   0.5289
69.0000   84.0000   30.5486   33.6790
70.0000   79.0000   42.8370   24.4783
71.0000   46.0000   15.4460   9.5312
72.0000   64.0000   27.2165   41.5224
73.0000   74.0000   20.7524   28.8214
74.0000   61.0000   30.8324   29.4656
75.0000   69.0000   6.8199   9.3115
76.0000   55.0000   15.3459   20.4871
77.0000   47.0000   34.3033   35.1193
78.0000   77.0000   6.4821   20.9463
79.0000   116.0000   21.4976   33.4831
80.0000   66.0000   49.3789   19.2907
81.0000   103.0000   17.8077   24.9563
82.0000   35.0000   1.9803   8.4655
83.0000   41.0000   11.3694   5.6949
84.0000   98.0000   16.5775   24.1781
85.0000   88.0000   24.1578   32.9297
86.0000   99.0000   14.9037   24.3763
87.0000   89.0000   32.3051   14.7684
88.0000   65.0000   28.3210   16.2748
89.0000   42.0000   39.5212   23.6043
90.0000   67.0000   24.2047   15.7190
91.0000   36.0000   46.8407   30.2848
92.0000   51.0000   47.9191   45.6790
93.0000   37.0000   47.0276   14.9948
94.0000   35.0000   43.2301   4.4214
95.0000   70.0000   7.3124   47.7907
96.0000   57.0000   13.6307   47.7885
97.0000   92.0000   32.0420   40.3094
98.0000   62.0000   23.5918   6.2071
99.0000   64.0000   36.6491   22.4206
100.0000   74.0000   5.4781   2.9687
101.0000   101.0000   24.6874   47.0257
102.0000   119.0000   10.1687   4.5327
103.0000   108.0000   48.9386   13.5809
104.0000   51.0000   26.1226   30.4544
105.0000   110.0000   45.9307   32.2011
106.0000   79.0000   32.0747   22.8394
107.0000   35.0000   4.9869   42.8065
108.0000   49.0000   45.3841   16.4747
109.0000   90.0000   27.6747   19.7761
110.0000   34.0000   24.4068   27.2850
111.0000   88.0000   28.7855   35.0071
112.0000   111.0000   24.6053   27.5170
113.0000   46.0000   13.8449   12.6203
114.0000   112.0000   20.5528   20.9797
115.0000   120.0000   12.5737   32.9742
116.0000   113.0000   4.3905   6.6372
117.0000   71.0000   12.1987   2.4380
118.0000   59.0000   32.0599   32.5788
119.0000   114.0000   16.0634   12.3415
120.0000   70.0000   10.1283   32.3554
121.0000   50.0000   5.5383   32.9961
122.0000   56.0000   2.3828   22.9151
123.0000   118.0000   25.2087   10.4596
124.0000   93.0000   12.2440   20.7062
125.0000   54.0000   36.0707   36.0380
126.0000   36.0000   22.8860   35.7394
127.0000   38.0000   25.0907   20.3177
128.0000   110.0000   43.1561   47.7870
129.0000   51.0000   33.9343   38.7045
130.0000   55.0000   16.0461   13.6111
131.0000   67.0000   40.2612   22.3407
132.0000   86.0000   22.0921   4.7278
133.0000   93.0000   30.5789   47.7154
134.0000   79.0000   42.5237   45.2776
135.0000   67.0000   2.4261   6.5990
136.0000   45.0000   10.4833   3.8739
137.0000   67.0000   8.1360   15.7708
138.0000   46.0000   27.2399   36.6636
139.0000   98.0000   16.4180   9.9606
140.0000   62.0000   44.5000   17.5549
141.0000   68.0000   46.4076   5.9757
142.0000   103.0000   22.8682   32.3084
143.0000   78.0000   38.9085   20.0496
144.0000   106.0000   28.3986   47.5096
145.0000   105.0000   26.8588   21.9618
146.0000   113.0000   28.4030   5.7283
147.0000   44.0000   23.1136   31.9188
148.0000   69.0000   19.4268   35.0728
149.0000   63.0000   25.6635   6.4032
150.0000   67.0000   16.2905   46.6258
151.0000   61.0000   17.7713   40.5027
152.0000   104.0000   42.4585   30.8838
153.0000   102.0000   44.9344   23.8329
154.0000   32.0000   40.6220   3.9270
155.0000   102.0000   42.4572   0.8753
156.0000   54.0000   44.3817   34.7280
157.0000   44.0000   49.5000   5.8468
158.0000   41.0000   15.8562   7.6145
159.0000   106.0000   3.6341   35.5138
160.0000   109.0000   8.5462   35.2409
161.0000   84.0000   0.8892   2.2910
162.0000   101.0000   39.4153   14.5761
163.0000   119.0000   30.9391   2.8627
164.0000   58.0000   22.8261   27.5294
165.0000   90.0000   37.1907   7.2839
166.0000   104.0000   14.3142   37.1791
167.0000   100.0000   10.8849   5.5524
168.0000   71.0000   48.5087   17.2209
169.0000   90.0000   5.0230   7.2566
170.0000   49.0000   16.1503   3.8023
171.0000   75.0000   9.0315   31.6459
172.0000   69.0000   28.5788   38.5545
173.0000   52.0000   9.9046   8.2337
174.0000   40.0000   45.2484   4.9207
175.0000   117.0000   49.9475   10.0182
176.0000   91.0000   19.6812   24.7773
177.0000   60.0000   44.6166   48.7814
178.0000   44.0000   21.6914   42.8886
179.0000   37.0000   47.0234   36.7726
180.0000   101.0000   10.4418   41.4688
181.0000   113.0000   32.0107   8.6304
182.0000   60.0000   29.6229   12.1484
183.0000   55.0000   0.5892   4.9141
184.0000   99.0000   33.5358   33.9445
185.0000   42.0000   9.9254   32.9621
186.0000   45.0000   35.7631   35.0078
187.0000   71.0000   26.4982   35.8626
188.0000   98.0000   26.1829   4.3551
189.0000   78.0000   38.3787   39.5717
190.0000   96.0000   44.2886   38.4963
191.0000   58.0000   28.5614   44.4406
192.0000   89.0000   43.7512   10.0809
193.0000   103.0000   8.3757   49.3502
194.0000   118.0000   48.5267   39.8396
195.0000   71.0000   8.5512   9.4406
196.0000   35.0000   36.1487   9.4034
197.0000   81.0000   21.4740   46.2712
198.0000   81.0000   16.7637   3.4417
199.0000   106.0000   45.6713   0.0984
200.0000   60.0000   5.8605   10.1043
201.0000   97.0000   16.6418   29.5280
202.0000   39.0000   7.7029   32.0574
203.0000   31.0000   46.6058   40.0113
204.0000   51.0000   25.6855   8.6493
205.0000   66.0000   16.5936   38.5985
206.0000   49.0000   19.8571   10.2160
207.0000   69.0000   20.2961   22.5839
208.0000   100.0000   22.5456   9.8232
209.0000   57.0000   11.4672   27.0127
210.0000   39.0000   30.2394   14.1252
211.0000   44.0000   37.6084   13.9233
212.0000   92.0000   40.2137   26.8960
213.0000   86.0000   18.2598   3.0917
214.0000   74.0000   2.4763   44.0961
215.0000   116.0000   44.5031   0.1835
216.0000   55.0000   22.0306   45.9763
217.0000   70.0000   10.1924   12.5228
218.0000   89.0000   17.5325   48.4609
219.0000   88.0000   48.6994   10.2020
220.0000   118.0000   32.8639   48.2612
221.0000   38.0000   2.4065   13.0166
222.0000   89.0000   6.8872   43.3762
223.0000   106.0000   40.9015   34.2986
224.0000   120.0000   46.7488   3.7860
225.0000   33.0000   10.8476   30.4263
226.0000   114.0000   34.2889   36.2836
227.0000   81.0000   5.7023   25.8406
228.0000   85.0000   47.4920   13.3863
229.0000   58.0000   25.0300   13.1695
230.0000   71.0000   49.8066   44.5166
231.0000   115.0000   39.6596   11.6103
232.0000   74.0000   42.1895   0.9642
233.0000   117.0000   23.4100   6.0071
234.0000   45.0000   38.6227   25.5195
235.0000   105.0000   9.0937   44.0524
236.0000   52.0000   18.4216   32.4799
237.0000   48.0000   13.0912   28.1022
238.0000   110.0000   27.4479   16.9908
239.0000   54.0000   23.5165   37.7168
240.0000   96.0000   0.8864   36.6993
241.0000   119.0000   44.4614   33.2281
242.0000   90.0000   23.4439   49.0372
243.0000   92.0000   35.3928   43.3369
244.0000   115.0000   21.4665   1.0749
245.0000   101.0000   12.5949   3.9174
246.0000   82.0000   16.0455   34.0242
247.0000   104.0000   35.9205   10.2886
248.0000   110.0000   1.9604   38.5351
249.0000   57.0000   49.2818   14.9956
250.0000   35.0000   17.7169   36.6705
251.0000   58.0000   17.8621   8.7144
252.0000   58.0000   40.8651   43.7453
253.0000   34.0000   24.8621   20.7969
254.0000   49.0000   5.3920   33.7695
255.0000   35.0000   23.2856   48.8962
256.0000   78.0000   24.8250   45.5223
257.0000   64.0000   15.7816   33.2590
258.0000   41.0000   3.2659   19.5197
259.0000   111.0000   26.3008   23.6313
260.0000   96.0000   29.6680   41.8632
261.0000   68.0000   13.6540   19.8236
262.0000   57.0000   2.0195   42.5494
263.0000   104.0000   6.6403   20.0461
264.0000   32.0000   47.4185   9.7664
265.0000   45.0000   1.4066   33.1254
266.0000   30.0000   4.3155   30.2324
267.0000   43.0000   42.8897   39.9276
268.0000   112.0000   10.7931   2.3071
269.0000   85.0000   24.3705   20.5644
270.0000   84.0000   45.9589   33.8057
271.0000   76.0000   16.2101   19.0355
272.0000   35.0000   41.3210   29.3226
273.0000   47.0000   42.3418   7.7898
274.0000   33.0000   9.9689   41.6986
275.0000   76.0000   9.0961   31.3226
276.0000   46.0000   39.4729   2.8522
277.0000   32.0000   8.3446   28.3542
278.0000   115.0000   34.0566   11.1122
279.0000   51.0000   11.2956   37.8255
280.0000   60.0000   32.6127   41.1038
281.0000   113.0000   6.7857   13.6338
282.0000   83.0000   17.9845   35.8018
283.0000   117.0000   14.0019   0.6161
284.0000   118.0000   25.0626   24.7454
285.0000   68.0000   24.7990   37.4011
286.0000   65.0000   26.9916   18.3941
287.0000   39.0000   2.9602   48.2872
288.0000   34.0000   10.9084   40.5723
289.0000   97.0000   5.0624   33.6234
290.0000   49.0000   5.1675   43.5371
291.0000   105.0000   42.5494   12.1939
292.0000   93.0000   3.8234   1.2690
293.0000   105.0000   35.7940   39.1074
294.0000   54.0000   1.6985   17.4215
295.0000   44.0000   23.6267   27.6962
296.0000   98.0000   42.1431   6.0243
297.0000   50.0000   39.1703   15.7545
298.0000   39.0000   40.4739   44.6018
299.0000   116.0000   45.3381   28.7358
300.0000   39.0000   22.1482   25.9518
301.0000   75.0000   34.3289   48.8332
302.0000   84.0000   15.7377   8.0147
303.0000   73.0000   1.8337   14.8248
304.0000   71.0000   26.8304   49.6780
305.0000   43.0000   30.8234   40.0407
306.0000   41.0000   1.8940   25.3904
307.0000   49.0000   32.1212   19.5779
308.0000   63.0000   34.6462   47.6862
309.0000   119.0000   34.7709   20.1007
310.0000   101.0000   27.0228   39.5382
311.0000   42.0000   6.3206   49.5566
312.0000   33.0000   44.0795   46.6716
313.0000   119.0000   29.9667   33.7718
314.0000   31.0000   11.8864   8.6468
315.0000   115.0000   28.3364   30.4699
316.0000   107.0000   32.1668   19.0694
317.0000   36.0000   21.5279   34.3114
318.0000   118.0000   34.9817   17.3424
319.0000   113.0000   6.7514   25.9218
320.0000   104.0000   25.1032   21.4831
321.0000   113.0000   24.0162   25.6402
322.0000   41.0000   45.0020   0.0843
323.0000   53.0000   42.6990   31.3307
324.0000   68.0000   44.3379   14.4932
325.0000   97.0000   39.5799   47.7592
326.0000   50.0000   25.2388   37.1434
327.0000   40.0000   15.2605   36.7507
328.0000   42.0000   47.4585   29.8480
329.0000   102.0000   26.8946   25.3568
330.0000   56.0000   27.4701   10.7577
331.0000   38.0000   31.7899   32.0491
332.0000   45.0000   46.8552   14.4175
333.0000   33.0000   18.1075   39.0277
334.0000   33.0000   12.4697   43.9049
335.0000   41.0000   28.0827   3.0388
336.0000   80.0000   10.8271   4.3325
337.0000   33.0000   7.0770   37.1869
338.0000   45.0000   32.2806   40.9752
339.0000   31.0000   25.8694   22.8386
340.0000   57.0000   18.3727   46.6213
341.0000   105.0000   6.3709   20.5105
342.0000   80.0000   12.0608   19.2511
343.0000   33.0000   36.2460   9.9780
344.0000   32.0000   46.2028   34.7379
345.0000   44.0000   13.6843   29.4433
346.0000   42.0000   46.7900   26.7174
347.0000   88.0000   20.1950   16.2919
348.0000   93.0000   47.4807   6.2115
349.0000   108.0000   26.8427   11.2543
350.0000   105.0000   7.3529   44.1882
351.0000   36.0000   35.7462   26.3647
352.0000   41.0000   28.9320   7.5211
353.0000   63.0000   9.2554   42.8364
354.0000   95.0000   30.1665   9.3948
355.0000   54.0000   24.8915   8.3074
356.0000   111.0000   42.5456   41.0908
357.0000   32.0000   16.1777   35.1808
358.0000   66.0000   10.3203   33.3415
359.0000   107.0000   4.7466   27.4425
360.0000   37.0000   20.4610   12.7741
361.0000   32.0000   18.3099   28.7938
362.0000   94.0000   31.1211   2.2200
363.0000   52.0000   17.1365   27.3682
364.0000   67.0000   22.5492   6.6436
365.0000   116.0000   44.8204   34.1355
366.0000   104.0000   19.8400   8.2635
367.0000   33.0000   32.1724   33.1025
368.0000   30.0000   15.4828   7.7660
369.0000   86.0000   1.6807   4.2317
370.0000   72.0000   40.2132   11.7900
371.0000   93.0000   28.4068   37.6729
372.0000   84.0000   29.8791   10.7215
373.0000   69.0000   7.3635   11.1837
374.0000   48.0000   21.5952   20.0317
375.0000   119.0000   34.2648   37.9578
