0.0000   0.0000   50.0000   50.0000
1.0000   11.0000   88.0038   3.3724
2.0000   75.0000   13.6405   75.3608
3.0000   84.0000   53.6036   84.2464
4.0000   35.0000   83.1370   75.0379
5.0000   71.0000   8.3259   25.4709
6.0000   90.0000   49.1982   63.1718
7.0000   22.0000   31.4778   21.9743
8.0000   49.0000   58.9428   11.9431
9.0000   61.0000   52.2520   20.6540
10.0000   40.0000   10.3568   27.9155
11.0000   68.0000   28.6645   30.6562
12.0000   18.0000   77.7035   0.5984
13.0000   84.0000   70.4890   84.9499
14.0000   66.0000   45.8526   72.6984
15.0000   72.0000   36.0834   73.4169
16.0000   12.0000   63.7149   10.2995
17.0000   56.0000   46.0248   0.7269
18.0000   64.0000   3.4886   67.7958
19.0000   25.0000   18.1197   61.3606
20.0000   60.0000   79.1054   57.6095
21.0000   65.0000   9.3035   47.7134
22.0000   13.0000   30.6600   2.6934
23.0000   32.0000   34.3427   8.2768
24.0000   60.0000   68.7214   2.6092
25.0000   92.0000   70.4694   15.7616
26.0000   54.0000   16.1575   49.7915
27.0000   40.0000   46.5257   33.9047
28.0000   30.0000   78.8543   66.1498
29.0000   48.0000   32.3020   95.9064
30.0000   28.0000   78.7784   52.9399
31.0000   41.0000   3.5448   81.0334
32.0000   23.0000   37.5194   68.6301
33.0000   66.0000   16.5545   28.6503
34.0000   98.0000   8.6661   19.9093
35.0000   92.0000   36.2849   79.5248
36.0000   75.0000   4.9261   31.3007
37.0000   96.0000   20.6029   68.6897
38.0000   76.0000   67.4331   6.7360
39.0000   100.0000   9.9041   3.6926
40.0000   44.0000   11.8009   61.4600
41.0000   24.0000   1.7439   3.4256
42.0000   23.0000   42.7881   79.0038
43.0000   87.0000   76.5236   68.9961
44.0000   21.0000   89.6452   68.3497
45.0000   44.0000   33.8283   0.7780
46.0000   76.0000   5.1087   47.7994
47.0000   19.0000   76.8094   61.8917
48.0000   36.0000   27.4401   3.4390
49.0000   91.0000   71.7834   71.7294
50.0000   63.0000   43.0975   78.6968
