0.0000   0.0000   0.0000   0.0000
1.0000   105.0000   11.7343   47.6055
2.0000   116.0000   42.3901   35.2038
3.0000   61.0000   5.4452   26.7984
4.0000   62.0000   33.3864   23.6664
5.0000   106.0000   38.9020   38.0130
6.0000   149.0000   23.1432   28.7032
7.0000   65.0000   9.6332   18.4843
8.0000   104.0000   27.0034   14.4849
9.0000   83.0000   1.3690   27.3465
10.0000   69.0000   29.4224   30.9397
11.0000   128.0000   17.9746   36.3373
12.0000   107.0000   46.3617   31.0017
13.0000   107.0000   5.7040   16.9956
14.0000   93.0000   16.6516   29.4152
15.0000   66.0000   45.5099   13.9011
16.0000   136.0000   9.6135   12.6733
17.0000   147.0000   36.3726   4.8476
18.0000   69.0000   44.3631   7.1618
19.0000   76.0000   17.1994   20.7484
20.0000   139.0000   2.6553   47.1451
21.0000   144.0000   24.5793   41.5015
22.0000   133.0000   35.5588   26.4168
23.0000   107.0000   42.2999   49.0595
24.0000   145.0000   37.9043   11.3353
25.0000   127.0000   20.4528   37.4419
26.0000   60.0000   23.6659   4.5300
27.0000   112.0000   17.7559   20.8576
28.0000   64.0000   26.0580   45.0446
29.0000   117.0000   38.1172   49.4056
30.0000   63.0000   13.0413   4.0978
31.0000   76.0000   34.4546   14.2947
32.0000   117.0000   19.1353   35.5146
33.0000   111.0000   13.2871   10.0781
34.0000   132.0000   16.9053   46.8208
35.0000   85.0000   32.4929   19.6192
36.0000   70.0000   32.9138   20.8210
37.0000   112.0000   7.1213   9.8645
38.0000   61.0000   42.0424   15.2760
39.0000   81.0000   16.8193   11.1065
40.0000   136.0000   27.8642   7.4464
41.0000   61.0000   34.4016   22.9031
42.0000   132.0000   17.9106   10.9621
43.0000   112.0000   7.4306   36.8653
44.0000   65.0000   24.9586   40.7538
45.0000   84.0000   1.8622   46.6288
46.0000   94.0000   12.8716   49.2799
47.0000   70.0000   16.5121   15.3147
48.0000   140.0000   45.2914   31.0233
49.0000   120.0000   14.4046   38.1717
50.0000   105.0000   40.6107   7.1977
51.0000   94.0000   3.8060   20.4192
52.0000   70.0000   25.9672   12.9012
53.0000   95.0000   10.0482   49.7441
54.0000   71.0000   20.8084   26.9567
55.0000   71.0000   33.4723   3.4065
56.0000   123.0000   48.0238   41.6488
57.0000   104.0000   28.0280   2.1027
58.0000   108.0000   37.6192   24.6337
59.0000   132.0000   15.8139   33.3203
60.0000   101.0000   0.6534   26.6306
61.0000   98.0000   6.6485   0.5485
62.0000   141.0000   7.4249   26.3804
63.0000   107.0000   12.8989   32.1303
64.0000   130.0000   10.3910   26.3242
65.0000   64.0000   40.9578   39.4287
66.0000   92.0000   19.6338   44.0703
67.0000   125.0000   28.0386   33.8160
68.0000   126.0000   23.1807   39.2274
69.0000   61.0000   42.0248   19.8884
70.0000   64.0000   49.3644   36.0006
71.0000   82.0000   16.3634   13.3389
72.0000   122.0000   41.4617   36.7803
73.0000   139.0000   0.3861   39.7058
74.0000   84.0000   36.9682   23.0604
75.0000   123.0000   12.8933   15.3367
76.0000   67.0000   26.6740   29.5228
77.0000   138.0000   4.7715   5.7407
78.0000   104.0000   49.0228   32.9342
79.0000   121.0000   9.4927   29.8330
80.0000   106.0000   23.6825   14.7347
81.0000   150.0000   49.8714   41.0068
82.0000   89.0000   10.4243   2.5637
83.0000   98.0000   18.8272   1.7181
84.0000   136.0000   27.6801   35.2485
85.0000   119.0000   18.6979   44.0444
86.0000   89.0000   24.4922   4.8890
87.0000   148.0000   1.4729   41.7286
88.0000   100.0000   43.8468   15.6178
89.0000   109.0000   2.5966   2.0114
90.0000   141.0000   12.1903   0.5696
91.0000   73.0000   21.8917   45.6809
92.0000   72.0000   43.6105   13.2152
93.0000   134.0000   32.9965   12.5772
94.0000   60.0000   1.0674   18.5028
95.0000   137.0000   30.3726   22.2420
96.0000   87.0000   34.7707   49.6797
97.0000   69.0000   27.3581   34.7777
98.0000   88.0000   41.9921   29.4106
99.0000   92.0000   42.2819   21.0907
100.0000   98.0000   43.7233   7.7467
101.0000   75.0000   42.3215   6.7272
102.0000   116.0000   1.9345   3.1135
103.0000   108.0000   25.0083   48.4311
104.0000   101.0000   1.9950   40.6635
105.0000   102.0000   40.7671   18.4443
106.0000   79.0000   40.4520   9.4081
107.0000   114.0000   28.2068   48.8679
108.0000   138.0000   6.2963   41.0078
109.0000   130.0000   3.8374   35.7152
110.0000   127.0000   14.8215   13.3352
111.0000   133.0000   43.3856   32.8370
112.0000   98.0000   25.3651   38.4387
113.0000   125.0000   4.6639   0.1125
114.0000   62.0000   34.2615   34.0251
115.0000   143.0000   37.3776   48.0702
116.0000   85.0000   9.3767   25.4220
117.0000   115.0000   22.9776   14.6920
118.0000   120.0000   24.6668   20.0490
119.0000   94.0000   28.3194   11.2157
120.0000   114.0000   40.7994   30.5239
121.0000   79.0000   43.3911   22.1371
122.0000   90.0000   46.5743   14.2165
123.0000   122.0000   17.3662   47.2358
124.0000   109.0000   42.6029   38.9224
125.0000   132.0000   48.9902   10.2405
126.0000   114.0000   22.0383   49.8226
127.0000   120.0000   49.0547   10.4761
128.0000   104.0000   11.4668   1.0237
129.0000   150.0000   29.7106   4.5324
130.0000   118.0000   19.6027   39.6597
131.0000   126.0000   14.4887   1.0369
132.0000   134.0000   19.4452   22.1899
133.0000   62.0000   0.5201   47.7789
134.0000   143.0000   49.3031   34.9950
135.0000   117.0000   37.7909   10.5298
136.0000   113.0000   32.9647   17.1839
137.0000   125.0000   11.9095   20.8235
138.0000   143.0000   1.9736   36.7731
139.0000   62.0000   35.8035   22.3372
140.0000   90.0000   9.1031   30.4706
141.0000   109.0000   13.4891   7.4272
142.0000   112.0000   39.3274   22.0351
143.0000   99.0000   17.5013   10.4219
144.0000   64.0000   2.3287   0.8233
145.0000   126.0000   32.0817   28.5794
146.0000   64.0000   26.8560   1.7270
147.0000   127.0000   31.2984   22.7119
148.0000   81.0000   43.3691   33.3852
149.0000   145.0000   8.0540   21.2484
150.0000   132.0000   45.1686   28.7208
151.0000   115.0000   31.5626   7.4972
152.0000   142.0000   0.0907   35.2610
153.0000   119.0000   25.2813   39.3782
154.0000   126.0000   17.0385   18.1007
155.0000   106.0000   22.1135   13.4248
156.0000   97.0000   0.1472   13.1500
157.0000   136.0000   15.6717   2.7311
158.0000   65.0000   38.7367   41.7476
159.0000   74.0000   22.6338   4.2383
160.0000   78.0000   47.9100   13.5656
161.0000   108.0000   47.4103   4.0704
162.0000   105.0000   40.1943   17.9592
163.0000   88.0000   46.7630   6.9489
164.0000   75.0000   1.1496   38.8939
165.0000   86.0000   41.6518   7.0875
166.0000   66.0000   45.6391   26.5915
167.0000   61.0000   12.4399   39.3949
168.0000   124.0000   21.0401   24.0317
169.0000   87.0000   24.9631   17.7982
170.0000   68.0000   13.9714   19.2600
171.0000   109.0000   32.0704   40.8339
172.0000   61.0000   6.4840   14.8587
173.0000   106.0000   10.8682   18.8154
174.0000   88.0000   31.5649   0.7048
175.0000   116.0000   1.9764   14.4066
176.0000   89.0000   28.8243   3.8480
177.0000   71.0000   18.0358   37.9176
178.0000   123.0000   25.1370   20.6087
179.0000   139.0000   40.2466   8.5313
180.0000   147.0000   47.4815   26.9770
181.0000   118.0000   33.7364   5.3660
182.0000   113.0000   42.4326   30.4316
183.0000   89.0000   45.9768   41.8429
184.0000   146.0000   3.2957   35.2096
185.0000   126.0000   14.9169   45.3081
186.0000   83.0000   34.3832   1.9528
187.0000   92.0000   40.2518   26.8413
188.0000   86.0000   23.2503   15.3707
189.0000   134.0000   40.7491   17.7260
190.0000   88.0000   12.1056   45.9261
191.0000   103.0000   5.1773   17.4399
192.0000   139.0000   23.2462   31.5552
193.0000   137.0000   7.1572   45.6787
194.0000   75.0000   33.5779   32.9533
195.0000   126.0000   41.7481   41.1881
196.0000   109.0000   19.3611   18.9795
197.0000   137.0000   34.2383   3.5759
198.0000   121.0000   35.8118   25.7040
199.0000   82.0000   34.2586   0.6264
200.0000   95.0000   43.2706   10.4832
201.0000   64.0000   36.0607   1.9314
202.0000   135.0000   20.1357   8.2149
203.0000   138.0000   26.1867   4.0297
204.0000   73.0000   28.1621   2.8422
205.0000   66.0000   19.5025   10.4320
206.0000   104.0000   21.0426   11.3763
207.0000   144.0000   34.7669   28.5672
208.0000   100.0000   0.8718   4.6606
209.0000   140.0000   7.1650   34.3146
210.0000   76.0000   43.3677   7.2008
211.0000   134.0000   11.7373   4.2275
212.0000   134.0000   1.3472   5.4766
213.0000   72.0000   9.0885   11.0782
214.0000   73.0000   16.0854   3.1697
215.0000   71.0000   29.3323   40.7289
216.0000   89.0000   1.4115   23.3617
217.0000   121.0000   33.3368   32.5774
218.0000   61.0000   12.1391   38.1669
219.0000   128.0000   42.1071   31.1847
220.0000   141.0000   48.3137   2.2258
221.0000   106.0000   2.6418   18.8259
222.0000   112.0000   45.8673   2.0843
223.0000   88.0000   2.6402   24.5581
224.0000   73.0000   24.2675   14.6206
225.0000   70.0000   24.2095   8.4429
226.0000   83.0000   0.2125   22.8097
227.0000   125.0000   1.4715   11.8386
228.0000   149.0000   23.3018   13.8245
229.0000   146.0000   15.1361   7.0385
230.0000   114.0000   9.0970   42.1886
231.0000   96.0000   0.1785   34.9270
232.0000   97.0000   4.8620   49.7243
233.0000   92.0000   37.3497   31.3812
234.0000   138.0000   47.1299   16.0607
235.0000   122.0000   29.8737   32.1403
236.0000   99.0000   12.7904   1.4146
237.0000   126.0000   41.3485   2.2170
238.0000   74.0000   7.5149   48.3515
239.0000   133.0000   41.6769   7.9081
240.0000   79.0000   39.1866   21.5207
241.0000   64.0000   24.2324   30.0160
242.0000   105.0000   35.9284   22.4400
243.0000   100.0000   5.7349   5.3510
244.0000   79.0000   43.5532   9.8897
245.0000   83.0000   42.0698   6.1490
246.0000   69.0000   4.8614   37.9705
247.0000   74.0000   24.6324   9.9219
248.0000   100.0000   15.0320   33.2884
249.0000   108.0000   16.9079   33.7368
250.0000   114.0000   13.3350   30.2574
251.0000   101.0000   18.6726   19.6970
252.0000   136.0000   41.6621   16.9685
253.0000   133.0000   49.3650   26.3359
254.0000   70.0000   43.6513   18.7924
255.0000   107.0000   26.9598   35.1470
256.0000   138.0000   10.7629   28.2816
257.0000   116.0000   18.7175   11.5789
258.0000   145.0000   7.8501   18.6029
259.0000   86.0000   36.8699   27.2764
260.0000   102.0000   23.7907   33.3126
261.0000   60.0000   44.9365   3.3904
262.0000   83.0000   25.2706   39.8560
263.0000   92.0000   29.6665   28.0879
264.0000   148.0000   37.5236   2.5733
265.0000   68.0000   38.4006   37.8324
266.0000   71.0000   42.4497   38.0720
267.0000   141.0000   16.0964   11.8345
268.0000   143.0000   4.4159   4.7557
269.0000   72.0000   4.6549   29.6187
270.0000   147.0000   17.1454   47.2866
271.0000   144.0000   7.8799   48.0041
272.0000   148.0000   36.7648   48.0441
273.0000   62.0000   7.8101   11.4531
274.0000   86.0000   39.6471   48.8915
275.0000   116.0000   37.1561   36.1404
276.0000   85.0000   12.8357   1.1601
277.0000   131.0000   12.1667   11.0029
278.0000   136.0000   27.4293   8.6229
279.0000   78.0000   16.7205   42.1865
280.0000   102.0000   26.1102   38.1941
281.0000   78.0000   15.6532   29.9267
282.0000   63.0000   44.8282   45.6801
283.0000   95.0000   46.3022   10.6705
284.0000   104.0000   13.2056   28.0948
285.0000   94.0000   25.5466   41.8297
286.0000   137.0000   43.7653   15.4319
287.0000   63.0000   27.8662   29.8677
288.0000   125.0000   17.9288   18.9483
289.0000   104.0000   3.2525   43.5584
290.0000   139.0000   3.8301   14.9396
291.0000   78.0000   28.7854   42.2557
292.0000   114.0000   28.2159   43.7641
293.0000   137.0000   40.5524   45.2480
294.0000   74.0000   25.3877   3.7892
295.0000   66.0000   0.3760   4.4696
296.0000   131.0000   21.4676   16.2685
297.0000   122.0000   39.1757   48.6863
298.0000   97.0000   36.6026   37.3099
299.0000   123.0000   9.7923   26.6097
300.0000   133.0000   10.3526   7.6315
301.0000   112.0000   35.1799   19.2578
302.0000   117.0000   32.6473   8.5690
303.0000   98.0000   13.8370   6.9681
304.0000   120.0000   32.4435   37.0430
305.0000   121.0000   40.9776   33.3221
306.0000   109.0000   41.3868   9.4188
307.0000   87.0000   22.9791   30.0606
308.0000   108.0000   10.0396   13.7953
309.0000   75.0000   36.8687   17.4877
310.0000   80.0000   27.4726   9.5775
311.0000   106.0000   31.6389   32.3621
312.0000   64.0000   15.0907   40.3283
313.0000   79.0000   28.8744   33.9826
314.0000   127.0000   41.7438   23.4646
315.0000   150.0000   42.0818   37.9360
316.0000   133.0000   41.9560   8.3416
317.0000   61.0000   31.9291   1.1571
318.0000   121.0000   6.6520   32.0325
319.0000   147.0000   3.8243   2.1010
320.0000   87.0000   45.3497   42.2667
321.0000   146.0000   11.2629   22.1848
322.0000   91.0000   16.6142   45.2950
323.0000   74.0000   48.4128   18.9791
324.0000   72.0000   28.4074   2.4806
325.0000   123.0000   33.6991   1.1388
326.0000   66.0000   0.8451   34.9164
327.0000   93.0000   19.6907   39.9499
328.0000   64.0000   42.4547   7.6471
329.0000   139.0000   21.6605   30.9024
330.0000   150.0000   38.0717   17.5417
331.0000   141.0000   1.9242   9.6098
332.0000   146.0000   6.2021   20.6134
333.0000   123.0000   39.4588   33.0188
334.0000   143.0000   3.6421   34.3778
335.0000   85.0000   30.7421   27.7504
336.0000   93.0000   0.3958   23.3367
337.0000   86.0000   5.2908   42.3941
338.0000   128.0000   49.8585   39.9465
339.0000   95.0000   5.9892   36.9401
340.0000   67.0000   14.3578   6.1481
341.0000   127.0000   11.9134   44.7454
342.0000   141.0000   18.4623   40.8406
343.0000   123.0000   34.8440   36.6324
344.0000   80.0000   24.8522   44.4220
345.0000   97.0000   29.1372   25.8966
346.0000   92.0000   25.2991   43.6026
347.0000   96.0000   8.9678   33.3086
348.0000   80.0000   33.4230   37.4256
349.0000   97.0000   24.7724   41.9043
350.0000   134.0000   5.0719   0.9190
351.0000   84.0000   30.3119   22.4620
352.0000   121.0000   31.9724   8.3547
353.0000   94.0000   5.2579   18.4855
354.0000   63.0000   31.8665   29.7855
355.0000   73.0000   43.2130   12.2637
356.0000   89.0000   19.2375   14.1101
357.0000   102.0000   27.6178   12.5856
358.0000   137.0000   19.7023   26.0477
359.0000   71.0000   48.8979   16.0364
360.0000   126.0000   23.1838   16.4954
361.0000   114.0000   32.8811   18.0383
362.0000   75.0000   5.2699   36.1973
363.0000   97.0000   25.1005   28.8456
364.0000   102.0000   46.5286   45.9762
365.0000   108.0000   46.3528   32.6974
366.0000   134.0000   32.8660   6.4870
367.0000   110.0000   18.7723   14.8639
368.0000   147.0000   19.3075   23.9476
369.0000   137.0000   37.3153   29.4473
370.0000   133.0000   1.4574   31.7077
371.0000   62.0000   14.3531   27.6812
372.0000   66.0000   43.0850   41.0959
373.0000   78.0000   7.6459   28.7714
374.0000   145.0000   0.7440   13.0152
375.0000   141.0000   26.2000   6.5297
376.0000   86.0000   46.4492   35.2751
377.0000   135.0000   16.4893   44.4086
378.0000   72.0000   7.5419   21.9755
379.0000   103.0000   41.7899   44.3712
380.0000   146.0000   3.3441   39.8954
381.0000   100.0000   41.2747   31.8934
382.0000   117.0000   16.1958   42.9986
383.0000   118.0000   22.2692   20.5400
384.0000   144.0000   48.3331   25.8143
385.0000   141.0000   30.1161   1.3002
386.0000   113.0000   19.9185   1.0886
387.0000   88.0000   29.3517   10.1218
388.0000   72.0000   6.3980   32.6440
389.0000   83.0000   10.6702   13.3453
390.0000   64.0000   17.4978   29.6509
391.0000   148.0000   25.8252   16.9257
392.0000   88.0000   21.9022   42.9924
393.0000   109.0000   29.4724   28.5620
394.0000   92.0000   32.8738   15.9306
395.0000   137.0000   10.6044   34.3889
396.0000   140.0000   1.7491   44.4231
397.0000   91.0000   45.7004   8.2317
398.0000   83.0000   44.5438   11.5006
399.0000   145.0000   41.8295   15.5669
400.0000   125.0000   15.5611   7.5491
401.0000   65.0000   28.1786   27.2777
402.0000   141.0000   39.5119   47.9483
403.0000   84.0000   45.3368   48.9499
404.0000   133.0000   9.1853   18.7793
405.0000   93.0000   47.5757   43.2502
406.0000   104.0000   16.5047   47.8339
407.0000   96.0000   48.2865   6.7265
408.0000   142.0000   49.5259   39.0607
409.0000   79.0000   39.4814   14.1466
410.0000   125.0000   15.9795   10.8371
411.0000   103.0000   25.7223   41.0977
412.0000   87.0000   20.1181   29.6044
413.0000   131.0000   9.2362   11.6162
414.0000   81.0000   4.1720   44.2045
415.0000   80.0000   32.2170   36.9338
416.0000   134.0000   11.4907   16.4996
417.0000   137.0000   21.6552   22.8482
418.0000   114.0000   15.9527   16.5055
419.0000   137.0000   33.4797   18.1633
420.0000   91.0000   27.9655   30.8447
421.0000   148.0000   48.9520   44.2000
422.0000   130.0000   39.0430   43.7708
423.0000   123.0000   23.8040   42.9861
424.0000   68.0000   37.9603   26.2898
425.0000   114.0000   5.6156   2.3555
426.0000   104.0000   26.1301   48.7581
427.0000   100.0000   49.8010   35.2310
428.0000   65.0000   11.9573   16.3477
429.0000   83.0000   31.6900   49.9256
430.0000   78.0000   32.9727   35.6197
431.0000   101.0000   23.6957   16.8346
432.0000   70.0000   2.1157   40.3689
433.0000   71.0000   47.8509   10.2747
434.0000   149.0000   25.2171   29.3735
435.0000   68.0000   36.3177   21.3180
436.0000   71.0000   24.1271   8.2918
437.0000   93.0000   47.3828   3.6804
438.0000   107.0000   42.2467   26.3221
439.0000   127.0000   42.7732   1.3117
440.0000   68.0000   30.0043   21.7907
441.0000   143.0000   4.2114   25.7466
442.0000   142.0000   15.6300   4.1568
443.0000   83.0000   24.4837   14.3248
444.0000   74.0000   31.1148   6.1649
445.0000   88.0000   39.5216   30.5426
446.0000   132.0000   49.8723   25.4490
447.0000   134.0000   21.2728   0.9857
448.0000   92.0000   2.0556   23.6158
449.0000   122.0000   46.9623   40.2765
450.0000   130.0000   27.8939   42.6244
451.0000   122.0000   5.9539   18.8646
452.0000   70.0000   29.8882   19.2911
453.0000   85.0000   40.1450   37.9657
454.0000   120.0000   28.3017   16.2030
455.0000   112.0000   22.7338   45.4450
456.0000   69.0000   43.6262   42.0615
457.0000   91.0000   36.7642   15.4831
458.0000   101.0000   22.4299   41.2613
459.0000   139.0000   34.2537   8.4228
460.0000   92.0000   2.8919   18.7007
461.0000   132.0000   20.0920   23.5419
462.0000   63.0000   36.9484   32.0340
463.0000   143.0000   19.5480   20.9309
464.0000   65.0000   34.4232   34.9548
465.0000   142.0000   47.2621   6.4362
466.0000   144.0000   5.4244   40.8536
467.0000   103.0000   11.9344   21.6746
468.0000   77.0000   21.6852   12.3278
469.0000   106.0000   32.5869   20.2465
470.0000   73.0000   49.5437   18.5545
471.0000   114.0000   22.7460   32.5701
472.0000   131.0000   28.2787   27.1266
473.0000   133.0000   19.8760   4.8713
474.0000   101.0000   13.5722   46.2275
475.0000   120.0000   38.0816   29.1422
