0.0000   0.0000   50.0000   50.0000
1.0000   36.0000   4.7706   66.8319
2.0000   39.0000   41.2484   32.9279
3.0000   49.0000   89.0641   46.6979
4.0000   14.0000   21.8740   65.2341
5.0000   67.0000   70.5581   40.5103
6.0000   71.0000   57.6301   50.2859
7.0000   65.0000   46.0340   46.3171
8.0000   48.0000   90.9494   27.1531
9.0000   30.0000   85.5750   75.5752
10.0000   81.0000   5.6680   58.0654
11.0000   85.0000   53.4362   21.9536
12.0000   2.0000   50.5802   15.6868
13.0000   39.0000   75.1791   58.0041
14.0000   100.0000   26.9628   59.9059
15.0000   18.0000   60.1277   87.7677
16.0000   84.0000   96.7575   31.7244
17.0000   53.0000   26.2954   80.2220
18.0000   18.0000   91.7191   36.5177
19.0000   2.0000   93.4504   80.6319
20.0000   99.0000   36.9840   43.0779
21.0000   76.0000   43.7900   78.7205
22.0000   93.0000   40.6026   33.0118
23.0000   30.0000   29.6154   17.3844
24.0000   43.0000   12.5945   42.8406
25.0000   81.0000   38.1274   63.5889
26.0000   69.0000   38.2224   0.1339
27.0000   59.0000   3.7844   14.5868
28.0000   47.0000   75.6960   52.6789
29.0000   61.0000   68.1758   91.2239
30.0000   42.0000   94.3513   55.1746
31.0000   62.0000   1.7350   54.2173
32.0000   34.0000   13.4228   70.9772
33.0000   81.0000   55.1723   6.1161
34.0000   48.0000   85.0894   55.4572
35.0000   16.0000   14.2699   12.4321
36.0000   95.0000   98.5794   34.7911
37.0000   9.0000   23.2837   26.7419
38.0000   16.0000   77.7024   48.5294
39.0000   83.0000   36.2931   53.6557
40.0000   95.0000   12.8337   25.7213
41.0000   44.0000   85.7349   32.5126
42.0000   5.0000   92.6993   4.0958
43.0000   28.0000   50.7582   96.6128
44.0000   93.0000   75.0485   47.4547
45.0000   50.0000   33.1352   42.1971
46.0000   17.0000   43.9944   43.8926
47.0000   43.0000   12.6687   91.8286
48.0000   84.0000   52.6423   55.2692
49.0000   31.0000   23.4441   72.2824
50.0000   95.0000   84.0386   64.0731
51.0000   77.0000   96.6604   43.7114
52.0000   66.0000   95.4444   7.0021
53.0000   79.0000   10.0016   85.8249
54.0000   22.0000   6.1587   57.7243
55.0000   28.0000   64.2684   82.5441
56.0000   67.0000   56.7266   16.9198
57.0000   72.0000   78.8191   23.0655
58.0000   30.0000   33.5114   0.8049
59.0000   91.0000   85.5206   81.5219
60.0000   64.0000   30.3176   88.9536
61.0000   42.0000   33.6580   8.5170
62.0000   49.0000   24.1327   85.5843
63.0000   22.0000   58.8763   63.0639
64.0000   22.0000   2.0536   98.4019
65.0000   75.0000   46.5860   9.3281
66.0000   66.0000   49.0399   41.5172
67.0000   21.0000   7.6301   59.2108
68.0000   71.0000   31.5255   29.1848
69.0000   23.0000   35.0836   41.9235
70.0000   94.0000   26.7843   6.7367
71.0000   98.0000   17.2509   5.1162
72.0000   74.0000   65.2385   59.2184
73.0000   38.0000   5.3552   2.7643
74.0000   23.0000   90.5325   79.5952
75.0000   3.0000   77.3518   13.9252
76.0000   18.0000   75.1269   93.6634
77.0000   97.0000   38.5848   16.2176
78.0000   31.0000   13.1465   32.1344
79.0000   16.0000   71.3041   83.4045
80.0000   22.0000   22.0596   8.0452
81.0000   84.0000   60.7076   48.2605
82.0000   5.0000   0.2916   86.0808
83.0000   97.0000   57.7968   9.0130
84.0000   52.0000   50.5090   23.1489
85.0000   34.0000   10.1219   29.5902
86.0000   85.0000   65.8271   84.9707
87.0000   69.0000   12.4246   54.2589
88.0000   26.0000   42.2304   17.6484
89.0000   35.0000   33.2708   66.9334
90.0000   94.0000   53.7303   16.0639
91.0000   17.0000   83.9436   57.6012
92.0000   90.0000   10.3495   70.8721
93.0000   47.0000   57.9894   82.2624
94.0000   51.0000   78.2077   78.2449
95.0000   39.0000   31.8736   74.4090
96.0000   94.0000   0.2928   25.5738
97.0000   37.0000   15.9237   26.2654
98.0000   81.0000   35.7180   62.7772
99.0000   43.0000   56.4545   65.9409
100.0000   21.0000   8.6338   8.0037
101.0000   26.0000   9.3674   40.5056
102.0000   1.0000   93.7753   85.8960
103.0000   91.0000   47.4661   33.1605
104.0000   79.0000   24.7670   14.0096
105.0000   76.0000   5.3179   58.0473
106.0000   3.0000   82.5563   70.5323
107.0000   8.0000   0.8407   71.3481
108.0000   63.0000   9.4740   61.0757
109.0000   86.0000   83.0811   52.1018
110.0000   22.0000   13.7183   98.7579
111.0000   71.0000   90.4327   79.4177
112.0000   80.0000   31.3856   10.2985
113.0000   83.0000   99.4946   27.4533
114.0000   79.0000   8.4553   85.0482
115.0000   4.0000   45.7233   14.7919
116.0000   18.0000   24.8521   40.8160
117.0000   83.0000   84.7377   10.2324
118.0000   98.0000   21.1985   67.3233
119.0000   81.0000   31.5913   54.3983
120.0000   56.0000   9.5360   17.0550
121.0000   43.0000   4.5034   71.1838
122.0000   89.0000   60.6034   29.3899
123.0000   54.0000   16.1059   55.6935
124.0000   5.0000   92.7784   61.0180
125.0000   26.0000   19.6001   45.5122
126.0000   25.0000   80.6175   33.3698
127.0000   7.0000   46.9178   20.3602
128.0000   7.0000   62.7069   94.4526
129.0000   72.0000   81.3647   61.9185
130.0000   40.0000   43.8983   19.6934
131.0000   45.0000   34.4391   16.8943
132.0000   44.0000   84.9477   34.0585
133.0000   58.0000   10.8334   4.0897
134.0000   80.0000   36.1924   77.2994
135.0000   26.0000   18.7824   24.4646
136.0000   53.0000   31.3694   0.1839
137.0000   75.0000   66.4909   33.7167
138.0000   5.0000   36.5859   74.0444
139.0000   49.0000   70.9443   67.1860
140.0000   63.0000   8.3235   48.0282
141.0000   8.0000   8.1264   71.9620
142.0000   31.0000   22.0003   29.7011
143.0000   39.0000   19.7124   68.3875
144.0000   67.0000   39.7654   75.1420
145.0000   12.0000   81.7500   15.2348
146.0000   58.0000   28.7912   56.3531
147.0000   27.0000   84.5332   41.2057
148.0000   73.0000   84.3934   99.0270
149.0000   13.0000   37.9984   30.3654
150.0000   75.0000   35.4872   77.2317
151.0000   45.0000   84.7183   30.4360
152.0000   10.0000   48.2908   79.7707
153.0000   15.0000   44.1035   98.5787
154.0000   83.0000   37.4645   80.2702
155.0000   59.0000   16.5285   41.5893
156.0000   29.0000   85.9157   49.8863
157.0000   51.0000   39.1013   56.1528
158.0000   74.0000   29.7138   97.0916
159.0000   43.0000   67.4262   5.3011
160.0000   87.0000   46.8679   65.9673
161.0000   66.0000   87.4839   87.6615
162.0000   98.0000   99.8257   85.6252
163.0000   55.0000   53.5935   87.5015
164.0000   22.0000   92.9708   18.1252
165.0000   23.0000   14.0487   97.1501
166.0000   90.0000   74.2514   19.8849
167.0000   8.0000   2.5724   16.0185
168.0000   61.0000   24.5059   13.9529
169.0000   80.0000   47.7476   93.1047
170.0000   82.0000   77.0893   86.6305
171.0000   90.0000   79.3217   36.9396
172.0000   30.0000   45.1109   68.3106
173.0000   93.0000   76.3626   95.7549
174.0000   57.0000   32.1935   20.1853
175.0000   39.0000   4.6889   44.3339
176.0000   76.0000   71.4615   56.9879
177.0000   55.0000   26.5753   14.3687
178.0000   3.0000   18.6619   89.2765
179.0000   61.0000   14.3695   78.5027
180.0000   4.0000   35.4064   21.0371
181.0000   29.0000   93.4844   65.9462
182.0000   32.0000   34.0965   35.0091
183.0000   79.0000   72.3961   0.8239
184.0000   70.0000   88.1664   64.4032
185.0000   9.0000   35.3088   69.2791
186.0000   84.0000   48.4409   41.7045
187.0000   58.0000   63.5695   36.1977
188.0000   58.0000   99.6570   28.9143
189.0000   100.0000   56.4838   70.4475
190.0000   98.0000   74.4498   40.6623
191.0000   84.0000   62.9986   83.4789
192.0000   61.0000   40.7651   74.9432
193.0000   24.0000   64.0114   39.9400
194.0000   25.0000   5.6698   35.8967
195.0000   96.0000   18.5691   87.9294
196.0000   63.0000   38.8426   62.2369
197.0000   88.0000   59.8349   35.2103
198.0000   23.0000   57.9033   71.0515
199.0000   30.0000   39.0619   74.7084
200.0000   24.0000   36.5777   81.0540
201.0000   50.0000   73.0282   60.1059
202.0000   81.0000   59.4189   6.1894
203.0000   10.0000   1.5531   53.8322
204.0000   18.0000   91.1924   29.5613
205.0000   30.0000   54.6355   52.3960
206.0000   66.0000   18.3050   95.5331
207.0000   66.0000   74.5627   49.3486
208.0000   95.0000   40.6725   37.7326
209.0000   48.0000   3.5060   29.2575
210.0000   34.0000   67.0450   51.0362
211.0000   67.0000   65.7200   45.1179
212.0000   80.0000   75.5293   42.7019
213.0000   66.0000   45.6704   73.0604
214.0000   5.0000   68.0236   85.5582
215.0000   40.0000   79.6485   98.6268
216.0000   63.0000   57.2442   65.0054
217.0000   22.0000   54.4385   63.5434
218.0000   80.0000   93.1645   42.1547
219.0000   43.0000   92.1412   24.6946
220.0000   84.0000   38.3339   46.1828
221.0000   54.0000   10.2918   95.6956
222.0000   20.0000   70.1182   75.4984
223.0000   38.0000   12.4662   62.2771
224.0000   44.0000   34.9469   49.3832
225.0000   59.0000   27.7562   92.4068
226.0000   7.0000   32.8264   38.7630
227.0000   40.0000   34.4688   34.4674
228.0000   1.0000   94.5001   82.1854
229.0000   87.0000   74.4206   8.9246
230.0000   84.0000   17.7116   75.7560
231.0000   47.0000   62.1865   77.6884
232.0000   65.0000   54.5501   0.5376
233.0000   37.0000   33.0171   14.5149
234.0000   31.0000   25.7702   8.4413
235.0000   1.0000   19.3876   20.0302
236.0000   2.0000   97.5801   89.6129
237.0000   46.0000   78.2187   45.8006
238.0000   46.0000   15.3318   59.4819
239.0000   52.0000   15.6553   99.5486
240.0000   26.0000   17.3264   97.5207
241.0000   85.0000   95.0607   60.1183
242.0000   85.0000   57.3961   74.2864
243.0000   79.0000   0.1632   70.1045
244.0000   92.0000   13.9341   86.1890
245.0000   6.0000   2.4665   93.1315
246.0000   88.0000   62.9106   65.3104
247.0000   34.0000   83.3375   7.7535
248.0000   11.0000   84.9997   2.5214
249.0000   61.0000   39.7260   90.1780
250.0000   5.0000   98.6743   88.4451
251.0000   31.0000   52.5346   87.8097
252.0000   2.0000   0.5502   56.1565
253.0000   100.0000   84.0203   30.5829
254.0000   30.0000   14.7977   65.3932
255.0000   26.0000   87.7540   90.8552
256.0000   44.0000   76.2489   95.2045
257.0000   5.0000   76.4367   15.3006
258.0000   17.0000   98.7431   38.3085
259.0000   16.0000   76.4637   47.9191
260.0000   70.0000   92.8697   82.8996
261.0000   14.0000   51.4704   5.8866
262.0000   84.0000   60.4867   12.6481
263.0000   62.0000   82.1205   27.7326
264.0000   1.0000   74.9585   92.0418
265.0000   86.0000   10.6792   25.6698
266.0000   17.0000   50.5040   2.8650
267.0000   53.0000   28.6602   8.8243
268.0000   43.0000   94.6371   54.2760
269.0000   8.0000   21.0132   58.7193
270.0000   26.0000   41.4845   57.1542
271.0000   25.0000   90.4287   2.8139
272.0000   62.0000   59.7815   59.6071
273.0000   97.0000   24.9962   56.2478
274.0000   12.0000   52.8617   41.4863
275.0000   98.0000   10.9000   38.8833
276.0000   26.0000   39.0332   65.1952
277.0000   29.0000   20.4629   18.9928
278.0000   58.0000   20.7279   97.2752
279.0000   85.0000   88.3405   77.7788
280.0000   80.0000   9.2820   24.9302
281.0000   100.0000   20.6856   32.9773
282.0000   30.0000   98.6484   42.3242
283.0000   37.0000   30.2937   36.6323
284.0000   82.0000   88.5717   33.7485
285.0000   56.0000   66.2529   86.3271
286.0000   41.0000   83.9923   67.7268
287.0000   54.0000   5.4692   23.8162
288.0000   46.0000   71.9606   21.6426
289.0000   27.0000   4.0363   72.6620
290.0000   84.0000   90.6905   12.1805
291.0000   58.0000   2.1699   94.8220
292.0000   10.0000   51.4152   99.6574
293.0000   91.0000   48.8185   20.6138
294.0000   14.0000   30.6350   67.4115
295.0000   40.0000   2.6244   59.2415
296.0000   19.0000   89.1771   92.8796
297.0000   75.0000   93.2465   65.4647
298.0000   81.0000   18.2968   66.4282
299.0000   78.0000   32.1393   64.6067
300.0000   95.0000   45.8088   41.1639
301.0000   39.0000   98.4366   8.5223
302.0000   74.0000   77.3723   24.3372
303.0000   53.0000   43.7118   61.0578
304.0000   21.0000   61.4274   90.0284
305.0000   64.0000   30.0545   30.8923
306.0000   94.0000   79.2209   23.6128
307.0000   45.0000   21.6860   88.9427
308.0000   55.0000   78.1175   57.9541
309.0000   27.0000   12.6354   68.3667
310.0000   80.0000   20.3478   69.0368
311.0000   91.0000   9.2248   60.7954
312.0000   91.0000   5.9530   44.2918
313.0000   23.0000   18.8491   49.1634
314.0000   11.0000   25.0204   0.4284
315.0000   48.0000   95.6264   96.7180
316.0000   70.0000   71.9776   59.3304
317.0000   14.0000   96.0769   55.5657
318.0000   26.0000   62.7228   83.3022
319.0000   40.0000   59.3919   47.4700
320.0000   74.0000   26.4131   0.8696
321.0000   28.0000   49.1901   80.3598
322.0000   64.0000   49.6555   7.8809
323.0000   26.0000   40.8819   10.5600
324.0000   6.0000   66.4183   40.3022
325.0000   72.0000   41.6900   82.7794
326.0000   85.0000   47.6653   49.5995
327.0000   2.0000   22.9527   87.8541
328.0000   93.0000   65.2432   57.1693
329.0000   43.0000   10.8811   18.4776
330.0000   48.0000   11.8136   72.5942
331.0000   72.0000   95.8845   26.3954
332.0000   97.0000   49.7931   9.9712
333.0000   33.0000   9.9852   81.1853
334.0000   23.0000   62.4808   19.4930
335.0000   7.0000   30.1301   45.1991
336.0000   80.0000   65.1315   58.6471
337.0000   25.0000   96.4060   74.9821
338.0000   35.0000   74.8078   92.5788
339.0000   42.0000   77.3025   28.3064
340.0000   91.0000   54.5351   31.1427
341.0000   20.0000   29.1285   97.9476
342.0000   78.0000   36.3264   21.5781
343.0000   28.0000   25.9046   35.6771
344.0000   97.0000   47.0564   31.2176
345.0000   13.0000   21.0512   2.5533
346.0000   61.0000   89.7673   87.5452
347.0000   59.0000   74.0316   61.4786
348.0000   78.0000   88.9381   43.7042
349.0000   66.0000   55.7228   98.9352
350.0000   34.0000   82.4481   80.7641
351.0000   70.0000   55.6246   99.1425
352.0000   13.0000   22.2874   3.6525
353.0000   96.0000   17.5187   48.3730
354.0000   10.0000   51.1019   90.9728
355.0000   29.0000   24.8324   26.0284
356.0000   35.0000   85.3825   41.8630
357.0000   73.0000   30.6858   17.3952
358.0000   83.0000   90.6079   17.7296
359.0000   10.0000   32.3278   66.6581
360.0000   28.0000   46.2668   69.5262
361.0000   51.0000   17.0499   40.9146
362.0000   32.0000   12.7150   40.3965
363.0000   58.0000   18.0323   11.9402
364.0000   56.0000   0.6590   49.0345
365.0000   54.0000   14.8230   80.1619
366.0000   7.0000   74.1332   89.4076
367.0000   51.0000   33.2010   67.4701
368.0000   53.0000   86.3235   96.9112
369.0000   72.0000   73.5509   15.5094
370.0000   38.0000   82.5609   36.2482
371.0000   40.0000   45.5147   26.8772
372.0000   85.0000   23.4186   96.2367
373.0000   51.0000   50.4627   20.2315
374.0000   60.0000   32.0763   52.1888
375.0000   90.0000   0.3764   28.7461
