0.0000   0.0000   50.0000   50.0000
1.0000   73.0000   81.4692   60.2315
2.0000   62.0000   77.0731   61.6801
3.0000   12.0000   30.5754   15.9884
4.0000   21.0000   47.4199   76.0046
5.0000   57.0000   21.3982   40.5448
6.0000   89.0000   66.2501   75.3547
7.0000   87.0000   7.6663   48.2867
8.0000   109.0000   23.1529   19.6872
9.0000   34.0000   64.8266   62.0092
10.0000   20.0000   24.6299   48.9258
11.0000   45.0000   19.3101   90.3679
12.0000   98.0000   43.0536   82.2255
13.0000   17.0000   31.8818   96.0254
14.0000   84.0000   53.7450   97.4270
15.0000   35.0000   40.1156   79.7091
16.0000   40.0000   47.8066   72.3410
17.0000   37.0000   19.1880   27.2433
18.0000   59.0000   86.6079   36.8652
19.0000   33.0000   34.7326   45.9250
20.0000   30.0000   72.7876   13.8317
21.0000   31.0000   40.6857   51.0092
22.0000   111.0000   65.6359   60.5582
23.0000   65.0000   83.0405   84.8199
24.0000   96.0000   12.1372   19.3336
25.0000   96.0000   82.1051   61.0128
26.0000   76.0000   57.3155   25.5931
27.0000   67.0000   20.0613   64.2981
28.0000   52.0000   69.3133   43.9502
29.0000   85.0000   47.0735   90.0760
30.0000   34.0000   92.6854   43.3785
31.0000   109.0000   95.5792   36.7157
32.0000   55.0000   21.7563   55.6442
33.0000   67.0000   29.7668   63.2044
34.0000   119.0000   19.8900   82.3678
35.0000   38.0000   73.2893   46.0351
36.0000   111.0000   53.9619   15.7789
37.0000   21.0000   79.3661   24.0130
38.0000   21.0000   16.8171   81.6887
39.0000   10.0000   11.6727   89.4924
40.0000   81.0000   52.9778   22.0228
41.0000   98.0000   10.7767   69.1220
42.0000   70.0000   12.3498   7.8358
43.0000   31.0000   69.5777   16.9225
44.0000   40.0000   38.1813   3.2896
45.0000   47.0000   37.3568   38.3954
46.0000   103.0000   20.5571   80.3408
47.0000   37.0000   88.9444   47.3187
48.0000   69.0000   89.2220   78.6079
49.0000   35.0000   98.7158   63.6686
50.0000   30.0000   8.7552   67.7581
51.0000   105.0000   69.5167   6.8034
52.0000   40.0000   40.9663   16.1972
53.0000   60.0000   76.5847   6.1447
54.0000   12.0000   73.2106   66.2604
55.0000   72.0000   17.2089   8.0616
56.0000   115.0000   62.0768   98.6842
57.0000   70.0000   73.2552   56.7563
58.0000   24.0000   97.6405   80.7965
59.0000   25.0000   67.4809   32.7312
60.0000   38.0000   90.9288   16.6452
61.0000   26.0000   32.6950   42.7222
62.0000   31.0000   95.3421   34.3031
63.0000   51.0000   84.7924   79.2019
64.0000   94.0000   6.9481   29.3350
65.0000   77.0000   84.4991   64.2781
66.0000   52.0000   69.5153   22.6944
67.0000   108.0000   94.2923   14.9807
68.0000   44.0000   3.8117   91.0011
69.0000   45.0000   16.3344   70.4306
70.0000   59.0000   36.9161   78.1354
71.0000   112.0000   64.1993   7.4720
72.0000   53.0000   33.7494   32.7296
73.0000   92.0000   66.9807   20.6451
74.0000   57.0000   12.5032   61.4828
75.0000   44.0000   98.3756   57.7395
76.0000   28.0000   95.2777   72.4651
77.0000   13.0000   88.1168   77.5810
78.0000   56.0000   64.8796   71.6898
79.0000   112.0000   16.1172   50.2862
80.0000   19.0000   45.2052   90.8227
81.0000   101.0000   28.8529   72.4684
82.0000   65.0000   57.3565   36.0573
83.0000   58.0000   35.5293   50.8681
84.0000   75.0000   36.1734   42.8613
85.0000   54.0000   27.9201   95.4913
86.0000   71.0000   65.5847   61.9128
87.0000   93.0000   55.0632   96.7936
88.0000   22.0000   54.2709   10.4258
89.0000   38.0000   86.2389   74.0969
90.0000   40.0000   59.5925   50.9057
91.0000   27.0000   89.6540   66.5143
92.0000   108.0000   61.0283   12.2426
93.0000   41.0000   83.5411   17.0744
94.0000   46.0000   59.0797   61.6114
95.0000   61.0000   35.7217   34.2896
96.0000   106.0000   80.0341   75.9120
97.0000   91.0000   15.0731   69.8599
98.0000   97.0000   72.6522   37.2719
99.0000   115.0000   86.6708   59.6040
100.0000   52.0000   70.2081   55.9603
101.0000   76.0000   75.2512   4.4814
102.0000   68.0000   96.3403   36.7234
103.0000   24.0000   26.2588   82.0041
104.0000   66.0000   77.2174   58.9846
105.0000   11.0000   97.8511   20.0276
106.0000   94.0000   19.7245   67.8562
107.0000   43.0000   10.5199   76.6227
108.0000   92.0000   66.1364   65.0313
109.0000   91.0000   88.3841   53.2943
110.0000   15.0000   65.6574   58.7310
111.0000   53.0000   78.6976   31.1897
112.0000   32.0000   36.8492   39.9215
113.0000   65.0000   45.7851   75.7541
114.0000   13.0000   97.0822   74.0792
115.0000   61.0000   92.3947   12.1790
116.0000   110.0000   77.2418   22.2805
117.0000   18.0000   52.0691   16.9350
118.0000   90.0000   9.8442   31.5647
119.0000   66.0000   42.5923   90.9067
120.0000   30.0000   39.5634   45.0598
121.0000   107.0000   67.3021   43.0496
122.0000   96.0000   34.7347   30.5857
123.0000   15.0000   53.3627   11.5620
124.0000   37.0000   10.1468   72.6439
125.0000   18.0000   92.5932   17.7557
126.0000   42.0000   99.6006   40.5468
127.0000   98.0000   25.9003   35.6409
128.0000   55.0000   36.3452   40.3978
129.0000   43.0000   25.6686   64.7410
130.0000   75.0000   88.0699   30.7196
131.0000   115.0000   97.6947   29.1396
132.0000   87.0000   56.5483   52.9260
133.0000   61.0000   67.2876   54.4567
134.0000   16.0000   99.4162   57.3184
135.0000   72.0000   94.1174   30.5365
136.0000   13.0000   62.9069   22.1835
137.0000   60.0000   17.4813   29.1521
138.0000   96.0000   60.5718   51.8432
139.0000   30.0000   53.7728   81.4586
140.0000   83.0000   60.6816   14.0645
141.0000   119.0000   99.3253   11.1113
142.0000   34.0000   75.3750   52.8855
143.0000   55.0000   22.6631   90.9914
144.0000   49.0000   71.5233   6.3350
145.0000   47.0000   78.6773   8.3076
146.0000   74.0000   59.7739   18.4885
147.0000   70.0000   68.6595   3.3204
148.0000   101.0000   24.6427   32.5941
149.0000   52.0000   68.8937   80.8479
150.0000   70.0000   1.6813   25.3463
151.0000   83.0000   5.2862   93.4055
152.0000   96.0000   9.0022   30.7410
153.0000   119.0000   69.0626   55.2510
154.0000   19.0000   47.8444   81.3334
155.0000   104.0000   69.6589   7.5630
156.0000   55.0000   27.7580   72.2336
157.0000   107.0000   74.7574   70.2248
158.0000   93.0000   46.5064   4.3539
159.0000   70.0000   85.1170   76.1209
160.0000   94.0000   23.9111   75.5764
161.0000   77.0000   11.1881   91.4652
162.0000   80.0000   63.5180   91.8229
163.0000   17.0000   53.8197   29.8391
164.0000   11.0000   79.6090   13.9663
165.0000   44.0000   46.0035   42.6290
166.0000   65.0000   0.6485   56.2420
167.0000   41.0000   46.9985   97.7366
168.0000   29.0000   8.2693   77.8680
169.0000   64.0000   63.3297   58.2687
170.0000   110.0000   11.7666   51.6910
171.0000   89.0000   71.6080   82.6900
172.0000   100.0000   16.1567   69.5109
173.0000   102.0000   80.3114   86.7330
174.0000   73.0000   44.7207   99.7659
175.0000   91.0000   10.6851   19.4085
176.0000   78.0000   15.2185   31.0776
177.0000   109.0000   76.6010   89.6469
178.0000   116.0000   77.8970   45.2562
179.0000   105.0000   60.1624   16.2657
180.0000   77.0000   83.6916   88.8405
181.0000   34.0000   83.4736   79.0240
182.0000   93.0000   44.3771   62.3166
183.0000   33.0000   0.5825   36.1669
184.0000   120.0000   20.0675   71.5046
185.0000   106.0000   85.4598   69.6251
186.0000   29.0000   23.0238   95.1728
187.0000   86.0000   35.6895   36.3959
188.0000   48.0000   55.9681   67.4104
189.0000   31.0000   24.5447   26.0103
190.0000   84.0000   52.4066   32.4812
191.0000   62.0000   67.4242   43.8051
192.0000   23.0000   16.5726   26.4166
193.0000   14.0000   85.1666   72.8777
194.0000   37.0000   60.1246   81.2802
195.0000   45.0000   15.4086   45.8800
196.0000   40.0000   26.9112   11.1847
197.0000   89.0000   46.4596   22.6580
198.0000   24.0000   96.4252   38.5953
199.0000   15.0000   66.6456   37.4784
200.0000   92.0000   47.5714   75.6289
201.0000   23.0000   10.3484   72.2230
202.0000   77.0000   12.2243   64.6137
203.0000   115.0000   86.8182   30.6023
204.0000   58.0000   49.7861   8.8044
205.0000   110.0000   5.3056   72.6261
206.0000   45.0000   60.0666   12.0085
207.0000   44.0000   43.6798   40.4875
208.0000   39.0000   18.2888   2.8768
209.0000   11.0000   55.5175   78.5392
210.0000   117.0000   60.3862   65.6541
211.0000   34.0000   5.3559   66.3377
212.0000   61.0000   58.1689   97.3901
213.0000   105.0000   35.8377   76.4265
214.0000   29.0000   26.4736   78.8144
215.0000   97.0000   70.8321   67.1793
216.0000   17.0000   25.5844   10.2398
217.0000   64.0000   63.3855   27.9945
218.0000   109.0000   55.9955   87.2442
219.0000   27.0000   94.8145   7.3873
220.0000   120.0000   20.3456   31.5064
221.0000   54.0000   48.4602   36.8581
222.0000   95.0000   26.7240   17.4953
223.0000   31.0000   56.0683   10.1406
224.0000   44.0000   12.0953   0.4991
225.0000   83.0000   33.9406   1.1792
226.0000   21.0000   36.0061   46.3881
227.0000   44.0000   58.0247   16.3601
228.0000   56.0000   30.4719   7.8267
229.0000   25.0000   20.7585   9.5000
230.0000   15.0000   4.7602   55.9032
231.0000   54.0000   50.4851   47.0641
232.0000   88.0000   54.3568   78.8747
233.0000   101.0000   63.8069   51.8136
234.0000   119.0000   66.7719   21.2755
235.0000   106.0000   42.9546   25.8905
236.0000   53.0000   38.9600   98.5839
237.0000   39.0000   75.4715   72.0340
238.0000   116.0000   45.6805   65.3351
239.0000   76.0000   39.3242   9.2845
240.0000   55.0000   95.5418   12.0156
241.0000   84.0000   53.5545   90.7580
242.0000   53.0000   16.6444   65.4608
243.0000   20.0000   18.9516   10.7974
244.0000   81.0000   40.7223   89.2540
245.0000   114.0000   41.8336   91.1506
246.0000   66.0000   10.4779   77.0097
247.0000   45.0000   66.4269   52.9692
248.0000   51.0000   87.2906   60.6245
249.0000   49.0000   75.7053   92.5254
250.0000   113.0000   6.2534   73.2225
251.0000   17.0000   33.5158   60.2027
252.0000   12.0000   76.8463   18.9897
253.0000   23.0000   50.8081   42.2293
254.0000   66.0000   23.7918   46.3197
255.0000   43.0000   69.0347   81.9020
256.0000   48.0000   18.9101   99.5629
257.0000   111.0000   6.1867   48.0125
258.0000   24.0000   19.3788   40.0153
259.0000   101.0000   52.1241   56.9071
260.0000   50.0000   1.0357   95.8503
261.0000   57.0000   89.5007   95.5905
262.0000   95.0000   41.3214   84.7791
263.0000   70.0000   98.0882   79.6349
264.0000   85.0000   48.4118   94.6409
265.0000   12.0000   11.0385   95.1509
266.0000   36.0000   98.1578   48.4415
267.0000   59.0000   13.1020   11.1461
268.0000   108.0000   26.6183   25.6603
269.0000   19.0000   54.4553   31.0249
270.0000   54.0000   90.4188   9.9683
271.0000   55.0000   82.0857   13.1227
272.0000   102.0000   69.1080   55.2975
273.0000   103.0000   77.9100   63.7021
274.0000   43.0000   72.3678   38.5348
275.0000   20.0000   57.1357   93.7596
276.0000   102.0000   62.0278   44.7070
277.0000   83.0000   37.7284   41.7998
278.0000   86.0000   74.7759   62.3695
279.0000   120.0000   54.3609   54.3781
280.0000   37.0000   5.9304   63.7627
281.0000   112.0000   42.5764   25.4988
282.0000   29.0000   38.0581   93.9853
283.0000   58.0000   38.9180   25.3857
284.0000   76.0000   59.3351   41.6317
285.0000   81.0000   56.8434   93.9246
286.0000   31.0000   33.6384   65.8405
287.0000   14.0000   89.6763   36.6351
288.0000   11.0000   33.7802   27.9395
289.0000   68.0000   24.6252   64.7853
290.0000   23.0000   35.1870   10.4651
291.0000   30.0000   16.7447   64.6298
292.0000   44.0000   26.3235   78.8624
293.0000   73.0000   8.2830   21.7146
294.0000   38.0000   68.9655   72.1395
295.0000   14.0000   87.8560   65.2546
296.0000   89.0000   33.4708   43.0445
297.0000   79.0000   51.9834   48.4204
298.0000   81.0000   47.2294   38.8643
299.0000   80.0000   40.0172   11.1585
300.0000   112.0000   48.5924   74.8243
301.0000   15.0000   17.3397   32.8060
302.0000   112.0000   99.6461   80.5617
303.0000   97.0000   26.0478   56.5604
304.0000   44.0000   86.5076   30.6266
305.0000   91.0000   78.0236   81.2163
306.0000   38.0000   61.9992   3.6528
307.0000   109.0000   66.6306   93.9993
308.0000   98.0000   39.4665   21.3423
309.0000   57.0000   86.4447   4.2811
310.0000   95.0000   5.1674   96.2198
311.0000   90.0000   3.2172   53.9402
312.0000   107.0000   10.7292   85.6967
313.0000   15.0000   48.1458   58.5362
314.0000   65.0000   24.2513   60.2034
315.0000   25.0000   45.0574   60.5595
316.0000   74.0000   44.2228   20.0532
317.0000   65.0000   23.0741   35.2567
318.0000   111.0000   30.6196   29.5493
319.0000   115.0000   81.2185   79.9818
320.0000   69.0000   56.4279   4.1188
321.0000   47.0000   27.1202   20.0115
322.0000   87.0000   86.7504   53.7014
323.0000   99.0000   38.4073   79.6428
324.0000   12.0000   82.5501   54.7931
325.0000   51.0000   79.7850   18.7514
326.0000   49.0000   77.8779   54.9455
327.0000   111.0000   94.9881   92.5173
328.0000   37.0000   73.7850   6.4173
329.0000   90.0000   45.7928   38.2037
330.0000   91.0000   14.9399   89.2451
331.0000   109.0000   95.6110   51.3904
332.0000   87.0000   61.8958   59.2216
333.0000   57.0000   42.2738   68.6478
334.0000   29.0000   65.8565   12.9678
335.0000   109.0000   40.7341   6.5332
336.0000   53.0000   3.0232   98.9373
337.0000   103.0000   11.5415   43.4444
338.0000   72.0000   30.7227   66.0084
339.0000   90.0000   19.6834   21.0110
340.0000   63.0000   59.3545   26.7240
341.0000   61.0000   26.7541   87.5114
342.0000   63.0000   17.0674   78.8617
343.0000   112.0000   53.6640   23.5628
344.0000   64.0000   22.3342   5.4910
345.0000   75.0000   82.3191   21.5539
346.0000   72.0000   22.8528   98.0544
347.0000   40.0000   58.6613   35.9446
348.0000   60.0000   86.6534   1.4571
349.0000   52.0000   34.2933   65.5656
350.0000   118.0000   95.6693   65.2360
351.0000   63.0000   89.6031   66.2021
352.0000   38.0000   51.9782   79.7710
353.0000   69.0000   5.2530   13.2847
354.0000   119.0000   22.1394   3.7812
355.0000   33.0000   92.0052   73.1892
356.0000   85.0000   1.1143   18.4965
357.0000   16.0000   89.7138   52.0499
358.0000   118.0000   77.8820   46.5680
359.0000   88.0000   53.0299   61.3390
360.0000   49.0000   82.8885   76.4906
361.0000   86.0000   40.1590   55.9037
362.0000   22.0000   57.8660   23.7540
363.0000   19.0000   31.3953   53.6503
364.0000   34.0000   40.3214   63.3836
365.0000   35.0000   75.9604   69.6720
366.0000   92.0000   3.1734   2.4621
367.0000   55.0000   84.2276   24.6671
368.0000   63.0000   52.6620   29.9196
369.0000   79.0000   66.9599   90.2831
370.0000   13.0000   9.9874   36.6402
371.0000   73.0000   61.3427   29.3748
372.0000   34.0000   79.5981   67.2112
373.0000   99.0000   87.9210   17.3606
374.0000   86.0000   86.6202   17.7380
375.0000   52.0000   55.5235   97.7135
376.0000   81.0000   39.7946   82.1117
377.0000   38.0000   95.6221   17.1783
378.0000   56.0000   37.3097   42.9144
379.0000   43.0000   7.4273   22.2874
380.0000   75.0000   93.8405   67.8779
381.0000   17.0000   24.8029   97.3154
382.0000   110.0000   41.1656   33.0860
383.0000   106.0000   71.7795   30.3423
384.0000   39.0000   97.2442   39.7629
385.0000   51.0000   57.8831   33.2859
386.0000   62.0000   71.6564   92.3579
387.0000   11.0000   12.7282   68.6304
388.0000   112.0000   60.3986   25.2704
389.0000   109.0000   77.3496   28.8124
390.0000   32.0000   21.6152   6.4851
391.0000   19.0000   23.8275   39.5406
392.0000   65.0000   81.9430   90.4408
393.0000   70.0000   91.2103   38.2120
394.0000   110.0000   38.7297   47.1061
395.0000   22.0000   22.1248   10.1675
396.0000   75.0000   47.5952   77.5410
397.0000   48.0000   82.6586   27.8699
398.0000   76.0000   70.5436   82.4829
399.0000   81.0000   23.0246   96.6179
400.0000   111.0000   80.7427   21.8819
401.0000   28.0000   50.2172   8.5967
402.0000   14.0000   14.0838   52.1611
403.0000   88.0000   63.9955   12.1301
404.0000   56.0000   43.4804   18.2339
405.0000   104.0000   91.2949   63.2946
406.0000   61.0000   42.4613   67.3812
407.0000   104.0000   18.9889   84.9171
408.0000   22.0000   28.5671   38.8885
409.0000   34.0000   57.0702   82.2182
410.0000   58.0000   0.3491   35.7033
411.0000   113.0000   58.4054   91.0749
412.0000   110.0000   46.3170   91.1500
413.0000   72.0000   28.6036   23.9184
414.0000   25.0000   25.1470   94.4421
415.0000   70.0000   31.1854   41.4611
416.0000   63.0000   84.3733   11.0299
417.0000   31.0000   99.8271   34.8806
418.0000   113.0000   94.6899   36.5526
419.0000   88.0000   27.2245   6.1741
420.0000   115.0000   68.8383   59.9468
421.0000   62.0000   30.4379   68.1203
422.0000   103.0000   12.7537   1.9825
423.0000   77.0000   73.2471   85.1262
424.0000   25.0000   16.3415   69.1839
425.0000   118.0000   64.4224   52.5445
426.0000   22.0000   16.8091   86.2941
427.0000   120.0000   26.2506   67.6098
428.0000   63.0000   72.8537   53.9049
429.0000   81.0000   48.1551   12.3408
430.0000   65.0000   40.2827   32.1223
431.0000   33.0000   40.8231   41.8350
432.0000   100.0000   97.9506   72.1710
433.0000   117.0000   62.5419   18.2700
434.0000   88.0000   8.4826   1.7543
435.0000   46.0000   8.0637   21.1629
436.0000   65.0000   15.3351   50.4538
437.0000   70.0000   9.2290   15.1549
438.0000   105.0000   72.7073   67.1584
439.0000   48.0000   6.9176   59.0136
440.0000   84.0000   96.8648   68.0445
441.0000   63.0000   59.0501   98.1998
442.0000   94.0000   74.1225   83.3838
443.0000   17.0000   48.9303   57.5765
444.0000   25.0000   99.4840   11.7829
445.0000   75.0000   40.6346   83.1725
446.0000   120.0000   13.0731   40.8775
447.0000   106.0000   14.2856   14.3765
448.0000   98.0000   50.0374   1.5757
449.0000   101.0000   36.5137   37.5116
450.0000   57.0000   20.6471   8.2279
