0.0000   0.0000   0.0000   0.0000
1.0000   153.0000   12.6600   44.4774
2.0000   110.0000   32.9930   9.6856
3.0000   140.0000   18.4592   30.9894
4.0000   121.0000   42.8871   5.5086
5.0000   177.0000   35.1955   43.9712
6.0000   157.0000   24.8830   45.6268
7.0000   179.0000   31.9992   11.1849
8.0000   95.0000   41.9638   47.3366
9.0000   128.0000   19.9198   34.4668
10.0000   121.0000   45.5390   40.6961
11.0000   176.0000   46.7669   49.8229
12.0000   167.0000   11.8158   17.9199
13.0000   177.0000   26.7882   30.1413
14.0000   144.0000   30.5960   6.8458
15.0000   140.0000   15.2512   31.2687
16.0000   150.0000   37.0479   19.1341
17.0000   140.0000   39.0853   20.7015
18.0000   160.0000   46.0206   41.1876
19.0000   106.0000   23.4396   43.6157
20.0000   96.0000   34.5729   32.9079
21.0000   133.0000   42.1149   5.6410
22.0000   113.0000   16.0218   36.8703
23.0000   176.0000   7.9847   9.1565
24.0000   145.0000   45.6169   40.4962
25.0000   111.0000   21.6233   25.4032
26.0000   176.0000   29.5499   40.5399
27.0000   170.0000   1.0599   46.2703
28.0000   152.0000   11.7910   41.4353
29.0000   114.0000   27.8963   8.0129
30.0000   134.0000   18.5846   32.7145
31.0000   133.0000   33.4611   26.5182
32.0000   100.0000   27.7218   7.1981
33.0000   155.0000   31.1895   35.0503
34.0000   97.0000   0.3376   20.1418
35.0000   173.0000   11.2441   20.2546
36.0000   122.0000   37.0946   18.2542
37.0000   153.0000   38.3618   22.9071
38.0000   140.0000   49.5166   48.1131
39.0000   160.0000   26.0483   11.9241
40.0000   166.0000   32.6825   40.1204
41.0000   102.0000   33.7600   23.9550
42.0000   151.0000   30.5501   6.2716
43.0000   102.0000   33.6296   33.8754
44.0000   119.0000   15.2230   26.1707
45.0000   140.0000   39.0866   40.8723
46.0000   128.0000   34.4417   40.0820
47.0000   167.0000   32.0744   46.1877
48.0000   108.0000   47.1947   4.9239
49.0000   126.0000   43.4962   38.7296
50.0000   115.0000   32.5848   26.1157
51.0000   143.0000   30.6007   47.6880
52.0000   125.0000   14.7402   15.7951
53.0000   176.0000   25.2853   27.8536
54.0000   168.0000   32.6207   36.4144
55.0000   97.0000   16.3121   8.9818
56.0000   121.0000   37.3925   16.3884
57.0000   167.0000   32.2818   46.6259
58.0000   114.0000   38.3652   22.8568
59.0000   146.0000   12.5871   26.3704
60.0000   109.0000   4.6623   15.3695
61.0000   177.0000   14.1754   35.2079
62.0000   121.0000   0.8837   45.6393
63.0000   127.0000   18.9715   34.7439
64.0000   140.0000   16.5742   26.8059
65.0000   133.0000   23.6129   13.4655
66.0000   155.0000   35.9213   9.9235
67.0000   157.0000   5.2429   1.9212
68.0000   130.0000   1.3877   44.2223
69.0000   136.0000   17.8668   13.1868
70.0000   177.0000   31.2007   41.7305
71.0000   90.0000   48.5081   41.2154
72.0000   129.0000   38.8485   11.2716
73.0000   144.0000   19.0501   15.1331
74.0000   140.0000   2.1330   8.6038
75.0000   129.0000   11.5188   33.3784
76.0000   115.0000   26.3680   30.9882
77.0000   127.0000   44.9434   25.8445
78.0000   145.0000   1.8547   25.6616
79.0000   140.0000   1.8967   8.9124
80.0000   142.0000   10.3603   43.8945
81.0000   165.0000   29.2044   36.5207
82.0000   168.0000   38.5584   32.3415
83.0000   107.0000   32.6343   46.3684
84.0000   161.0000   16.9802   32.3530
85.0000   152.0000   3.3393   33.6269
86.0000   157.0000   29.3708   14.7294
87.0000   112.0000   15.5909   18.7778
88.0000   176.0000   4.2745   15.3096
89.0000   131.0000   44.7755   17.5940
90.0000   110.0000   44.4610   26.1337
91.0000   127.0000   14.2861   26.3350
92.0000   102.0000   17.6311   23.3076
93.0000   178.0000   0.6306   15.5505
94.0000   176.0000   31.8696   24.7537
95.0000   131.0000   2.4536   43.7306
96.0000   99.0000   38.8642   37.6799
97.0000   179.0000   12.0433   27.1768
98.0000   94.0000   0.3557   39.3369
99.0000   155.0000   38.9747   21.9361
100.0000   139.0000   2.5111   12.5636
101.0000   143.0000   44.3368   37.6655
102.0000   164.0000   22.4110   22.9228
103.0000   179.0000   37.6410   32.9009
104.0000   157.0000   37.1055   42.7228
105.0000   139.0000   34.9976   42.8405
106.0000   145.0000   9.1892   39.2045
107.0000   116.0000   23.5843   37.4331
108.0000   156.0000   25.6653   48.5596
109.0000   130.0000   2.6193   44.7315
110.0000   112.0000   10.9711   9.1014
111.0000   127.0000   13.3120   31.6678
112.0000   174.0000   19.3522   1.6597
113.0000   125.0000   44.8636   12.1935
114.0000   134.0000   11.1472   19.4951
115.0000   166.0000   38.7901   4.9179
116.0000   172.0000   37.2315   19.8948
117.0000   98.0000   34.9817   28.8110
118.0000   123.0000   12.7276   2.0640
119.0000   121.0000   33.7525   17.5825
120.0000   129.0000   14.8746   43.6898
121.0000   127.0000   3.2465   42.4957
122.0000   177.0000   7.5433   2.9338
123.0000   140.0000   22.5299   45.8350
124.0000   148.0000   17.6525   42.6866
125.0000   123.0000   45.0164   7.1384
126.0000   156.0000   12.5793   20.3762
127.0000   129.0000   45.3044   28.9350
128.0000   105.0000   29.1296   38.5054
129.0000   132.0000   15.7349   49.4299
130.0000   175.0000   14.8597   41.7929
131.0000   92.0000   49.7265   35.4544
132.0000   141.0000   46.1729   13.0907
133.0000   177.0000   28.6362   45.8664
134.0000   173.0000   22.3384   18.4018
135.0000   128.0000   16.3059   49.6835
136.0000   103.0000   38.9271   15.4423
137.0000   180.0000   12.1133   22.3986
138.0000   90.0000   33.3475   27.5013
139.0000   111.0000   29.1087   1.7867
140.0000   145.0000   30.8947   31.3386
141.0000   172.0000   23.0641   36.2615
142.0000   96.0000   34.7674   11.5181
143.0000   133.0000   4.5547   21.3314
144.0000   179.0000   40.3868   36.0085
145.0000   177.0000   25.6732   42.1690
146.0000   171.0000   33.8955   32.7943
147.0000   142.0000   37.2620   16.2715
148.0000   102.0000   23.6664   9.9456
149.0000   167.0000   34.4995   5.3901
150.0000   135.0000   29.0597   16.9827
151.0000   119.0000   35.4964   22.6607
152.0000   138.0000   27.1348   4.0988
153.0000   106.0000   23.0284   14.7656
154.0000   170.0000   42.1322   24.2499
155.0000   154.0000   5.2363   31.3763
156.0000   161.0000   8.0574   42.5610
157.0000   164.0000   16.8174   46.0898
158.0000   121.0000   22.7168   32.5786
159.0000   115.0000   36.4809   17.7103
160.0000   92.0000   44.9393   47.2327
161.0000   155.0000   20.8883   33.0041
162.0000   159.0000   19.7356   43.1510
163.0000   121.0000   10.6879   24.5492
164.0000   152.0000   25.3915   4.6300
165.0000   134.0000   29.1765   10.9695
166.0000   124.0000   40.4310   13.5667
167.0000   141.0000   24.1238   23.7066
168.0000   149.0000   16.7811   39.6895
169.0000   97.0000   46.7898   41.8594
170.0000   102.0000   0.1659   11.3356
171.0000   101.0000   31.9956   10.0865
172.0000   117.0000   27.6751   33.2592
173.0000   127.0000   25.6536   10.6161
174.0000   148.0000   14.1780   46.9518
175.0000   104.0000   33.6925   47.6727
176.0000   105.0000   29.3026   43.3258
177.0000   102.0000   7.9664   11.3099
178.0000   141.0000   48.7836   5.1114
179.0000   113.0000   41.8913   13.0670
180.0000   170.0000   16.0130   47.5890
181.0000   97.0000   18.2342   44.8894
182.0000   127.0000   27.2347   44.3322
183.0000   150.0000   2.2638   48.2191
184.0000   103.0000   24.2070   36.5542
185.0000   150.0000   6.3444   25.9481
186.0000   93.0000   1.9384   12.3848
187.0000   141.0000   23.2989   49.0568
188.0000   118.0000   19.2221   24.9696
189.0000   179.0000   24.4139   19.4174
190.0000   107.0000   40.6154   1.1745
191.0000   148.0000   28.1099   16.1385
192.0000   124.0000   5.4876   39.2647
193.0000   92.0000   8.3371   29.2461
194.0000   122.0000   42.1590   23.5645
195.0000   142.0000   10.5796   28.7523
196.0000   151.0000   48.9749   22.9804
197.0000   155.0000   30.2232   43.1324
198.0000   149.0000   9.1162   0.8609
199.0000   152.0000   35.2968   26.9391
200.0000   132.0000   46.7943   39.9126
201.0000   112.0000   37.4391   46.4255
202.0000   170.0000   49.1102   19.2088
203.0000   148.0000   9.4079   5.7181
204.0000   130.0000   26.7917   10.8191
205.0000   122.0000   33.3962   14.9626
206.0000   147.0000   36.2953   47.9666
207.0000   122.0000   4.9337   27.2520
208.0000   127.0000   42.6343   27.4223
209.0000   136.0000   4.0209   4.8753
210.0000   119.0000   26.5661   36.6618
211.0000   133.0000   14.1870   20.4620
212.0000   160.0000   1.5761   38.9010
213.0000   124.0000   34.5138   1.4775
214.0000   176.0000   47.9956   10.9456
215.0000   94.0000   25.7458   12.2960
216.0000   106.0000   18.9540   2.6828
217.0000   178.0000   8.5811   43.9565
218.0000   169.0000   10.9281   45.4283
219.0000   133.0000   19.7526   4.5218
220.0000   141.0000   26.9073   45.0962
221.0000   99.0000   6.4727   25.7074
222.0000   93.0000   24.9626   16.8546
223.0000   144.0000   1.1969   32.0603
224.0000   92.0000   21.0916   29.0225
225.0000   173.0000   47.4581   39.4114
226.0000   92.0000   2.2652   38.5081
227.0000   164.0000   6.4683   29.1500
228.0000   113.0000   32.7800   47.0299
229.0000   91.0000   34.5639   38.7472
230.0000   91.0000   5.5023   7.5171
231.0000   133.0000   30.4242   31.2749
232.0000   164.0000   12.3311   46.3315
233.0000   100.0000   18.1709   40.7717
234.0000   112.0000   25.1493   15.4799
235.0000   157.0000   34.2960   34.6290
236.0000   91.0000   21.8820   18.0509
237.0000   159.0000   2.5435   4.8068
238.0000   144.0000   21.4381   12.0412
239.0000   136.0000   9.7445   16.3018
240.0000   119.0000   0.2704   44.3220
241.0000   164.0000   25.5781   49.1909
242.0000   165.0000   32.4467   38.8136
243.0000   168.0000   28.1904   5.7572
244.0000   166.0000   35.6722   13.1411
245.0000   157.0000   27.0775   15.9393
246.0000   95.0000   15.6942   32.1645
247.0000   133.0000   36.5622   30.5770
248.0000   134.0000   47.2512   16.8117
249.0000   148.0000   15.1856   44.8353
250.0000   130.0000   46.0651   29.1739
251.0000   96.0000   12.3099   38.3070
252.0000   151.0000   32.0054   6.5296
253.0000   102.0000   48.7095   21.8631
254.0000   142.0000   17.8209   35.1686
255.0000   118.0000   40.4685   43.9631
256.0000   124.0000   37.1060   40.9819
257.0000   142.0000   6.8986   15.4648
258.0000   157.0000   22.8845   28.7701
259.0000   119.0000   29.0573   4.0474
260.0000   132.0000   0.9530   29.6559
261.0000   124.0000   33.4149   33.9887
262.0000   124.0000   41.4653   1.9264
263.0000   100.0000   37.5178   29.4766
264.0000   107.0000   30.8908   36.7607
265.0000   175.0000   15.3579   14.1381
266.0000   122.0000   14.3563   26.5815
267.0000   145.0000   1.8582   27.9310
268.0000   111.0000   38.5715   31.0669
269.0000   103.0000   25.6593   13.9521
270.0000   173.0000   27.5413   29.0583
271.0000   94.0000   18.4448   27.8624
272.0000   133.0000   26.0910   40.0308
273.0000   180.0000   33.9804   2.2086
274.0000   148.0000   14.9279   16.2010
275.0000   177.0000   17.7874   41.9510
276.0000   129.0000   29.5692   49.8871
277.0000   103.0000   12.4838   17.6441
278.0000   103.0000   12.6373   17.0628
279.0000   133.0000   48.9021   10.3374
280.0000   92.0000   17.1383   1.0056
281.0000   133.0000   30.4410   33.3932
282.0000   173.0000   18.0513   45.2834
283.0000   91.0000   44.0979   19.8294
284.0000   98.0000   21.3615   49.3963
285.0000   163.0000   48.7030   39.2933
286.0000   160.0000   5.4035   16.7633
287.0000   102.0000   40.5015   1.3958
288.0000   159.0000   31.9950   4.6036
289.0000   110.0000   17.4037   23.3265
290.0000   129.0000   32.7100   33.7809
291.0000   127.0000   23.9020   31.3145
292.0000   160.0000   26.9806   34.3297
293.0000   122.0000   17.9628   30.1955
294.0000   155.0000   9.4413   40.3380
295.0000   105.0000   3.4422   34.7046
296.0000   94.0000   39.7179   28.1528
297.0000   176.0000   7.0384   46.1457
298.0000   113.0000   43.5844   44.3897
299.0000   101.0000   45.2051   18.5354
300.0000   92.0000   36.1745   45.2231
301.0000   139.0000   18.0662   26.0706
302.0000   141.0000   45.1728   1.4133
303.0000   148.0000   44.7849   23.3215
304.0000   124.0000   10.1318   14.0165
305.0000   126.0000   10.8714   15.2055
306.0000   112.0000   23.8412   4.6457
307.0000   168.0000   27.8203   0.1443
308.0000   168.0000   37.6948   1.1315
309.0000   129.0000   6.3200   5.7823
310.0000   132.0000   38.0506   14.5964
311.0000   96.0000   4.4588   32.8987
312.0000   114.0000   38.0350   7.3719
313.0000   91.0000   2.0151   24.7929
314.0000   132.0000   47.4318   31.5327
315.0000   138.0000   28.5364   42.9959
316.0000   138.0000   36.8400   40.8245
317.0000   93.0000   30.6791   10.1670
318.0000   134.0000   35.5978   36.7079
319.0000   94.0000   26.7791   18.1539
320.0000   165.0000   20.9367   22.3622
321.0000   101.0000   15.5846   12.4103
322.0000   117.0000   6.8810   10.5622
323.0000   105.0000   7.5603   14.5558
324.0000   176.0000   38.0405   0.5996
325.0000   155.0000   36.5329   44.6787
326.0000   123.0000   39.3207   8.9883
327.0000   103.0000   22.8096   7.5159
328.0000   117.0000   12.5192   27.3424
329.0000   132.0000   28.4452   47.2294
330.0000   161.0000   18.7261   3.8041
331.0000   160.0000   30.6031   40.1708
332.0000   147.0000   14.8922   10.1055
333.0000   156.0000   6.6698   41.6178
334.0000   99.0000   1.2108   19.4102
335.0000   135.0000   47.1703   21.6288
336.0000   141.0000   3.7293   3.6411
337.0000   117.0000   11.2566   32.3504
338.0000   148.0000   0.8134   47.6565
339.0000   158.0000   48.7958   21.9206
340.0000   168.0000   3.3592   43.8195
341.0000   133.0000   38.2243   47.9816
342.0000   118.0000   37.6119   22.7453
343.0000   146.0000   16.4523   36.0995
344.0000   129.0000   5.5482   26.1268
345.0000   171.0000   7.0312   4.6753
346.0000   122.0000   16.3444   2.0612
347.0000   161.0000   38.5947   10.7385
348.0000   132.0000   46.0324   11.0269
349.0000   125.0000   13.5353   32.4976
350.0000   170.0000   19.2312   1.6257
351.0000   95.0000   42.5512   10.9901
352.0000   148.0000   31.0490   15.3262
353.0000   110.0000   9.2280   13.1186
354.0000   96.0000   4.0115   21.2582
355.0000   101.0000   40.5424   10.1572
356.0000   96.0000   28.9950   25.6980
357.0000   100.0000   14.2719   43.9748
358.0000   119.0000   7.3219   9.4483
359.0000   111.0000   20.2411   25.5573
360.0000   112.0000   29.5066   17.1314
361.0000   175.0000   4.4164   25.2592
362.0000   120.0000   19.5952   49.0034
363.0000   135.0000   33.7530   45.4494
364.0000   179.0000   28.6157   40.8469
365.0000   120.0000   29.4699   31.1430
366.0000   169.0000   16.1085   21.7065
367.0000   173.0000   19.8787   14.6852
368.0000   148.0000   47.8894   24.1892
369.0000   174.0000   27.4171   30.5384
370.0000   112.0000   18.2173   13.7930
371.0000   105.0000   20.0836   10.6136
372.0000   174.0000   12.5514   25.7293
373.0000   117.0000   43.5848   35.5106
374.0000   105.0000   49.4678   13.9039
375.0000   151.0000   46.0324   16.8123
376.0000   166.0000   16.2128   21.6487
377.0000   149.0000   35.7885   36.2706
378.0000   95.0000   48.4892   0.1140
379.0000   176.0000   35.7952   35.6898
380.0000   142.0000   16.7898   45.9943
381.0000   123.0000   47.4344   32.7530
382.0000   106.0000   35.6067   23.5520
383.0000   145.0000   41.8789   21.4449
384.0000   135.0000   42.5011   6.1421
385.0000   167.0000   0.3408   20.0080
386.0000   178.0000   12.3836   5.8018
387.0000   167.0000   7.7812   35.9270
388.0000   154.0000   38.7168   35.5857
389.0000   90.0000   19.6779   47.5628
390.0000   161.0000   31.7006   34.9820
391.0000   92.0000   22.9128   2.1662
392.0000   129.0000   5.2195   18.8634
393.0000   95.0000   32.5716   31.6282
394.0000   175.0000   38.4656   37.1292
395.0000   94.0000   15.7266   44.2502
396.0000   173.0000   0.2414   45.7494
397.0000   104.0000   29.8150   32.7895
398.0000   180.0000   7.6409   12.1732
399.0000   137.0000   7.1419   1.8770
400.0000   174.0000   32.4491   44.7872
401.0000   139.0000   16.1951   20.1170
402.0000   99.0000   39.3717   42.8521
403.0000   132.0000   6.8093   11.3755
404.0000   174.0000   44.0021   31.1248
405.0000   145.0000   40.2581   43.4435
406.0000   141.0000   1.8754   24.2579
407.0000   142.0000   3.9960   7.7842
408.0000   172.0000   25.8592   6.5996
409.0000   144.0000   9.9052   36.0937
410.0000   108.0000   16.4740   19.0810
411.0000   95.0000   17.4807   23.2459
412.0000   92.0000   2.7896   31.2034
413.0000   173.0000   33.4437   37.6125
414.0000   109.0000   43.5603   9.0486
415.0000   119.0000   13.1527   12.1018
416.0000   108.0000   33.6808   15.2445
417.0000   100.0000   40.1386   5.3113
418.0000   139.0000   24.1945   24.3163
419.0000   129.0000   48.6749   46.9279
420.0000   175.0000   35.2950   42.4541
421.0000   177.0000   25.3123   14.1439
422.0000   166.0000   49.4533   44.1702
423.0000   110.0000   40.0185   19.3105
424.0000   159.0000   31.7382   2.5447
425.0000   149.0000   46.2593   34.7136
426.0000   100.0000   33.6258   18.9363
427.0000   119.0000   1.8496   0.9322
428.0000   126.0000   19.8084   5.0338
429.0000   92.0000   34.3409   17.4021
430.0000   121.0000   31.1284   35.1173
431.0000   176.0000   38.5130   30.4349
432.0000   98.0000   48.4606   26.5203
433.0000   158.0000   11.1502   31.2771
434.0000   166.0000   16.2547   37.7663
435.0000   145.0000   26.1441   14.3864
436.0000   146.0000   28.0142   2.0636
437.0000   153.0000   8.3728   38.0971
438.0000   157.0000   32.6128   24.3932
439.0000   172.0000   21.8379   23.0072
440.0000   114.0000   39.1019   41.7177
441.0000   153.0000   18.9968   40.9563
442.0000   96.0000   32.9117   20.8184
443.0000   144.0000   30.9430   40.6286
444.0000   163.0000   24.9090   0.7610
445.0000   164.0000   27.5148   11.7518
446.0000   127.0000   33.8652   3.8885
447.0000   179.0000   27.7959   23.5796
448.0000   125.0000   49.4190   4.0036
449.0000   123.0000   36.6012   4.3137
450.0000   143.0000   28.4091   40.4011
