0.0000   0.0000   0.0000   0.0000
1.0000   100.0000   41.0917   1.3097
2.0000   50.0000   20.5259   42.8231
3.0000   126.0000   7.2077   27.3353
4.0000   55.0000   6.3292   4.7676
5.0000   56.0000   25.9695   43.3795
6.0000   115.0000   21.9587   47.1524
7.0000   94.0000   3.2204   29.7018
8.0000   57.0000   12.2359   17.2845
9.0000   53.0000   45.1391   31.6510
10.0000   129.0000   43.5746   17.0554
11.0000   72.0000   15.8023   21.5627
12.0000   54.0000   9.0129   37.3649
13.0000   57.0000   4.6934   18.7207
14.0000   112.0000   43.2721   33.1547
15.0000   113.0000   3.8405   20.0829
16.0000   125.0000   35.9476   41.2574
17.0000   71.0000   34.4439   15.2304
18.0000   124.0000   15.5661   7.3956
19.0000   50.0000   16.3925   49.7588
20.0000   125.0000   2.5287   34.4892
21.0000   63.0000   26.2112   6.3631
22.0000   75.0000   42.0226   23.9738
23.0000   82.0000   19.1142   29.2816
24.0000   78.0000   47.3061   24.1425
25.0000   68.0000   0.8313   5.5025
26.0000   75.0000   14.2241   11.2376
27.0000   123.0000   30.2446   29.5953
28.0000   134.0000   12.8660   23.5682
29.0000   130.0000   23.6702   36.2412
30.0000   139.0000   13.1968   8.4699
31.0000   89.0000   39.3780   34.0998
32.0000   138.0000   30.0091   26.6567
33.0000   50.0000   41.4923   15.9847
34.0000   118.0000   7.4451   5.1193
35.0000   59.0000   26.3158   42.5420
36.0000   110.0000   21.8195   8.2702
37.0000   120.0000   4.7820   20.4541
38.0000   82.0000   16.4345   37.0244
39.0000   123.0000   45.7785   1.9981
40.0000   91.0000   16.8249   35.9669
41.0000   101.0000   11.2406   19.5677
42.0000   111.0000   33.3675   41.0721
43.0000   90.0000   21.2749   44.4488
44.0000   95.0000   22.0511   28.7887
45.0000   58.0000   41.1935   5.3739
46.0000   79.0000   6.6396   30.4526
47.0000   80.0000   49.9750   21.5114
48.0000   110.0000   3.1602   30.3755
49.0000   92.0000   13.5231   26.4183
50.0000   71.0000   12.9708   40.2219
51.0000   94.0000   23.7437   32.9071
52.0000   56.0000   35.1653   18.9203
53.0000   128.0000   41.3688   20.1552
54.0000   134.0000   32.1736   25.8873
55.0000   65.0000   18.0494   28.0866
56.0000   106.0000   10.0867   47.1200
57.0000   81.0000   26.0373   32.9706
58.0000   99.0000   17.0484   43.7871
59.0000   59.0000   5.6449   21.7796
60.0000   105.0000   25.8786   34.2897
61.0000   65.0000   49.1877   43.4333
62.0000   129.0000   1.5006   36.4863
63.0000   138.0000   22.3877   13.6834
64.0000   84.0000   14.8456   33.3789
65.0000   84.0000   30.0638   12.9617
66.0000   91.0000   6.6296   24.8216
67.0000   138.0000   4.8974   3.9932
68.0000   81.0000   23.2665   35.3599
69.0000   132.0000   7.7046   29.7413
70.0000   138.0000   47.6278   10.2863
71.0000   94.0000   21.2271   26.7427
72.0000   135.0000   36.6614   32.9136
73.0000   65.0000   0.8270   34.9664
74.0000   138.0000   4.2592   25.6106
75.0000   139.0000   11.1171   20.6403
76.0000   66.0000   43.9212   7.2842
77.0000   65.0000   14.2238   48.0673
78.0000   74.0000   9.6550   32.0989
79.0000   60.0000   37.1893   7.2774
80.0000   121.0000   35.1389   6.6399
81.0000   51.0000   41.8109   26.4078
82.0000   85.0000   23.7696   24.6529
83.0000   101.0000   45.5619   12.1779
84.0000   89.0000   47.3043   2.8628
85.0000   82.0000   48.1966   43.1497
86.0000   85.0000   9.9899   21.2327
87.0000   89.0000   48.6472   0.5667
88.0000   139.0000   24.0263   18.8022
89.0000   84.0000   1.9358   36.7974
90.0000   96.0000   27.6881   39.7230
91.0000   71.0000   46.9656   2.4639
92.0000   109.0000   32.7426   17.7088
93.0000   109.0000   16.9334   13.8053
94.0000   117.0000   12.1586   47.1492
95.0000   138.0000   15.0816   23.5064
96.0000   75.0000   32.0646   46.9561
97.0000   134.0000   49.8138   47.0298
98.0000   74.0000   40.2497   9.3391
99.0000   129.0000   13.9558   18.8949
100.0000   126.0000   45.3119   15.8146
101.0000   77.0000   12.5861   8.3438
102.0000   121.0000   32.9505   44.5603
103.0000   126.0000   12.6261   21.3863
104.0000   58.0000   1.3193   21.8396
105.0000   62.0000   33.3236   10.5484
106.0000   79.0000   45.3733   10.1562
107.0000   139.0000   46.6002   35.3675
108.0000   132.0000   18.4123   4.6161
109.0000   72.0000   31.4802   39.9823
110.0000   126.0000   33.4843   3.7248
111.0000   58.0000   21.1887   37.1339
112.0000   56.0000   48.3538   17.1828
113.0000   79.0000   34.5411   29.1077
114.0000   131.0000   41.2144   39.0933
115.0000   139.0000   42.5689   27.6616
116.0000   57.0000   34.9935   28.9958
117.0000   107.0000   3.8198   28.0814
118.0000   122.0000   4.0944   5.5904
119.0000   66.0000   30.0017   0.8043
120.0000   135.0000   3.5052   10.5040
121.0000   135.0000   23.9089   8.3341
122.0000   105.0000   7.8879   17.0046
123.0000   122.0000   39.5520   11.3143
124.0000   138.0000   3.9640   21.8468
125.0000   119.0000   12.7000   25.7729
126.0000   67.0000   47.6007   20.7667
127.0000   57.0000   28.8310   26.8460
128.0000   126.0000   37.5558   48.1253
129.0000   62.0000   44.0251   34.4273
130.0000   93.0000   19.4330   32.1483
131.0000   84.0000   47.9474   36.9930
132.0000   56.0000   40.0673   43.7238
133.0000   90.0000   44.6715   24.3032
134.0000   108.0000   0.4544   44.7631
135.0000   111.0000   35.3342   16.9404
136.0000   83.0000   23.1984   5.4234
137.0000   124.0000   22.2346   40.3377
138.0000   54.0000   9.9424   37.1450
139.0000   126.0000   27.1735   46.6507
140.0000   59.0000   24.7158   47.4050
141.0000   86.0000   35.7656   11.6829
142.0000   98.0000   5.2929   25.9778
143.0000   82.0000   2.1388   3.1982
144.0000   66.0000   0.7449   32.7326
145.0000   110.0000   15.4840   17.9338
146.0000   78.0000   30.2973   0.5322
147.0000   99.0000   6.9357   15.9211
148.0000   108.0000   37.0718   45.2016
149.0000   72.0000   26.5008   38.3275
150.0000   82.0000   11.8857   17.7770
151.0000   69.0000   18.8541   23.4673
152.0000   117.0000   41.9498   19.3171
153.0000   54.0000   20.0939   1.4938
154.0000   112.0000   39.0250   6.8064
155.0000   123.0000   24.5406   46.0024
156.0000   112.0000   11.4791   37.0671
157.0000   138.0000   21.4484   21.2542
158.0000   68.0000   16.0610   37.3974
159.0000   105.0000   35.9695   14.6550
160.0000   116.0000   23.5292   29.8907
161.0000   109.0000   23.8820   27.1037
162.0000   64.0000   24.8905   46.2302
163.0000   102.0000   17.0393   29.5818
164.0000   90.0000   16.9897   40.6640
165.0000   122.0000   16.2211   7.3875
166.0000   120.0000   22.1810   11.1591
167.0000   97.0000   0.9689   33.7891
168.0000   88.0000   41.5589   49.8045
169.0000   90.0000   34.0273   15.4749
170.0000   96.0000   11.1091   1.5466
171.0000   98.0000   36.1727   21.4127
172.0000   126.0000   35.7731   6.4716
173.0000   130.0000   41.8476   19.2750
174.0000   81.0000   42.4525   39.9679
175.0000   131.0000   40.9149   30.5595
176.0000   51.0000   21.1160   36.3257
177.0000   95.0000   0.8672   42.8703
178.0000   85.0000   0.0503   32.2600
179.0000   76.0000   46.9548   18.3802
180.0000   113.0000   46.7561   17.0666
181.0000   139.0000   32.2667   16.9757
182.0000   86.0000   12.2554   37.4898
183.0000   92.0000   19.7117   13.7429
184.0000   97.0000   21.8044   44.3131
185.0000   102.0000   10.7887   32.6509
186.0000   95.0000   5.1105   44.9550
187.0000   52.0000   48.5477   33.5097
188.0000   86.0000   48.5462   12.7020
189.0000   140.0000   4.5869   24.3926
190.0000   114.0000   28.7901   32.9017
191.0000   54.0000   17.7904   16.5806
192.0000   97.0000   11.3573   2.3882
193.0000   111.0000   24.3981   49.7445
194.0000   100.0000   8.4382   1.9836
195.0000   55.0000   26.6077   46.2761
196.0000   138.0000   41.1293   28.6970
197.0000   140.0000   44.3974   35.9529
198.0000   68.0000   34.3704   45.9357
199.0000   95.0000   0.3115   28.5344
200.0000   111.0000   7.5329   7.9246
201.0000   133.0000   4.8463   26.7417
202.0000   68.0000   27.3167   12.5486
203.0000   111.0000   4.0496   41.8942
204.0000   89.0000   29.7048   6.1405
205.0000   116.0000   30.1374   25.9078
206.0000   101.0000   23.3715   41.3598
207.0000   85.0000   49.6658   16.3879
208.0000   127.0000   29.1909   1.2135
209.0000   93.0000   30.9448   22.5389
210.0000   61.0000   10.4114   39.7914
211.0000   88.0000   3.5910   22.5023
212.0000   81.0000   43.6553   17.7826
213.0000   131.0000   21.0371   31.3188
214.0000   89.0000   47.2346   15.3004
215.0000   76.0000   21.3747   24.0129
216.0000   132.0000   48.1265   14.9308
217.0000   57.0000   38.5372   7.6633
218.0000   78.0000   33.7028   47.5131
219.0000   64.0000   38.5041   47.5629
220.0000   85.0000   14.8357   37.7473
221.0000   140.0000   23.3169   23.8785
222.0000   71.0000   11.7036   38.8121
223.0000   76.0000   33.7062   7.6176
224.0000   74.0000   22.0202   42.4288
225.0000   51.0000   12.7645   28.5977
226.0000   106.0000   34.6531   34.0731
227.0000   130.0000   4.8846   23.3387
228.0000   101.0000   20.1722   19.3884
229.0000   128.0000   33.3419   35.8083
230.0000   89.0000   15.3482   3.2571
231.0000   133.0000   4.7490   23.6683
232.0000   102.0000   36.2305   23.3927
233.0000   80.0000   19.9962   24.8657
234.0000   62.0000   34.5308   23.3003
235.0000   60.0000   22.3397   39.0326
236.0000   87.0000   30.3114   33.9488
237.0000   88.0000   7.7130   38.2812
238.0000   138.0000   16.3329   19.7371
239.0000   55.0000   10.6100   31.9950
240.0000   120.0000   40.2981   8.6528
241.0000   73.0000   43.2016   28.0931
242.0000   57.0000   16.9747   34.6495
243.0000   79.0000   47.9861   33.7127
244.0000   130.0000   41.0068   44.7416
245.0000   64.0000   40.2325   17.8712
246.0000   61.0000   22.9167   23.6392
247.0000   132.0000   34.4923   30.3348
248.0000   126.0000   7.0646   16.9280
249.0000   100.0000   36.4115   20.9619
250.0000   68.0000   48.7095   36.5305
251.0000   56.0000   32.4007   22.5805
252.0000   90.0000   49.2954   36.9073
253.0000   99.0000   43.6638   0.3632
254.0000   80.0000   10.4127   10.9112
255.0000   127.0000   15.6746   11.6452
256.0000   129.0000   26.5493   40.0094
257.0000   75.0000   31.5009   47.3864
258.0000   81.0000   1.2122   11.7690
259.0000   61.0000   26.3184   39.2609
260.0000   101.0000   10.3970   26.1303
261.0000   77.0000   36.8647   11.2058
262.0000   135.0000   36.0143   39.5234
263.0000   106.0000   7.7862   16.5276
264.0000   93.0000   19.1456   8.6208
265.0000   123.0000   27.5865   33.4637
266.0000   93.0000   46.9228   22.7682
267.0000   129.0000   4.9340   24.0251
268.0000   56.0000   1.9212   49.2224
269.0000   80.0000   29.5190   44.0318
270.0000   87.0000   45.0039   26.2592
271.0000   92.0000   40.5007   40.3243
272.0000   111.0000   3.8835   8.0787
273.0000   71.0000   38.7335   37.0195
274.0000   92.0000   5.8442   8.5883
275.0000   90.0000   2.9404   29.4801
276.0000   53.0000   31.5263   10.5774
277.0000   56.0000   31.2724   19.3435
278.0000   139.0000   10.4449   17.1781
279.0000   60.0000   35.8500   14.6699
280.0000   125.0000   39.0619   20.4653
281.0000   77.0000   31.6698   3.3680
282.0000   99.0000   43.2530   26.0526
283.0000   52.0000   28.6543   37.6118
284.0000   106.0000   0.1765   37.1733
285.0000   139.0000   30.3469   25.8112
286.0000   74.0000   14.4992   18.7308
287.0000   94.0000   0.3382   42.1216
288.0000   86.0000   39.2038   37.3176
289.0000   104.0000   42.1822   22.2542
290.0000   63.0000   1.8130   36.4439
291.0000   118.0000   24.8277   7.1924
292.0000   92.0000   2.7231   34.4200
293.0000   68.0000   37.3232   11.1611
294.0000   132.0000   41.5365   16.1492
295.0000   75.0000   7.6609   1.6727
296.0000   63.0000   12.0107   27.1115
297.0000   83.0000   32.1591   44.3634
298.0000   75.0000   16.6436   10.1676
299.0000   56.0000   7.4516   28.4559
300.0000   134.0000   40.5487   13.5992
301.0000   60.0000   32.5876   16.5172
302.0000   63.0000   29.1082   11.2760
303.0000   116.0000   20.2261   33.3831
304.0000   120.0000   2.4518   33.3528
305.0000   121.0000   28.1454   24.8770
306.0000   139.0000   47.9104   29.2840
307.0000   128.0000   4.8599   43.8083
308.0000   69.0000   0.9195   37.7248
309.0000   99.0000   20.9555   18.7018
310.0000   96.0000   8.6025   37.7432
311.0000   136.0000   47.2457   25.7763
312.0000   135.0000   22.0867   33.5848
313.0000   110.0000   13.3354   12.1896
314.0000   115.0000   16.3555   1.8029
315.0000   53.0000   43.7289   11.0539
316.0000   135.0000   9.1574   17.2155
317.0000   84.0000   38.6876   3.1689
318.0000   131.0000   36.0208   46.4329
319.0000   82.0000   30.2012   5.6393
320.0000   82.0000   27.9222   43.5345
321.0000   69.0000   9.4011   7.9232
322.0000   96.0000   15.5984   47.5793
323.0000   134.0000   25.4841   14.4618
324.0000   75.0000   41.0634   26.7494
325.0000   129.0000   42.7806   47.1659
326.0000   66.0000   34.5477   1.6142
327.0000   129.0000   3.7483   18.1102
328.0000   107.0000   22.6235   5.8883
329.0000   97.0000   10.9422   6.1293
330.0000   139.0000   10.0345   31.8657
331.0000   87.0000   7.1268   39.2195
332.0000   69.0000   46.8855   20.8047
333.0000   81.0000   25.6263   20.1230
334.0000   109.0000   36.4656   13.5503
335.0000   56.0000   0.8917   37.5530
336.0000   72.0000   30.4207   30.4681
337.0000   59.0000   43.7842   43.9390
338.0000   121.0000   42.1176   14.0174
339.0000   95.0000   44.7086   12.4520
340.0000   99.0000   21.7383   17.3275
341.0000   109.0000   28.1747   0.7139
342.0000   108.0000   21.4828   24.7751
343.0000   121.0000   13.1872   36.8094
344.0000   139.0000   31.3826   12.1297
345.0000   54.0000   30.4739   12.8982
346.0000   57.0000   28.3342   48.6108
347.0000   90.0000   38.5960   23.5780
348.0000   140.0000   22.6113   6.2012
349.0000   92.0000   24.1135   33.6773
350.0000   103.0000   16.4296   41.1851
351.0000   81.0000   36.9390   23.1664
352.0000   111.0000   49.2647   41.0483
353.0000   80.0000   23.1957   13.4265
354.0000   117.0000   47.8580   27.6929
355.0000   94.0000   14.5066   26.8130
356.0000   130.0000   14.6506   35.9969
357.0000   83.0000   23.0671   20.2160
358.0000   70.0000   35.2421   29.9868
359.0000   65.0000   26.0293   25.4098
360.0000   127.0000   25.7294   46.9847
361.0000   102.0000   10.0017   21.3063
362.0000   113.0000   10.2274   11.5825
363.0000   81.0000   29.6759   34.0411
364.0000   93.0000   32.7645   46.6525
365.0000   57.0000   43.2288   17.7716
366.0000   115.0000   41.4403   2.5643
367.0000   67.0000   15.4467   13.5489
368.0000   137.0000   24.8591   49.1428
369.0000   104.0000   0.5496   37.4331
370.0000   111.0000   25.9125   26.7989
371.0000   74.0000   31.9171   47.6447
372.0000   107.0000   15.4166   18.8364
373.0000   119.0000   21.1758   37.0378
374.0000   96.0000   6.0556   7.0351
375.0000   108.0000   1.2833   11.8325
376.0000   125.0000   33.2164   16.7612
377.0000   65.0000   23.5860   5.8123
378.0000   83.0000   32.5847   23.6470
379.0000   140.0000   13.4935   16.1516
380.0000   107.0000   40.3288   48.9386
381.0000   57.0000   41.6732   11.4549
382.0000   81.0000   49.1721   46.1374
383.0000   114.0000   15.9728   14.4858
384.0000   69.0000   36.2408   30.2641
385.0000   54.0000   44.4808   35.4423
386.0000   89.0000   17.0737   35.0592
387.0000   110.0000   3.2692   26.5822
388.0000   64.0000   0.6326   34.1238
389.0000   76.0000   38.0994   22.4655
390.0000   108.0000   48.5657   1.6101
391.0000   75.0000   3.0021   17.5071
392.0000   68.0000   14.5732   46.0972
393.0000   53.0000   26.7767   38.6232
394.0000   119.0000   39.0369   21.6729
395.0000   54.0000   25.4187   45.6600
396.0000   55.0000   20.5986   38.3490
397.0000   63.0000   45.8078   45.7666
398.0000   88.0000   38.1699   4.8730
399.0000   101.0000   48.4333   10.6212
400.0000   103.0000   3.4118   49.1453
401.0000   114.0000   36.2250   44.4165
402.0000   115.0000   24.0479   40.0093
403.0000   82.0000   21.6283   42.4989
404.0000   87.0000   23.3325   46.7086
405.0000   128.0000   19.5773   40.4896
406.0000   89.0000   48.2958   3.3822
407.0000   130.0000   42.1802   13.3048
408.0000   56.0000   38.4507   24.3613
409.0000   118.0000   27.2885   37.9130
410.0000   71.0000   30.9970   41.9640
411.0000   137.0000   3.7158   6.1601
412.0000   112.0000   43.1477   6.0031
413.0000   75.0000   48.0296   0.2048
414.0000   129.0000   6.4778   29.8550
415.0000   60.0000   4.4700   28.5281
416.0000   130.0000   8.0202   23.4620
417.0000   95.0000   44.4357   20.1910
418.0000   86.0000   18.7072   25.9727
419.0000   123.0000   47.5950   34.6082
420.0000   108.0000   42.2143   42.8042
421.0000   69.0000   3.3244   10.6706
422.0000   135.0000   21.2561   10.6809
423.0000   120.0000   8.4530   28.3094
424.0000   118.0000   5.1657   24.5452
425.0000   58.0000   47.5439   44.2955
426.0000   95.0000   44.0080   1.3444
427.0000   109.0000   19.8203   25.0265
428.0000   101.0000   27.0242   29.5570
429.0000   135.0000   30.5804   40.4947
430.0000   127.0000   39.9726   5.3225
431.0000   91.0000   11.3407   3.4759
432.0000   60.0000   34.4825   49.3973
433.0000   55.0000   6.4492   39.5335
434.0000   54.0000   43.9243   3.8504
435.0000   94.0000   5.1214   1.2310
436.0000   136.0000   19.0882   14.2437
437.0000   129.0000   6.7191   26.7795
438.0000   61.0000   15.5040   14.8171
439.0000   134.0000   27.3787   20.8082
440.0000   58.0000   19.7659   49.0754
441.0000   104.0000   19.4244   5.4418
442.0000   90.0000   49.2965   48.7626
443.0000   131.0000   28.6524   16.2192
444.0000   59.0000   22.6332   47.1577
445.0000   113.0000   7.8134   11.8119
446.0000   119.0000   31.1341   32.9531
447.0000   62.0000   34.4175   2.7773
448.0000   76.0000   16.6645   41.5321
449.0000   63.0000   13.1155   26.3939
450.0000   102.0000   23.5692   29.4174
