0.0000   0.0000   0.0000   0.0000
1.0000   85.0000   18.9494   17.2593
2.0000   114.0000   14.5681   40.6878
3.0000   110.0000   49.0647   26.9269
4.0000   89.0000   36.6455   3.5034
5.0000   98.0000   40.1297   16.3158
6.0000   142.0000   12.1867   6.8594
7.0000   121.0000   16.7086   34.8338
8.0000   108.0000   16.1587   41.4324
9.0000   140.0000   14.2911   29.5155
10.0000   92.0000   7.7116   1.9396
11.0000   105.0000   28.4521   13.6580
12.0000   84.0000   21.2193   14.3973
13.0000   105.0000   14.7788   35.3913
14.0000   62.0000   9.5360   44.0672
15.0000   92.0000   10.0862   14.6584
16.0000   87.0000   30.6005   8.4632
17.0000   85.0000   18.0077   7.8278
18.0000   80.0000   40.2359   11.7416
19.0000   98.0000   0.0574   23.1037
20.0000   150.0000   19.1914   32.2272
21.0000   120.0000   47.5387   38.7015
22.0000   135.0000   37.4580   10.2066
23.0000   115.0000   16.3155   33.6826
24.0000   77.0000   31.5221   36.4737
25.0000   75.0000   41.4430   6.9267
26.0000   140.0000   35.6731   7.8024
27.0000   73.0000   24.2085   2.8266
28.0000   84.0000   26.1505   42.7888
29.0000   103.0000   49.5875   36.3771
30.0000   66.0000   32.6812   21.3538
31.0000   95.0000   18.5364   46.8768
32.0000   74.0000   35.1248   36.8990
33.0000   87.0000   20.9849   47.8071
34.0000   91.0000   18.3834   24.3206
35.0000   126.0000   28.8640   1.1326
36.0000   79.0000   32.6600   40.4199
37.0000   90.0000   39.4516   19.7165
38.0000   100.0000   18.2108   47.4634
39.0000   117.0000   38.4488   43.2841
40.0000   70.0000   43.2182   13.6731
41.0000   109.0000   6.5722   10.4894
42.0000   112.0000   49.9976   49.1867
43.0000   130.0000   18.4189   49.0406
44.0000   143.0000   17.3233   47.0821
45.0000   132.0000   33.5340   6.0027
46.0000   67.0000   19.7722   15.3576
47.0000   104.0000   25.2375   43.1678
48.0000   94.0000   35.2515   7.6566
49.0000   92.0000   10.0449   19.2847
50.0000   90.0000   48.6095   21.1403
51.0000   77.0000   12.9290   25.8215
52.0000   89.0000   30.8279   49.3082
53.0000   67.0000   44.4709   48.2959
54.0000   102.0000   25.5294   4.0252
55.0000   144.0000   37.7420   20.2771
56.0000   89.0000   10.2525   26.2657
57.0000   115.0000   43.6333   4.0803
58.0000   101.0000   5.7546   38.2116
59.0000   76.0000   21.6101   39.7463
60.0000   149.0000   18.9295   42.5222
61.0000   122.0000   0.6933   30.2962
62.0000   102.0000   2.4663   48.9288
63.0000   147.0000   2.5263   0.2748
64.0000   129.0000   34.6336   2.6166
65.0000   96.0000   25.3319   6.2773
66.0000   92.0000   18.5708   4.4329
67.0000   84.0000   13.0596   8.9588
68.0000   62.0000   31.3798   30.9061
69.0000   88.0000   28.5535   48.0401
70.0000   122.0000   30.4437   26.4577
71.0000   111.0000   46.4221   36.6766
72.0000   118.0000   30.1911   12.6596
73.0000   71.0000   30.8280   22.9150
74.0000   67.0000   41.3158   43.7151
75.0000   75.0000   36.8774   20.8888
76.0000   88.0000   17.7002   37.0191
77.0000   103.0000   10.0847   34.8665
78.0000   103.0000   38.0704   36.4446
79.0000   95.0000   12.1275   22.8260
80.0000   122.0000   0.2419   44.4425
81.0000   136.0000   4.5685   3.4911
82.0000   97.0000   8.3693   1.8301
83.0000   63.0000   14.1331   10.0552
84.0000   93.0000   23.4310   9.4617
85.0000   102.0000   28.2200   37.9820
86.0000   95.0000   40.8219   0.8439
87.0000   85.0000   3.5173   47.0760
88.0000   99.0000   42.8120   15.2616
89.0000   105.0000   29.1091   0.7709
90.0000   62.0000   17.7353   23.2289
91.0000   92.0000   3.1495   28.4373
92.0000   143.0000   2.1115   22.7722
93.0000   129.0000   21.2935   19.9161
94.0000   67.0000   41.1252   20.7466
95.0000   150.0000   12.3157   8.8277
96.0000   146.0000   5.0561   4.6252
97.0000   64.0000   41.1516   21.1694
98.0000   75.0000   31.8293   13.2904
99.0000   113.0000   41.8425   42.7531
100.0000   135.0000   5.1307   35.9956
101.0000   140.0000   43.9743   35.6757
102.0000   145.0000   43.1121   8.5561
103.0000   91.0000   29.6079   45.0936
104.0000   115.0000   3.6063   9.6147
105.0000   90.0000   35.9818   27.9313
106.0000   141.0000   24.1780   20.3464
107.0000   79.0000   14.6322   18.8761
108.0000   115.0000   11.2456   16.3022
109.0000   149.0000   16.5147   44.6287
110.0000   92.0000   5.4253   48.5179
111.0000   110.0000   12.5332   42.8115
112.0000   80.0000   47.9972   34.8218
113.0000   102.0000   5.9944   11.7395
114.0000   85.0000   42.4957   41.5217
115.0000   117.0000   9.8984   11.9558
116.0000   100.0000   48.7749   20.1138
117.0000   119.0000   35.8098   6.4515
118.0000   84.0000   29.9311   30.2073
119.0000   74.0000   31.0463   3.2261
120.0000   63.0000   2.1014   12.7124
121.0000   74.0000   16.0057   1.9981
122.0000   124.0000   44.5699   32.4355
123.0000   84.0000   44.3770   27.2472
124.0000   63.0000   43.3236   19.1246
125.0000   149.0000   36.1235   12.8973
126.0000   130.0000   47.1247   39.5768
127.0000   146.0000   0.0714   6.9377
128.0000   109.0000   2.6090   18.6044
129.0000   109.0000   15.7985   20.6352
130.0000   61.0000   31.6540   23.6301
131.0000   98.0000   0.4324   30.7405
132.0000   145.0000   23.9858   30.4840
133.0000   66.0000   11.6014   16.8500
134.0000   137.0000   23.9240   4.8336
135.0000   134.0000   11.4790   20.6290
136.0000   99.0000   12.0971   37.4768
137.0000   149.0000   16.4805   24.7318
138.0000   129.0000   33.5167   49.4183
139.0000   93.0000   18.3586   14.7450
140.0000   82.0000   8.8188   12.1201
141.0000   72.0000   19.1241   0.2434
142.0000   132.0000   6.6116   15.7074
143.0000   84.0000   45.1318   44.6071
144.0000   106.0000   37.7804   3.4990
145.0000   93.0000   5.4010   13.7969
146.0000   66.0000   5.1769   28.8804
147.0000   102.0000   9.2912   17.6850
148.0000   66.0000   9.0436   15.1393
149.0000   101.0000   25.7996   19.9659
150.0000   100.0000   48.6785   28.5573
151.0000   146.0000   29.0831   12.9896
152.0000   72.0000   41.3285   9.0974
153.0000   75.0000   36.0131   30.2138
154.0000   143.0000   0.4603   27.3348
155.0000   133.0000   15.3900   11.6612
156.0000   139.0000   12.8542   8.1914
157.0000   127.0000   24.8227   32.7592
158.0000   68.0000   25.8577   45.1878
159.0000   91.0000   13.3027   42.2826
160.0000   94.0000   33.6151   39.1929
161.0000   129.0000   16.9960   0.3329
162.0000   86.0000   20.3085   13.8561
163.0000   132.0000   15.4270   10.5549
164.0000   127.0000   3.0012   19.5420
165.0000   120.0000   7.0895   44.5889
166.0000   99.0000   27.7323   34.9438
167.0000   132.0000   21.4996   35.6652
168.0000   108.0000   31.8644   26.6198
169.0000   89.0000   38.2522   0.3957
170.0000   112.0000   31.9193   12.4649
171.0000   109.0000   1.1645   32.4034
172.0000   94.0000   37.1190   37.6774
173.0000   115.0000   45.1008   17.2228
174.0000   119.0000   4.4920   10.1602
175.0000   108.0000   4.6081   13.4658
176.0000   134.0000   7.1482   45.4425
177.0000   114.0000   40.8912   46.5707
178.0000   136.0000   8.6889   3.5754
179.0000   134.0000   41.3483   34.8218
180.0000   77.0000   47.5767   3.7709
181.0000   127.0000   32.3946   41.3838
182.0000   142.0000   7.1339   1.9407
183.0000   93.0000   16.3533   45.2987
184.0000   85.0000   0.3257   26.5516
185.0000   148.0000   20.6305   48.0472
186.0000   132.0000   21.8573   45.9264
187.0000   132.0000   24.4171   40.6290
188.0000   141.0000   43.9963   37.5872
189.0000   103.0000   37.2180   39.0154
190.0000   136.0000   47.6645   17.4410
191.0000   121.0000   49.3132   22.3846
192.0000   122.0000   30.9481   24.2159
193.0000   69.0000   16.3279   31.7317
194.0000   95.0000   9.1363   39.1692
195.0000   118.0000   9.6886   11.5806
196.0000   65.0000   34.4310   28.8432
197.0000   94.0000   35.4154   44.5469
198.0000   90.0000   0.1614   47.5054
199.0000   116.0000   27.9709   28.2627
200.0000   110.0000   14.9500   0.7289
