0.0000   0.0000   50.0000   50.0000
1.0000   73.0000   11.2044   23.7779
2.0000   79.0000   18.1833   31.2298
3.0000   31.0000   28.8400   94.5674
4.0000   80.0000   54.9074   98.3831
5.0000   16.0000   45.2790   73.1439
6.0000   67.0000   17.9280   97.8315
7.0000   27.0000   9.9686   58.4712
8.0000   30.0000   96.0919   86.8434
9.0000   97.0000   46.0786   53.1850
10.0000   81.0000   81.5780   29.2320
11.0000   69.0000   66.8459   92.2460
12.0000   31.0000   45.2928   47.4919
13.0000   14.0000   20.1726   74.4073
14.0000   45.0000   69.7815   97.9892
15.0000   26.0000   61.3111   2.1693
16.0000   59.0000   32.3983   37.1755
17.0000   33.0000   31.7451   31.7997
18.0000   69.0000   69.9524   24.5587
19.0000   27.0000   7.6556   61.0355
20.0000   74.0000   83.9777   92.1059
21.0000   15.0000   25.8831   76.0452
22.0000   71.0000   77.3909   2.6888
23.0000   91.0000   54.9724   11.7850
24.0000   79.0000   41.4140   42.5800
25.0000   77.0000   99.8355   27.5914
26.0000   42.0000   26.9157   38.6463
27.0000   26.0000   48.5312   41.0903
28.0000   77.0000   10.1022   22.7330
29.0000   89.0000   13.2521   2.3223
30.0000   89.0000   18.7248   39.5859
31.0000   49.0000   45.6162   12.0790
32.0000   58.0000   40.1613   26.2481
33.0000   98.0000   28.8468   62.0364
34.0000   39.0000   57.3232   0.7225
35.0000   37.0000   72.6630   56.7978
36.0000   34.0000   23.0545   51.0617
37.0000   41.0000   23.6198   21.3048
38.0000   68.0000   61.6369   75.8455
39.0000   73.0000   63.1172   14.3865
40.0000   17.0000   44.9676   47.1822
41.0000   56.0000   34.4275   4.4135
42.0000   91.0000   69.9677   48.6007
43.0000   32.0000   96.3316   29.0620
44.0000   84.0000   52.4364   39.2955
45.0000   95.0000   93.2136   53.9713
46.0000   61.0000   18.1232   37.1078
47.0000   68.0000   92.5671   65.0914
48.0000   43.0000   8.5564   3.9487
49.0000   34.0000   85.4085   6.1176
50.0000   11.0000   18.7258   80.2973
51.0000   67.0000   79.7439   68.2479
52.0000   45.0000   88.7808   96.5842
53.0000   56.0000   19.0288   86.9482
54.0000   38.0000   64.1215   36.8048
55.0000   65.0000   83.4530   39.5400
56.0000   10.0000   85.4369   35.5441
57.0000   84.0000   65.4494   82.0041
58.0000   69.0000   56.1553   31.7671
59.0000   68.0000   78.9327   48.1558
60.0000   21.0000   77.9000   95.3220
61.0000   48.0000   47.2999   94.4243
62.0000   41.0000   15.0287   75.3530
63.0000   37.0000   42.4376   2.0845
64.0000   31.0000   8.2135   8.0753
65.0000   75.0000   31.5852   36.0482
66.0000   47.0000   70.6726   87.6052
67.0000   62.0000   19.1806   22.4069
68.0000   81.0000   31.5187   35.6318
69.0000   33.0000   65.5580   4.3540
70.0000   47.0000   66.1652   74.2557
71.0000   73.0000   20.7959   80.9033
72.0000   93.0000   8.7096   13.0279
73.0000   56.0000   0.2940   4.7913
74.0000   91.0000   93.0666   58.2039
75.0000   25.0000   25.9520   24.9403
76.0000   45.0000   43.3625   91.8951
77.0000   48.0000   55.6432   14.2633
78.0000   36.0000   46.4782   93.6954
79.0000   77.0000   39.7627   94.7450
80.0000   44.0000   58.4344   43.5083
81.0000   36.0000   19.2966   43.5040
82.0000   97.0000   33.3385   27.5798
83.0000   83.0000   11.6458   36.1165
84.0000   14.0000   42.9682   82.5682
85.0000   28.0000   84.8002   81.1709
86.0000   11.0000   12.5944   54.8962
87.0000   67.0000   50.9501   28.1186
88.0000   54.0000   97.2157   21.0538
89.0000   32.0000   85.9426   70.5821
90.0000   44.0000   7.3476   83.5478
91.0000   66.0000   31.7197   33.7314
92.0000   25.0000   31.5307   32.7600
93.0000   31.0000   93.9053   36.3631
94.0000   91.0000   90.8167   25.6057
95.0000   95.0000   61.9632   4.9374
96.0000   97.0000   33.5353   13.0525
97.0000   30.0000   94.2623   70.8174
98.0000   19.0000   48.2901   95.5221
99.0000   79.0000   71.6890   71.8900
100.0000   37.0000   7.4003   28.7378
101.0000   53.0000   98.5981   38.4385
102.0000   92.0000   62.2060   70.2456
103.0000   28.0000   1.9642   22.1547
104.0000   67.0000   2.4850   64.1633
105.0000   34.0000   64.8112   77.2116
106.0000   81.0000   2.0796   65.5236
107.0000   21.0000   36.9739   8.2765
108.0000   30.0000   62.9179   17.4194
109.0000   92.0000   97.1434   91.5264
110.0000   47.0000   29.7888   82.0591
111.0000   30.0000   77.8446   13.6743
112.0000   88.0000   11.5263   69.2271
113.0000   72.0000   94.9212   71.0574
114.0000   97.0000   67.7983   42.4623
115.0000   91.0000   12.4389   9.6337
116.0000   34.0000   57.7728   98.9202
117.0000   98.0000   14.0716   7.3562
118.0000   16.0000   61.9082   39.4903
119.0000   20.0000   86.4955   47.6707
120.0000   75.0000   89.8916   78.7622
121.0000   47.0000   35.5736   5.9641
122.0000   42.0000   55.2304   59.8771
123.0000   83.0000   81.0411   0.0392
124.0000   17.0000   31.7758   46.5660
125.0000   28.0000   57.4029   51.9722
126.0000   89.0000   4.8740   13.9847
127.0000   83.0000   54.8506   16.6888
128.0000   79.0000   81.2474   23.5762
129.0000   57.0000   66.7508   10.3718
130.0000   97.0000   49.9188   39.8066
131.0000   25.0000   61.3081   36.3255
132.0000   28.0000   28.1806   42.5197
133.0000   23.0000   73.2929   56.1875
134.0000   56.0000   60.3159   90.4345
135.0000   65.0000   16.4657   56.9793
136.0000   60.0000   58.9978   3.7527
137.0000   14.0000   77.4130   13.7329
138.0000   87.0000   68.5986   87.4072
139.0000   34.0000   67.0626   61.6042
140.0000   45.0000   83.4103   29.0238
141.0000   49.0000   97.5039   88.2751
142.0000   28.0000   95.4055   34.8087
143.0000   41.0000   60.2901   95.4785
144.0000   16.0000   61.9004   52.3690
145.0000   82.0000   4.9958   7.6928
146.0000   79.0000   78.4131   95.3508
147.0000   61.0000   44.3012   88.5606
148.0000   13.0000   80.9660   23.0085
149.0000   60.0000   95.5778   51.6310
150.0000   26.0000   26.2898   69.5191
151.0000   25.0000   9.1404   13.1395
152.0000   83.0000   40.2941   76.2624
153.0000   97.0000   12.8238   31.4526
154.0000   78.0000   33.9825   83.0944
155.0000   59.0000   33.7089   2.4774
156.0000   39.0000   75.9840   49.4627
157.0000   29.0000   62.7882   23.1849
158.0000   18.0000   52.4684   29.8845
159.0000   96.0000   83.4521   56.5365
160.0000   49.0000   2.4550   42.5970
161.0000   18.0000   60.4065   96.5266
162.0000   44.0000   21.2906   69.7568
163.0000   43.0000   39.2335   33.4421
164.0000   89.0000   9.5531   33.6153
165.0000   56.0000   74.9034   29.7340
166.0000   94.0000   45.3620   59.4834
167.0000   30.0000   7.8635   29.9592
168.0000   42.0000   47.5706   7.2434
169.0000   73.0000   0.8869   60.7461
170.0000   46.0000   59.4573   48.6584
171.0000   44.0000   46.8562   72.3176
172.0000   43.0000   45.8576   92.0930
173.0000   51.0000   22.9331   14.5242
174.0000   25.0000   85.8088   64.6664
175.0000   23.0000   78.5216   28.0474
176.0000   95.0000   45.1420   73.9970
177.0000   47.0000   92.2594   15.5786
178.0000   94.0000   58.7280   11.5029
179.0000   15.0000   19.8554   21.2038
180.0000   63.0000   1.6873   44.3992
181.0000   86.0000   91.3746   70.2101
182.0000   49.0000   15.4913   11.5839
183.0000   39.0000   8.7078   29.2314
184.0000   19.0000   33.3764   49.9298
185.0000   34.0000   67.0778   58.9302
186.0000   98.0000   12.9899   55.6504
187.0000   89.0000   51.8907   49.4878
188.0000   91.0000   51.5331   22.0388
189.0000   89.0000   0.9700   13.6224
190.0000   67.0000   94.4615   39.5389
191.0000   57.0000   52.1341   19.8437
192.0000   18.0000   38.1778   10.7701
193.0000   69.0000   25.2315   31.3280
194.0000   19.0000   31.5647   49.9161
195.0000   97.0000   82.1827   86.5269
196.0000   99.0000   16.9175   55.8557
197.0000   94.0000   66.1335   92.5816
198.0000   65.0000   20.4779   54.3426
199.0000   90.0000   67.9518   98.3315
200.0000   85.0000   29.8205   79.8092
201.0000   90.0000   17.8710   44.9547
202.0000   83.0000   27.7945   84.9870
203.0000   62.0000   63.0742   84.0897
204.0000   21.0000   96.1329   76.7025
205.0000   91.0000   79.9041   48.1472
206.0000   67.0000   70.2217   82.6959
207.0000   63.0000   49.0196   53.9393
208.0000   80.0000   71.3700   42.1378
209.0000   92.0000   16.0789   67.7432
210.0000   97.0000   68.6022   53.3203
211.0000   86.0000   61.2730   62.6039
212.0000   78.0000   69.0809   26.0808
213.0000   40.0000   43.6995   17.0735
214.0000   79.0000   60.3356   80.2806
215.0000   31.0000   18.9876   23.9725
216.0000   39.0000   17.7065   23.5153
217.0000   63.0000   84.2808   2.5640
218.0000   63.0000   64.4586   78.4716
219.0000   74.0000   50.2747   64.8767
220.0000   30.0000   58.4165   80.0646
221.0000   80.0000   46.4650   84.9650
222.0000   59.0000   48.3034   85.2361
223.0000   17.0000   36.2302   23.1326
224.0000   49.0000   76.1402   58.7954
225.0000   61.0000   80.5833   81.6535
226.0000   30.0000   91.0011   87.8658
227.0000   12.0000   85.8853   22.6880
228.0000   71.0000   97.1535   79.6167
229.0000   75.0000   22.0016   17.6626
230.0000   45.0000   79.7559   74.2759
231.0000   92.0000   18.9354   53.5964
232.0000   50.0000   99.5237   71.3391
233.0000   70.0000   3.0515   30.6091
234.0000   62.0000   13.5816   43.2731
235.0000   93.0000   28.7154   53.9976
236.0000   20.0000   7.0263   27.8655
237.0000   50.0000   74.9199   84.8440
238.0000   88.0000   65.1586   16.6918
239.0000   68.0000   99.1553   51.8157
240.0000   59.0000   21.7054   88.5445
241.0000   30.0000   89.6420   19.9623
242.0000   87.0000   71.9981   62.2172
243.0000   56.0000   83.1417   0.2911
244.0000   97.0000   22.2901   63.8337
245.0000   74.0000   68.4196   76.3397
246.0000   99.0000   7.3315   1.3060
247.0000   73.0000   43.6913   95.8723
248.0000   99.0000   18.4166   7.5156
249.0000   99.0000   61.0391   13.3976
250.0000   92.0000   45.6740   81.6981
