0.0000   0.0000   0.0000   0.0000
1.0000   30.0000   35.1059   45.4466
2.0000   25.0000   35.1520   10.6964
3.0000   65.0000   43.8801   2.7200
4.0000   83.0000   43.9187   13.4893
5.0000   21.0000   22.4092   8.1017
6.0000   85.0000   5.5750   45.4591
7.0000   67.0000   7.2542   28.4513
8.0000   112.0000   45.8767   36.1788
9.0000   42.0000   26.5226   43.9728
10.0000   67.0000   23.0670   13.2542
11.0000   69.0000   39.5621   36.6523
12.0000   67.0000   25.3316   35.0894
13.0000   48.0000   4.6890   42.6178
14.0000   69.0000   15.6564   34.8598
15.0000   110.0000   32.6572   23.5079
16.0000   84.0000   26.3238   7.3164
17.0000   28.0000   6.3393   38.5477
18.0000   62.0000   26.2649   0.3958
19.0000   26.0000   5.0116   20.4368
20.0000   47.0000   10.9935   10.6139
21.0000   77.0000   41.6578   20.9396
22.0000   95.0000   44.6956   4.8908
23.0000   67.0000   7.9461   1.3692
24.0000   41.0000   18.5669   42.0156
25.0000   88.0000   25.7837   43.9601
26.0000   23.0000   40.1439   42.4237
27.0000   50.0000   37.5074   48.9215
28.0000   93.0000   8.0970   17.4090
29.0000   61.0000   28.2025   23.1106
30.0000   30.0000   12.2050   49.1146
31.0000   24.0000   36.0676   20.4809
32.0000   41.0000   15.6973   34.7959
33.0000   22.0000   14.7234   42.3581
34.0000   81.0000   33.8152   20.6809
35.0000   86.0000   49.3488   17.1442
36.0000   43.0000   29.1810   32.4777
37.0000   111.0000   48.2884   6.6116
38.0000   58.0000   12.3744   33.5108
39.0000   118.0000   1.3958   38.3018
40.0000   90.0000   25.1082   41.3924
41.0000   106.0000   17.2737   21.2656
42.0000   52.0000   11.1096   26.4091
43.0000   46.0000   35.9956   24.0236
44.0000   46.0000   23.2669   46.9426
45.0000   43.0000   10.9815   42.9077
46.0000   23.0000   8.6818   32.2708
47.0000   58.0000   23.6779   16.4176
48.0000   118.0000   15.9392   35.0047
49.0000   78.0000   31.3291   32.7317
50.0000   99.0000   19.6386   34.2327
51.0000   93.0000   42.8332   46.3179
52.0000   67.0000   22.6432   12.1694
53.0000   61.0000   49.0967   46.2843
54.0000   47.0000   20.1163   17.1924
55.0000   95.0000   36.8664   34.2535
56.0000   112.0000   40.7857   40.5730
57.0000   92.0000   14.4806   17.7883
58.0000   97.0000   34.3933   29.2656
59.0000   20.0000   38.3502   20.2023
60.0000   42.0000   2.2242   33.2607
61.0000   28.0000   48.4193   0.2029
62.0000   83.0000   30.7171   10.4448
63.0000   25.0000   17.4421   29.6679
64.0000   113.0000   49.4561   20.3241
65.0000   116.0000   13.8407   18.2499
66.0000   114.0000   37.4730   16.4574
67.0000   24.0000   44.3752   18.0048
68.0000   50.0000   0.1113   12.2521
69.0000   117.0000   39.4624   10.1457
70.0000   49.0000   41.1096   36.5084
71.0000   94.0000   17.0262   10.5740
72.0000   49.0000   3.1047   26.5497
73.0000   90.0000   27.8533   0.9273
74.0000   72.0000   39.8427   38.8225
75.0000   79.0000   25.4311   1.1439
76.0000   32.0000   41.5486   1.6654
77.0000   33.0000   38.8492   29.9787
78.0000   61.0000   49.0116   35.3128
79.0000   63.0000   44.8384   1.0257
80.0000   42.0000   4.4974   14.0564
81.0000   88.0000   43.8799   46.4807
82.0000   89.0000   25.2319   22.0328
83.0000   102.0000   40.8922   41.4633
84.0000   54.0000   26.2400   45.5547
85.0000   90.0000   28.8483   8.0476
86.0000   106.0000   31.5695   5.3711
87.0000   23.0000   28.9252   20.4037
88.0000   37.0000   5.5575   18.3704
89.0000   39.0000   13.5245   4.1854
90.0000   33.0000   10.4146   26.8704
91.0000   92.0000   43.3502   1.0767
92.0000   66.0000   33.0036   11.4642
93.0000   29.0000   3.1220   17.9506
94.0000   20.0000   7.8419   33.1863
95.0000   96.0000   32.5024   34.2122
96.0000   73.0000   36.2560   43.3326
97.0000   96.0000   22.6890   18.1405
98.0000   75.0000   43.3690   31.8350
99.0000   69.0000   35.3855   15.0244
100.0000   25.0000   6.5341   38.1293
101.0000   120.0000   41.4530   22.2157
102.0000   54.0000   17.6983   33.5377
103.0000   65.0000   44.7607   26.0180
104.0000   51.0000   18.6668   37.2722
105.0000   87.0000   4.5773   10.1906
106.0000   79.0000   31.8699   37.3307
107.0000   82.0000   8.0466   24.4017
108.0000   61.0000   40.5951   30.0901
109.0000   91.0000   5.5967   30.6935
110.0000   47.0000   24.0834   30.0811
111.0000   60.0000   49.1627   12.2659
112.0000   74.0000   16.3569   7.7353
113.0000   70.0000   27.7483   49.4784
114.0000   107.0000   28.5821   10.2242
115.0000   85.0000   45.1649   21.4740
116.0000   23.0000   38.7830   32.2850
117.0000   63.0000   34.4270   20.0394
118.0000   22.0000   2.8447   28.0706
119.0000   24.0000   13.2570   21.2851
120.0000   82.0000   17.1273   6.8174
121.0000   114.0000   5.1494   10.0709
122.0000   115.0000   39.1634   8.8218
123.0000   70.0000   3.3297   38.7066
124.0000   77.0000   20.2177   25.6372
125.0000   33.0000   9.7501   38.6687
126.0000   107.0000   21.5481   11.1625
127.0000   34.0000   29.1417   27.6062
128.0000   113.0000   33.3218   18.2644
129.0000   90.0000   39.2446   29.1411
130.0000   75.0000   40.3559   6.8005
131.0000   51.0000   24.2907   45.7441
132.0000   32.0000   49.5247   5.3141
133.0000   55.0000   38.7638   6.0698
134.0000   23.0000   22.0926   8.9839
135.0000   117.0000   37.3259   24.6764
136.0000   37.0000   25.1432   48.1002
137.0000   30.0000   44.8465   12.0539
138.0000   118.0000   38.3281   35.2556
139.0000   69.0000   38.0787   25.9445
140.0000   39.0000   48.0774   21.0649
141.0000   59.0000   22.7776   27.5739
142.0000   98.0000   1.0054   8.1628
143.0000   60.0000   38.2575   29.7132
144.0000   110.0000   30.5729   18.7387
145.0000   117.0000   44.5819   11.6275
146.0000   42.0000   30.2355   46.8331
147.0000   70.0000   22.9724   41.1505
148.0000   76.0000   43.1874   44.8672
149.0000   33.0000   46.8490   25.6813
150.0000   74.0000   27.4575   29.3144
151.0000   26.0000   41.7902   12.4381
152.0000   110.0000   13.7619   22.6167
153.0000   58.0000   23.9433   36.5364
154.0000   20.0000   33.9020   19.8152
155.0000   63.0000   28.0466   49.8750
156.0000   62.0000   7.5011   10.8949
157.0000   23.0000   14.1705   27.4119
158.0000   56.0000   21.7347   14.9894
159.0000   42.0000   32.1448   48.5683
160.0000   23.0000   26.3521   28.7301
161.0000   94.0000   44.6447   0.9406
162.0000   56.0000   5.1447   33.6345
163.0000   47.0000   15.4985   36.4975
164.0000   30.0000   30.8059   10.2404
165.0000   116.0000   10.3389   38.0842
166.0000   89.0000   10.9660   47.1345
167.0000   61.0000   35.0891   16.6481
168.0000   62.0000   48.5727   25.3161
169.0000   21.0000   5.4610   2.1780
170.0000   44.0000   3.5167   42.3531
171.0000   49.0000   25.5041   22.3813
172.0000   66.0000   20.0292   18.5489
173.0000   25.0000   10.3537   39.0150
174.0000   84.0000   31.9951   38.7807
175.0000   117.0000   18.9159   18.2028
176.0000   50.0000   49.6100   15.6331
177.0000   20.0000   41.2560   12.3656
178.0000   27.0000   14.6211   14.7968
179.0000   46.0000   17.4614   33.0419
180.0000   62.0000   8.1119   22.7015
181.0000   51.0000   31.2519   37.4145
182.0000   75.0000   0.0196   28.1714
183.0000   116.0000   19.5413   27.8240
184.0000   74.0000   4.3339   41.5054
185.0000   62.0000   25.1807   46.0582
186.0000   110.0000   35.4751   2.7155
187.0000   68.0000   36.7972   8.9688
188.0000   95.0000   15.3642   12.8327
189.0000   79.0000   46.4536   9.9821
190.0000   103.0000   14.6695   43.2641
191.0000   78.0000   7.8804   1.1314
192.0000   62.0000   27.5578   49.4357
193.0000   64.0000   5.2530   36.1691
194.0000   116.0000   8.3586   48.1208
195.0000   75.0000   10.6097   25.4197
196.0000   46.0000   49.2587   9.2508
197.0000   93.0000   16.9976   33.8868
198.0000   54.0000   18.1666   28.6252
199.0000   29.0000   42.6042   4.4699
200.0000   45.0000   19.9779   11.6922
201.0000   36.0000   3.6736   7.9315
202.0000   113.0000   40.1593   2.3237
203.0000   112.0000   36.6709   48.5679
204.0000   56.0000   21.2981   18.1527
205.0000   117.0000   38.9708   29.8149
206.0000   23.0000   16.1374   1.8791
207.0000   88.0000   41.9822   22.0751
208.0000   32.0000   5.3090   9.5801
209.0000   98.0000   33.9921   11.4940
210.0000   46.0000   10.3612   38.7614
211.0000   60.0000   23.9455   34.9417
212.0000   74.0000   40.1467   41.6568
213.0000   71.0000   10.5321   20.8306
214.0000   21.0000   34.4626   49.5306
215.0000   26.0000   5.6363   40.9942
216.0000   66.0000   5.4011   46.3347
217.0000   80.0000   24.4191   20.3680
218.0000   38.0000   17.0184   26.9762
219.0000   102.0000   0.6560   47.9306
220.0000   115.0000   14.9039   38.1139
221.0000   37.0000   41.3953   22.0053
222.0000   33.0000   31.0789   23.0542
223.0000   106.0000   20.0084   22.4530
224.0000   105.0000   11.8598   11.7111
225.0000   68.0000   25.0703   32.5281
226.0000   114.0000   19.3244   30.8826
227.0000   90.0000   39.4415   43.5286
228.0000   90.0000   46.3024   17.7107
229.0000   41.0000   13.8739   2.9735
230.0000   96.0000   6.9540   45.2647
231.0000   83.0000   1.3081   37.2612
232.0000   43.0000   10.0405   0.9293
233.0000   97.0000   13.6155   8.6085
234.0000   24.0000   34.9172   29.2103
235.0000   60.0000   41.8868   36.0976
236.0000   87.0000   23.7362   36.8912
237.0000   68.0000   15.9487   32.1227
238.0000   39.0000   0.1194   0.1514
239.0000   54.0000   48.6083   14.3598
240.0000   101.0000   30.6999   37.8224
241.0000   40.0000   23.8915   15.3575
242.0000   64.0000   16.7611   14.1741
243.0000   45.0000   47.1117   35.2213
244.0000   40.0000   30.7677   29.4843
245.0000   81.0000   20.0437   19.1001
246.0000   28.0000   0.7115   28.1919
247.0000   84.0000   5.1491   16.5907
248.0000   49.0000   46.8864   7.0615
249.0000   34.0000   24.0791   9.1610
250.0000   82.0000   41.3019   28.6368
251.0000   104.0000   13.8541   13.7037
252.0000   36.0000   5.4506   32.1684
253.0000   106.0000   24.8623   37.9614
254.0000   48.0000   23.7705   29.8805
255.0000   61.0000   4.3513   10.0566
256.0000   51.0000   12.1520   49.7123
257.0000   71.0000   26.8906   12.7267
258.0000   87.0000   16.0185   23.0457
259.0000   39.0000   15.0655   18.5670
260.0000   90.0000   10.7276   22.7331
261.0000   108.0000   18.2005   5.5011
262.0000   71.0000   13.6307   40.4647
263.0000   27.0000   27.7555   8.2445
264.0000   33.0000   21.7120   3.4917
265.0000   114.0000   30.1727   37.4750
266.0000   54.0000   31.7361   45.9948
267.0000   108.0000   35.3739   44.7254
268.0000   117.0000   48.6432   12.6006
269.0000   116.0000   11.4679   15.5962
270.0000   62.0000   24.3944   29.3658
271.0000   109.0000   15.0085   11.6595
272.0000   77.0000   23.3277   9.8998
273.0000   76.0000   17.9613   2.0368
274.0000   95.0000   32.2530   4.5250
275.0000   102.0000   24.5938   3.5694
276.0000   63.0000   3.0906   4.0024
277.0000   58.0000   40.2936   32.6825
278.0000   22.0000   4.1344   8.1269
279.0000   109.0000   0.5450   7.0618
280.0000   28.0000   47.6562   36.8336
281.0000   46.0000   41.9030   46.8283
282.0000   38.0000   45.2326   23.7236
283.0000   114.0000   7.6433   17.6867
284.0000   103.0000   47.8851   45.8481
285.0000   47.0000   38.4281   1.1379
286.0000   41.0000   10.8542   8.1271
287.0000   85.0000   14.9525   49.8441
288.0000   110.0000   0.5892   29.6674
289.0000   53.0000   9.5082   46.6498
290.0000   49.0000   22.8215   28.5222
291.0000   108.0000   22.2887   39.2643
292.0000   47.0000   9.0158   17.9147
293.0000   75.0000   7.4756   18.0323
294.0000   94.0000   42.8902   20.8792
295.0000   56.0000   11.3100   23.1257
296.0000   107.0000   4.7277   35.5517
297.0000   43.0000   31.5703   41.4311
298.0000   85.0000   34.1115   23.7352
299.0000   60.0000   23.3100   0.7862
300.0000   91.0000   47.5893   43.1087
301.0000   28.0000   34.4893   35.1185
302.0000   107.0000   1.9388   17.7056
303.0000   32.0000   45.1188   41.1136
304.0000   94.0000   5.9935   43.0923
305.0000   119.0000   17.2942   10.4328
306.0000   38.0000   49.0631   31.1783
307.0000   61.0000   37.6819   37.1807
308.0000   87.0000   47.3425   0.6425
309.0000   106.0000   43.3280   1.1901
310.0000   112.0000   3.3280   22.0723
311.0000   36.0000   19.9817   43.9024
312.0000   39.0000   49.6034   47.3268
313.0000   85.0000   22.4643   21.8061
314.0000   43.0000   4.8126   13.9466
315.0000   39.0000   38.9387   1.9573
316.0000   97.0000   45.6341   49.0898
317.0000   106.0000   13.2088   40.4136
318.0000   43.0000   15.3755   17.4556
319.0000   46.0000   7.3130   12.0207
320.0000   108.0000   16.6589   29.1204
321.0000   75.0000   4.6441   33.1516
322.0000   69.0000   30.8228   17.2196
323.0000   103.0000   47.3032   4.7842
324.0000   50.0000   10.3875   44.9929
325.0000   88.0000   9.3922   30.1742
326.0000   26.0000   28.3690   37.7050
327.0000   119.0000   1.9072   6.6883
328.0000   79.0000   45.7133   33.0956
329.0000   77.0000   38.1575   31.3772
330.0000   110.0000   16.0633   17.1488
331.0000   27.0000   46.0055   47.2051
332.0000   117.0000   37.4306   18.2083
333.0000   51.0000   31.6745   34.2040
334.0000   33.0000   47.2714   27.8926
335.0000   99.0000   39.7504   18.8210
336.0000   63.0000   45.7763   49.4895
337.0000   26.0000   4.9520   45.4963
338.0000   101.0000   2.5406   0.5136
339.0000   72.0000   19.7761   25.6173
340.0000   120.0000   13.2409   40.7931
341.0000   28.0000   28.9854   38.2753
342.0000   64.0000   5.9831   39.2215
343.0000   25.0000   31.0436   49.1450
344.0000   96.0000   40.2501   25.3701
345.0000   93.0000   25.8288   1.1895
346.0000   66.0000   32.9163   41.8433
347.0000   68.0000   48.4321   12.4620
348.0000   109.0000   6.5980   17.7475
349.0000   90.0000   8.4063   23.6870
350.0000   90.0000   31.4117   43.1591
351.0000   104.0000   29.1081   48.5727
352.0000   28.0000   0.5722   6.5939
353.0000   116.0000   30.0683   36.3927
354.0000   70.0000   36.2805   25.7440
355.0000   55.0000   30.6996   2.2197
356.0000   27.0000   26.2657   41.7185
357.0000   69.0000   40.0610   33.6043
358.0000   108.0000   40.4154   14.6762
359.0000   77.0000   43.6466   20.5687
360.0000   61.0000   27.4012   15.2538
361.0000   89.0000   25.6756   36.1397
362.0000   30.0000   10.5488   27.8008
363.0000   59.0000   46.9989   0.8709
364.0000   109.0000   44.5603   6.9922
365.0000   86.0000   1.3612   7.1555
366.0000   88.0000   47.1551   22.6647
367.0000   67.0000   40.1471   40.3427
368.0000   87.0000   13.5547   1.0053
369.0000   99.0000   24.1618   0.6823
370.0000   49.0000   28.0977   8.5312
371.0000   65.0000   41.2595   0.0364
372.0000   58.0000   42.1022   31.3103
373.0000   37.0000   21.8092   25.0382
374.0000   48.0000   35.2586   16.2999
375.0000   27.0000   10.2647   38.6238
376.0000   109.0000   15.0925   22.9121
377.0000   73.0000   31.9940   31.5423
378.0000   37.0000   15.0286   13.7587
379.0000   79.0000   34.9708   23.5824
380.0000   74.0000   44.5925   30.4147
381.0000   78.0000   41.5756   16.1892
382.0000   109.0000   7.6929   40.6430
383.0000   40.0000   26.7166   22.1834
384.0000   108.0000   48.3909   47.9810
385.0000   64.0000   25.7671   35.7641
386.0000   109.0000   21.1527   38.5542
387.0000   39.0000   11.8991   33.3776
388.0000   21.0000   22.9551   44.9149
389.0000   45.0000   39.2265   34.2856
390.0000   41.0000   36.5573   46.6473
391.0000   89.0000   42.8405   45.0226
392.0000   32.0000   15.2308   25.7556
393.0000   37.0000   49.1116   32.5180
394.0000   84.0000   23.2348   9.7560
395.0000   85.0000   17.0088   35.3835
396.0000   87.0000   44.5379   7.8517
397.0000   58.0000   3.4875   39.2249
398.0000   31.0000   12.5617   1.6768
399.0000   74.0000   19.1078   49.0225
400.0000   44.0000   19.6012   37.6405
401.0000   22.0000   32.9293   32.9074
402.0000   59.0000   10.1988   6.9513
403.0000   114.0000   33.9758   24.8034
404.0000   34.0000   20.1462   18.7160
405.0000   42.0000   29.7917   11.6300
406.0000   41.0000   33.5594   44.9751
407.0000   24.0000   16.5628   45.7867
408.0000   46.0000   9.6279   14.8638
409.0000   74.0000   32.4045   26.5375
410.0000   63.0000   29.9122   6.5203
411.0000   62.0000   19.3678   4.6618
412.0000   25.0000   24.4713   26.5140
413.0000   36.0000   13.5856   30.6838
414.0000   33.0000   26.6920   3.9778
415.0000   73.0000   44.1032   20.7965
416.0000   22.0000   23.1676   45.6149
417.0000   34.0000   3.2387   45.3323
418.0000   80.0000   33.4766   4.6212
419.0000   56.0000   44.0582   39.4215
420.0000   68.0000   35.8161   45.3520
421.0000   71.0000   47.3045   45.3965
422.0000   69.0000   31.1197   3.2522
423.0000   70.0000   49.0178   35.8928
424.0000   58.0000   17.6571   30.6204
425.0000   47.0000   24.1887   11.2582
426.0000   48.0000   8.2155   16.7858
427.0000   35.0000   45.3606   48.6317
428.0000   33.0000   34.2947   45.2303
429.0000   65.0000   19.5462   2.9321
430.0000   98.0000   43.4618   47.5991
431.0000   114.0000   49.7386   32.5494
432.0000   103.0000   1.6075   13.7026
433.0000   46.0000   25.2102   41.7491
434.0000   39.0000   28.2523   0.1004
435.0000   106.0000   39.3047   13.9980
436.0000   103.0000   12.9674   32.0725
437.0000   81.0000   8.3859   1.2916
438.0000   24.0000   0.0717   7.5650
439.0000   97.0000   38.2482   15.4633
440.0000   103.0000   39.4100   31.7729
441.0000   33.0000   22.0057   0.5272
442.0000   76.0000   45.9328   41.5235
443.0000   79.0000   1.5108   14.0248
444.0000   95.0000   40.1015   41.9242
445.0000   22.0000   11.1641   8.2021
446.0000   30.0000   41.6967   15.5518
447.0000   46.0000   40.0995   33.3855
448.0000   52.0000   27.6923   45.5225
449.0000   28.0000   45.9068   44.0227
450.0000   79.0000   6.9009   8.5019
