0.0000   0.0000   50.0000   50.0000
1.0000   67.0000   21.1503   14.0117
2.0000   82.0000   44.4478   28.2755
3.0000   79.0000   24.9697   71.7608
4.0000   105.0000   82.5852   74.8756
5.0000   49.0000   70.3404   55.6068
6.0000   55.0000   22.9092   24.1231
7.0000   55.0000   76.8640   22.9485
8.0000   98.0000   67.9342   11.8736
9.0000   22.0000   42.0556   1.9267
10.0000   35.0000   36.6886   16.1268
11.0000   106.0000   92.1922   95.1529
12.0000   58.0000   67.2090   53.1788
13.0000   60.0000   2.2934   97.1720
14.0000   22.0000   19.6266   80.9193
15.0000   24.0000   98.2850   10.3015
16.0000   78.0000   0.6010   58.2409
17.0000   92.0000   78.6431   29.4771
18.0000   18.0000   88.3251   95.0822
19.0000   83.0000   74.9977   30.0811
20.0000   78.0000   15.0063   57.5596
21.0000   109.0000   0.3246   46.9548
22.0000   74.0000   74.8610   25.8090
23.0000   34.0000   44.5193   98.2365
24.0000   80.0000   78.2866   85.8665
25.0000   81.0000   92.2816   72.4657
26.0000   98.0000   74.8130   68.3637
27.0000   62.0000   21.4473   39.5062
28.0000   33.0000   24.1421   54.5804
29.0000   61.0000   51.4346   28.2171
30.0000   50.0000   74.8238   90.0833
31.0000   66.0000   10.9048   13.4174
32.0000   26.0000   86.4422   41.5920
33.0000   73.0000   30.1468   82.2585
34.0000   108.0000   48.9725   66.3450
35.0000   48.0000   22.7707   63.8421
36.0000   16.0000   70.5960   47.9930
37.0000   36.0000   39.0707   84.1345
38.0000   25.0000   12.6025   61.5040
39.0000   77.0000   50.8836   66.9123
40.0000   39.0000   37.6311   12.3730
41.0000   90.0000   83.9818   12.2642
42.0000   104.0000   46.5253   60.3266
43.0000   95.0000   74.1525   17.2011
44.0000   86.0000   29.6439   7.5301
45.0000   45.0000   18.2261   15.1928
46.0000   90.0000   90.6437   47.3891
47.0000   79.0000   56.7056   17.3969
48.0000   91.0000   1.6419   70.2131
49.0000   106.0000   50.2828   87.4756
50.0000   19.0000   13.7792   15.4340
51.0000   83.0000   99.4709   53.6015
52.0000   27.0000   83.2864   86.6693
53.0000   61.0000   47.6806   85.8568
54.0000   80.0000   63.1091   84.5693
55.0000   118.0000   20.1618   92.3332
56.0000   70.0000   74.9579   30.6825
57.0000   101.0000   29.2046   71.4043
58.0000   104.0000   45.5794   3.5415
59.0000   65.0000   51.4360   29.8255
60.0000   26.0000   98.1756   80.2187
61.0000   117.0000   81.0398   15.5558
62.0000   57.0000   63.9151   32.3167
63.0000   58.0000   46.6801   66.2013
64.0000   42.0000   41.1410   61.1770
65.0000   57.0000   71.0657   44.5720
66.0000   89.0000   99.5360   58.2431
67.0000   107.0000   12.0876   95.6871
68.0000   118.0000   37.3367   86.2878
69.0000   89.0000   31.4895   93.8305
70.0000   101.0000   61.4889   49.7728
71.0000   28.0000   85.0615   11.6116
72.0000   118.0000   67.7068   31.8567
73.0000   58.0000   87.2584   57.6834
74.0000   87.0000   41.1876   35.6367
75.0000   73.0000   58.8290   82.9906
76.0000   97.0000   90.7359   42.9441
77.0000   42.0000   64.8004   83.5418
78.0000   109.0000   66.5760   6.0609
79.0000   93.0000   77.8421   14.6822
80.0000   100.0000   98.4275   96.2607
81.0000   65.0000   69.3110   90.1104
82.0000   42.0000   41.8106   77.9769
83.0000   58.0000   81.4684   45.1578
84.0000   14.0000   51.3749   99.4485
85.0000   76.0000   66.3310   77.1031
86.0000   116.0000   47.6269   40.1818
87.0000   15.0000   44.5146   59.8951
88.0000   29.0000   46.3071   27.5132
89.0000   111.0000   84.0423   45.4502
90.0000   66.0000   36.5154   92.5642
91.0000   93.0000   65.1088   33.5775
92.0000   12.0000   28.8507   60.7595
93.0000   46.0000   26.3543   25.2814
94.0000   44.0000   41.9914   48.6687
95.0000   91.0000   22.7033   14.2727
96.0000   37.0000   73.5284   89.9765
97.0000   119.0000   72.1810   82.5590
98.0000   20.0000   12.7742   62.1335
99.0000   68.0000   73.1183   31.9529
100.0000   115.0000   61.9373   19.0143
101.0000   73.0000   98.0953   40.8689
102.0000   118.0000   3.7542   82.5248
103.0000   65.0000   13.0821   38.8861
104.0000   79.0000   21.7598   10.9533
105.0000   78.0000   17.9128   39.2756
106.0000   13.0000   36.4605   6.0788
107.0000   41.0000   5.8470   71.4901
108.0000   52.0000   97.9802   27.5357
109.0000   106.0000   56.2078   70.7220
110.0000   84.0000   41.3431   31.9433
111.0000   29.0000   81.8451   44.4294
112.0000   33.0000   31.9414   74.5025
113.0000   36.0000   77.4927   63.3062
114.0000   94.0000   11.4965   34.6852
115.0000   113.0000   82.1891   51.4294
116.0000   115.0000   82.0753   59.0595
117.0000   69.0000   20.4145   9.7933
118.0000   39.0000   10.6826   85.3214
119.0000   101.0000   6.4514   68.8216
120.0000   15.0000   8.7171   82.6545
121.0000   57.0000   63.0945   42.0178
122.0000   46.0000   73.9230   96.7855
123.0000   56.0000   65.2778   68.4984
124.0000   10.0000   83.6224   4.1991
125.0000   20.0000   48.3661   61.3742
126.0000   31.0000   38.0338   82.8636
127.0000   96.0000   64.0965   97.7530
128.0000   34.0000   40.0124   59.2410
129.0000   37.0000   61.6658   55.5704
130.0000   89.0000   33.9422   20.9101
131.0000   33.0000   25.1399   45.0316
132.0000   118.0000   40.9601   66.3781
133.0000   83.0000   57.5138   59.1075
134.0000   31.0000   77.0580   10.3693
135.0000   59.0000   45.3441   13.9788
136.0000   53.0000   59.6092   25.0216
137.0000   105.0000   66.6503   88.5025
138.0000   116.0000   8.4685   78.7331
139.0000   22.0000   48.1656   86.4874
140.0000   44.0000   25.9589   93.2378
141.0000   111.0000   54.7555   19.5315
142.0000   120.0000   92.4762   60.5444
143.0000   40.0000   27.8822   7.9009
144.0000   110.0000   14.8881   7.6628
145.0000   28.0000   62.8365   34.3694
146.0000   13.0000   86.9728   70.6509
147.0000   93.0000   16.0842   74.5817
148.0000   98.0000   92.0546   22.9717
149.0000   98.0000   66.5435   46.1890
150.0000   15.0000   43.2982   11.6399
151.0000   116.0000   0.1878   94.7277
152.0000   61.0000   33.1245   5.2034
153.0000   31.0000   78.6331   9.1122
154.0000   46.0000   63.7718   16.3221
155.0000   106.0000   14.7583   97.3045
156.0000   86.0000   35.4218   0.1421
157.0000   49.0000   49.6184   53.4798
158.0000   20.0000   79.4298   38.9018
159.0000   105.0000   26.1116   25.5387
160.0000   26.0000   72.3929   64.7805
161.0000   40.0000   32.0248   83.9257
162.0000   48.0000   47.7437   82.8403
163.0000   52.0000   32.6446   40.2677
164.0000   80.0000   82.1314   9.2024
165.0000   118.0000   5.7712   41.1427
166.0000   15.0000   36.5117   44.6877
167.0000   106.0000   43.8548   70.8764
168.0000   22.0000   63.1026   76.3518
169.0000   36.0000   84.7584   79.8864
170.0000   112.0000   71.2522   72.7215
171.0000   42.0000   34.3549   23.6832
172.0000   47.0000   37.0712   47.5705
173.0000   26.0000   32.9398   87.5887
174.0000   20.0000   81.2870   65.0235
175.0000   10.0000   10.2128   26.2545
176.0000   108.0000   93.1238   67.6555
177.0000   39.0000   44.0584   66.1211
178.0000   119.0000   70.0551   72.4469
179.0000   64.0000   17.7620   47.1800
180.0000   39.0000   54.8330   12.2672
181.0000   30.0000   26.5677   1.3969
182.0000   107.0000   88.5257   91.7533
183.0000   116.0000   8.0069   37.1630
184.0000   110.0000   87.6958   98.3829
185.0000   22.0000   70.2255   58.8438
186.0000   104.0000   64.3429   90.0000
187.0000   91.0000   91.5934   41.4988
188.0000   49.0000   45.5280   80.5609
189.0000   108.0000   27.2059   51.2895
190.0000   23.0000   10.9167   62.1551
191.0000   68.0000   68.8721   40.2214
192.0000   79.0000   76.8297   18.5211
193.0000   110.0000   66.5076   40.9051
194.0000   81.0000   15.9784   42.2097
195.0000   58.0000   36.5337   75.5861
196.0000   114.0000   63.3730   25.0031
197.0000   45.0000   4.9608   24.4259
198.0000   55.0000   8.3598   98.6111
199.0000   80.0000   55.0242   88.1415
200.0000   82.0000   80.6332   81.2953
201.0000   81.0000   87.2679   28.6339
202.0000   13.0000   51.4837   51.2287
203.0000   82.0000   73.6032   46.6237
204.0000   40.0000   84.6754   0.5500
205.0000   26.0000   46.2845   41.3458
206.0000   80.0000   55.6587   62.0247
207.0000   110.0000   36.3024   95.0128
208.0000   54.0000   47.9288   24.5032
209.0000   38.0000   54.1925   77.8517
210.0000   101.0000   78.1462   7.2202
211.0000   57.0000   45.3233   88.4575
212.0000   61.0000   34.6060   65.3100
213.0000   43.0000   0.9578   11.7388
214.0000   56.0000   32.0745   77.4333
215.0000   57.0000   56.3688   78.5755
216.0000   98.0000   92.3863   46.6570
217.0000   51.0000   76.0115   55.6763
218.0000   117.0000   47.6499   82.6304
219.0000   53.0000   46.8434   30.4245
220.0000   118.0000   61.3530   85.5096
221.0000   34.0000   85.5549   37.0723
222.0000   91.0000   86.6627   39.7239
223.0000   72.0000   61.0464   67.7774
224.0000   47.0000   51.6271   8.2591
225.0000   81.0000   88.2141   43.2212
226.0000   20.0000   68.3217   48.6451
227.0000   118.0000   31.4948   0.0325
228.0000   63.0000   48.6168   57.2596
229.0000   36.0000   43.9873   50.4857
230.0000   119.0000   96.7810   63.0420
231.0000   42.0000   89.3359   2.3616
232.0000   12.0000   46.2699   76.6801
233.0000   39.0000   19.0822   78.5105
234.0000   52.0000   65.6808   64.4840
235.0000   32.0000   71.2743   23.7679
236.0000   52.0000   59.2909   9.5563
237.0000   96.0000   82.8009   44.8678
238.0000   25.0000   59.3931   75.4710
239.0000   25.0000   40.8502   3.0827
240.0000   94.0000   42.9750   45.9317
241.0000   92.0000   28.4031   26.5825
242.0000   15.0000   69.7330   39.7833
243.0000   19.0000   54.7823   6.2407
244.0000   45.0000   69.9659   98.5503
245.0000   116.0000   59.7844   35.7860
246.0000   109.0000   16.6898   39.4829
247.0000   107.0000   18.1966   2.3215
248.0000   114.0000   60.0061   17.7412
249.0000   76.0000   31.8704   23.1895
250.0000   30.0000   4.1376   57.8066
251.0000   115.0000   19.2132   96.4365
252.0000   32.0000   29.2469   94.1151
253.0000   103.0000   49.5172   54.1262
254.0000   103.0000   0.9883   82.6889
255.0000   45.0000   81.6836   18.6050
256.0000   97.0000   94.2280   62.4212
257.0000   15.0000   43.9384   51.8426
258.0000   66.0000   93.7322   0.6361
259.0000   51.0000   67.7905   55.8664
260.0000   101.0000   42.5679   49.9701
261.0000   105.0000   67.0139   38.0753
262.0000   40.0000   23.3363   49.0864
263.0000   28.0000   29.3838   35.2456
264.0000   44.0000   75.7152   97.3586
265.0000   110.0000   75.5932   83.0451
266.0000   61.0000   59.4353   9.6966
267.0000   73.0000   52.2391   70.5265
268.0000   105.0000   44.7207   49.7083
269.0000   32.0000   26.1805   30.3959
270.0000   19.0000   10.9393   2.4989
271.0000   26.0000   88.6290   18.2030
272.0000   84.0000   53.0937   64.9895
273.0000   46.0000   74.2850   90.2708
274.0000   104.0000   58.7081   93.3047
275.0000   93.0000   58.5285   27.1703
276.0000   69.0000   59.3354   49.1057
277.0000   22.0000   39.7200   18.2834
278.0000   100.0000   24.3266   27.1623
279.0000   33.0000   36.7966   33.5183
280.0000   10.0000   35.6352   92.9909
281.0000   19.0000   97.2541   10.4245
282.0000   15.0000   59.1434   34.6777
283.0000   36.0000   67.7209   47.0626
284.0000   109.0000   20.2064   13.0129
285.0000   106.0000   6.9048   57.5513
286.0000   79.0000   64.6595   92.2650
287.0000   99.0000   75.9641   25.9192
288.0000   36.0000   99.6537   82.6052
289.0000   12.0000   67.1887   82.9712
290.0000   87.0000   15.8611   90.9821
291.0000   10.0000   27.7581   77.4546
292.0000   94.0000   27.8436   34.1950
293.0000   64.0000   64.9252   33.8487
294.0000   41.0000   18.7768   91.5651
295.0000   92.0000   3.6587   7.0254
296.0000   23.0000   42.3027   0.0871
297.0000   96.0000   87.8861   89.8668
298.0000   85.0000   69.9084   97.9513
299.0000   54.0000   13.1696   21.9145
300.0000   22.0000   44.4146   89.5325
301.0000   109.0000   38.1694   49.0918
302.0000   29.0000   36.6310   56.3655
303.0000   97.0000   36.6554   88.1579
304.0000   68.0000   90.3951   68.5776
305.0000   58.0000   86.1430   81.8540
306.0000   60.0000   17.0329   15.7930
307.0000   69.0000   4.9469   59.4418
308.0000   22.0000   47.7991   73.2669
309.0000   105.0000   32.4880   51.1389
310.0000   51.0000   81.6966   65.4511
311.0000   53.0000   83.2871   99.4797
312.0000   29.0000   71.8132   4.1211
313.0000   90.0000   64.8956   97.2572
314.0000   54.0000   38.7438   4.4288
315.0000   108.0000   77.4449   15.0457
316.0000   82.0000   6.5170   59.4859
317.0000   23.0000   61.9407   27.3618
318.0000   89.0000   58.5753   18.8877
319.0000   72.0000   50.1826   74.4085
320.0000   22.0000   46.3160   53.6253
321.0000   81.0000   15.0993   1.4017
322.0000   25.0000   90.6803   62.2395
323.0000   62.0000   64.4950   34.8081
324.0000   25.0000   54.8824   49.8376
325.0000   23.0000   24.5251   89.8030
326.0000   83.0000   23.4469   49.8399
327.0000   63.0000   93.4078   88.4043
328.0000   37.0000   7.0776   75.4868
329.0000   24.0000   72.2294   75.1885
330.0000   17.0000   73.4918   18.3014
331.0000   107.0000   24.0632   48.9812
332.0000   50.0000   90.2621   73.1978
333.0000   14.0000   34.1132   63.6445
334.0000   24.0000   73.3406   58.8866
335.0000   68.0000   45.6232   25.3043
336.0000   98.0000   17.6491   53.4441
337.0000   44.0000   29.8860   0.9993
338.0000   117.0000   92.6515   15.4396
339.0000   12.0000   35.4042   4.5188
340.0000   113.0000   18.5881   6.9795
341.0000   57.0000   11.3520   83.2096
342.0000   61.0000   80.0501   19.1324
343.0000   77.0000   93.5108   16.7297
344.0000   117.0000   75.2082   39.4789
345.0000   106.0000   54.1713   25.2589
346.0000   93.0000   60.8343   33.3334
347.0000   71.0000   9.8514   6.2028
348.0000   58.0000   45.5541   93.6582
349.0000   52.0000   20.8678   24.3423
350.0000   25.0000   7.2281   99.4260
351.0000   67.0000   11.9188   5.5278
352.0000   50.0000   54.8997   31.9627
353.0000   43.0000   93.0241   12.4812
354.0000   19.0000   32.5705   68.7585
355.0000   60.0000   52.7274   0.1362
356.0000   26.0000   80.0135   50.2833
357.0000   10.0000   89.2340   8.7391
358.0000   35.0000   65.7471   26.2222
359.0000   25.0000   74.2733   85.3117
360.0000   15.0000   61.9919   26.2153
361.0000   38.0000   87.4527   82.1571
362.0000   112.0000   5.1043   54.5830
363.0000   94.0000   78.6493   69.7319
364.0000   23.0000   87.5733   72.1055
365.0000   109.0000   40.3401   67.6860
366.0000   37.0000   17.3885   99.5220
367.0000   25.0000   10.0057   30.4609
368.0000   93.0000   99.6173   18.7058
369.0000   61.0000   79.4885   95.8900
370.0000   81.0000   44.1934   49.2637
371.0000   115.0000   35.8675   97.8145
372.0000   43.0000   30.1145   27.9511
373.0000   37.0000   20.7395   31.0445
374.0000   95.0000   84.0076   80.6142
375.0000   106.0000   18.4418   90.1504
