0.0000   0.0000   0.0000   0.0000
1.0000   133.0000   1.1170   9.4684
2.0000   164.0000   9.9256   39.4166
3.0000   170.0000   12.3877   24.5551
4.0000   116.0000   29.1133   12.5296
5.0000   93.0000   12.9025   33.9348
6.0000   165.0000   7.5975   44.1328
7.0000   94.0000   18.9840   14.7882
8.0000   155.0000   25.5109   3.2541
9.0000   144.0000   33.3913   33.4235
10.0000   100.0000   48.7608   16.8168
11.0000   110.0000   41.8080   15.9360
12.0000   151.0000   20.3864   16.5122
13.0000   150.0000   22.9171   12.9102
14.0000   154.0000   49.2756   11.7342
15.0000   151.0000   6.6665   36.4956
16.0000   142.0000   17.9937   35.0199
17.0000   97.0000   12.1948   16.6071
18.0000   128.0000   0.0037   19.5341
19.0000   155.0000   4.9100   9.2928
20.0000   158.0000   14.6061   4.2740
21.0000   160.0000   19.1522   22.6229
22.0000   117.0000   39.1795   37.3427
23.0000   96.0000   19.0179   19.6848
24.0000   143.0000   17.2381   9.7155
25.0000   153.0000   38.7839   13.7838
26.0000   125.0000   36.0933   15.5425
27.0000   92.0000   32.3089   5.6825
28.0000   116.0000   22.1736   23.5069
29.0000   120.0000   14.0261   48.1532
30.0000   113.0000   7.2782   4.9991
31.0000   100.0000   6.9075   42.0193
32.0000   136.0000   34.8712   35.0650
33.0000   119.0000   37.2923   7.6883
34.0000   153.0000   33.3747   18.6038
35.0000   179.0000   40.4384   49.9221
36.0000   110.0000   43.3444   28.5651
37.0000   157.0000   40.1710   3.0127
38.0000   142.0000   37.1366   48.1347
39.0000   155.0000   20.7465   36.2642
40.0000   162.0000   12.7722   47.2477
41.0000   161.0000   35.4863   2.1570
42.0000   118.0000   28.3103   48.7661
43.0000   149.0000   46.3658   4.9540
44.0000   159.0000   25.3554   25.4851
45.0000   157.0000   26.0431   8.3390
46.0000   110.0000   20.7904   25.4720
47.0000   126.0000   25.6947   46.3781
48.0000   177.0000   20.0242   31.4147
49.0000   121.0000   16.5564   5.8381
50.0000   107.0000   32.8669   9.4583
51.0000   147.0000   21.8018   12.7533
52.0000   164.0000   5.7971   17.5017
53.0000   163.0000   16.8542   15.5729
54.0000   161.0000   37.4980   1.3181
55.0000   117.0000   26.2176   36.0998
56.0000   175.0000   21.5559   15.8233
57.0000   100.0000   1.3521   6.7390
58.0000   124.0000   32.3456   7.7527
59.0000   169.0000   18.1837   23.9392
60.0000   102.0000   21.7250   25.9311
61.0000   130.0000   15.3925   30.0818
62.0000   115.0000   31.3769   12.5333
63.0000   166.0000   46.6973   20.1736
64.0000   128.0000   15.5136   4.0537
65.0000   128.0000   34.0684   40.8639
66.0000   96.0000   14.1341   23.5613
67.0000   176.0000   27.8209   2.5251
68.0000   137.0000   35.2347   42.9427
69.0000   103.0000   4.1272   19.7833
70.0000   142.0000   39.1571   7.4733
71.0000   172.0000   32.4894   3.7374
72.0000   93.0000   39.4198   40.4823
73.0000   144.0000   49.6666   24.8219
74.0000   172.0000   12.0662   44.1968
75.0000   97.0000   41.0063   8.7955
76.0000   166.0000   43.3305   22.1456
77.0000   132.0000   4.6793   33.8079
78.0000   151.0000   34.5289   28.5171
79.0000   119.0000   4.1292   21.3513
80.0000   169.0000   9.3104   15.8650
81.0000   153.0000   3.7835   36.2094
82.0000   134.0000   5.6195   26.7703
83.0000   176.0000   29.3028   8.9402
84.0000   125.0000   20.9597   8.2056
85.0000   143.0000   41.1844   1.1877
86.0000   144.0000   4.8302   22.5008
87.0000   164.0000   32.2382   20.4103
88.0000   107.0000   27.8953   41.5985
89.0000   158.0000   7.9043   25.8606
90.0000   159.0000   4.4127   32.0132
91.0000   169.0000   47.5781   24.4082
92.0000   156.0000   7.8800   42.7508
93.0000   179.0000   8.0134   29.8039
94.0000   114.0000   18.0802   49.8936
95.0000   97.0000   3.5901   40.6910
96.0000   172.0000   8.5848   0.3331
97.0000   165.0000   43.5608   22.1988
98.0000   158.0000   8.1777   44.2275
99.0000   132.0000   46.8385   36.6006
100.0000   106.0000   20.2843   0.0663
101.0000   173.0000   21.1249   9.0684
102.0000   129.0000   8.7675   13.2304
103.0000   92.0000   33.4334   47.4717
104.0000   166.0000   48.9103   26.7546
105.0000   169.0000   12.2929   22.7147
106.0000   113.0000   5.2684   43.2375
107.0000   138.0000   12.8161   26.3389
108.0000   117.0000   6.9144   42.3745
109.0000   122.0000   20.0766   10.9540
110.0000   126.0000   39.9109   6.0752
111.0000   132.0000   5.3761   5.6076
112.0000   139.0000   13.0222   2.6648
113.0000   105.0000   35.3900   4.6276
114.0000   110.0000   41.3987   2.2829
115.0000   174.0000   12.2286   11.2366
116.0000   157.0000   14.3968   17.2431
117.0000   148.0000   21.6828   37.3077
118.0000   167.0000   42.1448   33.9036
119.0000   140.0000   43.3946   48.2722
120.0000   166.0000   47.5658   17.4080
121.0000   127.0000   19.9357   37.3619
122.0000   151.0000   8.6054   39.2324
123.0000   94.0000   40.0005   6.2078
124.0000   166.0000   26.1994   36.7391
125.0000   156.0000   5.1722   25.1133
126.0000   133.0000   31.5091   5.6269
127.0000   170.0000   39.7454   10.1615
128.0000   161.0000   6.7992   36.9778
129.0000   90.0000   0.6924   26.5678
130.0000   113.0000   10.1609   33.4212
131.0000   134.0000   33.6891   11.3569
132.0000   123.0000   18.9946   10.0399
133.0000   175.0000   49.6894   2.9496
134.0000   118.0000   2.6130   17.2409
135.0000   169.0000   3.5574   44.2303
136.0000   133.0000   19.4594   45.4691
137.0000   142.0000   33.5529   11.1768
138.0000   129.0000   15.5596   48.9961
139.0000   161.0000   23.0695   31.8697
140.0000   152.0000   31.4681   23.2328
141.0000   110.0000   36.0154   46.7675
142.0000   168.0000   17.5439   26.9725
143.0000   114.0000   24.2076   12.3747
144.0000   156.0000   44.6385   12.8957
145.0000   159.0000   34.7802   0.9372
146.0000   116.0000   43.1453   38.1315
147.0000   94.0000   41.8558   32.3633
148.0000   167.0000   7.5190   40.3023
149.0000   130.0000   36.9894   12.3296
150.0000   101.0000   42.7880   5.8199
151.0000   108.0000   2.6364   24.3966
152.0000   102.0000   15.5337   37.3925
153.0000   156.0000   49.9961   4.1820
154.0000   178.0000   24.6132   15.1342
155.0000   101.0000   26.4187   16.9173
156.0000   100.0000   48.1135   47.5761
157.0000   174.0000   49.8831   24.7493
158.0000   111.0000   4.9632   6.6362
159.0000   116.0000   13.7818   23.9150
160.0000   162.0000   23.7761   32.8368
161.0000   93.0000   14.1859   47.1522
162.0000   114.0000   36.1441   35.6094
163.0000   96.0000   7.5342   47.5231
164.0000   113.0000   18.1923   35.7130
165.0000   179.0000   34.7979   35.9868
166.0000   95.0000   47.5532   3.9667
167.0000   143.0000   36.1419   11.2730
168.0000   99.0000   22.1024   5.3156
169.0000   102.0000   14.3268   24.9847
170.0000   128.0000   26.8778   37.5190
171.0000   153.0000   14.0342   2.6026
172.0000   133.0000   17.4524   36.0603
173.0000   162.0000   30.6936   25.1253
174.0000   174.0000   36.6678   7.9837
175.0000   122.0000   32.8503   7.5416
176.0000   146.0000   0.1371   49.5742
177.0000   117.0000   24.9022   3.5717
178.0000   92.0000   28.8046   8.8572
179.0000   118.0000   49.0182   36.0530
180.0000   175.0000   6.7124   28.3413
181.0000   177.0000   27.0324   36.7882
182.0000   113.0000   30.6647   2.5064
183.0000   177.0000   13.7710   26.1334
184.0000   101.0000   9.1608   15.7970
185.0000   101.0000   17.9542   42.5762
186.0000   160.0000   14.6527   8.3041
187.0000   114.0000   43.7983   35.5845
188.0000   124.0000   41.3174   15.3257
189.0000   176.0000   44.4265   41.0618
190.0000   155.0000   39.2032   13.4672
191.0000   117.0000   8.5533   37.3177
192.0000   103.0000   28.5620   44.2323
193.0000   118.0000   14.2568   12.6652
194.0000   133.0000   29.7749   19.3672
195.0000   167.0000   24.8129   25.7005
196.0000   102.0000   19.4054   18.3226
197.0000   164.0000   45.2786   12.9698
198.0000   130.0000   44.7051   0.5718
199.0000   124.0000   8.5392   29.3525
200.0000   136.0000   26.2842   6.2318
201.0000   152.0000   2.3669   10.3990
202.0000   161.0000   22.3355   45.9782
203.0000   176.0000   38.8937   29.6803
204.0000   100.0000   28.9959   17.6420
205.0000   129.0000   23.8582   48.1414
206.0000   153.0000   18.3213   16.3529
207.0000   153.0000   49.2137   8.0704
208.0000   175.0000   46.0769   2.6271
209.0000   140.0000   33.7430   2.7116
210.0000   147.0000   36.8312   15.1548
211.0000   178.0000   6.0172   7.7328
212.0000   164.0000   22.2603   30.0906
213.0000   155.0000   32.8230   45.1041
214.0000   113.0000   29.3533   24.8980
215.0000   103.0000   47.9514   5.8455
216.0000   174.0000   35.3049   2.8374
217.0000   129.0000   46.9761   46.5869
218.0000   159.0000   36.3834   36.1981
219.0000   124.0000   16.1880   44.5040
220.0000   143.0000   38.6474   17.9151
221.0000   103.0000   26.0046   32.1032
222.0000   116.0000   6.8252   0.2776
223.0000   145.0000   33.3004   26.5970
224.0000   116.0000   31.5274   25.7662
225.0000   155.0000   36.1030   25.2371
226.0000   170.0000   41.2769   35.4510
227.0000   149.0000   8.3189   26.7609
228.0000   96.0000   18.8124   0.4078
229.0000   91.0000   13.0648   13.7314
230.0000   149.0000   0.4367   40.5114
231.0000   116.0000   2.9220   36.8260
232.0000   142.0000   36.8050   33.0516
233.0000   155.0000   39.6502   33.0363
234.0000   170.0000   43.4604   47.4385
235.0000   164.0000   2.9079   17.4160
236.0000   127.0000   31.0903   29.2133
237.0000   130.0000   41.0620   32.9028
238.0000   102.0000   4.8142   5.0305
239.0000   122.0000   18.8952   21.1442
240.0000   162.0000   23.0043   38.5667
241.0000   94.0000   23.2052   34.6714
242.0000   122.0000   25.6748   0.4772
243.0000   155.0000   40.5515   1.5508
244.0000   120.0000   38.4187   23.1406
245.0000   140.0000   12.6410   31.5431
246.0000   134.0000   16.6867   40.4704
247.0000   150.0000   43.1886   42.9680
248.0000   170.0000   33.9642   25.3281
249.0000   108.0000   42.3411   8.1682
250.0000   112.0000   42.3507   30.9611
251.0000   127.0000   48.2364   48.7669
252.0000   128.0000   36.8926   4.5449
253.0000   159.0000   19.1858   29.8907
254.0000   104.0000   25.5649   43.2959
255.0000   140.0000   44.8989   43.2876
256.0000   101.0000   16.5596   17.3493
257.0000   162.0000   21.5740   13.8212
258.0000   124.0000   25.2827   22.2817
259.0000   94.0000   11.3009   7.2654
260.0000   122.0000   45.5286   25.0177
261.0000   151.0000   36.5223   17.6157
262.0000   92.0000   9.3602   8.2873
263.0000   145.0000   19.1341   10.8316
264.0000   160.0000   12.8969   15.2919
265.0000   162.0000   30.8401   32.9540
266.0000   129.0000   34.0195   7.7453
267.0000   132.0000   22.5044   45.1569
268.0000   120.0000   37.6757   21.7365
269.0000   176.0000   43.3374   30.1521
270.0000   172.0000   38.3863   31.0638
271.0000   110.0000   30.7880   47.4478
272.0000   144.0000   42.9047   33.4434
273.0000   121.0000   22.9045   20.5078
274.0000   138.0000   14.6195   18.3085
275.0000   146.0000   14.7417   3.5182
276.0000   156.0000   25.9960   39.3993
277.0000   123.0000   3.4617   41.8506
278.0000   136.0000   28.4390   21.3987
279.0000   97.0000   29.1685   25.8683
280.0000   119.0000   6.5379   31.4753
281.0000   162.0000   42.6145   27.0109
282.0000   130.0000   48.3698   5.1633
283.0000   169.0000   30.2749   32.3059
284.0000   91.0000   19.0790   32.9448
285.0000   103.0000   49.5099   38.7011
286.0000   103.0000   12.4994   46.2875
287.0000   168.0000   19.7819   40.1471
288.0000   129.0000   0.4776   35.6982
289.0000   179.0000   46.2193   0.3089
290.0000   125.0000   27.0653   9.9064
291.0000   156.0000   28.3070   24.3622
292.0000   112.0000   43.1420   47.9621
293.0000   180.0000   11.5805   3.1444
294.0000   155.0000   16.6956   25.5835
295.0000   106.0000   42.9834   26.1257
296.0000   100.0000   4.9325   25.4580
297.0000   128.0000   35.1285   13.6140
298.0000   176.0000   14.4089   22.1686
299.0000   166.0000   28.5775   41.9449
300.0000   158.0000   47.0531   0.9282
301.0000   118.0000   8.9876   31.0550
302.0000   166.0000   21.4666   26.2034
303.0000   108.0000   23.1596   6.3519
304.0000   169.0000   5.6073   11.1770
305.0000   155.0000   30.2938   3.6983
306.0000   174.0000   14.9461   27.3704
307.0000   178.0000   24.8735   13.6167
308.0000   154.0000   34.9119   0.1872
309.0000   158.0000   46.3542   17.3216
310.0000   163.0000   15.4056   28.3919
311.0000   156.0000   20.1637   32.9252
312.0000   139.0000   40.8406   47.5728
313.0000   95.0000   23.9077   34.0458
314.0000   168.0000   48.3868   27.5732
315.0000   153.0000   23.2403   13.4983
316.0000   139.0000   49.1958   20.3748
317.0000   172.0000   32.2913   19.7225
318.0000   146.0000   2.5878   29.6623
319.0000   121.0000   10.8586   7.5747
320.0000   171.0000   39.9902   43.6149
321.0000   171.0000   44.7263   41.7723
322.0000   171.0000   30.9317   16.5433
323.0000   178.0000   45.5276   15.7130
324.0000   131.0000   24.9362   11.3888
325.0000   161.0000   1.5649   7.0512
326.0000   115.0000   48.6075   8.1327
327.0000   171.0000   23.1349   0.3421
328.0000   149.0000   14.4617   24.2462
329.0000   173.0000   16.1048   42.3221
330.0000   99.0000   35.3024   43.1709
331.0000   129.0000   38.8086   20.0843
332.0000   179.0000   40.3764   11.7289
333.0000   180.0000   29.6195   19.8663
334.0000   174.0000   17.5225   46.3762
335.0000   164.0000   29.1300   0.0891
336.0000   151.0000   35.7734   16.0442
337.0000   139.0000   26.4443   37.4286
338.0000   121.0000   49.5268   48.3118
339.0000   129.0000   22.6544   33.1767
340.0000   120.0000   10.0368   7.1877
341.0000   97.0000   32.7113   31.9651
342.0000   127.0000   23.5183   1.7141
343.0000   159.0000   49.0110   14.0927
344.0000   96.0000   48.3187   49.1866
345.0000   174.0000   9.8034   31.7353
346.0000   100.0000   18.6547   32.0728
347.0000   118.0000   6.2482   46.6017
348.0000   114.0000   36.3048   11.6488
349.0000   94.0000   20.9162   14.7535
350.0000   146.0000   8.1515   9.1282
351.0000   99.0000   15.0894   29.1028
352.0000   117.0000   19.5252   3.3918
353.0000   114.0000   35.5175   31.6301
354.0000   99.0000   39.5419   40.5789
355.0000   132.0000   9.9653   46.5293
356.0000   131.0000   45.4244   32.6309
357.0000   101.0000   39.5112   36.1715
358.0000   92.0000   49.0137   41.4508
359.0000   162.0000   8.3488   37.7059
360.0000   142.0000   47.0490   45.8933
361.0000   106.0000   10.6382   15.6770
362.0000   107.0000   10.4652   21.0106
363.0000   140.0000   32.1907   41.1212
364.0000   170.0000   9.8622   37.6497
365.0000   106.0000   29.3044   27.5632
366.0000   160.0000   28.8449   43.2833
367.0000   96.0000   7.1466   47.9474
368.0000   137.0000   44.7100   18.2343
369.0000   104.0000   38.2321   48.3758
370.0000   168.0000   32.6379   0.2364
371.0000   127.0000   5.6772   7.1602
372.0000   92.0000   23.5137   4.7557
373.0000   108.0000   28.8939   30.0039
374.0000   165.0000   41.4621   41.8538
375.0000   170.0000   2.4192   29.5804
376.0000   140.0000   4.2562   29.3188
377.0000   166.0000   47.1566   46.1144
378.0000   101.0000   20.3500   32.1739
379.0000   114.0000   1.9718   46.0993
380.0000   165.0000   42.1511   28.3307
381.0000   149.0000   1.3627   11.8459
382.0000   107.0000   28.7512   6.2397
383.0000   158.0000   46.8941   32.7007
384.0000   93.0000   1.0793   15.5035
385.0000   145.0000   36.6167   9.5217
386.0000   90.0000   38.1696   43.3582
387.0000   167.0000   38.5274   42.0191
388.0000   123.0000   3.7451   36.7303
389.0000   119.0000   5.5004   39.0768
390.0000   168.0000   4.1178   35.1984
391.0000   90.0000   2.2523   18.2682
392.0000   93.0000   20.4888   35.7579
393.0000   173.0000   29.9180   48.0334
394.0000   129.0000   48.3581   4.6189
395.0000   110.0000   21.2552   4.5363
396.0000   128.0000   42.6259   37.1211
397.0000   128.0000   5.4969   34.4718
398.0000   104.0000   0.8936   29.5956
399.0000   123.0000   44.6584   48.4957
400.0000   141.0000   12.1652   12.7017
401.0000   117.0000   32.4573   0.6272
402.0000   148.0000   9.8552   0.7093
403.0000   165.0000   29.4499   22.4195
404.0000   179.0000   19.5570   32.0751
405.0000   145.0000   24.0220   2.9226
406.0000   178.0000   32.2473   9.3877
407.0000   91.0000   22.1770   31.0505
408.0000   132.0000   36.9106   27.3239
409.0000   180.0000   25.1325   12.5631
410.0000   130.0000   26.4013   31.0977
411.0000   170.0000   5.2281   6.1619
412.0000   124.0000   12.5773   2.7020
413.0000   151.0000   10.9661   31.3903
414.0000   161.0000   36.5261   25.9272
415.0000   93.0000   19.8594   30.4549
416.0000   146.0000   0.0494   35.1687
417.0000   119.0000   11.4860   18.7683
418.0000   116.0000   4.6234   17.3269
419.0000   172.0000   10.2253   21.8713
420.0000   94.0000   25.8495   11.3839
421.0000   158.0000   10.2773   0.1983
422.0000   171.0000   46.1201   25.5377
423.0000   146.0000   45.2454   7.3824
424.0000   168.0000   36.0265   39.8757
425.0000   121.0000   27.9852   27.8674
426.0000   178.0000   8.4238   36.0048
427.0000   124.0000   49.1215   35.8327
428.0000   138.0000   23.1342   8.5076
429.0000   101.0000   30.0448   32.0641
430.0000   102.0000   22.1226   20.6677
431.0000   165.0000   15.9513   44.8458
432.0000   162.0000   0.3164   1.3330
433.0000   161.0000   34.4302   32.8796
434.0000   149.0000   27.6721   7.9565
435.0000   133.0000   20.8041   27.5706
436.0000   162.0000   0.7488   24.9714
437.0000   92.0000   23.7930   34.6917
438.0000   150.0000   38.1093   25.5640
439.0000   171.0000   42.3325   40.9158
440.0000   160.0000   21.3127   28.0517
441.0000   175.0000   38.4538   12.2857
442.0000   104.0000   15.6445   5.3991
443.0000   178.0000   16.7698   32.0150
444.0000   177.0000   37.9720   13.2558
445.0000   163.0000   29.1379   48.2804
446.0000   112.0000   34.4534   31.5922
447.0000   150.0000   49.3971   4.4722
448.0000   148.0000   2.9813   35.9534
449.0000   157.0000   45.3470   25.5335
450.0000   138.0000   6.6125   23.1427
451.0000   105.0000   15.1075   33.5652
452.0000   110.0000   6.4426   48.2702
453.0000   171.0000   19.3142   47.8302
454.0000   112.0000   10.1905   47.8483
455.0000   103.0000   2.1185   30.5442
456.0000   117.0000   24.0968   45.1988
457.0000   157.0000   39.0418   3.1395
458.0000   136.0000   28.9008   41.3450
459.0000   97.0000   1.5297   31.8621
460.0000   120.0000   30.6263   38.7489
461.0000   110.0000   38.1918   1.9877
462.0000   156.0000   17.4745   46.2156
463.0000   178.0000   13.3445   21.8440
464.0000   157.0000   26.7483   27.3531
465.0000   163.0000   10.3064   42.9343
466.0000   163.0000   43.2640   23.6220
467.0000   167.0000   35.6016   20.8697
468.0000   129.0000   7.1578   49.0910
469.0000   141.0000   12.6069   20.1561
470.0000   151.0000   1.3514   45.4097
471.0000   141.0000   26.1030   1.8031
472.0000   172.0000   3.8410   31.5132
473.0000   113.0000   16.5137   22.6163
474.0000   157.0000   24.7706   7.8880
475.0000   168.0000   32.0783   29.6860
476.0000   132.0000   2.7507   4.6431
477.0000   93.0000   33.1358   18.0569
478.0000   171.0000   22.7056   19.6793
479.0000   130.0000   25.9939   38.1392
480.0000   99.0000   31.0981   9.0714
481.0000   132.0000   23.5787   42.9155
482.0000   127.0000   20.8378   3.4430
483.0000   169.0000   26.6600   22.5528
484.0000   152.0000   13.1627   32.5194
485.0000   125.0000   38.0693   25.0546
486.0000   100.0000   18.9251   41.3904
487.0000   168.0000   25.8783   32.8050
488.0000   97.0000   31.5419   41.7056
489.0000   122.0000   32.4285   1.8965
490.0000   140.0000   28.8237   1.9201
491.0000   111.0000   37.7370   13.6718
492.0000   137.0000   14.9028   23.2891
493.0000   136.0000   5.2493   7.4069
494.0000   92.0000   16.4684   34.1299
495.0000   173.0000   47.3015   21.0761
496.0000   162.0000   32.5650   12.5611
497.0000   91.0000   13.0630   13.8425
498.0000   126.0000   23.2872   3.3749
499.0000   106.0000   11.2736   21.9134
500.0000   174.0000   46.6852   42.8338
