0.0000   0.0000   0.0000   0.0000
1.0000   37.0000   9.5794   12.0778
2.0000   59.0000   0.5032   39.1056
3.0000   85.0000   26.2171   24.4935
4.0000   108.0000   27.2461   47.7511
5.0000   90.0000   44.8466   3.6134
6.0000   95.0000   4.5974   31.5340
7.0000   80.0000   17.0354   6.6983
8.0000   87.0000   25.3480   5.6134
9.0000   72.0000   7.2406   11.4404
10.0000   66.0000   35.8004   4.2043
11.0000   100.0000   18.5496   15.7015
12.0000   77.0000   3.3994   33.4730
13.0000   100.0000   31.7183   40.2379
14.0000   57.0000   38.8543   12.7987
15.0000   100.0000   27.6600   39.7439
16.0000   34.0000   24.4463   15.8203
17.0000   64.0000   24.1421   26.9388
18.0000   110.0000   26.9446   3.3518
19.0000   105.0000   33.8650   4.5246
20.0000   46.0000   16.9997   45.1657
21.0000   67.0000   20.0597   41.6887
22.0000   63.0000   22.4316   10.7426
23.0000   44.0000   39.2206   18.8172
24.0000   111.0000   18.1189   11.4594
25.0000   112.0000   14.0045   47.7932
26.0000   48.0000   19.3485   17.2297
27.0000   115.0000   13.3566   22.1480
28.0000   109.0000   30.0392   1.0867
29.0000   83.0000   33.6554   23.6307
30.0000   79.0000   48.6604   35.4287
31.0000   65.0000   37.7310   24.7716
32.0000   63.0000   48.3978   46.5078
33.0000   76.0000   26.2233   26.2589
34.0000   100.0000   47.2412   37.9405
35.0000   103.0000   7.6418   9.6489
36.0000   33.0000   25.8782   15.2302
37.0000   79.0000   4.7759   35.7311
38.0000   108.0000   16.1399   21.9668
39.0000   72.0000   28.5353   7.2573
40.0000   104.0000   27.8659   26.6515
41.0000   79.0000   1.0863   21.5225
42.0000   107.0000   49.4656   48.5854
43.0000   68.0000   47.8932   23.6350
44.0000   108.0000   32.8450   14.7249
45.0000   98.0000   40.9854   18.8171
46.0000   70.0000   44.3385   14.6324
47.0000   76.0000   17.2160   7.4235
48.0000   55.0000   8.0587   43.4548
49.0000   100.0000   5.8751   18.8051
50.0000   31.0000   4.1918   21.9723
51.0000   96.0000   23.0566   13.5685
52.0000   61.0000   27.9700   5.9047
53.0000   115.0000   25.2148   25.9090
54.0000   39.0000   20.4277   31.2187
55.0000   83.0000   0.6793   41.8210
56.0000   36.0000   24.4266   15.4787
57.0000   97.0000   30.3951   19.0784
58.0000   119.0000   14.5668   21.3792
59.0000   112.0000   16.6590   37.2105
60.0000   78.0000   2.5433   33.5576
61.0000   96.0000   27.8820   7.9711
62.0000   92.0000   39.7203   11.6892
63.0000   102.0000   47.9960   34.8877
64.0000   81.0000   20.2175   1.9887
65.0000   100.0000   12.6089   17.1666
66.0000   108.0000   25.9458   13.9925
67.0000   110.0000   42.3980   29.2586
68.0000   100.0000   43.5776   23.4594
69.0000   37.0000   19.6911   42.0271
70.0000   50.0000   38.3033   48.8266
71.0000   101.0000   34.9465   39.2467
72.0000   111.0000   27.8848   9.1712
73.0000   34.0000   46.9566   5.3321
74.0000   114.0000   49.3085   32.9816
75.0000   104.0000   10.5517   15.0963
76.0000   55.0000   42.6218   36.4275
77.0000   106.0000   28.8670   10.7051
78.0000   82.0000   37.6270   36.6615
79.0000   75.0000   27.7208   25.4761
80.0000   112.0000   36.4199   39.6934
81.0000   118.0000   36.2451   4.0054
82.0000   87.0000   36.0938   20.7714
83.0000   55.0000   12.9842   1.2388
84.0000   61.0000   43.5675   34.6648
85.0000   74.0000   26.9078   35.7808
86.0000   75.0000   7.5695   26.8563
87.0000   97.0000   0.1124   43.1328
88.0000   96.0000   17.5987   43.1730
89.0000   97.0000   3.3017   22.1057
90.0000   50.0000   6.3608   40.8885
91.0000   33.0000   5.5821   6.3466
92.0000   90.0000   40.1027   17.3138
93.0000   30.0000   48.2523   28.3561
94.0000   32.0000   30.8230   35.5281
95.0000   55.0000   16.1049   39.1173
96.0000   94.0000   16.7305   26.3423
97.0000   31.0000   25.3906   12.3385
98.0000   110.0000   2.1268   34.9918
99.0000   46.0000   25.5134   24.3072
100.0000   66.0000   33.3039   38.5815
101.0000   66.0000   31.4522   6.8137
102.0000   97.0000   34.9837   33.0252
103.0000   66.0000   29.2240   23.0691
104.0000   80.0000   44.0967   17.8132
105.0000   73.0000   34.7293   32.2928
106.0000   68.0000   35.2317   23.3755
107.0000   59.0000   1.6803   47.4088
108.0000   53.0000   43.7352   44.5060
109.0000   41.0000   4.2816   19.3871
110.0000   105.0000   35.7271   48.6433
111.0000   40.0000   1.3391   37.3655
112.0000   74.0000   36.1599   4.7384
113.0000   61.0000   31.8703   6.9160
114.0000   72.0000   42.3266   5.7477
115.0000   115.0000   44.7570   19.1549
116.0000   63.0000   24.9400   12.1760
117.0000   52.0000   23.9193   36.0031
118.0000   40.0000   12.5694   13.7297
119.0000   87.0000   27.8202   40.9366
120.0000   90.0000   35.7440   4.2531
121.0000   103.0000   24.5300   42.7181
122.0000   36.0000   13.0892   30.8900
123.0000   86.0000   45.3700   21.9107
124.0000   69.0000   10.8247   30.9978
125.0000   81.0000   19.3736   28.3040
126.0000   105.0000   5.9235   42.9149
127.0000   69.0000   1.6347   16.4797
128.0000   94.0000   31.9262   37.2733
129.0000   73.0000   10.1234   19.7733
130.0000   73.0000   35.2026   40.8222
131.0000   83.0000   22.2720   21.3240
132.0000   84.0000   26.6328   13.4625
133.0000   64.0000   34.1812   23.5218
134.0000   50.0000   9.2757   0.8121
135.0000   108.0000   0.3971   9.3271
136.0000   86.0000   24.8912   24.8411
137.0000   88.0000   0.3608   17.2763
138.0000   60.0000   1.3969   9.7815
139.0000   66.0000   34.2662   49.1930
140.0000   80.0000   42.8505   46.4930
141.0000   80.0000   10.4359   4.2766
142.0000   68.0000   29.7174   34.6973
143.0000   52.0000   6.0473   30.9968
144.0000   75.0000   24.2994   7.8718
145.0000   72.0000   20.6290   42.6946
146.0000   115.0000   24.9781   28.1017
147.0000   96.0000   12.3049   24.7407
148.0000   44.0000   7.9083   27.1241
149.0000   46.0000   10.1398   7.8291
150.0000   77.0000   25.0489   33.8116
151.0000   44.0000   26.8911   33.4668
152.0000   31.0000   19.4411   27.6049
153.0000   110.0000   4.5573   22.8852
154.0000   38.0000   39.9427   31.0655
155.0000   67.0000   24.8566   3.4285
156.0000   31.0000   22.3430   28.1840
157.0000   82.0000   12.4997   18.9562
158.0000   44.0000   14.5104   44.5752
159.0000   91.0000   49.4003   8.8903
160.0000   50.0000   42.4997   43.7475
161.0000   109.0000   1.1615   39.6113
162.0000   47.0000   38.3623   5.0092
163.0000   83.0000   46.6060   11.8043
164.0000   107.0000   2.9714   29.9004
165.0000   110.0000   1.5824   47.7169
166.0000   57.0000   34.3732   5.1571
167.0000   102.0000   11.7245   26.8594
168.0000   85.0000   22.3358   18.6051
169.0000   58.0000   23.4522   20.2020
170.0000   51.0000   18.9404   38.9264
171.0000   94.0000   8.9911   28.9516
172.0000   88.0000   31.2458   41.0879
173.0000   59.0000   7.7997   4.7092
174.0000   73.0000   45.0991   35.5391
175.0000   81.0000   12.7634   26.8040
176.0000   70.0000   35.6189   36.3396
177.0000   38.0000   41.4305   7.5508
178.0000   72.0000   37.8410   9.5522
179.0000   63.0000   5.0385   5.5188
180.0000   117.0000   6.5692   26.1812
181.0000   85.0000   36.7646   49.0584
182.0000   60.0000   0.2593   11.0242
183.0000   79.0000   47.6390   39.1702
184.0000   58.0000   37.8835   30.3967
185.0000   110.0000   29.8155   11.1840
186.0000   51.0000   4.8075   38.0211
187.0000   79.0000   1.3652   22.9011
188.0000   51.0000   45.2752   5.7815
189.0000   97.0000   25.2028   14.6760
190.0000   71.0000   11.0157   9.7925
191.0000   111.0000   6.9649   22.4534
192.0000   104.0000   37.3607   31.6250
193.0000   100.0000   42.6384   18.3888
194.0000   86.0000   39.8018   44.9391
195.0000   54.0000   24.8835   9.0888
196.0000   101.0000   34.4590   49.1822
197.0000   62.0000   4.2401   37.0577
198.0000   33.0000   34.6597   17.9401
199.0000   90.0000   40.8177   19.4598
200.0000   72.0000   30.3588   45.6235
