0.0000   0.0000   50.0000   50.0000
1.0000   63.0000   75.0234   39.0748
2.0000   14.0000   88.2661   47.3402
3.0000   12.0000   6.0595   13.9909
4.0000   39.0000   38.9322   16.9515
5.0000   18.0000   13.4896   57.7104
6.0000   17.0000   96.9522   1.6129
7.0000   74.0000   62.1319   59.2722
8.0000   24.0000   9.2520   1.8107
9.0000   106.0000   64.3356   23.8358
10.0000   44.0000   64.6306   32.9515
11.0000   69.0000   93.4144   19.5409
12.0000   74.0000   17.8725   50.0855
13.0000   79.0000   80.6474   98.4359
14.0000   36.0000   68.7345   28.8235
15.0000   10.0000   72.9314   38.0825
16.0000   96.0000   95.1278   83.6180
17.0000   40.0000   56.1702   1.3480
18.0000   36.0000   88.1261   92.9056
19.0000   45.0000   12.8815   61.0806
20.0000   76.0000   53.8062   88.7077
21.0000   78.0000   90.0315   29.0490
22.0000   58.0000   34.0326   45.9169
23.0000   45.0000   99.2929   59.2687
24.0000   100.0000   11.9410   82.8092
25.0000   96.0000   22.6128   1.7453
26.0000   30.0000   31.6905   37.2486
27.0000   68.0000   96.7283   51.7875
28.0000   71.0000   93.9413   67.6243
29.0000   75.0000   79.6568   40.2842
30.0000   52.0000   97.9319   99.6650
31.0000   14.0000   21.9031   15.7474
32.0000   10.0000   64.7480   91.9222
33.0000   35.0000   74.6802   68.4180
34.0000   11.0000   91.1092   58.5621
35.0000   26.0000   47.0495   84.8218
36.0000   26.0000   75.6957   11.3628
37.0000   55.0000   67.7629   43.5993
38.0000   113.0000   56.7642   87.7632
39.0000   82.0000   45.7169   5.7896
40.0000   36.0000   50.1522   75.8268
41.0000   63.0000   53.0975   72.1768
42.0000   108.0000   91.0552   4.9413
43.0000   52.0000   32.7662   84.7487
44.0000   69.0000   45.2124   78.1212
45.0000   60.0000   7.6059   28.0386
46.0000   24.0000   67.3302   7.4344
47.0000   59.0000   17.3118   16.8707
48.0000   12.0000   65.7218   82.4558
49.0000   83.0000   87.6666   57.4905
50.0000   119.0000   92.5821   38.5051
51.0000   115.0000   2.1708   78.9533
52.0000   30.0000   73.0244   73.3949
53.0000   77.0000   89.5253   41.7552
54.0000   59.0000   85.9859   86.7068
55.0000   49.0000   66.1037   7.6207
56.0000   114.0000   44.5678   42.7631
57.0000   95.0000   11.9116   29.2804
58.0000   21.0000   57.9520   4.2763
59.0000   53.0000   3.9151   54.3756
60.0000   80.0000   6.4064   3.3854
61.0000   66.0000   44.0928   80.2714
62.0000   116.0000   99.6390   26.8880
63.0000   68.0000   80.1310   29.2128
64.0000   18.0000   14.8328   34.7160
65.0000   42.0000   52.7407   47.3238
66.0000   42.0000   71.9277   42.0291
67.0000   38.0000   20.7340   86.3118
68.0000   42.0000   63.9350   12.8896
69.0000   35.0000   58.0438   81.6457
70.0000   105.0000   68.4742   2.4927
71.0000   83.0000   29.9398   75.9990
72.0000   89.0000   56.2486   81.4609
73.0000   24.0000   75.0699   9.5645
74.0000   53.0000   29.6501   2.2279
75.0000   33.0000   5.0118   32.7084
76.0000   117.0000   53.4683   19.4128
77.0000   20.0000   24.4168   17.8880
78.0000   36.0000   19.8783   80.3194
79.0000   73.0000   39.1061   9.7612
80.0000   97.0000   65.8330   58.0446
81.0000   57.0000   70.9451   51.1939
82.0000   20.0000   65.0117   12.7548
83.0000   26.0000   83.4490   40.9687
84.0000   16.0000   72.7009   10.0587
85.0000   43.0000   6.4859   46.1940
86.0000   52.0000   17.9020   68.5438
87.0000   120.0000   15.0019   38.4777
88.0000   113.0000   43.1486   33.1277
89.0000   15.0000   2.0847   87.4909
90.0000   13.0000   13.9118   49.6971
91.0000   76.0000   38.8796   69.1868
92.0000   19.0000   2.7760   39.6833
93.0000   74.0000   75.7348   95.9750
94.0000   35.0000   12.1979   35.7371
95.0000   23.0000   26.6084   71.4834
96.0000   89.0000   25.8122   23.4855
97.0000   42.0000   60.6922   58.5515
98.0000   24.0000   39.0989   33.4629
99.0000   110.0000   19.5470   71.0544
100.0000   53.0000   41.8170   96.8122
101.0000   62.0000   98.6355   80.5773
102.0000   36.0000   32.3471   63.4794
103.0000   94.0000   32.7665   16.6359
104.0000   24.0000   67.4114   88.7972
105.0000   41.0000   87.7213   5.0368
106.0000   47.0000   80.8034   67.0812
107.0000   74.0000   37.8982   64.7388
108.0000   39.0000   0.2458   99.8804
109.0000   39.0000   18.2491   54.8994
110.0000   94.0000   32.6983   26.1239
111.0000   50.0000   41.5308   99.2601
112.0000   25.0000   33.8945   67.7969
113.0000   80.0000   57.1915   90.5095
114.0000   94.0000   10.9506   54.5721
115.0000   103.0000   78.8457   61.8522
116.0000   49.0000   45.8897   35.9045
117.0000   13.0000   36.2237   85.9227
118.0000   38.0000   90.5156   81.2923
119.0000   75.0000   37.0129   54.8671
120.0000   82.0000   91.7441   56.8513
121.0000   42.0000   73.5385   32.4802
122.0000   64.0000   79.2899   25.8814
123.0000   26.0000   16.1237   17.2869
124.0000   44.0000   77.1677   19.6105
125.0000   62.0000   8.3296   15.0436
126.0000   59.0000   34.5154   93.2906
127.0000   19.0000   78.1277   38.4912
128.0000   99.0000   18.9354   17.5422
129.0000   55.0000   33.4453   77.6577
130.0000   113.0000   58.8734   67.1528
131.0000   92.0000   90.7962   41.6758
132.0000   62.0000   96.8544   29.2078
133.0000   101.0000   25.9856   30.5668
134.0000   22.0000   46.4433   51.0082
135.0000   76.0000   97.0027   36.5337
136.0000   99.0000   16.4108   63.2919
137.0000   96.0000   95.3631   99.2450
138.0000   44.0000   61.2082   0.1094
139.0000   61.0000   14.8133   16.4696
140.0000   79.0000   92.6020   34.2715
141.0000   48.0000   95.6188   73.4265
142.0000   97.0000   10.0333   67.7445
143.0000   71.0000   24.9433   41.6416
144.0000   31.0000   16.0808   99.8616
145.0000   111.0000   59.7301   13.0753
146.0000   84.0000   17.5314   95.6258
147.0000   40.0000   14.5181   17.5847
148.0000   91.0000   9.7834   50.8727
149.0000   77.0000   54.2333   61.8504
150.0000   101.0000   7.5696   66.7082
151.0000   22.0000   93.3387   63.1060
152.0000   90.0000   6.0241   28.7541
153.0000   115.0000   72.8320   21.9326
154.0000   109.0000   42.6175   65.0947
155.0000   49.0000   69.8096   6.3270
156.0000   115.0000   11.6803   26.1589
157.0000   95.0000   30.1280   63.6606
158.0000   98.0000   2.7362   36.0432
159.0000   86.0000   98.8478   69.8880
160.0000   60.0000   24.8827   30.0585
161.0000   75.0000   21.3182   64.8203
162.0000   75.0000   32.8613   23.7887
163.0000   91.0000   10.6739   4.3019
164.0000   86.0000   84.7604   5.9404
165.0000   51.0000   48.1879   90.6171
166.0000   95.0000   61.1867   42.5726
167.0000   16.0000   91.7595   78.0116
168.0000   42.0000   66.2940   91.9708
169.0000   95.0000   46.1668   49.9397
170.0000   58.0000   38.7665   4.3910
171.0000   25.0000   17.0201   73.0871
172.0000   114.0000   26.9416   85.5401
173.0000   44.0000   13.0013   55.5563
174.0000   62.0000   54.7046   52.8933
175.0000   110.0000   94.9673   28.0911
176.0000   112.0000   21.4425   28.4908
177.0000   50.0000   31.6379   87.0232
178.0000   81.0000   15.6673   41.3661
179.0000   30.0000   71.0590   53.0810
180.0000   45.0000   23.9020   5.8412
181.0000   48.0000   36.3980   60.8395
182.0000   113.0000   18.0880   51.1673
183.0000   23.0000   78.9144   61.5312
184.0000   110.0000   10.3178   46.5841
185.0000   46.0000   4.7085   54.9755
186.0000   105.0000   26.6235   46.4080
187.0000   26.0000   99.5496   87.0174
188.0000   18.0000   92.1995   34.9220
189.0000   71.0000   6.3038   4.0933
190.0000   118.0000   49.2176   0.5748
191.0000   16.0000   91.9089   1.2898
192.0000   95.0000   22.7690   58.4894
193.0000   62.0000   31.9926   23.6846
194.0000   103.0000   27.4839   37.9509
195.0000   18.0000   94.7270   47.2795
196.0000   36.0000   70.3300   80.4947
197.0000   119.0000   89.8385   64.0709
198.0000   23.0000   35.4221   41.2849
199.0000   98.0000   61.3598   66.2614
200.0000   30.0000   34.4107   57.7530
201.0000   65.0000   37.9979   80.2909
202.0000   108.0000   57.2458   86.7094
203.0000   17.0000   89.0419   86.4356
204.0000   15.0000   45.6802   4.1317
205.0000   67.0000   13.7551   91.1338
206.0000   34.0000   64.0835   7.6703
207.0000   118.0000   35.4521   59.1142
208.0000   63.0000   24.5817   79.7997
209.0000   46.0000   35.7523   98.3670
210.0000   20.0000   7.6792   52.0782
211.0000   120.0000   0.4595   89.6913
212.0000   44.0000   82.3357   24.7509
213.0000   63.0000   17.0719   73.5110
214.0000   80.0000   86.4140   5.2046
215.0000   70.0000   25.0807   48.1796
216.0000   85.0000   19.4999   42.5046
217.0000   47.0000   48.7118   82.8454
218.0000   21.0000   31.9382   57.9258
219.0000   71.0000   14.1474   60.6448
220.0000   35.0000   82.9970   43.9979
221.0000   26.0000   68.2623   1.7648
222.0000   31.0000   77.7118   53.0980
223.0000   120.0000   98.0639   84.0923
224.0000   40.0000   39.9192   29.9140
225.0000   109.0000   89.8433   7.6336
226.0000   89.0000   58.9769   29.9789
227.0000   58.0000   87.1431   55.8022
228.0000   10.0000   13.4599   99.6809
229.0000   119.0000   78.8763   92.8355
230.0000   72.0000   62.7016   93.8555
231.0000   83.0000   21.7857   6.8649
232.0000   70.0000   26.6798   82.8671
233.0000   45.0000   54.7916   53.7141
234.0000   33.0000   30.2561   56.3790
235.0000   66.0000   12.0950   75.7754
236.0000   55.0000   17.5875   56.6721
237.0000   19.0000   40.0609   38.6094
238.0000   65.0000   32.1662   84.5386
239.0000   39.0000   96.4427   40.6775
240.0000   71.0000   39.6514   20.6248
241.0000   88.0000   79.0983   97.9785
242.0000   61.0000   23.9501   30.6587
243.0000   35.0000   27.5532   28.9005
244.0000   111.0000   91.2574   86.7554
245.0000   65.0000   14.9145   10.9716
246.0000   97.0000   54.8236   48.4859
247.0000   19.0000   33.5339   34.3302
248.0000   27.0000   97.6713   12.9139
249.0000   39.0000   86.7685   38.2909
250.0000   97.0000   88.2257   95.7065
251.0000   63.0000   48.2378   81.0299
252.0000   107.0000   7.1835   19.5843
253.0000   62.0000   92.6300   68.8882
254.0000   27.0000   1.2611   63.6500
255.0000   32.0000   0.8870   86.6311
256.0000   104.0000   50.3523   0.8830
257.0000   75.0000   12.2825   42.4044
258.0000   37.0000   88.2293   37.9640
259.0000   113.0000   47.1835   11.1267
260.0000   114.0000   58.6072   32.9838
261.0000   88.0000   29.9544   61.1373
262.0000   78.0000   4.5755   86.1737
263.0000   111.0000   22.9253   28.0345
264.0000   73.0000   18.6657   8.5216
265.0000   40.0000   32.3507   49.0653
266.0000   87.0000   5.8955   9.9295
267.0000   108.0000   56.8074   28.2709
268.0000   80.0000   29.0626   96.2307
269.0000   99.0000   44.9278   32.0357
270.0000   110.0000   44.5350   49.0901
271.0000   16.0000   53.7856   67.3022
272.0000   50.0000   9.8677   28.7081
273.0000   15.0000   37.1582   35.6118
274.0000   47.0000   15.3459   98.8592
275.0000   53.0000   12.3768   2.9398
276.0000   57.0000   51.9621   31.6331
277.0000   15.0000   72.8535   74.6802
278.0000   88.0000   6.0395   33.2213
279.0000   55.0000   19.8487   44.3530
280.0000   19.0000   27.2679   44.9157
281.0000   13.0000   16.3632   80.1333
282.0000   54.0000   28.9207   43.3254
283.0000   93.0000   46.1626   65.9702
284.0000   120.0000   40.5783   95.5227
285.0000   97.0000   57.6363   26.7882
286.0000   72.0000   55.5569   63.0558
287.0000   15.0000   4.4633   75.1048
288.0000   106.0000   45.4455   12.4048
289.0000   47.0000   3.9396   37.7774
290.0000   37.0000   33.6042   15.6062
291.0000   94.0000   91.2019   58.7793
292.0000   26.0000   59.8045   33.5293
293.0000   99.0000   38.7992   84.7240
294.0000   102.0000   23.9949   85.3114
295.0000   43.0000   10.1625   53.6879
296.0000   92.0000   29.1159   5.7697
297.0000   109.0000   46.7201   88.3365
298.0000   120.0000   10.8770   42.4565
299.0000   83.0000   69.2260   84.7770
300.0000   50.0000   28.0649   37.9149
301.0000   96.0000   94.5600   4.8266
302.0000   15.0000   22.7346   43.9964
303.0000   85.0000   42.0224   84.5164
304.0000   77.0000   81.9910   33.9321
305.0000   24.0000   6.6623   44.5911
306.0000   10.0000   97.7540   49.5791
307.0000   83.0000   46.4025   88.8756
308.0000   53.0000   73.5962   49.8662
309.0000   74.0000   1.2073   80.6644
310.0000   105.0000   38.6778   40.6352
311.0000   120.0000   66.3169   93.7258
312.0000   106.0000   97.1864   31.5379
313.0000   73.0000   57.5559   45.3080
314.0000   108.0000   15.2838   94.4882
315.0000   110.0000   7.5197   65.7318
316.0000   95.0000   88.3444   99.1247
317.0000   57.0000   89.3976   46.0627
318.0000   34.0000   92.9617   27.4993
319.0000   93.0000   97.1625   95.5895
320.0000   39.0000   76.2613   22.4902
321.0000   101.0000   17.2274   27.7452
322.0000   111.0000   6.3945   5.4665
323.0000   37.0000   62.5074   39.2667
324.0000   113.0000   5.1012   0.0378
325.0000   12.0000   21.6831   97.9703
