0.0000   0.0000   0.0000   0.0000
1.0000   91.0000   0.2364   21.8075
2.0000   112.0000   32.3184   19.8898
3.0000   114.0000   38.7206   29.4036
4.0000   49.0000   1.0978   19.9924
5.0000   50.0000   27.7849   45.1777
6.0000   47.0000   6.5915   10.6152
7.0000   54.0000   8.1668   5.1201
8.0000   82.0000   41.4128   12.1813
9.0000   94.0000   12.9589   10.1887
10.0000   74.0000   16.8213   5.8300
11.0000   32.0000   5.3258   30.8059
12.0000   56.0000   49.8758   24.2629
13.0000   58.0000   4.0505   20.0389
14.0000   98.0000   41.1487   42.5944
15.0000   114.0000   28.6482   26.8158
16.0000   44.0000   10.0192   44.3121
17.0000   92.0000   41.1699   7.1583
18.0000   66.0000   33.2626   3.9985
19.0000   83.0000   16.7054   39.2594
20.0000   36.0000   0.5362   41.5118
21.0000   58.0000   8.7772   19.0349
22.0000   101.0000   45.2377   33.6987
23.0000   61.0000   20.3615   34.0543
24.0000   45.0000   26.5604   29.9260
25.0000   56.0000   35.3299   14.4063
26.0000   110.0000   10.8386   37.7687
27.0000   94.0000   35.4271   26.1057
28.0000   95.0000   29.8838   9.7228
29.0000   114.0000   5.5008   24.8276
30.0000   115.0000   11.6372   49.1362
31.0000   84.0000   13.3012   0.4565
32.0000   61.0000   11.6374   45.0031
33.0000   114.0000   35.6402   24.4558
34.0000   44.0000   46.3530   6.8186
35.0000   105.0000   48.2894   44.8850
36.0000   45.0000   10.5037   23.1561
37.0000   77.0000   18.5763   19.2029
38.0000   66.0000   2.1398   4.2973
39.0000   104.0000   19.1356   31.4113
40.0000   46.0000   47.4038   38.2276
41.0000   118.0000   16.0559   37.3965
42.0000   53.0000   12.7118   17.3785
43.0000   86.0000   6.7919   30.0226
44.0000   102.0000   23.9425   45.2615
45.0000   111.0000   22.8271   26.3767
46.0000   36.0000   4.5815   45.5127
47.0000   34.0000   31.8135   20.6751
48.0000   104.0000   3.5348   32.4551
49.0000   64.0000   48.4325   0.7914
50.0000   83.0000   30.7252   22.6172
51.0000   71.0000   18.4195   27.2816
52.0000   72.0000   34.9093   6.0187
53.0000   56.0000   30.9796   2.1305
54.0000   60.0000   18.8642   8.0896
55.0000   33.0000   37.8949   47.3035
56.0000   105.0000   42.2976   44.0447
57.0000   87.0000   3.6429   29.0149
58.0000   55.0000   6.5126   19.3059
59.0000   57.0000   3.1813   46.2900
60.0000   76.0000   35.3230   39.5655
61.0000   79.0000   19.7379   32.9623
62.0000   67.0000   30.8711   46.8311
63.0000   66.0000   4.3782   27.5187
64.0000   94.0000   5.6713   16.5551
65.0000   40.0000   6.8842   32.8687
66.0000   95.0000   22.6265   46.7605
67.0000   104.0000   38.2509   25.7560
68.0000   89.0000   25.8468   22.2561
69.0000   43.0000   6.7837   46.4612
70.0000   79.0000   16.1704   39.0206
71.0000   66.0000   5.6419   18.6365
72.0000   56.0000   2.0845   40.1410
73.0000   87.0000   33.5823   38.5033
74.0000   111.0000   47.5362   0.2017
75.0000   59.0000   32.0200   38.4137
76.0000   85.0000   26.5270   15.3291
77.0000   82.0000   24.4751   41.5901
78.0000   68.0000   26.9668   18.4465
79.0000   108.0000   30.8245   24.4446
80.0000   41.0000   9.0134   35.2618
81.0000   44.0000   27.4502   39.3366
82.0000   98.0000   41.9741   11.5212
83.0000   73.0000   6.6798   27.4527
84.0000   41.0000   27.4280   19.1113
85.0000   44.0000   16.5704   15.3041
86.0000   59.0000   23.2803   45.1852
87.0000   56.0000   43.9059   42.3311
88.0000   105.0000   31.9040   18.0057
89.0000   37.0000   11.9095   44.0607
90.0000   83.0000   42.8932   18.5867
91.0000   51.0000   6.0649   26.1929
92.0000   42.0000   2.0311   18.2775
93.0000   112.0000   27.3561   36.8048
94.0000   76.0000   24.8221   15.7530
95.0000   61.0000   35.8689   46.4236
96.0000   61.0000   18.6582   3.0356
97.0000   62.0000   21.9740   43.5566
98.0000   65.0000   9.9856   5.2587
99.0000   114.0000   30.2278   4.1045
100.0000   95.0000   7.6180   29.0735
101.0000   37.0000   22.7026   23.7116
102.0000   103.0000   38.3449   12.1258
103.0000   111.0000   15.6676   38.1311
104.0000   58.0000   47.0774   1.5588
105.0000   117.0000   17.5213   45.8202
106.0000   114.0000   5.5662   5.5828
107.0000   84.0000   45.3669   17.1988
108.0000   38.0000   27.2839   32.8238
109.0000   105.0000   6.3292   34.8461
110.0000   50.0000   6.4106   7.4360
111.0000   91.0000   6.6670   17.0348
112.0000   48.0000   49.3945   30.3705
113.0000   64.0000   10.8114   14.0738
114.0000   50.0000   4.6586   34.1153
115.0000   89.0000   26.1552   31.5069
116.0000   77.0000   19.4713   8.4112
117.0000   58.0000   32.5362   4.3193
118.0000   56.0000   31.6830   40.4137
119.0000   72.0000   9.7092   14.7617
120.0000   99.0000   33.9773   24.7256
121.0000   35.0000   34.3265   38.5998
122.0000   99.0000   19.8231   38.7290
123.0000   109.0000   44.1864   43.2880
124.0000   62.0000   6.6792   43.4148
125.0000   41.0000   14.9676   6.8069
126.0000   118.0000   35.7000   14.2390
127.0000   104.0000   43.8781   22.2600
128.0000   101.0000   36.6982   0.3423
129.0000   83.0000   0.4790   34.7292
130.0000   44.0000   27.2651   47.3455
131.0000   94.0000   38.6661   44.3510
132.0000   75.0000   21.2827   44.6483
133.0000   86.0000   35.4294   25.3610
134.0000   115.0000   26.0236   6.1691
135.0000   89.0000   46.2854   35.6872
136.0000   111.0000   4.3678   19.1154
137.0000   53.0000   37.4745   2.4153
138.0000   48.0000   15.7803   30.2489
139.0000   50.0000   8.5259   26.2125
140.0000   42.0000   12.8177   29.6548
141.0000   112.0000   44.4674   40.4752
142.0000   41.0000   43.8918   33.8441
143.0000   41.0000   32.9234   43.6459
144.0000   84.0000   44.7865   34.9819
145.0000   49.0000   28.3466   26.8067
146.0000   105.0000   45.2939   30.9706
147.0000   110.0000   0.9523   20.8611
148.0000   81.0000   3.3780   37.6028
149.0000   43.0000   29.1745   30.3803
150.0000   67.0000   35.8036   21.8828
151.0000   51.0000   45.1311   44.4071
152.0000   56.0000   21.8901   6.7230
153.0000   86.0000   21.3492   2.2247
154.0000   51.0000   38.3740   27.1537
155.0000   39.0000   28.2540   29.0646
156.0000   75.0000   26.1075   38.1869
157.0000   82.0000   42.0003   14.7114
158.0000   110.0000   8.1904   9.4381
159.0000   99.0000   12.9797   16.1466
160.0000   104.0000   24.7959   4.9221
161.0000   79.0000   49.6987   21.0200
162.0000   37.0000   48.1002   2.8020
163.0000   81.0000   40.1411   2.1199
164.0000   41.0000   40.0030   13.8702
165.0000   56.0000   8.6943   9.5809
166.0000   103.0000   31.0334   39.1949
167.0000   101.0000   14.4013   36.3143
168.0000   114.0000   48.4130   12.8678
169.0000   32.0000   40.3790   42.0954
170.0000   96.0000   21.6767   22.7702
171.0000   82.0000   28.8579   34.9899
172.0000   42.0000   6.5611   37.2823
173.0000   81.0000   2.2045   27.7987
174.0000   105.0000   6.6729   49.0889
175.0000   85.0000   21.4070   18.1164
