0.0000   0.0000   50.0000   50.0000
1.0000   119.0000   54.8253   86.2468
2.0000   70.0000   19.7030   9.3518
3.0000   82.0000   17.5646   2.8388
4.0000   53.0000   12.5512   92.0462
5.0000   114.0000   79.8050   77.4268
6.0000   19.0000   90.3694   55.2530
7.0000   57.0000   64.8459   24.2185
8.0000   80.0000   43.4541   79.6719
9.0000   67.0000   31.3128   35.0725
10.0000   23.0000   75.4015   31.5080
11.0000   53.0000   13.3680   26.2394
12.0000   110.0000   26.3372   10.7445
13.0000   92.0000   41.3023   61.5369
14.0000   46.0000   57.8165   72.2373
15.0000   11.0000   11.3959   3.1233
16.0000   56.0000   92.4547   2.5197
17.0000   112.0000   64.7908   65.9215
18.0000   45.0000   38.3383   8.8587
19.0000   117.0000   48.6567   92.2311
20.0000   120.0000   48.5914   52.1924
21.0000   79.0000   64.3705   66.0020
22.0000   62.0000   77.2337   5.3472
23.0000   83.0000   64.1625   82.6624
24.0000   69.0000   33.4417   60.5555
25.0000   102.0000   49.3198   3.8567
