0.0000   0.0000   0.0000   0.0000
1.0000   119.0000   7.4916   31.4029
2.0000   35.0000   33.4583   49.6306
3.0000   56.0000   31.7446   40.0985
4.0000   114.0000   5.2776   19.3606
5.0000   85.0000   44.7583   20.9495
6.0000   93.0000   29.6090   30.2976
7.0000   50.0000   8.8238   23.6952
8.0000   56.0000   47.2390   46.9528
9.0000   44.0000   0.3811   27.6027
10.0000   72.0000   28.9608   46.2715
11.0000   62.0000   10.2451   29.0142
12.0000   59.0000   13.5276   38.5586
13.0000   120.0000   34.9907   28.1545
14.0000   54.0000   39.8885   14.7573
15.0000   90.0000   2.5460   42.1622
16.0000   87.0000   3.5060   13.3700
17.0000   97.0000   14.4298   10.2793
18.0000   117.0000   13.0619   8.1442
19.0000   42.0000   48.3977   0.3943
20.0000   58.0000   42.2570   39.6471
21.0000   70.0000   33.2954   28.7513
22.0000   53.0000   22.1438   2.3926
23.0000   30.0000   19.5575   45.0040
24.0000   34.0000   3.1282   8.4495
25.0000   30.0000   47.3284   42.8730
26.0000   118.0000   1.5181   1.6146
27.0000   54.0000   34.5714   22.2732
28.0000   82.0000   43.7305   33.7744
29.0000   92.0000   28.5288   10.4320
30.0000   82.0000   11.1556   47.3673
31.0000   108.0000   14.3413   27.0735
32.0000   30.0000   7.0724   42.7879
33.0000   74.0000   9.0453   46.3538
34.0000   68.0000   30.9962   33.0836
35.0000   88.0000   37.8398   25.1550
36.0000   57.0000   31.7753   30.1262
37.0000   120.0000   40.8361   39.7932
38.0000   37.0000   46.9178   40.9979
39.0000   67.0000   4.0924   32.2731
40.0000   33.0000   14.8176   13.9506
41.0000   97.0000   3.6086   3.8272
42.0000   51.0000   28.9133   47.0435
43.0000   31.0000   6.3567   39.5147
44.0000   79.0000   7.3243   30.0843
45.0000   87.0000   37.6751   31.5100
46.0000   76.0000   14.9350   31.7562
47.0000   76.0000   22.9999   31.4244
48.0000   62.0000   44.7415   16.4681
49.0000   101.0000   24.7832   35.3443
50.0000   52.0000   7.6477   0.4493
51.0000   108.0000   20.4287   47.7121
52.0000   91.0000   39.6409   35.4259
53.0000   89.0000   34.1538   11.8155
54.0000   88.0000   20.0977   14.9722
55.0000   100.0000   47.4986   0.5418
56.0000   60.0000   1.2579   28.3789
57.0000   66.0000   34.8661   34.3943
58.0000   69.0000   33.4537   38.2594
59.0000   82.0000   32.3152   6.2588
60.0000   50.0000   31.8885   10.0945
61.0000   34.0000   7.8919   9.6883
62.0000   36.0000   46.1544   14.9025
63.0000   108.0000   23.4224   45.2417
64.0000   111.0000   33.3133   14.2484
65.0000   30.0000   16.0517   22.3105
66.0000   87.0000   14.4658   16.8044
67.0000   68.0000   40.1983   34.7798
68.0000   55.0000   48.5707   18.3087
69.0000   79.0000   5.1882   12.5778
70.0000   85.0000   34.6315   5.5904
71.0000   59.0000   7.3718   5.8703
72.0000   100.0000   26.3110   18.9972
73.0000   42.0000   5.4831   14.8492
74.0000   43.0000   45.9933   10.1428
75.0000   84.0000   10.7573   41.7831
76.0000   102.0000   32.9776   47.6795
77.0000   97.0000   6.9436   41.1299
78.0000   58.0000   46.8318   8.8164
79.0000   79.0000   25.1374   17.4729
80.0000   46.0000   7.8870   14.3937
81.0000   46.0000   22.5987   34.1779
82.0000   80.0000   37.3349   17.2011
83.0000   58.0000   49.6748   10.9143
84.0000   78.0000   9.9838   22.8976
85.0000   86.0000   36.7391   44.9984
86.0000   41.0000   23.4550   30.7948
87.0000   84.0000   8.8255   15.6182
88.0000   63.0000   39.7843   39.7157
89.0000   120.0000   24.0225   9.9717
90.0000   81.0000   22.7338   28.3968
91.0000   40.0000   35.3501   28.3776
92.0000   112.0000   16.1303   15.8231
93.0000   62.0000   49.4953   3.4939
94.0000   108.0000   48.2380   20.6830
95.0000   64.0000   15.9818   47.9559
96.0000   61.0000   45.5795   29.8846
97.0000   63.0000   10.7873   43.6029
98.0000   36.0000   40.5083   26.8498
99.0000   103.0000   12.2977   15.6811
100.0000   38.0000   13.6181   18.4396
101.0000   110.0000   43.9653   24.2505
102.0000   78.0000   20.9395   35.7288
103.0000   39.0000   15.0197   34.7876
104.0000   45.0000   43.6749   9.5719
105.0000   74.0000   10.0928   36.0606
106.0000   118.0000   43.5293   38.6563
107.0000   33.0000   20.0701   41.5509
108.0000   101.0000   20.4260   35.2361
109.0000   86.0000   7.5688   44.1473
110.0000   115.0000   10.8403   30.3251
111.0000   113.0000   37.4861   15.4329
112.0000   76.0000   22.0016   45.6238
113.0000   88.0000   26.5059   21.8365
114.0000   81.0000   28.5279   27.2803
115.0000   110.0000   32.3228   48.1261
116.0000   49.0000   28.6047   35.5092
117.0000   102.0000   36.4449   0.7949
118.0000   106.0000   27.1337   1.0735
119.0000   115.0000   10.0391   48.7130
120.0000   30.0000   13.6273   6.8622
121.0000   32.0000   13.7445   9.4416
122.0000   43.0000   16.4030   6.3922
123.0000   33.0000   25.4330   40.6613
124.0000   102.0000   42.3462   23.9678
125.0000   43.0000   24.9299   31.1584
126.0000   84.0000   41.6809   40.1645
127.0000   51.0000   44.1249   6.0837
128.0000   54.0000   45.9195   36.0515
129.0000   110.0000   28.8171   29.7174
130.0000   71.0000   41.1749   48.4449
131.0000   62.0000   6.9450   25.3143
132.0000   66.0000   38.5460   3.7788
133.0000   118.0000   9.7145   5.0804
134.0000   60.0000   17.8133   49.1392
135.0000   64.0000   14.8878   16.9982
136.0000   64.0000   31.2310   26.1626
137.0000   82.0000   19.8633   10.5318
138.0000   117.0000   28.4087   2.2816
139.0000   62.0000   42.8782   45.5286
140.0000   83.0000   48.4577   41.9372
141.0000   92.0000   45.3654   7.4787
142.0000   114.0000   44.2340   1.0094
143.0000   100.0000   39.6694   34.9006
144.0000   99.0000   48.8116   36.4390
145.0000   79.0000   27.4865   46.8215
146.0000   75.0000   16.6751   29.3356
147.0000   86.0000   4.1276   34.8433
148.0000   75.0000   33.0785   38.6185
149.0000   80.0000   23.8492   23.1697
150.0000   117.0000   11.6636   20.6396
151.0000   42.0000   42.3591   2.9002
152.0000   70.0000   13.6768   49.7836
153.0000   38.0000   31.4612   42.4014
154.0000   57.0000   41.7224   13.5439
155.0000   59.0000   20.5746   29.2823
156.0000   40.0000   44.1105   16.9681
157.0000   115.0000   37.7234   1.3748
158.0000   56.0000   26.5134   10.1890
159.0000   34.0000   4.4296   36.9568
160.0000   69.0000   19.7571   30.3176
161.0000   42.0000   44.2891   23.5979
162.0000   120.0000   39.2357   24.6168
163.0000   88.0000   3.8383   28.3988
164.0000   120.0000   45.5428   36.7404
165.0000   74.0000   27.0378   38.1424
166.0000   64.0000   47.1159   11.1096
167.0000   90.0000   20.0629   27.4463
168.0000   36.0000   2.1323   42.9483
169.0000   76.0000   17.2712   23.0879
170.0000   32.0000   41.4570   1.8360
171.0000   53.0000   11.4272   42.7818
172.0000   53.0000   11.1451   26.9210
173.0000   41.0000   17.9865   45.5414
174.0000   39.0000   9.6334   26.9731
175.0000   106.0000   45.4145   6.0653
176.0000   63.0000   35.5652   27.7359
177.0000   114.0000   29.2736   7.2099
178.0000   96.0000   20.8860   48.5537
179.0000   93.0000   49.3174   36.2157
180.0000   88.0000   7.0731   19.9931
181.0000   113.0000   20.4270   19.5548
182.0000   105.0000   23.0915   17.5765
183.0000   115.0000   6.2219   17.2121
184.0000   48.0000   43.8512   33.3478
185.0000   64.0000   10.5173   37.1409
186.0000   89.0000   34.9713   23.6991
187.0000   113.0000   39.2367   25.1905
188.0000   85.0000   7.4985   40.1822
189.0000   88.0000   42.5820   19.2472
190.0000   35.0000   11.1332   24.9647
191.0000   38.0000   18.0656   27.1587
192.0000   97.0000   29.2114   16.7121
193.0000   61.0000   19.8316   23.0354
194.0000   93.0000   33.3922   27.5685
195.0000   112.0000   23.3972   7.0051
196.0000   112.0000   16.1610   47.9942
197.0000   38.0000   20.2605   20.9764
198.0000   82.0000   20.8228   20.7287
199.0000   85.0000   24.1427   38.0082
200.0000   101.0000   38.4645   28.5630
201.0000   115.0000   13.7955   42.3922
202.0000   73.0000   29.1449   18.9321
203.0000   44.0000   47.6022   33.7682
204.0000   120.0000   39.9376   0.5172
205.0000   75.0000   38.3386   42.9643
206.0000   43.0000   41.7094   40.6007
207.0000   69.0000   45.4357   42.0919
208.0000   45.0000   22.4002   42.1585
209.0000   106.0000   46.4361   26.4992
210.0000   52.0000   31.2556   45.0499
211.0000   104.0000   5.2346   32.7283
212.0000   119.0000   43.1370   49.2465
213.0000   47.0000   46.9547   19.5793
214.0000   112.0000   28.9361   29.8743
215.0000   65.0000   21.9282   22.5622
216.0000   60.0000   21.4837   48.3323
217.0000   32.0000   5.2619   10.0044
218.0000   105.0000   17.6290   44.8790
219.0000   62.0000   42.7721   17.3528
220.0000   80.0000   46.9475   26.1601
221.0000   68.0000   28.3754   2.1366
222.0000   57.0000   8.1501   42.1732
223.0000   34.0000   40.3576   23.5641
224.0000   53.0000   12.2202   27.2443
225.0000   116.0000   3.8433   17.0357
226.0000   57.0000   25.0972   19.5274
227.0000   78.0000   8.1928   29.9963
228.0000   32.0000   27.8479   36.5860
229.0000   109.0000   45.2829   0.7531
230.0000   43.0000   28.8269   20.0543
231.0000   88.0000   45.4453   29.6821
232.0000   63.0000   5.2103   12.5546
233.0000   71.0000   30.6010   30.0891
234.0000   46.0000   45.6605   9.6891
235.0000   38.0000   30.5462   1.1137
236.0000   45.0000   39.7771   46.7875
237.0000   76.0000   38.5167   22.1177
238.0000   102.0000   6.7531   2.4353
239.0000   40.0000   9.8685   11.9118
240.0000   81.0000   20.9199   16.3064
241.0000   67.0000   48.8755   3.4071
242.0000   90.0000   38.0343   13.5272
243.0000   57.0000   37.8452   12.9660
244.0000   35.0000   28.7397   42.8149
245.0000   97.0000   9.4150   15.5960
246.0000   118.0000   1.9404   12.3345
247.0000   104.0000   26.0392   8.6767
248.0000   48.0000   9.4593   47.3199
249.0000   88.0000   29.3734   19.5813
250.0000   59.0000   2.5944   3.6568
251.0000   76.0000   14.4145   15.3370
252.0000   117.0000   19.7430   33.0232
253.0000   50.0000   38.7791   13.8295
254.0000   110.0000   27.2115   24.1515
255.0000   100.0000   19.2815   41.5809
256.0000   61.0000   5.1654   24.3671
257.0000   89.0000   32.8351   38.1788
258.0000   47.0000   45.9637   3.0810
259.0000   110.0000   29.9140   27.5740
260.0000   84.0000   1.2694   42.2306
261.0000   33.0000   4.5459   8.6658
262.0000   33.0000   32.4533   43.3221
263.0000   40.0000   20.4074   2.8113
264.0000   35.0000   16.7877   38.9672
265.0000   66.0000   25.8775   10.5208
266.0000   105.0000   34.8803   22.9781
267.0000   82.0000   33.4769   47.4429
268.0000   117.0000   36.1264   34.1002
269.0000   76.0000   30.9318   22.5406
270.0000   91.0000   7.6090   13.6751
271.0000   99.0000   24.5429   42.7208
272.0000   39.0000   14.0017   3.0052
273.0000   84.0000   11.9051   8.1726
274.0000   119.0000   22.9336   3.5073
275.0000   117.0000   11.9299   1.2630
276.0000   50.0000   11.0296   11.2132
277.0000   102.0000   45.0367   28.6813
278.0000   72.0000   13.6025   49.3588
279.0000   32.0000   1.4885   30.1628
280.0000   88.0000   38.8346   15.1181
281.0000   48.0000   4.6893   29.4731
282.0000   81.0000   8.6723   27.8339
283.0000   92.0000   18.8455   33.3266
284.0000   50.0000   44.2636   26.5773
285.0000   48.0000   35.9068   13.4881
286.0000   70.0000   20.1812   40.6213
287.0000   51.0000   18.3952   14.3836
288.0000   74.0000   20.7465   13.4734
289.0000   63.0000   42.5059   31.1672
290.0000   103.0000   28.9171   4.9249
291.0000   104.0000   48.9843   36.6711
292.0000   36.0000   25.9063   13.3054
293.0000   82.0000   11.0098   21.9059
294.0000   93.0000   17.1042   23.9114
295.0000   114.0000   28.2566   43.0302
296.0000   118.0000   40.0065   41.6115
297.0000   64.0000   28.4291   13.0601
298.0000   72.0000   1.8578   37.7396
299.0000   34.0000   48.4868   19.3760
300.0000   75.0000   0.3005   46.9286
301.0000   37.0000   25.6848   14.8886
302.0000   98.0000   12.6532   5.3609
303.0000   90.0000   42.5977   48.5344
304.0000   77.0000   38.9801   13.6170
305.0000   52.0000   29.8583   17.9586
306.0000   117.0000   35.4654   2.5529
307.0000   39.0000   0.0487   19.0976
308.0000   68.0000   15.4795   22.7336
309.0000   64.0000   36.6848   19.0879
310.0000   117.0000   38.4444   8.8801
311.0000   83.0000   44.7250   10.1197
312.0000   32.0000   33.8236   2.7107
313.0000   33.0000   40.1356   6.1436
314.0000   103.0000   43.4053   44.3813
315.0000   45.0000   46.3321   46.4557
316.0000   72.0000   28.4729   37.1096
317.0000   66.0000   11.0879   8.2513
318.0000   113.0000   48.2044   34.8443
319.0000   70.0000   7.3899   42.8643
320.0000   101.0000   40.3336   38.3290
321.0000   45.0000   35.4746   30.1237
322.0000   56.0000   30.1279   39.6068
323.0000   39.0000   32.4091   9.7628
324.0000   39.0000   48.8940   1.2947
325.0000   81.0000   35.0118   26.8165
326.0000   30.0000   37.7329   4.9710
327.0000   75.0000   35.9092   33.5338
328.0000   65.0000   27.0181   46.3802
329.0000   84.0000   44.1420   10.0588
330.0000   41.0000   9.6326   16.8440
331.0000   64.0000   1.1095   1.2316
332.0000   82.0000   28.2877   26.4202
333.0000   51.0000   37.7258   33.9211
334.0000   92.0000   44.5480   31.6650
335.0000   104.0000   6.8051   0.0303
336.0000   101.0000   26.9189   27.3707
337.0000   117.0000   35.4779   38.8649
338.0000   89.0000   10.9116   5.0292
339.0000   68.0000   9.3330   14.0577
340.0000   117.0000   11.2834   38.8377
341.0000   36.0000   13.9767   9.4868
342.0000   31.0000   33.9491   25.7649
343.0000   42.0000   47.1742   29.9356
344.0000   47.0000   4.0962   45.9442
345.0000   90.0000   37.0530   8.4346
346.0000   81.0000   29.5800   28.9406
347.0000   114.0000   32.4367   40.5304
348.0000   110.0000   28.4101   42.8146
349.0000   103.0000   24.8107   8.4262
350.0000   113.0000   48.2841   19.4086
351.0000   90.0000   7.3638   25.0641
352.0000   68.0000   17.5415   37.1484
353.0000   84.0000   5.7281   39.2559
354.0000   103.0000   16.9132   45.1694
355.0000   66.0000   42.0220   47.5380
356.0000   43.0000   47.4441   11.9274
357.0000   64.0000   6.9641   5.1263
358.0000   118.0000   9.5373   46.6508
359.0000   89.0000   48.8723   2.2076
360.0000   116.0000   36.3627   27.1169
361.0000   52.0000   29.6044   10.1187
362.0000   69.0000   45.7976   30.7471
363.0000   66.0000   10.3974   14.9476
364.0000   88.0000   37.6119   38.5311
365.0000   94.0000   3.6403   45.2222
366.0000   46.0000   30.7807   35.0979
367.0000   62.0000   0.1596   40.8475
368.0000   62.0000   20.1674   12.7789
369.0000   77.0000   14.4505   45.2306
370.0000   87.0000   14.4809   9.0517
371.0000   112.0000   48.9553   43.2953
372.0000   60.0000   18.1121   7.7986
373.0000   81.0000   40.6125   25.1685
374.0000   56.0000   31.1578   10.3279
375.0000   90.0000   28.5317   0.0072
376.0000   44.0000   28.9292   48.0810
377.0000   63.0000   27.8345   10.9281
378.0000   80.0000   5.1138   37.1537
379.0000   92.0000   21.7801   5.5897
380.0000   40.0000   16.6286   49.9271
381.0000   80.0000   5.7381   41.0021
382.0000   60.0000   1.6186   16.5680
383.0000   103.0000   11.1729   16.9759
384.0000   87.0000   34.8025   44.8006
385.0000   59.0000   14.4546   11.3589
386.0000   77.0000   6.5384   19.8277
387.0000   68.0000   48.6236   21.3967
388.0000   62.0000   31.6633   25.8209
389.0000   110.0000   38.8920   30.7235
390.0000   40.0000   0.9732   15.1004
391.0000   100.0000   31.5859   3.8827
392.0000   69.0000   33.2864   48.8134
393.0000   112.0000   15.1093   43.3107
394.0000   42.0000   45.6238   30.1658
395.0000   73.0000   22.6984   36.7692
396.0000   102.0000   41.3762   5.8293
397.0000   56.0000   13.8237   36.7011
398.0000   88.0000   48.9312   26.8108
399.0000   98.0000   5.3394   25.6973
400.0000   103.0000   44.1137   22.1589
401.0000   119.0000   38.3294   14.1913
402.0000   90.0000   33.8288   33.6783
403.0000   72.0000   10.9005   39.8611
404.0000   103.0000   14.6878   32.5685
405.0000   106.0000   45.9307   25.1957
406.0000   114.0000   12.9255   3.1136
407.0000   78.0000   9.5261   6.1617
408.0000   92.0000   2.8053   10.7813
409.0000   102.0000   1.6553   18.0145
410.0000   78.0000   36.6375   11.1745
411.0000   34.0000   17.3891   21.7363
412.0000   72.0000   36.6164   20.7667
413.0000   46.0000   8.5627   18.7272
414.0000   69.0000   16.4138   39.6070
415.0000   83.0000   32.0399   46.4577
416.0000   93.0000   43.5870   46.2640
417.0000   52.0000   1.0287   22.9192
418.0000   75.0000   4.5967   6.6096
419.0000   81.0000   45.0204   41.0395
420.0000   34.0000   11.4344   1.8227
421.0000   34.0000   25.8647   42.5063
422.0000   86.0000   46.0047   47.9196
423.0000   74.0000   36.4168   6.0338
424.0000   91.0000   32.6904   29.3786
425.0000   113.0000   31.5066   45.0575
426.0000   44.0000   42.0636   2.4968
427.0000   106.0000   16.0041   20.2707
428.0000   113.0000   37.3340   0.2384
429.0000   57.0000   41.1795   26.6128
430.0000   41.0000   43.7090   47.4666
431.0000   106.0000   16.3185   11.9116
432.0000   103.0000   40.6612   48.5971
433.0000   51.0000   32.2548   20.6554
434.0000   99.0000   8.3339   48.9045
435.0000   76.0000   7.6124   0.6150
436.0000   105.0000   43.1730   21.8795
437.0000   94.0000   46.5452   39.8892
438.0000   114.0000   27.4075   47.1783
439.0000   38.0000   43.2931   33.5605
440.0000   57.0000   20.7455   22.0543
441.0000   45.0000   34.3974   33.8516
442.0000   68.0000   47.7392   17.7313
443.0000   75.0000   26.6214   37.3487
444.0000   39.0000   43.8322   23.9063
445.0000   86.0000   38.0857   21.1229
446.0000   41.0000   0.2915   5.1812
447.0000   42.0000   21.3050   0.1981
448.0000   37.0000   21.6757   23.6899
449.0000   76.0000   24.7684   23.7872
450.0000   35.0000   49.8959   26.8641
