0.0000   0.0000   50.0000   50.0000
1.0000   113.0000   3.9497   37.9446
2.0000   114.0000   80.3091   7.0468
3.0000   83.0000   19.9934   64.5441
4.0000   94.0000   62.2484   55.7258
5.0000   12.0000   14.8069   66.2857
6.0000   106.0000   51.7486   97.8116
7.0000   65.0000   2.3353   9.6806
8.0000   36.0000   25.3050   49.0601
9.0000   13.0000   81.7128   0.3802
10.0000   112.0000   46.3929   99.3893
11.0000   62.0000   33.5321   43.1121
12.0000   118.0000   72.8682   62.4190
13.0000   107.0000   0.3683   61.2453
14.0000   28.0000   0.9392   69.9615
15.0000   43.0000   38.8935   62.7082
16.0000   118.0000   55.0319   44.3544
17.0000   99.0000   39.9050   80.9217
18.0000   31.0000   47.4185   93.8735
19.0000   74.0000   73.7400   22.3043
20.0000   42.0000   98.5446   97.7817
21.0000   62.0000   83.4430   89.9601
22.0000   26.0000   81.3352   21.5675
23.0000   19.0000   59.4291   94.8595
24.0000   33.0000   10.0334   63.3115
25.0000   22.0000   55.8365   13.2324
26.0000   105.0000   0.8201   92.4818
27.0000   21.0000   39.5201   62.5093
28.0000   96.0000   33.3951   57.8281
29.0000   66.0000   0.3882   91.1761
30.0000   105.0000   78.6075   66.8197
31.0000   56.0000   46.1536   81.5249
32.0000   47.0000   91.4058   38.3698
33.0000   83.0000   54.1666   70.1616
34.0000   119.0000   57.8778   10.2182
35.0000   21.0000   71.9186   91.6243
36.0000   36.0000   40.0724   11.7400
37.0000   64.0000   95.8459   44.7341
38.0000   110.0000   86.6206   58.0987
39.0000   61.0000   78.1710   16.4351
40.0000   25.0000   2.3559   13.0276
41.0000   62.0000   38.2279   30.6124
42.0000   59.0000   83.4932   18.2140
43.0000   79.0000   98.8310   36.4242
44.0000   45.0000   67.1718   10.0406
45.0000   34.0000   33.3115   68.8760
46.0000   69.0000   32.1122   54.8578
47.0000   49.0000   90.7697   48.0008
48.0000   91.0000   30.3307   23.7811
49.0000   120.0000   86.7112   54.8488
50.0000   89.0000   34.7812   39.0821
51.0000   118.0000   74.5170   97.1046
52.0000   99.0000   7.3375   15.2876
53.0000   58.0000   72.9523   12.8497
54.0000   22.0000   90.0210   33.8589
55.0000   33.0000   73.6626   69.3606
56.0000   75.0000   12.8425   63.6813
57.0000   43.0000   22.9073   78.3975
58.0000   41.0000   18.4853   37.5973
59.0000   108.0000   97.7074   14.6592
60.0000   103.0000   83.2390   2.3573
61.0000   87.0000   83.5084   21.8894
62.0000   64.0000   85.0182   80.1710
63.0000   93.0000   4.9503   25.3834
64.0000   30.0000   75.0060   19.2893
65.0000   83.0000   9.5010   22.9855
66.0000   64.0000   14.2252   11.3806
67.0000   64.0000   10.0778   98.6440
68.0000   68.0000   84.4274   51.6690
69.0000   101.0000   20.0878   80.8885
70.0000   97.0000   44.7971   44.8708
71.0000   68.0000   6.0649   12.0567
72.0000   26.0000   31.2049   55.4390
73.0000   84.0000   45.2950   74.8198
74.0000   119.0000   68.7025   42.2692
75.0000   118.0000   70.2155   10.4754
76.0000   51.0000   73.4627   71.1036
77.0000   91.0000   29.3625   33.8397
78.0000   98.0000   95.9682   92.7719
79.0000   67.0000   41.3845   94.1677
80.0000   56.0000   14.8615   97.8118
81.0000   74.0000   36.2742   75.3593
82.0000   36.0000   58.8809   88.8723
83.0000   114.0000   46.9743   7.8572
84.0000   90.0000   80.6397   82.4074
85.0000   11.0000   66.6046   49.0228
86.0000   12.0000   42.1950   93.5746
87.0000   46.0000   88.7384   87.3471
88.0000   37.0000   22.3418   34.1458
89.0000   100.0000   43.7382   10.6088
90.0000   31.0000   62.5784   17.8264
91.0000   114.0000   12.4958   71.8799
92.0000   111.0000   73.3971   51.7592
93.0000   37.0000   15.1549   40.1779
94.0000   43.0000   81.0641   88.4775
95.0000   84.0000   96.9058   87.6379
96.0000   16.0000   13.9435   77.3848
97.0000   97.0000   53.2002   18.1493
98.0000   50.0000   25.2258   28.2866
99.0000   115.0000   67.3039   91.3541
100.0000   102.0000   39.7962   52.5838
101.0000   27.0000   87.5820   97.6156
102.0000   70.0000   69.8960   2.1307
103.0000   21.0000   60.2934   89.2998
104.0000   88.0000   23.2564   86.0735
105.0000   70.0000   28.7351   28.8915
106.0000   16.0000   31.2521   61.0963
107.0000   93.0000   5.2277   40.2341
108.0000   112.0000   8.3825   78.9227
109.0000   96.0000   22.4077   61.3030
110.0000   113.0000   60.6162   68.2968
111.0000   41.0000   94.8019   88.3866
112.0000   61.0000   59.8767   17.3744
113.0000   55.0000   28.0138   61.3112
114.0000   39.0000   83.0659   75.8100
115.0000   25.0000   97.2968   36.9090
116.0000   81.0000   7.4560   90.2286
117.0000   23.0000   43.7224   94.0420
118.0000   118.0000   69.8502   95.5810
119.0000   29.0000   27.9173   85.4965
120.0000   89.0000   61.5976   12.5753
121.0000   93.0000   0.9238   46.1026
122.0000   65.0000   48.5641   34.0711
123.0000   90.0000   40.1886   16.3055
124.0000   81.0000   71.5466   24.3897
125.0000   111.0000   30.2389   14.2421
126.0000   61.0000   28.0084   19.0726
127.0000   93.0000   26.6696   39.1045
128.0000   68.0000   26.1412   56.6688
129.0000   12.0000   82.4115   0.8468
130.0000   45.0000   53.9146   74.9219
131.0000   115.0000   9.2452   43.9197
132.0000   77.0000   34.4210   75.9053
133.0000   111.0000   0.7179   48.6669
134.0000   68.0000   98.6248   45.7865
135.0000   61.0000   34.2194   75.6886
136.0000   70.0000   21.1138   88.5025
137.0000   46.0000   49.4613   30.2401
138.0000   40.0000   37.3005   18.8284
139.0000   17.0000   47.9147   59.6616
140.0000   18.0000   74.9410   7.9283
141.0000   34.0000   75.4956   21.3682
142.0000   23.0000   45.4927   36.6756
143.0000   55.0000   74.4929   55.6356
144.0000   46.0000   24.3751   13.7319
145.0000   16.0000   88.9070   13.1919
146.0000   103.0000   67.4403   29.6269
147.0000   67.0000   23.6480   70.9806
148.0000   10.0000   99.0154   53.4065
149.0000   33.0000   82.6655   30.4375
150.0000   120.0000   72.8428   35.4043
151.0000   49.0000   75.3036   91.0385
152.0000   70.0000   4.4134   14.7504
153.0000   88.0000   55.8449   40.8539
154.0000   106.0000   26.5834   94.6823
155.0000   15.0000   20.4402   40.8686
156.0000   45.0000   35.1295   69.9647
157.0000   64.0000   45.8635   93.7077
158.0000   111.0000   89.4075   47.4853
159.0000   14.0000   17.8512   64.0755
160.0000   70.0000   95.6202   49.9074
161.0000   75.0000   47.8011   56.0088
162.0000   101.0000   35.3370   17.3210
163.0000   10.0000   63.0847   97.1792
164.0000   63.0000   30.6187   46.3565
165.0000   50.0000   55.5108   32.2472
166.0000   119.0000   3.3086   24.2098
167.0000   86.0000   35.1921   49.0051
168.0000   55.0000   19.0179   23.0536
169.0000   51.0000   55.3736   6.0329
170.0000   120.0000   4.6725   2.6037
171.0000   52.0000   15.1531   51.9642
172.0000   57.0000   49.2118   28.1741
173.0000   87.0000   21.2172   14.0910
174.0000   50.0000   24.7710   60.1033
175.0000   106.0000   84.6648   81.5336
176.0000   17.0000   80.9920   33.2616
177.0000   101.0000   47.7836   13.1919
178.0000   71.0000   21.9586   69.1040
179.0000   94.0000   57.2402   60.6201
180.0000   47.0000   76.6577   58.8212
181.0000   66.0000   61.6442   67.0170
182.0000   37.0000   55.2705   12.2188
183.0000   82.0000   11.2114   79.1353
184.0000   21.0000   15.6506   24.4263
185.0000   119.0000   35.9926   42.7231
186.0000   107.0000   86.4539   10.8876
187.0000   68.0000   19.6351   69.1427
188.0000   76.0000   42.4069   1.7323
189.0000   32.0000   25.7304   19.0336
190.0000   15.0000   27.7266   65.4058
191.0000   117.0000   36.8129   51.4939
192.0000   26.0000   40.8874   32.5826
193.0000   76.0000   2.4032   16.5245
194.0000   56.0000   44.4793   56.4456
195.0000   38.0000   95.4460   25.7768
196.0000   24.0000   16.3418   48.2791
197.0000   97.0000   88.7271   96.8963
198.0000   41.0000   69.7370   9.7545
199.0000   46.0000   48.2693   93.1025
200.0000   61.0000   59.8956   39.3511
201.0000   11.0000   2.6381   6.7262
202.0000   10.0000   48.1446   84.3667
203.0000   35.0000   35.4829   36.9550
204.0000   41.0000   44.4789   16.7165
205.0000   37.0000   75.1127   70.8670
206.0000   37.0000   95.7136   45.0431
207.0000   48.0000   42.2314   49.4669
208.0000   32.0000   25.4861   52.4148
209.0000   10.0000   44.6068   11.6839
210.0000   29.0000   28.4715   66.5475
211.0000   84.0000   49.5318   75.9134
212.0000   103.0000   90.4366   46.3474
213.0000   82.0000   87.1761   78.1454
214.0000   20.0000   71.6230   71.6783
215.0000   109.0000   88.4854   94.8021
216.0000   29.0000   1.0406   61.9976
217.0000   92.0000   6.9559   42.2162
218.0000   89.0000   41.6641   35.4626
219.0000   56.0000   34.6829   88.6703
220.0000   10.0000   29.4783   52.7296
221.0000   102.0000   47.3547   42.4370
222.0000   48.0000   10.7384   86.0741
223.0000   90.0000   13.8387   17.9843
224.0000   112.0000   17.0173   80.4968
225.0000   112.0000   42.8402   69.8439
226.0000   10.0000   4.1797   57.5073
227.0000   108.0000   39.1273   22.7144
228.0000   61.0000   15.1339   17.0628
229.0000   37.0000   78.4396   72.6838
230.0000   94.0000   7.4861   20.2638
231.0000   33.0000   34.0662   23.4046
232.0000   32.0000   42.4836   53.4479
233.0000   91.0000   29.8694   7.1634
234.0000   87.0000   3.2967   91.4516
235.0000   94.0000   83.4795   30.6504
236.0000   25.0000   93.2802   56.2813
237.0000   78.0000   83.5061   54.7835
238.0000   43.0000   40.1274   60.6945
239.0000   11.0000   36.8551   25.5310
240.0000   29.0000   63.1514   94.9726
241.0000   13.0000   34.6088   42.1151
242.0000   59.0000   37.9010   82.7940
243.0000   53.0000   78.2365   16.0775
244.0000   26.0000   51.0296   83.1200
245.0000   117.0000   50.1909   28.5187
246.0000   22.0000   41.1896   55.0391
247.0000   57.0000   16.8479   42.8687
248.0000   29.0000   9.1189   29.3037
249.0000   116.0000   67.8736   17.5333
250.0000   17.0000   20.5697   6.9129
251.0000   90.0000   4.4832   13.4783
252.0000   120.0000   50.2415   20.7713
253.0000   11.0000   69.9137   67.1036
254.0000   92.0000   0.3224   88.1529
255.0000   27.0000   31.5353   3.8272
256.0000   35.0000   47.8346   58.5908
257.0000   30.0000   28.9769   20.5094
258.0000   38.0000   79.4754   78.0463
259.0000   90.0000   86.4818   44.2255
260.0000   83.0000   15.3456   25.8940
261.0000   39.0000   37.3775   33.3860
262.0000   79.0000   23.9934   11.2616
263.0000   113.0000   73.8519   94.1295
264.0000   26.0000   43.8357   78.7385
265.0000   108.0000   59.8264   55.2724
266.0000   46.0000   27.1684   18.4378
267.0000   98.0000   88.8986   81.9400
268.0000   42.0000   49.9409   53.8588
269.0000   24.0000   73.3118   1.4980
270.0000   46.0000   51.0899   38.9490
271.0000   33.0000   97.9164   35.1955
272.0000   110.0000   11.3466   40.1414
273.0000   36.0000   8.7079   20.8980
274.0000   33.0000   87.3237   20.5383
275.0000   24.0000   6.0522   40.5278
276.0000   58.0000   77.7450   57.8017
277.0000   61.0000   9.9930   87.7855
278.0000   35.0000   76.6362   94.1475
279.0000   102.0000   54.9337   18.4034
280.0000   85.0000   82.1920   79.4739
281.0000   83.0000   20.2412   13.5907
282.0000   86.0000   1.2705   8.0082
283.0000   49.0000   24.1487   91.5307
284.0000   113.0000   12.0091   73.8021
285.0000   21.0000   75.2519   56.5192
286.0000   55.0000   61.1690   98.7156
287.0000   55.0000   93.5664   33.7791
288.0000   39.0000   80.2636   36.1416
289.0000   87.0000   0.6394   2.5685
290.0000   54.0000   72.8897   78.9861
291.0000   56.0000   77.4370   1.2615
292.0000   43.0000   76.8613   84.2280
293.0000   55.0000   42.5870   37.0795
294.0000   82.0000   67.0371   96.3751
295.0000   96.0000   52.5782   5.3115
296.0000   49.0000   3.6317   50.7417
297.0000   86.0000   83.4401   16.7630
298.0000   36.0000   44.7058   8.6646
299.0000   102.0000   36.0176   28.7514
300.0000   102.0000   32.1125   19.1203
301.0000   98.0000   68.9338   92.0302
302.0000   62.0000   11.1533   48.7270
303.0000   91.0000   69.7495   66.1289
304.0000   89.0000   9.6507   5.1350
305.0000   41.0000   17.6542   13.4429
306.0000   95.0000   57.1269   60.6988
307.0000   29.0000   76.9436   25.3624
308.0000   106.0000   25.0662   37.8703
309.0000   31.0000   70.9428   76.8535
310.0000   107.0000   23.4737   39.3989
311.0000   18.0000   5.2035   62.9870
312.0000   57.0000   77.1238   36.7599
313.0000   35.0000   65.3285   94.1481
314.0000   55.0000   94.8547   97.1665
315.0000   118.0000   36.7052   16.7049
316.0000   16.0000   47.4400   1.5257
317.0000   46.0000   83.3051   33.5845
318.0000   83.0000   99.6265   68.1765
319.0000   89.0000   58.3141   84.0577
320.0000   31.0000   30.1756   8.5301
321.0000   89.0000   93.3323   36.7981
322.0000   23.0000   37.8906   0.7604
323.0000   87.0000   23.6754   17.4634
324.0000   12.0000   75.8063   19.5509
325.0000   88.0000   49.7306   36.6164
326.0000   118.0000   75.4639   73.1007
327.0000   59.0000   64.2388   51.8127
328.0000   14.0000   35.7344   69.2436
329.0000   14.0000   75.9978   17.6181
330.0000   50.0000   1.4368   58.3584
331.0000   18.0000   34.3459   3.5346
332.0000   35.0000   3.1949   8.6551
333.0000   51.0000   43.2761   62.1164
334.0000   119.0000   12.6387   22.8548
335.0000   34.0000   26.2709   26.7912
336.0000   47.0000   84.7290   43.4124
337.0000   120.0000   96.1694   76.3738
338.0000   39.0000   61.9741   28.0068
339.0000   68.0000   17.3888   97.2452
340.0000   118.0000   63.7052   54.8667
341.0000   103.0000   60.5904   10.3360
342.0000   82.0000   85.0867   32.5106
343.0000   13.0000   72.4104   13.0839
344.0000   26.0000   38.9039   92.6981
345.0000   91.0000   66.0607   94.6621
346.0000   101.0000   41.2829   64.7752
347.0000   41.0000   48.6476   77.4146
348.0000   61.0000   82.0246   14.6434
349.0000   108.0000   64.1796   69.4143
350.0000   28.0000   72.0798   27.7763
