0.0000   0.0000   50.0000   50.0000
1.0000   5.0000   82.6413   12.1108
2.0000   24.0000   92.3931   96.9467
3.0000   61.0000   67.1506   85.4297
4.0000   57.0000   2.4236   55.4131
5.0000   94.0000   1.0303   84.5882
6.0000   61.0000   76.8783   74.1697
7.0000   82.0000   97.4697   33.0758
8.0000   76.0000   73.6033   88.1007
9.0000   100.0000   33.0173   71.7072
10.0000   77.0000   57.6773   50.2215
11.0000   44.0000   9.7677   90.1337
12.0000   95.0000   1.2074   31.9229
13.0000   11.0000   87.1210   5.7269
14.0000   60.0000   59.1013   61.1048
15.0000   83.0000   44.0372   22.1616
16.0000   45.0000   73.9599   74.5359
17.0000   26.0000   87.3073   85.0112
18.0000   29.0000   97.7844   39.0233
19.0000   77.0000   72.7456   38.3027
20.0000   54.0000   21.1058   65.4086
21.0000   48.0000   31.5355   72.2191
22.0000   32.0000   53.0163   51.4595
23.0000   73.0000   63.3452   40.3105
24.0000   65.0000   77.4270   34.0016
25.0000   91.0000   91.2466   72.7276
26.0000   91.0000   92.7781   92.3321
27.0000   98.0000   47.9717   29.2273
28.0000   83.0000   10.6242   12.2493
29.0000   22.0000   2.8876   25.3020
30.0000   71.0000   59.0171   3.2106
31.0000   49.0000   91.2328   37.3290
32.0000   75.0000   89.7128   89.9573
33.0000   3.0000   19.0560   53.7877
34.0000   94.0000   80.9820   56.1410
35.0000   10.0000   39.5465   55.2919
36.0000   60.0000   57.1460   34.7410
37.0000   35.0000   22.5230   40.5912
38.0000   2.0000   28.3990   63.3785
39.0000   76.0000   34.3001   6.6392
40.0000   25.0000   60.8915   51.9133
41.0000   34.0000   16.4063   78.7460
42.0000   78.0000   5.9737   22.4000
43.0000   32.0000   55.7085   30.2378
44.0000   2.0000   72.3136   27.3541
45.0000   24.0000   17.2124   94.4804
46.0000   52.0000   55.6892   33.7413
47.0000   39.0000   15.8479   70.2385
48.0000   30.0000   44.3965   86.6055
49.0000   30.0000   46.4748   4.3125
50.0000   62.0000   24.4100   69.8789
51.0000   39.0000   49.4515   31.9088
52.0000   46.0000   91.7678   39.5825
53.0000   39.0000   39.3433   16.9103
54.0000   7.0000   1.2584   43.2037
55.0000   9.0000   46.7119   98.6898
56.0000   79.0000   88.6386   32.5047
57.0000   67.0000   83.3374   25.1114
58.0000   7.0000   31.4593   73.2828
59.0000   25.0000   24.0617   83.2229
60.0000   31.0000   4.2281   21.5047
61.0000   36.0000   36.2235   13.1573
62.0000   69.0000   82.1113   91.4536
63.0000   59.0000   13.3522   27.6230
64.0000   91.0000   61.3284   0.5046
65.0000   82.0000   58.4304   17.5403
66.0000   79.0000   62.0604   62.5282
67.0000   76.0000   80.9224   65.8171
68.0000   79.0000   34.0914   11.9848
69.0000   77.0000   16.6082   72.9129
70.0000   49.0000   62.7357   16.8751
71.0000   93.0000   12.2613   87.9993
72.0000   69.0000   97.0434   94.2924
73.0000   18.0000   88.2721   65.9413
74.0000   68.0000   20.9671   57.6123
75.0000   55.0000   64.2825   27.0343
76.0000   59.0000   17.6237   13.0847
77.0000   16.0000   82.4415   50.6314
78.0000   83.0000   32.7990   11.6192
79.0000   69.0000   37.4984   4.1804
80.0000   34.0000   32.4366   48.6773
81.0000   80.0000   35.8531   47.5904
82.0000   50.0000   42.7803   81.9398
83.0000   32.0000   39.8883   82.8608
84.0000   33.0000   40.8247   75.3664
85.0000   16.0000   42.0477   65.3628
86.0000   42.0000   2.1191   54.2979
87.0000   23.0000   92.2411   67.9433
88.0000   55.0000   51.1434   97.7412
89.0000   2.0000   48.9528   92.6027
90.0000   66.0000   92.9227   76.7576
91.0000   4.0000   18.1711   19.7134
92.0000   12.0000   68.1625   88.7734
93.0000   31.0000   37.3455   0.8663
94.0000   44.0000   23.2638   28.1389
95.0000   100.0000   61.8203   9.0215
96.0000   70.0000   14.3181   39.7102
97.0000   62.0000   96.9429   76.1312
98.0000   33.0000   10.2880   43.5131
99.0000   65.0000   1.1676   49.0277
100.0000   79.0000   81.6834   43.4854
101.0000   76.0000   75.5409   78.7606
102.0000   94.0000   11.3128   98.3542
103.0000   8.0000   85.7379   52.6375
104.0000   47.0000   74.6812   61.5539
105.0000   26.0000   6.7787   84.0036
106.0000   82.0000   0.0721   58.2607
107.0000   79.0000   62.3576   58.9017
108.0000   66.0000   99.1347   7.7411
109.0000   80.0000   95.3499   85.4261
110.0000   80.0000   9.8267   64.5263
111.0000   73.0000   96.0383   34.0957
112.0000   48.0000   51.3030   8.3037
113.0000   25.0000   0.8079   93.3775
114.0000   71.0000   91.8628   63.7335
115.0000   55.0000   72.7390   52.1922
116.0000   29.0000   80.4405   11.1708
117.0000   11.0000   35.7819   19.0783
118.0000   26.0000   61.0579   82.5900
119.0000   50.0000   19.8099   6.9186
120.0000   42.0000   36.9675   63.4114
121.0000   30.0000   13.4866   1.7664
122.0000   40.0000   74.7336   92.8600
123.0000   91.0000   18.4499   8.7105
124.0000   81.0000   33.0501   92.5941
125.0000   88.0000   46.2375   88.1171
126.0000   27.0000   7.7364   33.2641
127.0000   23.0000   24.7381   52.3942
128.0000   5.0000   27.6093   45.1643
129.0000   69.0000   19.3047   42.1775
130.0000   94.0000   14.3920   71.8178
131.0000   45.0000   56.1592   17.7769
132.0000   53.0000   87.9791   25.5078
133.0000   41.0000   72.9573   11.5386
134.0000   54.0000   75.1258   68.6870
135.0000   32.0000   49.5817   10.6521
136.0000   71.0000   44.3728   20.2306
137.0000   20.0000   57.7553   24.4955
138.0000   35.0000   91.6480   20.0047
139.0000   60.0000   50.4026   22.1299
140.0000   59.0000   63.6057   64.0367
141.0000   72.0000   91.9217   7.0840
142.0000   52.0000   32.7727   83.2871
143.0000   77.0000   17.4540   60.9938
144.0000   94.0000   9.0703   66.5690
145.0000   21.0000   81.2923   93.3123
146.0000   79.0000   23.1356   99.9033
147.0000   6.0000   10.9003   59.9913
148.0000   30.0000   7.3801   86.5721
149.0000   94.0000   22.4587   22.9301
150.0000   95.0000   53.4903   27.5319
151.0000   16.0000   18.5205   74.2207
152.0000   87.0000   93.8279   10.0329
153.0000   9.0000   16.3256   87.2515
154.0000   57.0000   63.3105   45.0180
155.0000   35.0000   71.9300   83.9494
156.0000   20.0000   60.0597   18.3681
157.0000   37.0000   9.9967   7.3466
158.0000   13.0000   60.0217   47.9778
159.0000   26.0000   53.8311   14.8350
160.0000   81.0000   84.4798   6.5906
161.0000   42.0000   47.2209   51.8434
162.0000   9.0000   23.9227   63.9354
163.0000   52.0000   7.6358   24.7100
164.0000   76.0000   52.4248   37.9375
165.0000   4.0000   10.4790   57.7023
166.0000   21.0000   50.8590   75.0016
167.0000   32.0000   77.1590   36.1447
168.0000   22.0000   11.5295   60.4709
169.0000   76.0000   97.2574   98.1138
170.0000   81.0000   34.3420   17.6518
171.0000   28.0000   70.4454   3.1931
172.0000   67.0000   92.7433   79.6655
173.0000   33.0000   39.0213   29.7790
174.0000   79.0000   60.1105   27.2732
175.0000   81.0000   95.5007   91.3422
176.0000   82.0000   19.3209   66.3244
177.0000   65.0000   27.7647   33.1932
178.0000   17.0000   14.6579   65.5756
179.0000   11.0000   84.6583   77.3582
180.0000   32.0000   70.5914   31.5949
181.0000   76.0000   45.0419   80.3650
182.0000   64.0000   18.3114   42.4636
183.0000   47.0000   27.9181   42.7870
184.0000   8.0000   75.5219   67.6259
185.0000   95.0000   32.6053   49.9575
186.0000   88.0000   85.9117   1.0686
187.0000   97.0000   43.2271   84.6177
188.0000   64.0000   85.3954   22.5849
189.0000   85.0000   49.8349   39.6030
190.0000   93.0000   28.1245   46.7266
191.0000   68.0000   11.0557   60.5927
192.0000   92.0000   31.9828   57.3989
193.0000   83.0000   97.7804   99.6650
194.0000   50.0000   45.6674   23.9234
195.0000   77.0000   21.0712   85.3684
196.0000   10.0000   32.8451   27.7550
197.0000   71.0000   52.1057   94.7803
198.0000   42.0000   73.6512   93.3629
199.0000   75.0000   41.1434   29.9629
200.0000   67.0000   65.3573   52.6218
201.0000   47.0000   1.3646   77.4928
202.0000   85.0000   29.7823   79.8757
203.0000   64.0000   13.5204   40.0733
204.0000   93.0000   37.3880   8.9314
205.0000   10.0000   95.1525   27.9146
206.0000   92.0000   68.8406   66.8185
207.0000   29.0000   96.7573   21.0544
208.0000   60.0000   92.0266   68.6842
209.0000   86.0000   8.4608   27.6672
210.0000   20.0000   31.1296   50.8509
211.0000   10.0000   59.1330   70.1159
212.0000   83.0000   35.2035   96.5627
213.0000   2.0000   47.0762   53.8949
214.0000   5.0000   52.0488   6.2460
215.0000   97.0000   50.5724   1.6649
216.0000   18.0000   33.4535   70.2519
217.0000   3.0000   6.3764   25.9115
218.0000   53.0000   52.2043   53.2876
219.0000   41.0000   98.9325   91.6403
220.0000   94.0000   62.2964   8.9464
221.0000   24.0000   16.3483   27.1574
222.0000   94.0000   56.8329   57.6463
223.0000   10.0000   71.6865   8.3653
224.0000   27.0000   39.2667   93.8235
225.0000   31.0000   9.7852   86.6754
226.0000   40.0000   3.5566   67.9607
227.0000   90.0000   49.0964   78.7812
228.0000   2.0000   79.8455   90.2768
229.0000   7.0000   69.1127   16.0787
230.0000   86.0000   0.9834   4.9192
231.0000   85.0000   88.1485   28.4835
232.0000   92.0000   61.8728   7.5821
233.0000   60.0000   16.6875   45.4209
234.0000   17.0000   26.6457   5.5160
235.0000   46.0000   91.9247   53.0046
236.0000   14.0000   4.0483   89.5794
237.0000   17.0000   91.2223   18.9834
238.0000   87.0000   87.3780   24.4574
239.0000   72.0000   86.2465   57.8497
240.0000   10.0000   65.5094   37.7266
241.0000   44.0000   98.5207   63.8661
242.0000   54.0000   64.7563   16.0130
243.0000   87.0000   63.4990   3.0201
244.0000   21.0000   49.8292   32.8232
245.0000   71.0000   66.4610   85.2791
246.0000   13.0000   79.2192   33.5210
247.0000   66.0000   64.6843   81.3618
248.0000   91.0000   35.6921   18.5912
249.0000   98.0000   37.1882   17.0217
250.0000   16.0000   57.7925   45.1363
251.0000   65.0000   3.3713   44.9500
252.0000   66.0000   81.5651   22.6768
253.0000   52.0000   54.0881   18.1589
254.0000   60.0000   6.8142   97.7676
255.0000   93.0000   30.6263   76.8977
256.0000   39.0000   0.6942   88.9931
257.0000   24.0000   23.3677   33.4237
258.0000   24.0000   19.6029   76.7948
259.0000   84.0000   60.2616   48.5125
260.0000   38.0000   58.9930   71.5072
261.0000   91.0000   14.6817   29.7114
262.0000   82.0000   95.1009   74.9086
263.0000   2.0000   11.4992   65.3484
264.0000   22.0000   87.4502   17.7181
265.0000   71.0000   41.7450   38.4294
266.0000   12.0000   50.7974   60.6626
267.0000   57.0000   79.6312   4.6857
268.0000   55.0000   10.0106   31.6299
269.0000   9.0000   45.5238   12.9631
270.0000   30.0000   50.8902   5.3592
271.0000   79.0000   90.7952   52.6296
272.0000   70.0000   56.1432   62.4469
273.0000   82.0000   52.5256   62.4160
274.0000   40.0000   68.5026   74.9131
275.0000   8.0000   48.8906   1.7205
276.0000   36.0000   59.6093   8.6306
277.0000   77.0000   28.0467   54.0766
278.0000   86.0000   30.0105   87.8577
279.0000   54.0000   67.7363   68.3693
280.0000   23.0000   97.5593   67.3857
281.0000   46.0000   43.6016   12.1277
282.0000   49.0000   67.2082   44.0088
283.0000   91.0000   84.8481   93.6754
284.0000   73.0000   36.6518   97.7975
285.0000   66.0000   98.0712   48.2006
286.0000   49.0000   80.6775   35.9064
287.0000   93.0000   47.7719   95.7104
288.0000   28.0000   39.1453   56.9376
289.0000   75.0000   61.4072   8.2603
290.0000   78.0000   98.1330   58.8897
291.0000   57.0000   77.0357   35.5194
292.0000   55.0000   84.1064   35.5553
293.0000   7.0000   78.9662   72.9418
294.0000   18.0000   94.5667   69.8565
295.0000   48.0000   78.9620   29.5560
296.0000   31.0000   0.6442   28.2668
297.0000   72.0000   62.4540   63.6565
298.0000   31.0000   16.8561   14.2994
299.0000   83.0000   28.1487   3.8249
300.0000   22.0000   21.0522   52.9442
301.0000   61.0000   96.8363   8.5779
302.0000   1.0000   8.8234   36.0469
303.0000   38.0000   78.7770   28.2373
304.0000   56.0000   74.0848   99.1482
305.0000   74.0000   28.3450   23.4005
306.0000   80.0000   46.6726   71.8452
307.0000   39.0000   97.6420   0.7349
308.0000   27.0000   15.7275   89.8980
309.0000   28.0000   88.5435   53.3737
310.0000   32.0000   99.7549   30.0169
311.0000   25.0000   43.9007   29.2722
312.0000   80.0000   77.3231   58.3971
313.0000   2.0000   91.2337   8.5218
314.0000   68.0000   35.1783   20.2952
315.0000   46.0000   46.1104   5.9474
316.0000   35.0000   98.3542   72.4510
317.0000   57.0000   75.8239   16.1964
318.0000   44.0000   84.3697   99.0159
319.0000   32.0000   49.1105   63.6755
320.0000   96.0000   92.7516   85.3272
