0.0000   0.0000   50.0000   50.0000
1.0000   60.0000   17.8396   87.3694
2.0000   49.0000   25.5691   60.2199
3.0000   107.0000   7.3164   86.0420
4.0000   107.0000   64.1977   22.6501
5.0000   20.0000   58.2509   47.5192
6.0000   77.0000   34.3025   41.2562
7.0000   101.0000   76.1312   84.9585
8.0000   91.0000   94.6456   68.8343
9.0000   91.0000   46.6694   18.1842
10.0000   86.0000   6.7072   38.5163
11.0000   87.0000   32.5860   70.7045
12.0000   28.0000   32.0093   1.4474
13.0000   29.0000   6.5015   71.9269
14.0000   103.0000   64.6104   51.4193
15.0000   37.0000   0.7141   15.6111
16.0000   114.0000   33.9263   6.9744
17.0000   100.0000   81.8105   62.2555
18.0000   29.0000   10.1359   93.5753
19.0000   19.0000   41.0062   78.2077
20.0000   112.0000   96.1059   17.1100
21.0000   68.0000   10.0277   59.8040
22.0000   76.0000   8.4997   8.9940
23.0000   62.0000   89.7941   22.3164
24.0000   102.0000   91.5770   77.1370
25.0000   116.0000   27.1196   42.2515
26.0000   21.0000   38.4805   13.5102
27.0000   119.0000   34.2686   59.2285
28.0000   78.0000   13.4917   28.5966
29.0000   64.0000   7.9980   18.3279
30.0000   78.0000   67.0463   6.2572
31.0000   10.0000   43.8712   6.5449
32.0000   100.0000   67.9474   71.0757
33.0000   41.0000   64.8424   46.0239
34.0000   38.0000   79.7833   10.2944
35.0000   108.0000   55.3030   56.6691
36.0000   53.0000   1.8375   38.2152
37.0000   48.0000   59.8092   89.8111
38.0000   32.0000   48.7468   78.6226
39.0000   117.0000   46.2439   23.5743
40.0000   109.0000   14.4123   45.6625
41.0000   91.0000   16.9474   26.4437
42.0000   26.0000   56.7776   53.2315
43.0000   66.0000   19.6756   24.0706
44.0000   44.0000   38.8256   72.8134
45.0000   114.0000   71.3739   16.0524
46.0000   101.0000   10.6532   11.6016
47.0000   82.0000   29.6632   37.7598
48.0000   80.0000   87.1980   20.8122
49.0000   61.0000   25.7217   65.4824
50.0000   54.0000   28.6031   18.0758
51.0000   98.0000   70.3130   86.1378
52.0000   97.0000   78.8734   21.6018
53.0000   52.0000   77.9043   22.9662
54.0000   101.0000   3.3521   24.2175
55.0000   104.0000   58.0447   36.4471
56.0000   67.0000   37.6036   21.2742
57.0000   111.0000   68.9442   10.8866
58.0000   59.0000   18.8293   24.3185
59.0000   57.0000   91.7845   76.3530
60.0000   12.0000   77.7000   22.1993
61.0000   10.0000   66.7637   74.5997
62.0000   102.0000   44.6311   1.1535
63.0000   16.0000   51.3071   71.2369
64.0000   52.0000   48.6150   80.1652
65.0000   98.0000   54.3322   21.1572
66.0000   106.0000   70.5618   46.0450
67.0000   27.0000   47.3714   93.1459
68.0000   30.0000   52.3934   33.2511
69.0000   33.0000   49.3902   28.6290
70.0000   46.0000   15.8251   11.4144
71.0000   86.0000   31.1022   1.4699
72.0000   51.0000   42.1678   41.0664
73.0000   113.0000   57.8842   41.9239
74.0000   37.0000   52.9724   88.1272
75.0000   103.0000   94.0823   98.7043
76.0000   34.0000   39.5438   36.9288
77.0000   100.0000   26.5518   69.6947
78.0000   30.0000   66.2474   35.7901
79.0000   92.0000   57.3982   49.9298
80.0000   71.0000   5.7660   84.9963
81.0000   14.0000   14.4043   11.0744
82.0000   22.0000   17.9059   69.1515
83.0000   48.0000   1.2362   50.7086
84.0000   27.0000   25.7270   82.2694
85.0000   48.0000   13.2145   89.0619
86.0000   75.0000   68.0348   26.5821
87.0000   25.0000   73.0878   72.1617
88.0000   103.0000   27.0059   55.7392
89.0000   58.0000   5.9840   26.8899
90.0000   92.0000   13.6275   87.6747
91.0000   54.0000   22.2672   76.0895
92.0000   48.0000   61.7521   5.6262
93.0000   101.0000   22.8815   1.9613
94.0000   103.0000   4.8634   82.7271
95.0000   81.0000   28.6888   22.5136
96.0000   99.0000   24.5696   36.9128
97.0000   95.0000   31.5605   63.7320
98.0000   17.0000   28.8284   40.4205
99.0000   41.0000   98.4481   11.8023
100.0000   115.0000   58.8127   84.2828
101.0000   81.0000   3.8480   20.4708
102.0000   46.0000   30.7576   77.2567
103.0000   11.0000   42.9569   40.2946
104.0000   96.0000   39.9877   98.1028
105.0000   22.0000   26.1865   11.3796
106.0000   107.0000   77.0203   47.5841
107.0000   88.0000   51.4034   34.3534
108.0000   85.0000   30.4233   27.9402
109.0000   74.0000   0.7130   74.9010
110.0000   21.0000   19.0355   97.6214
111.0000   68.0000   34.7884   4.5503
112.0000   18.0000   14.0448   55.5193
113.0000   22.0000   11.3489   84.5703
114.0000   14.0000   88.9412   91.7033
115.0000   60.0000   26.3199   66.8670
116.0000   111.0000   6.5690   71.9874
117.0000   24.0000   70.2683   67.2082
118.0000   64.0000   15.4598   44.0473
119.0000   26.0000   34.8536   86.2944
120.0000   20.0000   35.0227   73.7153
121.0000   111.0000   16.3987   96.9658
122.0000   41.0000   49.9751   29.1464
123.0000   109.0000   61.9010   40.2388
124.0000   89.0000   33.1884   1.8249
125.0000   103.0000   90.8242   16.2058
126.0000   114.0000   57.5953   49.6021
127.0000   57.0000   93.4121   73.0591
128.0000   91.0000   94.7404   7.9013
129.0000   65.0000   73.6738   96.4398
130.0000   63.0000   25.8653   13.2984
131.0000   39.0000   62.9903   31.5918
132.0000   78.0000   63.1289   70.1550
133.0000   55.0000   90.7593   39.4100
134.0000   35.0000   54.4081   12.2495
135.0000   38.0000   51.2173   56.3513
136.0000   114.0000   17.6049   78.1714
137.0000   23.0000   38.5493   45.2509
138.0000   23.0000   83.1172   71.6652
139.0000   108.0000   78.5106   84.6325
140.0000   109.0000   19.7895   16.3409
141.0000   104.0000   14.0186   65.1232
142.0000   77.0000   75.4927   21.8079
143.0000   100.0000   2.3092   16.2560
144.0000   61.0000   6.7735   39.3720
145.0000   87.0000   2.9646   94.3620
146.0000   16.0000   74.9642   94.0798
147.0000   74.0000   7.9087   22.0712
148.0000   56.0000   0.7318   38.0756
149.0000   32.0000   64.1568   77.1932
150.0000   120.0000   33.7396   5.5958
151.0000   69.0000   83.7500   98.2201
152.0000   105.0000   94.6093   19.0033
153.0000   64.0000   98.1639   24.2528
154.0000   80.0000   20.4391   49.2626
155.0000   100.0000   80.3516   79.1666
156.0000   79.0000   83.6614   51.2543
157.0000   57.0000   56.3439   7.9505
158.0000   12.0000   5.5544   14.0045
159.0000   40.0000   41.0369   31.9573
160.0000   72.0000   55.6474   74.1776
161.0000   46.0000   66.9158   56.4291
162.0000   54.0000   78.8091   32.9164
163.0000   84.0000   6.5232   38.9753
164.0000   81.0000   25.2199   38.5964
165.0000   78.0000   64.7542   1.2033
166.0000   97.0000   11.3211   68.8902
167.0000   73.0000   78.3802   85.9359
168.0000   75.0000   46.4433   1.5854
169.0000   112.0000   25.0678   9.2713
170.0000   37.0000   37.6975   45.2019
171.0000   51.0000   51.6578   67.3994
172.0000   74.0000   63.0899   99.3667
173.0000   60.0000   24.3247   3.4993
174.0000   117.0000   21.0972   80.4426
175.0000   25.0000   63.1959   11.0985
176.0000   53.0000   60.5714   80.6481
177.0000   120.0000   55.9017   97.0116
178.0000   59.0000   10.4868   90.0960
179.0000   87.0000   62.2668   50.2792
180.0000   42.0000   76.5910   35.2286
181.0000   67.0000   3.5522   21.6523
182.0000   62.0000   84.1915   49.1211
183.0000   61.0000   8.4731   58.5065
184.0000   25.0000   25.1860   58.8609
185.0000   24.0000   24.0346   33.4990
186.0000   116.0000   13.2915   69.4300
187.0000   47.0000   74.7850   41.5911
188.0000   95.0000   70.6506   95.1339
189.0000   33.0000   55.0440   41.8628
190.0000   105.0000   85.2184   3.3751
191.0000   86.0000   0.5443   78.1982
192.0000   87.0000   88.7571   73.0883
193.0000   70.0000   75.5492   95.3979
194.0000   102.0000   98.4885   11.2788
195.0000   53.0000   85.1141   48.7903
196.0000   78.0000   78.1072   38.3339
197.0000   34.0000   43.8698   51.0475
198.0000   48.0000   96.4887   19.0809
199.0000   68.0000   6.3796   39.9551
200.0000   79.0000   85.8033   75.5581
201.0000   56.0000   40.1026   8.5977
202.0000   76.0000   69.1844   15.9677
203.0000   103.0000   90.4413   95.5097
204.0000   50.0000   78.9084   23.8426
205.0000   26.0000   36.4648   93.3540
206.0000   57.0000   77.5246   91.6858
207.0000   112.0000   40.5008   34.1570
208.0000   96.0000   39.7238   84.5396
209.0000   72.0000   56.7257   89.8737
210.0000   115.0000   97.4085   15.3600
211.0000   35.0000   7.7208   95.3865
212.0000   49.0000   56.8962   28.6216
213.0000   54.0000   4.4793   59.1388
214.0000   106.0000   39.2187   92.1518
215.0000   47.0000   61.1922   57.2074
216.0000   112.0000   21.6453   14.0771
217.0000   59.0000   30.4421   10.2731
218.0000   68.0000   36.2660   88.1072
219.0000   35.0000   5.2011   97.8162
220.0000   52.0000   0.6616   92.7434
221.0000   60.0000   71.7870   47.0852
222.0000   86.0000   0.6902   21.8841
223.0000   85.0000   50.2022   7.1975
224.0000   62.0000   96.0069   36.8182
225.0000   117.0000   64.2928   33.7793
226.0000   16.0000   3.3221   88.4509
227.0000   41.0000   93.7157   8.7236
228.0000   52.0000   20.9451   2.6144
229.0000   89.0000   78.2753   22.4040
230.0000   69.0000   13.3137   88.8450
231.0000   59.0000   22.9034   91.9880
232.0000   113.0000   78.7250   69.4965
233.0000   114.0000   18.1045   80.7586
234.0000   67.0000   27.2423   34.3950
235.0000   76.0000   36.7505   6.3648
236.0000   16.0000   55.1127   98.0907
237.0000   12.0000   29.4101   74.2569
238.0000   95.0000   55.5409   53.7914
239.0000   93.0000   50.5775   1.0966
240.0000   29.0000   15.1898   97.3409
241.0000   105.0000   36.3425   69.9024
242.0000   98.0000   90.0683   34.7497
243.0000   42.0000   31.8626   75.5043
244.0000   88.0000   15.3634   6.8309
245.0000   52.0000   85.0939   33.1262
246.0000   67.0000   38.5283   69.7000
247.0000   30.0000   95.3817   14.8506
248.0000   114.0000   30.6416   39.2888
249.0000   113.0000   31.6261   7.2017
250.0000   26.0000   36.5788   56.8972
251.0000   104.0000   32.7181   65.5388
252.0000   117.0000   98.7141   51.8293
253.0000   116.0000   85.6802   20.1666
254.0000   61.0000   70.8430   71.1546
255.0000   17.0000   75.0204   69.3080
256.0000   112.0000   15.9871   85.6251
257.0000   29.0000   83.7717   44.8468
258.0000   15.0000   48.0756   94.0276
259.0000   61.0000   35.9882   58.0280
260.0000   15.0000   33.9779   85.0131
261.0000   103.0000   1.2895   23.9308
262.0000   103.0000   32.9280   42.2357
263.0000   18.0000   2.3552   84.8559
264.0000   64.0000   57.9496   30.5373
265.0000   13.0000   21.3370   51.9157
266.0000   16.0000   27.4384   18.9961
267.0000   94.0000   22.0857   86.7440
268.0000   96.0000   24.7206   50.5703
269.0000   60.0000   64.2036   9.4239
270.0000   44.0000   13.5914   73.1471
271.0000   103.0000   75.3307   81.6208
272.0000   25.0000   65.5647   70.2828
273.0000   101.0000   16.5663   21.1722
274.0000   57.0000   68.8890   7.2169
275.0000   57.0000   1.9951   18.1790
