0.0000   0.0000   50.0000   50.0000
1.0000   35.0000   63.6102   66.2167
2.0000   53.0000   85.8514   55.9832
3.0000   24.0000   48.3162   25.9212
4.0000   13.0000   20.4440   5.6775
5.0000   58.0000   24.8399   68.8134
6.0000   70.0000   8.3211   10.7989
7.0000   20.0000   46.4487   83.4809
8.0000   33.0000   77.9952   27.3177
9.0000   69.0000   40.7210   83.2875
10.0000   31.0000   9.3891   89.0320
11.0000   100.0000   20.7851   54.7042
12.0000   46.0000   64.3515   53.7490
13.0000   17.0000   83.2950   39.0305
14.0000   54.0000   13.2543   34.5902
15.0000   92.0000   93.0286   72.9231
16.0000   54.0000   36.2503   1.5827
17.0000   55.0000   35.1250   94.1248
18.0000   45.0000   52.4815   7.3277
19.0000   54.0000   24.9173   96.0567
20.0000   56.0000   29.5096   82.4110
21.0000   84.0000   9.3620   50.7738
22.0000   68.0000   89.1248   68.0766
23.0000   64.0000   20.0268   68.0996
24.0000   30.0000   8.1990   65.2762
25.0000   99.0000   51.6887   92.4499
26.0000   54.0000   61.0261   16.5507
27.0000   72.0000   99.8395   74.3598
28.0000   50.0000   27.2325   40.9413
29.0000   18.0000   74.3482   99.6117
30.0000   51.0000   6.2118   30.6534
31.0000   88.0000   81.4637   75.8915
32.0000   15.0000   80.3938   38.8267
33.0000   69.0000   55.5253   78.7609
34.0000   64.0000   49.2084   56.3712
35.0000   22.0000   49.1814   89.0774
36.0000   91.0000   5.9039   86.4930
37.0000   50.0000   8.8771   12.6983
38.0000   35.0000   22.3218   9.3750
39.0000   74.0000   9.9330   2.2311
40.0000   80.0000   97.2314   80.4057
41.0000   65.0000   81.1944   37.8565
42.0000   31.0000   30.9900   62.8410
43.0000   15.0000   34.6553   5.3439
44.0000   26.0000   93.3072   60.6241
45.0000   19.0000   71.3098   9.3924
46.0000   32.0000   95.4879   75.4497
47.0000   82.0000   8.4485   23.4411
48.0000   82.0000   5.3268   81.1746
49.0000   100.0000   74.8594   98.6782
50.0000   38.0000   96.1456   51.0285
51.0000   39.0000   61.9575   18.7099
52.0000   45.0000   5.2937   41.6427
53.0000   97.0000   29.5317   14.8783
54.0000   43.0000   82.3240   65.5329
55.0000   33.0000   74.9017   68.8746
56.0000   11.0000   58.0144   88.1814
57.0000   58.0000   29.9006   14.8707
58.0000   74.0000   70.8049   37.4010
59.0000   44.0000   41.2209   10.5218
60.0000   98.0000   20.7474   51.2761
61.0000   14.0000   79.9316   98.3797
62.0000   89.0000   16.3254   18.1748
63.0000   12.0000   2.5624   18.2157
64.0000   90.0000   64.1325   82.8342
65.0000   99.0000   15.2069   96.8722
66.0000   59.0000   80.3810   88.8456
67.0000   69.0000   60.0269   62.1339
68.0000   57.0000   89.5047   63.7970
69.0000   25.0000   47.1046   46.0238
70.0000   78.0000   90.4280   95.6448
71.0000   39.0000   18.2459   82.5555
72.0000   94.0000   78.1487   2.4387
73.0000   60.0000   68.9804   40.4136
74.0000   72.0000   72.8337   42.8777
75.0000   85.0000   66.7320   28.6653
76.0000   39.0000   75.5691   37.7818
77.0000   86.0000   41.4209   92.4950
78.0000   22.0000   85.9896   77.0941
79.0000   88.0000   34.1568   39.7004
80.0000   88.0000   25.8365   82.6234
81.0000   47.0000   20.5007   46.1549
82.0000   11.0000   11.8060   9.4748
83.0000   82.0000   48.8818   41.9465
84.0000   64.0000   75.0068   13.0229
85.0000   80.0000   54.4943   5.4763
86.0000   70.0000   71.1234   15.0706
87.0000   39.0000   13.8131   26.1745
88.0000   21.0000   39.0462   62.0999
89.0000   31.0000   8.4636   61.4261
90.0000   74.0000   85.6646   22.1146
91.0000   15.0000   68.6160   23.3934
92.0000   74.0000   90.9932   28.1521
93.0000   23.0000   3.2790   29.3949
94.0000   98.0000   66.7524   41.3482
95.0000   92.0000   10.8884   64.4294
96.0000   35.0000   30.6881   53.9565
97.0000   20.0000   45.1929   49.9047
98.0000   12.0000   17.8160   61.6706
99.0000   94.0000   45.7135   1.6082
100.0000   27.0000   15.1733   80.1467
101.0000   43.0000   44.6493   69.2724
102.0000   24.0000   85.9123   37.7554
103.0000   68.0000   31.0647   91.7646
104.0000   98.0000   72.5266   87.1842
105.0000   63.0000   46.8525   45.5187
106.0000   12.0000   96.3180   26.8204
107.0000   39.0000   90.3838   86.2065
108.0000   92.0000   25.1034   70.1301
109.0000   88.0000   97.9707   77.3923
110.0000   69.0000   91.2888   89.8385
111.0000   52.0000   44.1641   21.1863
112.0000   35.0000   60.4376   40.2298
113.0000   95.0000   41.0882   35.6724
114.0000   47.0000   23.2748   16.4642
115.0000   50.0000   19.4394   69.3912
116.0000   52.0000   19.3836   94.8886
117.0000   51.0000   70.1879   20.8101
118.0000   27.0000   38.2579   1.3332
119.0000   67.0000   22.5180   98.5635
120.0000   27.0000   21.8835   7.8643
121.0000   43.0000   76.4726   98.7948
122.0000   34.0000   25.8009   2.2410
123.0000   46.0000   88.1231   85.2926
124.0000   45.0000   90.6094   72.6308
125.0000   34.0000   65.8590   97.8605
126.0000   34.0000   12.1140   37.7602
127.0000   78.0000   11.9992   75.6614
128.0000   22.0000   10.5677   35.7950
129.0000   71.0000   16.2782   69.5466
130.0000   72.0000   68.1388   71.3036
131.0000   12.0000   16.6167   84.3367
132.0000   14.0000   26.2053   67.5732
133.0000   20.0000   10.5521   57.3722
134.0000   31.0000   33.5808   91.1455
135.0000   26.0000   74.8735   27.6861
136.0000   36.0000   30.3720   94.8923
137.0000   70.0000   6.1959   9.9659
138.0000   18.0000   90.5312   78.3938
139.0000   22.0000   44.6019   90.9695
140.0000   29.0000   90.9347   74.1662
141.0000   22.0000   30.1497   9.7828
142.0000   61.0000   1.7021   90.9601
143.0000   15.0000   79.9383   77.9691
144.0000   95.0000   55.1083   53.0652
145.0000   80.0000   8.7633   64.2007
146.0000   90.0000   87.1158   43.1008
147.0000   15.0000   7.1793   53.0576
148.0000   19.0000   45.3204   26.2947
149.0000   63.0000   95.4789   58.3690
150.0000   74.0000   83.6633   69.8830
151.0000   17.0000   65.3916   14.8627
152.0000   95.0000   17.6208   16.6334
153.0000   77.0000   85.8008   42.1564
154.0000   45.0000   36.0485   87.6279
155.0000   47.0000   8.8285   8.4657
156.0000   79.0000   45.7100   17.2140
157.0000   17.0000   77.8568   98.5233
158.0000   43.0000   64.3403   13.3396
159.0000   72.0000   82.1010   94.5159
160.0000   55.0000   55.1743   97.3389
161.0000   23.0000   19.7040   27.8519
162.0000   56.0000   55.5007   47.4257
163.0000   33.0000   40.9097   68.1453
164.0000   32.0000   99.6088   4.3699
165.0000   53.0000   49.3956   24.6818
166.0000   94.0000   0.9100   52.8604
167.0000   91.0000   94.3606   66.9840
168.0000   36.0000   18.2272   56.3721
169.0000   99.0000   79.9135   93.2760
170.0000   91.0000   24.5045   22.1156
171.0000   61.0000   47.1022   26.5435
172.0000   18.0000   63.5702   81.5573
173.0000   24.0000   79.3663   60.1803
174.0000   81.0000   88.4625   98.9709
175.0000   12.0000   68.3023   49.0059
176.0000   58.0000   82.5165   2.5708
177.0000   24.0000   60.7975   53.7211
178.0000   85.0000   15.3792   33.4448
179.0000   16.0000   36.1793   61.4989
180.0000   33.0000   98.7929   40.1984
181.0000   55.0000   57.9521   34.9228
182.0000   85.0000   47.6901   4.1740
183.0000   11.0000   11.4842   49.5330
184.0000   18.0000   58.4198   67.5996
185.0000   23.0000   2.8359   29.8629
186.0000   58.0000   1.2972   97.0782
187.0000   88.0000   2.2762   38.9631
188.0000   62.0000   7.5207   96.0057
189.0000   27.0000   49.7567   0.6355
190.0000   51.0000   27.9703   74.3760
191.0000   37.0000   73.5756   19.3365
192.0000   61.0000   21.1247   36.0519
193.0000   47.0000   79.7862   86.3077
194.0000   48.0000   57.8261   95.6914
195.0000   65.0000   49.5333   55.5172
196.0000   20.0000   31.0254   8.9702
197.0000   51.0000   6.4998   73.6622
198.0000   31.0000   96.4393   40.5885
199.0000   69.0000   58.0081   13.0728
200.0000   84.0000   31.9033   26.4876
201.0000   81.0000   66.2545   10.0035
202.0000   68.0000   76.8065   85.4146
203.0000   73.0000   63.2938   9.8900
204.0000   26.0000   54.4857   95.3893
205.0000   11.0000   97.1181   59.3835
206.0000   35.0000   10.0931   92.5683
207.0000   85.0000   24.9465   5.8047
208.0000   12.0000   24.3519   28.2691
209.0000   81.0000   55.4918   44.0986
210.0000   87.0000   20.1994   2.7558
211.0000   54.0000   8.6035   68.2129
212.0000   23.0000   80.8167   81.6464
213.0000   84.0000   1.4802   13.0216
214.0000   71.0000   5.3262   16.9236
215.0000   62.0000   11.8500   68.4100
216.0000   19.0000   87.2394   35.1191
217.0000   95.0000   13.1285   69.7994
218.0000   17.0000   96.6797   2.9480
219.0000   37.0000   95.4083   15.9551
220.0000   39.0000   93.3809   55.7199
221.0000   17.0000   71.0658   44.8355
222.0000   52.0000   27.2934   16.5206
223.0000   96.0000   12.2202   22.8170
224.0000   17.0000   91.3222   98.5232
225.0000   14.0000   45.7411   58.3250
226.0000   84.0000   88.2412   3.3892
227.0000   47.0000   46.5939   70.0061
228.0000   63.0000   48.2278   78.4748
229.0000   64.0000   87.8314   38.8492
230.0000   63.0000   97.6996   91.4850
231.0000   46.0000   90.2986   66.4205
232.0000   73.0000   42.5219   80.6670
233.0000   16.0000   93.4898   18.5208
234.0000   86.0000   11.2440   21.2482
235.0000   26.0000   59.9105   48.7408
236.0000   44.0000   41.9225   62.4378
237.0000   73.0000   62.1275   90.0309
238.0000   12.0000   87.0323   96.2546
239.0000   15.0000   23.0969   67.3357
240.0000   26.0000   96.0553   64.1591
241.0000   77.0000   92.1182   57.7292
242.0000   69.0000   9.1280   52.6918
243.0000   65.0000   6.4624   14.7867
244.0000   12.0000   63.8320   7.5751
245.0000   52.0000   42.8868   21.1198
246.0000   67.0000   93.4942   58.4439
247.0000   28.0000   22.2166   52.6336
248.0000   100.0000   22.6757   37.0520
249.0000   23.0000   70.5484   60.2711
250.0000   87.0000   38.6290   97.7733
251.0000   43.0000   6.6030   57.8832
252.0000   12.0000   77.0224   21.4473
253.0000   58.0000   70.0584   89.3671
254.0000   99.0000   66.0020   99.5551
255.0000   97.0000   0.0366   22.3361
256.0000   28.0000   28.8783   28.9908
257.0000   95.0000   77.9953   92.4045
258.0000   100.0000   49.5431   48.3023
259.0000   21.0000   14.6963   79.4257
260.0000   37.0000   79.2420   53.1125
261.0000   98.0000   57.3821   81.5391
262.0000   77.0000   4.8424   58.2481
263.0000   48.0000   6.4801   52.2794
264.0000   65.0000   5.5367   91.2649
265.0000   56.0000   18.1554   95.1056
266.0000   69.0000   56.4079   22.1568
267.0000   60.0000   25.2100   76.2724
268.0000   32.0000   48.7119   55.8620
269.0000   39.0000   97.9592   91.4085
270.0000   71.0000   43.1780   87.0366
271.0000   59.0000   70.6890   42.8263
272.0000   44.0000   52.9143   34.8812
273.0000   11.0000   67.0127   58.0426
274.0000   12.0000   80.5096   57.7023
275.0000   48.0000   66.3455   64.3498
276.0000   81.0000   63.4225   64.5307
277.0000   36.0000   76.1585   71.0305
278.0000   38.0000   96.1777   66.6031
279.0000   57.0000   11.0275   56.8416
280.0000   85.0000   79.4886   56.9423
281.0000   51.0000   91.4713   10.5471
282.0000   93.0000   0.3597   98.2337
283.0000   62.0000   63.5197   94.7725
284.0000   93.0000   71.4288   8.9802
285.0000   19.0000   61.9106   84.6755
286.0000   10.0000   23.3096   42.1213
287.0000   33.0000   89.7778   73.4808
288.0000   39.0000   43.8095   85.3967
289.0000   40.0000   70.0396   95.9568
290.0000   62.0000   53.8686   86.0787
291.0000   13.0000   41.1613   98.8401
292.0000   65.0000   11.9915   60.2103
293.0000   56.0000   65.5273   60.8210
294.0000   11.0000   78.7842   43.6759
295.0000   71.0000   53.3572   79.8693
296.0000   44.0000   63.4067   99.1297
297.0000   94.0000   16.7278   69.8028
298.0000   38.0000   89.9556   2.1581
299.0000   39.0000   40.7482   42.6481
300.0000   88.0000   35.9175   99.6949
301.0000   92.0000   82.0754   28.3967
302.0000   17.0000   19.4118   48.5170
303.0000   58.0000   26.8226   37.7311
304.0000   80.0000   71.4614   95.8541
305.0000   70.0000   70.0732   98.4440
306.0000   92.0000   26.7813   7.1581
307.0000   47.0000   23.2373   9.9391
308.0000   99.0000   80.2222   14.8807
309.0000   76.0000   32.3980   8.3108
310.0000   48.0000   51.4669   54.1214
311.0000   42.0000   87.3901   29.4249
312.0000   58.0000   70.5209   23.4294
313.0000   84.0000   4.4874   20.9791
314.0000   28.0000   6.6071   37.9476
315.0000   70.0000   16.7986   38.8746
316.0000   41.0000   22.7907   82.7222
317.0000   62.0000   21.5236   94.0611
318.0000   83.0000   11.5011   51.8844
319.0000   91.0000   7.1502   11.8210
320.0000   72.0000   99.3544   97.0555
321.0000   83.0000   64.3187   24.0627
322.0000   10.0000   30.4816   47.5646
323.0000   12.0000   76.1019   80.8650
324.0000   52.0000   26.8133   38.1877
325.0000   79.0000   46.2583   92.8779
