0.0000   0.0000   0.0000   0.0000
1.0000   33.0000   30.4699   30.2567
2.0000   71.0000   2.6346   8.3226
3.0000   99.0000   3.1212   41.5641
4.0000   95.0000   46.0171   28.4516
5.0000   97.0000   26.7704   47.7452
6.0000   84.0000   13.7036   5.4910
7.0000   30.0000   23.6093   49.8883
8.0000   60.0000   28.9216   18.5211
9.0000   63.0000   11.0161   17.7011
10.0000   90.0000   0.6332   1.7696
11.0000   59.0000   33.6935   43.8030
12.0000   50.0000   25.5974   3.3678
13.0000   32.0000   17.1291   46.3385
14.0000   97.0000   30.3822   29.0749
15.0000   111.0000   24.4240   9.7930
16.0000   82.0000   48.2740   12.3880
17.0000   63.0000   26.2465   44.4333
18.0000   31.0000   26.9388   46.9501
19.0000   104.0000   8.7197   44.1322
20.0000   27.0000   36.4571   9.7838
21.0000   92.0000   6.3237   20.6396
22.0000   57.0000   30.4520   20.1266
23.0000   90.0000   8.2867   15.9921
24.0000   59.0000   3.4896   19.0826
25.0000   43.0000   25.8615   23.1505
