0.0000   0.0000   50.0000   50.0000
1.0000   92.0000   29.2075   71.5857
2.0000   49.0000   2.5393   81.4403
3.0000   68.0000   72.2557   17.1247
4.0000   67.0000   72.6105   78.2666
5.0000   14.0000   31.2683   20.7079
6.0000   84.0000   20.8503   0.9681
7.0000   111.0000   8.5386   24.9040
8.0000   58.0000   23.9465   89.4752
9.0000   97.0000   65.0880   9.1574
10.0000   39.0000   94.4482   99.6095
11.0000   109.0000   44.9100   90.9174
12.0000   99.0000   18.6840   11.9135
13.0000   85.0000   31.1938   99.8409
14.0000   45.0000   63.5088   21.3854
15.0000   114.0000   85.9018   18.3707
16.0000   109.0000   74.6356   24.4135
17.0000   15.0000   27.8379   86.3693
18.0000   85.0000   40.3445   3.1030
19.0000   64.0000   81.2588   41.4151
20.0000   60.0000   4.1772   43.2983
21.0000   14.0000   42.0682   21.1898
22.0000   102.0000   33.6164   1.0220
23.0000   37.0000   6.8168   66.6025
24.0000   47.0000   84.0195   45.9361
25.0000   60.0000   90.3349   18.5626
26.0000   41.0000   50.8984   72.6116
27.0000   117.0000   87.5970   68.7264
28.0000   104.0000   90.5688   22.1660
29.0000   84.0000   84.2163   50.0578
30.0000   16.0000   86.6450   57.6245
31.0000   74.0000   73.5190   52.0683
32.0000   118.0000   44.6278   61.8642
33.0000   75.0000   99.5525   40.6521
34.0000   74.0000   55.7313   80.3724
35.0000   107.0000   82.7234   92.7292
36.0000   83.0000   51.9697   58.7267
37.0000   116.0000   67.3862   83.3431
38.0000   25.0000   32.1433   87.2234
39.0000   79.0000   80.7028   47.0221
40.0000   22.0000   88.7125   26.6087
41.0000   30.0000   10.7948   25.9529
42.0000   62.0000   57.8829   92.9713
43.0000   47.0000   0.1305   57.2286
44.0000   98.0000   77.0236   13.5885
45.0000   98.0000   27.2976   9.1559
46.0000   113.0000   34.8206   61.7913
47.0000   61.0000   88.8925   82.9870
48.0000   73.0000   36.6345   39.3846
49.0000   23.0000   37.3583   59.3590
50.0000   77.0000   21.8587   79.9166
51.0000   15.0000   1.3488   66.1020
52.0000   75.0000   44.5449   39.0314
53.0000   75.0000   29.1931   48.9327
54.0000   60.0000   54.7112   13.2352
55.0000   14.0000   49.4555   62.3815
56.0000   78.0000   27.7567   94.0897
57.0000   30.0000   82.1792   43.0735
58.0000   119.0000   36.8851   92.1247
59.0000   71.0000   53.4630   18.9429
60.0000   61.0000   86.9047   27.3935
61.0000   110.0000   42.2751   56.7447
62.0000   53.0000   12.0148   26.7555
63.0000   57.0000   38.0985   39.0350
64.0000   67.0000   27.2557   42.2098
65.0000   52.0000   51.3623   85.0966
66.0000   48.0000   10.8417   90.8857
67.0000   116.0000   51.8862   39.1747
68.0000   48.0000   67.5806   68.6678
69.0000   46.0000   10.3117   25.8223
70.0000   86.0000   80.1239   82.8642
71.0000   42.0000   71.9217   80.0647
72.0000   66.0000   37.0806   26.0311
73.0000   96.0000   86.6503   99.4464
74.0000   70.0000   18.2468   66.5625
75.0000   86.0000   20.6701   83.1825
76.0000   21.0000   80.6309   72.1192
77.0000   95.0000   74.6000   15.6317
78.0000   95.0000   46.7778   46.8182
79.0000   58.0000   73.7857   89.4591
80.0000   51.0000   4.9696   66.9670
81.0000   99.0000   71.5253   26.7127
82.0000   79.0000   37.4217   39.0017
83.0000   65.0000   9.1661   35.8490
84.0000   103.0000   39.7311   26.5469
85.0000   102.0000   37.8087   74.9039
86.0000   49.0000   77.4571   6.7610
87.0000   111.0000   87.3252   23.5116
88.0000   30.0000   44.8763   79.8604
89.0000   35.0000   61.7929   24.6385
90.0000   48.0000   35.6314   2.5522
91.0000   29.0000   3.0760   90.0136
92.0000   119.0000   0.2116   90.0093
93.0000   33.0000   73.9339   85.9698
94.0000   70.0000   46.3879   70.5412
95.0000   70.0000   84.3925   65.8160
96.0000   76.0000   36.1858   78.2012
97.0000   64.0000   95.3496   3.1842
98.0000   47.0000   45.9606   88.6239
99.0000   113.0000   71.3304   5.1036
100.0000   98.0000   72.9831   38.2700
101.0000   46.0000   2.4712   89.1764
102.0000   18.0000   72.4184   39.6314
103.0000   100.0000   2.8276   96.2837
104.0000   68.0000   66.6527   98.6572
105.0000   24.0000   16.5279   48.4154
106.0000   95.0000   29.6815   42.1745
107.0000   120.0000   14.5627   86.1101
108.0000   87.0000   22.3392   82.0854
109.0000   32.0000   49.3390   69.8918
110.0000   45.0000   78.5830   19.0847
111.0000   64.0000   98.0326   14.4397
112.0000   74.0000   0.8387   68.5452
113.0000   47.0000   86.4950   65.9089
114.0000   54.0000   38.5404   8.7258
115.0000   69.0000   15.6986   63.6662
116.0000   45.0000   57.0230   7.2595
117.0000   111.0000   86.9736   15.1459
118.0000   13.0000   19.4729   29.6948
119.0000   70.0000   65.1074   51.3929
120.0000   33.0000   61.7790   90.6160
121.0000   45.0000   87.0669   44.6487
122.0000   40.0000   89.8804   35.8622
123.0000   34.0000   52.8506   28.7905
124.0000   13.0000   11.3652   80.1794
125.0000   53.0000   30.6915   96.4792
