0.0000   0.0000   0.0000   0.0000
1.0000   93.0000   45.5218   35.8418
2.0000   41.0000   32.1630   27.2268
3.0000   67.0000   84.9109   84.5861
4.0000   75.0000   56.6040   10.1435
5.0000   51.0000   39.3941   53.8368
6.0000   73.0000   49.0100   58.9902
7.0000   82.0000   81.0952   34.4705
8.0000   62.0000   81.1967   83.3313
9.0000   114.0000   85.9925   23.6354
10.0000   87.0000   36.3757   41.4415
11.0000   117.0000   39.4711   64.0974
12.0000   39.0000   0.6461   87.4466
13.0000   108.0000   86.5064   19.7156
14.0000   42.0000   32.1730   39.7901
15.0000   96.0000   89.4969   21.2223
16.0000   77.0000   70.5334   55.8854
17.0000   101.0000   32.2860   46.5647
18.0000   46.0000   65.0277   37.1539
19.0000   49.0000   33.9526   60.2329
20.0000   79.0000   73.6434   12.4533
21.0000   75.0000   80.2677   93.0076
22.0000   66.0000   60.7282   84.2952
23.0000   50.0000   34.0547   85.9375
24.0000   101.0000   65.5538   70.5182
25.0000   115.0000   10.6884   55.4844
26.0000   101.0000   28.3243   12.8287
27.0000   64.0000   94.6874   64.3946
28.0000   70.0000   22.2882   83.3485
29.0000   116.0000   26.9538   16.7157
30.0000   111.0000   4.8032   36.9368
31.0000   42.0000   6.1109   78.2806
32.0000   77.0000   40.5854   21.8529
33.0000   86.0000   18.7064   39.7963
34.0000   43.0000   83.7059   12.3717
35.0000   92.0000   47.2023   1.3284
36.0000   50.0000   49.6900   7.9065
37.0000   89.0000   82.7185   89.9385
38.0000   70.0000   83.3035   92.0464
39.0000   76.0000   77.3300   42.3680
40.0000   67.0000   37.8530   47.6535
41.0000   80.0000   94.5014   18.3435
42.0000   35.0000   10.0088   11.8266
43.0000   81.0000   40.9678   3.8123
44.0000   112.0000   77.3776   44.0098
45.0000   35.0000   92.6035   80.1911
46.0000   91.0000   54.4386   3.4620
47.0000   93.0000   50.5373   4.2631
48.0000   94.0000   55.4877   45.9414
49.0000   31.0000   31.0571   20.8350
50.0000   38.0000   92.3965   46.9541
51.0000   81.0000   79.7962   23.8479
52.0000   91.0000   53.5764   85.0818
53.0000   103.0000   17.0911   19.0321
54.0000   96.0000   15.7303   61.8073
55.0000   118.0000   53.4585   91.4882
56.0000   116.0000   97.8699   86.4513
57.0000   66.0000   17.9482   33.4444
58.0000   118.0000   58.9484   44.8640
59.0000   31.0000   75.5840   92.0808
60.0000   117.0000   51.8203   12.5405
61.0000   110.0000   48.2368   33.6744
62.0000   98.0000   57.7573   62.1469
63.0000   120.0000   78.1536   81.0211
64.0000   70.0000   40.5586   63.3021
65.0000   80.0000   52.3163   82.6398
66.0000   70.0000   7.6651   78.9552
67.0000   83.0000   61.5689   56.3014
68.0000   82.0000   18.2699   56.3963
69.0000   36.0000   77.4484   62.3034
70.0000   111.0000   32.2473   31.7566
71.0000   90.0000   68.1652   68.6772
72.0000   57.0000   38.4317   10.9313
73.0000   103.0000   64.3747   71.5611
74.0000   91.0000   8.0102   68.6007
75.0000   32.0000   61.0055   16.1385
76.0000   48.0000   76.5213   86.8605
77.0000   56.0000   23.7554   47.8461
78.0000   116.0000   12.3840   96.0589
79.0000   115.0000   57.9331   43.8027
80.0000   110.0000   2.7183   40.1878
81.0000   102.0000   53.5732   93.8383
82.0000   110.0000   97.4169   34.9542
83.0000   50.0000   30.3010   79.8864
84.0000   43.0000   13.0770   79.5767
85.0000   70.0000   7.6944   52.6944
86.0000   52.0000   19.8945   78.8247
87.0000   36.0000   31.9933   78.7746
88.0000   93.0000   32.6737   23.5000
89.0000   70.0000   62.4375   99.3715
90.0000   118.0000   54.5753   72.4209
91.0000   52.0000   33.0163   13.6196
92.0000   110.0000   12.2267   85.8692
93.0000   42.0000   41.3441   28.8640
94.0000   84.0000   48.2967   97.0869
95.0000   107.0000   51.9222   51.7132
96.0000   119.0000   38.2995   91.4991
97.0000   61.0000   70.6925   13.0812
98.0000   65.0000   68.2757   25.3521
99.0000   100.0000   10.6186   26.1709
100.0000   38.0000   78.6874   40.9384
101.0000   78.0000   13.9242   73.9037
102.0000   99.0000   45.5105   98.3488
103.0000   100.0000   57.1698   32.5646
104.0000   40.0000   13.7016   69.2153
105.0000   62.0000   14.7872   67.2088
106.0000   41.0000   90.4037   43.7259
107.0000   103.0000   96.8186   28.2130
108.0000   76.0000   3.8344   95.1234
109.0000   101.0000   8.2598   3.1232
110.0000   46.0000   96.9151   23.3675
111.0000   46.0000   51.2074   17.2921
112.0000   97.0000   51.9124   91.5105
113.0000   77.0000   63.0167   35.8090
114.0000   114.0000   32.7404   29.9614
115.0000   107.0000   64.0944   97.6677
116.0000   111.0000   8.7914   71.5288
117.0000   81.0000   5.9728   12.2683
118.0000   111.0000   86.2300   55.8362
119.0000   84.0000   1.0874   86.9034
120.0000   120.0000   65.6659   54.0545
121.0000   120.0000   82.3933   71.3988
122.0000   120.0000   76.0597   64.2340
123.0000   86.0000   60.0087   80.2694
124.0000   52.0000   76.5608   4.4248
125.0000   68.0000   95.3996   39.4723
