0.0000   0.0000   0.0000   0.0000
1.0000   70.0000   45.1224   38.1033
2.0000   118.0000   25.5128   31.8773
3.0000   63.0000   34.1656   15.5407
4.0000   122.0000   21.5321   7.7148
5.0000   132.0000   19.7216   16.3389
6.0000   69.0000   14.9026   34.2141
7.0000   114.0000   38.5063   19.1034
8.0000   117.0000   45.5481   5.4945
9.0000   139.0000   26.4336   11.5840
10.0000   88.0000   5.0667   19.3073
11.0000   98.0000   6.0084   49.0420
12.0000   60.0000   42.7306   3.9242
13.0000   143.0000   49.3153   22.6241
14.0000   72.0000   36.0834   1.7961
15.0000   81.0000   26.4414   34.9785
16.0000   71.0000   3.7838   11.3330
17.0000   86.0000   2.1476   4.1732
18.0000   85.0000   16.2805   1.9594
19.0000   144.0000   38.6357   8.6682
20.0000   75.0000   4.9582   41.9820
21.0000   74.0000   26.4617   42.8298
22.0000   101.0000   1.4143   28.3726
23.0000   135.0000   13.1967   30.6022
24.0000   147.0000   26.2782   44.3316
25.0000   98.0000   28.6099   48.6504
26.0000   106.0000   21.8656   13.2081
27.0000   131.0000   45.6847   43.2133
28.0000   93.0000   9.5009   49.9100
29.0000   110.0000   14.3934   5.2193
30.0000   127.0000   37.4608   8.1492
31.0000   108.0000   47.1776   14.3212
32.0000   138.0000   6.7040   6.6557
33.0000   61.0000   48.4336   2.1918
34.0000   109.0000   16.4170   28.2534
35.0000   60.0000   20.8889   11.1947
36.0000   84.0000   13.6521   13.9400
37.0000   60.0000   2.2195   13.9712
38.0000   64.0000   21.7164   31.5927
39.0000   132.0000   23.6081   6.3124
40.0000   80.0000   12.9112   20.7396
41.0000   65.0000   2.3703   30.9916
42.0000   97.0000   47.3061   23.5179
43.0000   92.0000   39.3478   27.0163
44.0000   110.0000   18.1314   36.2031
45.0000   134.0000   19.7384   11.4154
46.0000   142.0000   18.4106   30.6736
47.0000   92.0000   2.7880   4.9689
48.0000   104.0000   19.8065   42.3973
49.0000   113.0000   47.7615   49.2626
50.0000   115.0000   24.9811   1.6523
51.0000   133.0000   9.2293   41.0218
52.0000   112.0000   48.7852   40.2788
53.0000   103.0000   26.9830   0.1994
54.0000   81.0000   13.4817   27.8636
55.0000   102.0000   41.6896   37.1377
56.0000   69.0000   31.3574   26.5659
57.0000   96.0000   0.9325   45.4500
58.0000   71.0000   48.6802   9.7008
59.0000   78.0000   0.7186   8.1476
60.0000   89.0000   37.9695   3.0614
61.0000   121.0000   42.5430   25.4874
62.0000   96.0000   42.2959   31.4031
63.0000   65.0000   4.2579   47.6615
64.0000   75.0000   1.2379   6.3461
65.0000   88.0000   43.6243   31.8674
66.0000   109.0000   40.8609   43.1718
67.0000   73.0000   27.0362   3.0606
68.0000   103.0000   24.5544   31.0512
69.0000   116.0000   37.1955   3.6915
70.0000   97.0000   38.1417   10.5897
71.0000   127.0000   37.3219   5.5186
72.0000   69.0000   8.4456   2.8072
73.0000   142.0000   19.9020   29.9943
74.0000   116.0000   21.2916   45.0457
75.0000   122.0000   7.9613   46.0709
76.0000   146.0000   13.1407   18.9755
77.0000   138.0000   42.4810   27.6127
78.0000   105.0000   0.3179   20.2100
79.0000   128.0000   40.6382   28.1377
80.0000   92.0000   25.6710   26.4272
81.0000   112.0000   21.0704   39.7882
82.0000   119.0000   39.4297   14.3094
83.0000   113.0000   49.2917   5.2607
84.0000   111.0000   18.1827   39.9021
85.0000   117.0000   44.9376   16.2661
86.0000   113.0000   0.2857   31.1619
87.0000   142.0000   31.1120   4.5885
88.0000   143.0000   21.8188   6.6763
89.0000   119.0000   20.3385   49.6352
90.0000   101.0000   32.3529   43.7712
91.0000   148.0000   29.6980   0.5212
92.0000   104.0000   18.9067   32.4873
93.0000   150.0000   15.9391   8.2125
94.0000   150.0000   29.4048   18.4162
95.0000   133.0000   41.5536   29.6281
96.0000   148.0000   29.5773   40.5566
97.0000   85.0000   19.1952   47.2582
98.0000   123.0000   3.3165   43.2983
99.0000   103.0000   8.0394   42.4245
100.0000   119.0000   18.7491   24.6700
101.0000   150.0000   26.8212   40.2507
102.0000   98.0000   26.6971   27.1319
103.0000   82.0000   8.3645   47.3753
104.0000   135.0000   18.9278   25.7644
105.0000   145.0000   15.1619   7.5475
106.0000   127.0000   7.1083   38.4905
107.0000   105.0000   13.4922   17.1813
108.0000   105.0000   7.8906   40.6828
109.0000   113.0000   30.2514   7.0068
110.0000   73.0000   14.4763   4.2054
111.0000   98.0000   47.8867   10.1411
112.0000   127.0000   20.1732   10.5191
113.0000   70.0000   9.9861   47.5005
114.0000   98.0000   5.6928   48.2382
115.0000   78.0000   2.4488   18.7704
116.0000   103.0000   8.9346   2.1522
117.0000   102.0000   12.4189   34.3219
118.0000   93.0000   43.3928   24.6787
119.0000   119.0000   26.7133   35.5517
120.0000   133.0000   7.6170   21.6537
121.0000   132.0000   2.5192   45.6509
122.0000   100.0000   25.5522   4.8234
123.0000   143.0000   45.0704   28.5347
124.0000   108.0000   41.1570   24.2683
125.0000   118.0000   32.5759   4.2374
126.0000   93.0000   19.8691   48.2248
127.0000   103.0000   45.0788   38.7907
128.0000   90.0000   2.1526   10.3306
129.0000   83.0000   37.1088   33.1461
130.0000   80.0000   13.7508   24.1748
131.0000   132.0000   14.8533   38.8236
132.0000   127.0000   12.0214   15.6473
133.0000   117.0000   37.2149   21.2351
134.0000   112.0000   36.7511   35.1555
135.0000   116.0000   47.8217   5.5223
136.0000   83.0000   35.0584   25.4819
137.0000   138.0000   5.5150   5.9575
138.0000   71.0000   3.6872   34.9209
139.0000   62.0000   17.2317   26.1879
140.0000   117.0000   22.8166   27.3042
141.0000   110.0000   30.3035   43.5188
142.0000   128.0000   20.2925   22.6283
143.0000   109.0000   23.1769   7.6159
144.0000   68.0000   33.3777   33.7733
145.0000   140.0000   13.0603   18.5464
146.0000   67.0000   43.8067   5.6878
147.0000   124.0000   41.7879   8.6858
148.0000   138.0000   23.8482   4.6156
149.0000   82.0000   26.4793   46.3286
150.0000   79.0000   26.2800   10.7654
151.0000   119.0000   33.6491   6.7682
152.0000   111.0000   8.1832   23.8685
153.0000   78.0000   14.3380   21.1647
154.0000   65.0000   13.6602   1.0463
155.0000   66.0000   27.1269   26.5810
156.0000   79.0000   48.4781   12.8249
157.0000   86.0000   8.4051   43.6630
158.0000   89.0000   28.5480   16.0772
159.0000   140.0000   30.4557   14.1924
160.0000   81.0000   30.8236   0.1071
161.0000   90.0000   5.2012   28.8605
162.0000   133.0000   22.7791   9.8190
163.0000   145.0000   8.2881   11.2558
164.0000   121.0000   31.6336   15.4767
165.0000   124.0000   24.2593   28.7011
166.0000   150.0000   26.1915   41.6232
167.0000   88.0000   17.2917   24.8759
168.0000   136.0000   9.6861   4.5483
169.0000   101.0000   11.3250   35.8330
170.0000   93.0000   45.4158   44.9175
171.0000   87.0000   26.9217   1.5913
172.0000   112.0000   28.6746   33.6135
173.0000   98.0000   29.7980   19.1179
174.0000   81.0000   8.1489   22.0149
175.0000   94.0000   23.1830   0.7785
176.0000   119.0000   20.0637   2.7262
177.0000   136.0000   1.2293   12.6581
178.0000   117.0000   17.8643   7.3512
179.0000   129.0000   2.0439   15.1855
180.0000   112.0000   17.0688   38.2849
181.0000   69.0000   0.7711   32.4805
182.0000   149.0000   3.4112   28.9845
183.0000   120.0000   23.4120   7.5135
184.0000   98.0000   30.0447   13.5230
185.0000   140.0000   31.3079   13.6448
186.0000   60.0000   33.0436   9.4544
187.0000   63.0000   7.6217   17.1337
188.0000   85.0000   35.8734   48.6647
189.0000   150.0000   18.7157   19.0142
190.0000   77.0000   22.9831   49.4101
191.0000   119.0000   24.2715   15.8562
192.0000   70.0000   47.4330   21.4792
193.0000   89.0000   31.4734   2.2214
194.0000   127.0000   44.5023   49.1743
195.0000   107.0000   28.1624   46.6242
196.0000   140.0000   48.8346   44.5777
197.0000   77.0000   10.5264   30.2529
198.0000   67.0000   28.2935   16.0527
199.0000   139.0000   15.6045   10.7755
200.0000   98.0000   18.7129   31.5406
201.0000   145.0000   41.1672   9.7081
202.0000   146.0000   21.7397   3.4442
203.0000   148.0000   0.8828   29.4249
204.0000   137.0000   21.7537   39.1427
205.0000   117.0000   33.9584   20.7152
206.0000   96.0000   20.1935   44.6807
207.0000   115.0000   23.3625   4.2443
208.0000   64.0000   40.3787   42.2100
209.0000   83.0000   16.2154   22.7222
210.0000   82.0000   2.2382   16.3623
211.0000   77.0000   27.5627   32.0038
212.0000   78.0000   26.4940   18.6555
213.0000   115.0000   37.8593   2.6300
214.0000   94.0000   6.8504   42.3903
215.0000   98.0000   45.9398   49.3417
216.0000   118.0000   45.1135   47.8007
217.0000   84.0000   14.0292   43.6664
218.0000   74.0000   23.9813   40.4152
219.0000   73.0000   18.4966   3.2694
220.0000   139.0000   8.9736   29.6893
221.0000   120.0000   4.4928   23.9741
222.0000   90.0000   37.8448   16.6076
223.0000   112.0000   33.9166   41.9116
224.0000   108.0000   43.9759   28.4606
225.0000   112.0000   14.9827   37.1612
226.0000   117.0000   19.6373   10.8551
227.0000   120.0000   49.7646   15.0993
228.0000   136.0000   36.1258   41.7798
229.0000   105.0000   20.1688   30.7942
230.0000   135.0000   39.6428   11.1607
231.0000   118.0000   24.4448   44.3238
232.0000   67.0000   18.5013   24.8427
233.0000   90.0000   0.7460   31.6757
234.0000   141.0000   15.7811   11.4606
235.0000   109.0000   20.7892   3.9331
236.0000   123.0000   37.0052   10.0089
237.0000   70.0000   1.8861   49.5935
238.0000   68.0000   10.3665   39.0270
239.0000   147.0000   8.4723   9.0796
240.0000   140.0000   16.8997   9.3606
241.0000   107.0000   36.7909   44.6878
242.0000   84.0000   6.6082   14.0795
243.0000   69.0000   22.7031   45.8127
244.0000   126.0000   48.4939   21.2504
245.0000   92.0000   31.3776   35.3099
246.0000   141.0000   0.2654   47.6704
247.0000   149.0000   33.6020   19.5909
248.0000   123.0000   3.5841   39.1589
249.0000   95.0000   30.8271   26.5022
250.0000   120.0000   41.8692   24.4707
251.0000   61.0000   31.0254   7.3070
252.0000   87.0000   8.0382   48.9245
253.0000   142.0000   1.9193   5.3158
254.0000   107.0000   43.1715   6.0427
255.0000   121.0000   27.5236   5.6615
256.0000   148.0000   2.3647   8.7752
257.0000   141.0000   14.3185   8.5300
258.0000   118.0000   6.8537   4.8192
259.0000   84.0000   25.5829   25.0952
260.0000   65.0000   17.6673   17.7660
261.0000   137.0000   8.8978   27.7061
262.0000   101.0000   26.7050   22.3042
263.0000   67.0000   46.6125   1.4793
264.0000   78.0000   38.0216   17.2145
265.0000   80.0000   47.2323   31.8266
266.0000   102.0000   45.9601   39.2541
267.0000   60.0000   6.2618   49.2715
268.0000   89.0000   14.1122   45.6949
269.0000   73.0000   45.8784   27.7868
270.0000   81.0000   4.0067   24.8058
271.0000   120.0000   43.6700   16.2907
272.0000   82.0000   49.7024   46.1842
273.0000   123.0000   15.3608   38.0713
274.0000   126.0000   11.7557   15.7163
275.0000   95.0000   4.4009   10.4119
276.0000   100.0000   6.7738   26.4251
277.0000   133.0000   37.6220   25.4707
278.0000   68.0000   43.8484   43.3115
279.0000   66.0000   7.5542   14.0297
280.0000   85.0000   18.5243   17.4927
281.0000   129.0000   21.1172   33.8209
282.0000   80.0000   28.6826   19.1802
283.0000   126.0000   18.6666   15.7667
284.0000   107.0000   48.1476   11.2551
285.0000   76.0000   20.8249   4.2423
286.0000   148.0000   7.3150   35.8133
287.0000   73.0000   21.5909   33.1262
288.0000   146.0000   21.4749   3.2196
289.0000   93.0000   13.7733   38.1360
290.0000   128.0000   4.0362   11.4535
291.0000   108.0000   13.6955   30.0521
292.0000   90.0000   12.3428   46.1191
293.0000   108.0000   21.3787   19.1377
294.0000   80.0000   5.7164   32.2706
295.0000   112.0000   37.6154   6.2242
296.0000   101.0000   37.6791   41.2488
297.0000   126.0000   49.2334   38.3551
298.0000   60.0000   8.9986   2.9676
299.0000   84.0000   18.2046   5.7539
300.0000   110.0000   7.2463   29.2045
301.0000   67.0000   12.9729   10.8998
302.0000   122.0000   23.4886   26.1865
303.0000   135.0000   18.0054   34.7489
304.0000   140.0000   47.8104   35.9950
305.0000   112.0000   13.0118   4.9533
306.0000   87.0000   33.5459   23.7861
307.0000   85.0000   22.3737   14.0905
308.0000   76.0000   29.1010   9.9332
309.0000   94.0000   14.3374   3.1348
310.0000   84.0000   42.3535   37.4961
311.0000   123.0000   42.6766   27.7448
312.0000   143.0000   18.4312   16.0083
313.0000   138.0000   7.2475   38.4346
314.0000   115.0000   13.8634   20.6535
315.0000   134.0000   45.1965   34.2292
316.0000   127.0000   42.6833   40.4290
317.0000   143.0000   15.4815   35.8632
318.0000   117.0000   24.2058   29.0914
319.0000   99.0000   19.3899   49.5763
320.0000   85.0000   34.6620   15.4100
321.0000   111.0000   5.3966   16.4998
322.0000   140.0000   43.2797   22.4491
323.0000   88.0000   29.8985   41.8943
324.0000   129.0000   26.1004   11.6677
325.0000   84.0000   46.7950   29.1947
326.0000   110.0000   27.6729   13.7405
327.0000   143.0000   21.4993   44.5084
328.0000   62.0000   15.8028   46.7393
329.0000   143.0000   32.0044   26.6092
330.0000   81.0000   25.0750   20.2722
331.0000   80.0000   5.6436   6.9103
332.0000   105.0000   37.4535   36.5196
333.0000   82.0000   29.9657   2.2008
334.0000   121.0000   14.6541   20.7538
335.0000   126.0000   23.6188   38.6587
336.0000   144.0000   34.1191   28.2032
337.0000   148.0000   7.8144   38.4199
338.0000   115.0000   47.2094   40.1626
339.0000   111.0000   34.2562   40.7686
340.0000   120.0000   27.4424   31.9210
341.0000   61.0000   0.7934   6.4680
342.0000   105.0000   11.4970   20.5947
343.0000   106.0000   45.0577   38.7856
344.0000   73.0000   27.8385   48.9907
345.0000   95.0000   13.0683   40.1390
346.0000   60.0000   41.9771   8.5765
347.0000   100.0000   28.9625   42.4245
348.0000   82.0000   19.9400   40.3375
349.0000   117.0000   25.5987   49.0043
350.0000   93.0000   1.4003   3.7377
351.0000   144.0000   21.8915   2.2591
352.0000   108.0000   24.6181   25.8051
353.0000   80.0000   17.6255   47.0096
354.0000   76.0000   2.9832   34.2319
355.0000   112.0000   38.0645   5.0038
356.0000   88.0000   29.8133   3.4047
357.0000   73.0000   25.9026   26.2475
358.0000   131.0000   37.5014   49.0544
359.0000   80.0000   34.1676   36.9892
360.0000   96.0000   36.1830   42.1279
361.0000   101.0000   35.5671   15.3746
362.0000   96.0000   46.7124   9.1120
363.0000   99.0000   5.1629   17.0728
364.0000   64.0000   26.1452   8.0985
365.0000   78.0000   18.3869   31.5872
366.0000   139.0000   10.3941   21.5216
367.0000   84.0000   8.0259   30.0203
368.0000   115.0000   8.2948   48.4135
369.0000   93.0000   25.5894   32.5480
370.0000   130.0000   33.6472   24.9824
371.0000   119.0000   16.2907   37.0902
372.0000   79.0000   15.0295   3.2815
373.0000   144.0000   1.3357   38.8184
374.0000   131.0000   28.2766   18.7622
375.0000   116.0000   45.1058   39.7629
376.0000   139.0000   14.6694   6.8184
377.0000   149.0000   23.1558   26.1155
378.0000   62.0000   38.2648   23.2501
379.0000   117.0000   28.5094   3.3450
380.0000   128.0000   5.3757   5.7374
381.0000   61.0000   26.5509   30.8950
382.0000   108.0000   22.0083   5.6772
383.0000   66.0000   34.8626   47.7766
384.0000   123.0000   21.7702   30.4985
385.0000   70.0000   19.7875   36.3448
386.0000   118.0000   23.9366   41.6747
387.0000   84.0000   14.5019   2.1104
388.0000   99.0000   34.0288   12.7119
389.0000   66.0000   19.6238   49.0843
390.0000   109.0000   35.1755   21.4716
391.0000   89.0000   29.9491   34.9030
392.0000   125.0000   25.5700   3.4146
393.0000   109.0000   4.3116   12.4603
394.0000   95.0000   17.0525   19.8658
395.0000   72.0000   38.7048   45.5467
396.0000   106.0000   29.8234   26.9930
397.0000   93.0000   43.5758   5.5981
398.0000   140.0000   45.6307   44.9053
399.0000   127.0000   31.2413   6.6934
400.0000   83.0000   33.4788   26.0151
401.0000   120.0000   2.7475   43.1125
402.0000   71.0000   19.7797   24.4993
403.0000   111.0000   22.9589   13.4706
404.0000   143.0000   22.4688   15.0044
405.0000   61.0000   38.8218   17.3813
406.0000   96.0000   35.1231   17.0343
407.0000   124.0000   7.9722   8.7657
408.0000   82.0000   47.2810   46.9363
409.0000   72.0000   33.8816   3.5363
410.0000   141.0000   11.4632   30.7812
411.0000   78.0000   16.9607   21.6636
412.0000   141.0000   41.1480   49.5238
413.0000   81.0000   21.6065   16.8287
414.0000   111.0000   37.4849   38.3799
415.0000   142.0000   6.0914   34.8191
416.0000   79.0000   5.3993   33.3268
417.0000   70.0000   20.8274   42.4283
418.0000   70.0000   47.8675   37.1471
419.0000   71.0000   8.4665   40.3399
420.0000   150.0000   19.1925   48.7357
421.0000   137.0000   3.7180   47.3283
422.0000   108.0000   19.9889   43.5549
423.0000   112.0000   37.8401   44.5233
424.0000   60.0000   17.5724   21.0414
425.0000   98.0000   39.4765   33.0432
426.0000   63.0000   1.7201   30.1317
427.0000   96.0000   18.9882   8.6301
428.0000   70.0000   48.0779   32.7642
429.0000   92.0000   1.8165   3.1036
430.0000   120.0000   13.9659   46.9318
431.0000   70.0000   0.4965   37.0413
432.0000   97.0000   6.4693   49.9552
433.0000   85.0000   38.4745   15.8461
434.0000   87.0000   49.7862   12.2912
435.0000   67.0000   11.7764   48.0154
436.0000   148.0000   41.5892   19.4707
437.0000   72.0000   46.9615   21.0487
438.0000   144.0000   35.4418   36.1937
439.0000   112.0000   10.3211   13.2234
440.0000   125.0000   8.6759   20.2554
441.0000   99.0000   43.3175   4.2086
442.0000   130.0000   42.9889   8.1476
443.0000   146.0000   25.6261   7.7300
444.0000   129.0000   45.2496   37.8199
445.0000   144.0000   19.2391   36.2412
446.0000   60.0000   29.6768   45.8752
447.0000   106.0000   23.3115   25.3918
448.0000   77.0000   18.3837   48.6230
449.0000   149.0000   25.1589   20.2362
450.0000   95.0000   14.2227   19.4818
451.0000   97.0000   24.1888   13.4107
452.0000   129.0000   26.9628   38.2318
453.0000   102.0000   6.0194   18.2226
454.0000   120.0000   14.3809   24.4527
455.0000   63.0000   0.6886   36.3256
456.0000   73.0000   24.9743   7.0264
457.0000   138.0000   5.7199   10.3340
458.0000   103.0000   38.2716   48.2021
459.0000   80.0000   8.2106   41.6189
460.0000   111.0000   27.8457   7.1740
461.0000   108.0000   19.6735   22.2969
462.0000   146.0000   20.4375   43.5755
463.0000   111.0000   26.6711   0.7495
464.0000   91.0000   33.5247   28.2331
465.0000   93.0000   44.7221   44.2901
466.0000   64.0000   20.5302   13.7554
467.0000   91.0000   42.4613   36.0606
468.0000   150.0000   45.6223   36.6836
469.0000   136.0000   30.7494   30.5554
470.0000   74.0000   4.4007   13.3140
471.0000   133.0000   38.9718   7.7827
472.0000   75.0000   26.3403   38.9699
473.0000   125.0000   7.2556   36.5690
474.0000   65.0000   44.8122   7.0461
475.0000   65.0000   39.2455   22.4895
476.0000   102.0000   42.7132   39.9276
477.0000   120.0000   10.7333   45.1855
478.0000   73.0000   49.2306   18.7830
479.0000   85.0000   34.4527   24.8708
480.0000   144.0000   27.4088   25.5465
481.0000   139.0000   11.4156   43.0955
482.0000   76.0000   22.3744   10.8277
483.0000   126.0000   19.1562   22.4182
484.0000   132.0000   9.8600   48.1260
485.0000   122.0000   12.1479   44.4523
486.0000   76.0000   44.6812   37.0117
487.0000   61.0000   24.5772   13.5333
488.0000   78.0000   47.0051   27.0560
489.0000   112.0000   5.5047   4.3247
490.0000   93.0000   12.6645   49.5578
491.0000   84.0000   7.3838   2.6943
492.0000   82.0000   4.2969   5.7555
493.0000   66.0000   4.1754   10.6997
494.0000   142.0000   31.2038   15.0639
495.0000   92.0000   37.8811   39.9374
496.0000   144.0000   28.4502   25.3848
497.0000   99.0000   22.0670   19.1459
498.0000   117.0000   8.3838   47.3192
499.0000   62.0000   21.8503   46.6631
500.0000   146.0000   49.9718   38.6504
