0.0000   0.0000   0.0000   0.0000
1.0000   103.0000   8.9332   20.1406
2.0000   123.0000   45.6677   44.2304
3.0000   135.0000   40.3108   32.6126
4.0000   118.0000   33.5696   9.4369
5.0000   93.0000   16.8665   11.9949
6.0000   125.0000   45.0205   41.7102
7.0000   102.0000   17.3140   2.6837
8.0000   99.0000   28.0560   36.0046
9.0000   114.0000   20.7562   21.8882
10.0000   58.0000   24.4180   37.2597
11.0000   114.0000   24.2448   21.8903
12.0000   139.0000   12.3567   32.0663
13.0000   58.0000   29.4579   14.0255
14.0000   73.0000   13.5835   23.5752
15.0000   50.0000   5.4372   26.3094
16.0000   80.0000   10.2032   2.8897
17.0000   126.0000   46.0760   5.7123
18.0000   137.0000   6.0009   26.9615
19.0000   114.0000   19.9191   23.9753
20.0000   92.0000   32.2467   7.1101
21.0000   69.0000   21.6192   23.6468
22.0000   130.0000   44.5803   27.1787
23.0000   93.0000   32.1672   42.2953
24.0000   73.0000   28.2807   31.8014
25.0000   100.0000   20.4831   42.2055
26.0000   74.0000   4.8132   14.9774
27.0000   66.0000   43.7280   46.1796
28.0000   79.0000   32.9615   29.0876
29.0000   97.0000   38.4026   4.0425
30.0000   87.0000   41.9574   41.2451
31.0000   54.0000   35.7597   0.5199
32.0000   99.0000   31.4661   22.9304
33.0000   139.0000   15.7349   39.7933
34.0000   69.0000   3.2939   40.0660
35.0000   116.0000   44.6552   26.8966
36.0000   50.0000   39.4081   22.1863
37.0000   136.0000   9.9029   5.4194
38.0000   109.0000   26.5426   46.1246
39.0000   66.0000   41.3136   8.4977
40.0000   83.0000   10.1888   8.3188
41.0000   103.0000   26.2579   19.2331
42.0000   123.0000   44.8197   38.0302
43.0000   108.0000   5.0719   30.6459
44.0000   124.0000   42.3068   38.9224
45.0000   101.0000   34.5690   39.4076
46.0000   88.0000   4.2877   14.0146
47.0000   78.0000   22.5757   49.4956
48.0000   124.0000   13.1210   41.7218
49.0000   120.0000   31.5966   22.9872
50.0000   96.0000   3.8964   21.6672
51.0000   133.0000   39.9283   22.0355
52.0000   89.0000   33.8580   42.6871
53.0000   90.0000   22.8656   47.7049
54.0000   65.0000   41.0654   16.1752
55.0000   53.0000   14.9306   16.1073
56.0000   131.0000   27.6874   39.8803
57.0000   68.0000   1.4418   1.7515
58.0000   95.0000   29.7511   2.1235
59.0000   52.0000   13.4536   27.8395
60.0000   84.0000   18.7797   7.5688
61.0000   58.0000   37.0878   2.3621
62.0000   64.0000   1.5023   7.0916
63.0000   103.0000   33.6693   47.7861
64.0000   71.0000   12.1403   45.9546
65.0000   128.0000   32.0689   22.1086
66.0000   81.0000   19.9928   48.8550
67.0000   75.0000   4.0398   2.5412
68.0000   59.0000   42.1391   1.4526
69.0000   85.0000   16.0547   33.8377
70.0000   70.0000   39.9216   37.3477
71.0000   129.0000   37.0912   5.0268
72.0000   92.0000   12.6548   13.7728
73.0000   115.0000   27.7239   17.3234
74.0000   72.0000   11.3624   28.3550
75.0000   90.0000   22.2413   28.5031
76.0000   59.0000   17.0567   11.7786
77.0000   138.0000   13.8549   30.4779
78.0000   128.0000   21.3093   34.0662
79.0000   114.0000   3.8414   24.9302
80.0000   86.0000   7.5085   38.3724
81.0000   122.0000   0.0522   17.5019
82.0000   124.0000   6.0852   45.3688
83.0000   52.0000   39.2165   43.9452
84.0000   135.0000   12.6227   15.5093
85.0000   137.0000   18.6953   5.5894
86.0000   98.0000   31.6455   22.7652
87.0000   131.0000   40.0070   5.0078
88.0000   95.0000   38.5448   39.3228
89.0000   131.0000   18.5408   38.9220
90.0000   86.0000   11.1016   32.0697
91.0000   106.0000   21.5103   29.7155
92.0000   131.0000   46.3448   18.8683
93.0000   136.0000   43.6608   32.2143
94.0000   76.0000   10.9899   39.8168
95.0000   118.0000   29.4189   31.8082
96.0000   95.0000   47.5040   34.1431
97.0000   70.0000   34.7078   9.6950
98.0000   83.0000   44.1747   14.8020
99.0000   116.0000   42.7335   6.0880
100.0000   128.0000   24.0807   9.1482
101.0000   102.0000   10.0464   11.4729
102.0000   95.0000   1.6633   47.5309
103.0000   87.0000   43.5834   14.3027
104.0000   74.0000   35.5000   24.4599
105.0000   63.0000   33.5567   10.4633
106.0000   118.0000   26.1519   12.9902
107.0000   96.0000   41.2948   39.3135
108.0000   89.0000   17.7866   36.8075
109.0000   68.0000   9.7044   19.1663
110.0000   104.0000   27.9262   9.9278
111.0000   106.0000   40.2340   46.4779
112.0000   105.0000   19.3885   9.2323
113.0000   124.0000   7.3365   8.9528
114.0000   114.0000   42.8411   9.5975
115.0000   89.0000   29.7328   44.3700
116.0000   113.0000   46.3793   31.2220
117.0000   52.0000   19.0618   42.5130
118.0000   81.0000   34.7745   4.1213
119.0000   128.0000   48.5244   36.3246
120.0000   103.0000   20.8167   28.3699
121.0000   65.0000   11.5001   20.0796
122.0000   140.0000   8.2545   4.4129
123.0000   129.0000   5.3598   28.7397
124.0000   106.0000   3.1848   13.7081
125.0000   58.0000   10.2347   10.1653
126.0000   93.0000   46.6651   36.9087
127.0000   59.0000   38.6007   35.9013
128.0000   64.0000   35.7106   26.1718
129.0000   113.0000   36.0736   48.3150
130.0000   127.0000   25.3477   15.5538
131.0000   71.0000   16.8439   26.3861
132.0000   85.0000   42.5267   18.2402
133.0000   112.0000   40.3900   2.9595
134.0000   69.0000   12.0055   31.2012
135.0000   83.0000   42.8743   6.2192
136.0000   140.0000   35.1661   48.2429
137.0000   110.0000   0.6248   46.3395
138.0000   62.0000   26.2248   23.8107
139.0000   138.0000   31.5583   38.3816
140.0000   54.0000   46.1511   7.1737
141.0000   89.0000   21.0313   26.1195
142.0000   91.0000   14.6549   7.1910
143.0000   76.0000   27.3165   14.4991
144.0000   60.0000   28.0400   14.9939
145.0000   123.0000   35.5344   10.3288
146.0000   75.0000   28.7375   48.1546
147.0000   90.0000   38.9106   45.6319
148.0000   75.0000   7.3180   28.2540
149.0000   53.0000   48.4995   25.8693
150.0000   104.0000   28.0466   36.1019
151.0000   82.0000   29.9379   13.9919
152.0000   58.0000   33.9854   12.2065
153.0000   75.0000   30.7748   17.5820
154.0000   134.0000   12.1529   11.2011
155.0000   96.0000   49.3047   24.9584
156.0000   76.0000   25.0805   45.9951
157.0000   52.0000   4.8691   4.1844
158.0000   97.0000   48.9573   27.4401
159.0000   57.0000   1.1795   33.7153
160.0000   80.0000   12.8910   35.5244
161.0000   106.0000   21.9581   39.6462
162.0000   118.0000   32.0706   20.6187
163.0000   54.0000   4.6574   39.9290
164.0000   79.0000   32.4099   29.7654
165.0000   56.0000   20.0737   31.2837
166.0000   123.0000   11.8926   43.8250
167.0000   118.0000   29.2879   42.0310
168.0000   54.0000   22.4678   1.7882
169.0000   83.0000   33.0645   21.0672
170.0000   131.0000   44.1611   22.8671
171.0000   120.0000   41.3346   47.5877
172.0000   92.0000   39.7812   12.9979
173.0000   75.0000   27.7499   31.1782
174.0000   52.0000   19.8093   44.0219
175.0000   61.0000   25.2972   24.6227
176.0000   117.0000   10.1821   23.7852
177.0000   129.0000   8.1155   41.4913
178.0000   79.0000   10.8481   45.3609
179.0000   83.0000   36.7596   46.7853
180.0000   64.0000   7.5799   25.2834
181.0000   140.0000   21.0582   10.9905
182.0000   100.0000   23.1813   40.1753
183.0000   107.0000   29.3195   8.5831
184.0000   98.0000   45.4652   8.0961
185.0000   125.0000   40.2820   45.4435
186.0000   97.0000   43.3322   13.6342
187.0000   50.0000   37.6573   28.6815
188.0000   131.0000   44.9121   19.4117
189.0000   111.0000   41.0671   1.8495
190.0000   138.0000   41.5380   9.4588
191.0000   89.0000   34.8556   33.1398
192.0000   67.0000   7.5309   13.2082
193.0000   86.0000   4.9931   17.6865
194.0000   122.0000   41.1552   20.6857
195.0000   119.0000   34.1818   31.2934
196.0000   133.0000   44.8393   21.7096
197.0000   64.0000   1.4538   27.5797
198.0000   79.0000   23.2004   27.2063
199.0000   132.0000   15.8061   9.0078
200.0000   130.0000   1.7778   34.7133
201.0000   104.0000   19.9182   18.6796
202.0000   89.0000   15.1182   36.5661
203.0000   84.0000   1.7733   30.2302
204.0000   109.0000   45.9981   18.1343
205.0000   138.0000   4.6002   10.7610
206.0000   107.0000   27.0543   21.9970
207.0000   94.0000   49.1230   31.4881
208.0000   123.0000   42.0617   24.8823
209.0000   126.0000   31.3526   12.5870
210.0000   58.0000   5.8024   4.6924
211.0000   69.0000   22.2398   49.8703
212.0000   125.0000   46.1115   22.5935
213.0000   97.0000   5.9605   47.1597
214.0000   111.0000   39.6642   18.9758
215.0000   84.0000   27.2016   18.4230
216.0000   132.0000   25.9680   41.0524
217.0000   133.0000   12.0037   4.2729
218.0000   114.0000   18.6898   38.2308
219.0000   81.0000   3.0687   47.5056
220.0000   92.0000   5.7912   27.9172
221.0000   120.0000   3.2360   22.7080
222.0000   140.0000   11.0784   18.6244
223.0000   113.0000   45.3358   6.5306
224.0000   124.0000   9.0916   27.1884
225.0000   140.0000   20.6460   29.6260
226.0000   91.0000   9.7999   5.5200
227.0000   129.0000   13.5602   27.2658
228.0000   65.0000   13.7216   45.2891
229.0000   91.0000   0.6135   10.7548
230.0000   61.0000   21.1706   32.9400
231.0000   95.0000   21.0393   15.5976
232.0000   96.0000   26.5575   36.4728
233.0000   117.0000   2.0308   16.6449
234.0000   84.0000   42.3604   23.7869
235.0000   55.0000   48.0878   24.8724
236.0000   82.0000   9.5587   34.4705
237.0000   63.0000   11.1937   12.8323
238.0000   74.0000   31.3989   44.8274
239.0000   107.0000   30.9749   0.1105
240.0000   84.0000   37.2281   18.4450
241.0000   92.0000   44.8704   7.7339
242.0000   115.0000   1.1504   12.3967
243.0000   71.0000   11.5425   34.6954
244.0000   125.0000   43.2417   40.9881
245.0000   113.0000   37.9488   9.5755
246.0000   97.0000   25.7886   5.6187
247.0000   74.0000   37.1292   43.8187
248.0000   59.0000   47.8529   4.8332
249.0000   99.0000   1.5227   3.4146
250.0000   95.0000   42.6589   10.3273
251.0000   99.0000   17.4837   49.9091
252.0000   58.0000   18.6056   45.6692
253.0000   96.0000   31.9547   47.3670
254.0000   62.0000   7.9437   41.4298
255.0000   133.0000   27.8391   28.8902
256.0000   62.0000   39.8796   33.0610
257.0000   121.0000   3.1371   38.7409
258.0000   122.0000   24.1029   39.3222
259.0000   56.0000   12.4199   18.1173
260.0000   65.0000   13.8218   14.4265
261.0000   90.0000   20.4451   19.1528
262.0000   97.0000   18.3889   22.0136
263.0000   51.0000   18.7445   14.4327
264.0000   99.0000   29.6720   12.8647
265.0000   125.0000   20.7020   31.6117
266.0000   54.0000   5.5077   35.0563
267.0000   104.0000   29.6673   4.4638
268.0000   111.0000   21.6674   18.5061
269.0000   72.0000   2.5701   46.2124
270.0000   90.0000   24.9236   12.6861
271.0000   108.0000   18.4029   29.8593
272.0000   119.0000   31.2781   30.2775
273.0000   63.0000   39.6318   2.8060
274.0000   73.0000   3.3171   39.4173
275.0000   52.0000   30.9922   46.1574
276.0000   119.0000   42.8513   22.3553
277.0000   120.0000   3.7328   11.5102
278.0000   74.0000   31.1431   8.8927
279.0000   128.0000   1.7009   35.8350
280.0000   104.0000   0.3741   0.6475
281.0000   113.0000   42.9360   26.7410
282.0000   95.0000   43.5658   26.4906
283.0000   106.0000   4.2744   12.6537
284.0000   64.0000   21.0923   14.5881
285.0000   106.0000   18.7551   48.8594
286.0000   85.0000   31.2027   19.9253
287.0000   118.0000   30.4419   2.8646
288.0000   91.0000   14.1812   37.3547
289.0000   78.0000   26.8491   26.2719
290.0000   86.0000   48.8533   17.3979
291.0000   79.0000   19.2765   3.9446
292.0000   122.0000   35.0300   17.7498
293.0000   126.0000   3.9871   9.1961
294.0000   109.0000   7.6749   0.5343
295.0000   63.0000   34.5186   27.1463
296.0000   66.0000   48.9396   30.2363
297.0000   55.0000   49.0730   35.6640
298.0000   138.0000   36.6255   4.9017
299.0000   111.0000   7.0734   4.4933
300.0000   77.0000   15.9592   48.4319
301.0000   109.0000   49.5540   14.2008
302.0000   100.0000   6.4312   30.9369
303.0000   123.0000   18.8812   7.6364
304.0000   117.0000   46.2288   42.4607
305.0000   116.0000   24.7824   26.9129
306.0000   140.0000   11.0785   13.1736
307.0000   117.0000   13.9206   6.1591
308.0000   71.0000   42.0998   40.3926
309.0000   66.0000   44.0451   12.1690
310.0000   132.0000   11.5918   37.3341
311.0000   66.0000   3.3405   19.2122
312.0000   110.0000   20.3814   28.3873
313.0000   74.0000   45.4592   4.3869
314.0000   134.0000   14.1250   14.2260
315.0000   82.0000   13.3416   27.8520
316.0000   119.0000   10.4289   7.7605
317.0000   105.0000   48.9384   41.3009
318.0000   73.0000   26.5535   40.3514
319.0000   110.0000   17.0647   15.3759
320.0000   89.0000   37.7411   34.2802
321.0000   101.0000   32.7617   21.4797
322.0000   133.0000   2.9564   30.9738
323.0000   58.0000   9.6708   37.5930
324.0000   101.0000   7.7558   46.9574
325.0000   61.0000   33.1876   33.3029
326.0000   133.0000   1.8138   13.4076
327.0000   138.0000   17.3550   47.4055
328.0000   72.0000   15.0090   49.9436
329.0000   94.0000   26.1128   0.7291
330.0000   58.0000   5.0439   35.5018
331.0000   77.0000   10.6148   11.4574
332.0000   122.0000   48.7709   49.1551
333.0000   79.0000   15.8179   38.1462
334.0000   105.0000   39.0083   28.6640
335.0000   108.0000   21.0419   23.3046
336.0000   71.0000   6.2284   20.0698
337.0000   103.0000   45.6274   5.2773
338.0000   138.0000   22.1483   7.2428
339.0000   77.0000   14.3247   36.4189
340.0000   130.0000   32.8591   35.9081
341.0000   56.0000   45.6762   13.8595
342.0000   73.0000   48.0747   24.7397
343.0000   123.0000   10.7071   49.9130
344.0000   129.0000   46.0726   8.5679
345.0000   81.0000   8.4490   30.6949
346.0000   59.0000   14.0581   36.0331
347.0000   83.0000   33.0276   49.6145
348.0000   60.0000   28.6299   38.5383
349.0000   118.0000   37.0993   38.2760
350.0000   66.0000   9.0164   20.4609
351.0000   92.0000   13.4551   31.8563
352.0000   133.0000   45.7145   7.9493
353.0000   131.0000   20.4689   4.2835
354.0000   70.0000   35.2259   39.2392
355.0000   59.0000   19.2087   25.6027
356.0000   65.0000   5.5127   8.9832
357.0000   85.0000   10.8234   26.9645
358.0000   114.0000   26.0018   14.3491
359.0000   50.0000   35.6321   23.0421
360.0000   140.0000   10.2139   25.6544
361.0000   77.0000   14.8599   38.3889
362.0000   60.0000   1.9754   24.1317
363.0000   128.0000   41.4566   33.0602
364.0000   58.0000   29.8886   49.6120
365.0000   63.0000   37.8178   11.9720
366.0000   89.0000   32.3716   32.8548
367.0000   83.0000   48.0999   27.1458
368.0000   66.0000   37.6476   34.8789
369.0000   119.0000   31.1268   22.4045
370.0000   138.0000   14.4887   22.0620
371.0000   114.0000   33.8395   14.6878
372.0000   95.0000   32.0296   20.2701
373.0000   76.0000   2.7417   41.6841
374.0000   119.0000   36.1059   20.8933
375.0000   72.0000   8.8318   16.5403
376.0000   120.0000   44.3237   33.1737
377.0000   81.0000   3.0084   49.7109
378.0000   118.0000   0.3250   33.2983
379.0000   69.0000   19.6716   1.9025
380.0000   63.0000   6.3441   28.8868
381.0000   113.0000   6.8246   23.1041
382.0000   94.0000   44.2412   15.1462
383.0000   62.0000   14.8468   0.9676
384.0000   138.0000   17.9016   4.1742
385.0000   93.0000   48.9844   33.4891
386.0000   54.0000   24.9022   38.3452
387.0000   92.0000   46.0357   9.8798
388.0000   137.0000   4.0349   45.0925
389.0000   127.0000   21.4250   4.4709
390.0000   100.0000   28.9956   26.7759
391.0000   134.0000   32.3271   1.9464
392.0000   131.0000   23.5458   47.0914
393.0000   76.0000   1.7531   2.6751
394.0000   57.0000   46.8353   18.5912
395.0000   127.0000   15.6146   20.7324
396.0000   92.0000   29.9177   13.7859
397.0000   89.0000   11.7238   27.1602
398.0000   136.0000   9.6851   0.3408
399.0000   121.0000   0.9790   35.1762
400.0000   113.0000   25.1036   22.9007
