0.0000   0.0000   0.0000   0.0000
1.0000   57.0000   33.7154   44.4843
2.0000   59.0000   27.8964   25.8941
3.0000   88.0000   38.8333   29.3902
4.0000   59.0000   43.3515   35.1035
5.0000   109.0000   25.4902   40.8819
6.0000   114.0000   39.3198   15.0860
7.0000   102.0000   31.7124   8.4595
8.0000   64.0000   7.8302   23.4082
9.0000   43.0000   44.9384   49.9636
10.0000   49.0000   38.2074   2.9438
11.0000   64.0000   10.5363   35.0280
12.0000   89.0000   6.3817   29.6334
13.0000   110.0000   3.7144   29.7647
14.0000   72.0000   12.2802   45.9270
15.0000   49.0000   42.1880   43.9415
16.0000   68.0000   8.7829   5.4039
17.0000   85.0000   30.1914   19.3363
18.0000   96.0000   29.5309   45.4485
19.0000   44.0000   5.2384   4.7424
20.0000   32.0000   19.1673   29.5614
21.0000   33.0000   34.1749   47.0896
22.0000   99.0000   27.2915   46.3464
23.0000   79.0000   13.8144   12.1098
24.0000   49.0000   27.7270   15.6842
25.0000   92.0000   12.5119   29.3982
26.0000   58.0000   41.6925   39.6465
27.0000   84.0000   18.0699   0.7204
28.0000   56.0000   36.3255   28.9325
29.0000   68.0000   24.1470   30.1979
30.0000   61.0000   18.4063   31.0690
31.0000   56.0000   0.7198   43.0754
32.0000   49.0000   25.7954   19.9365
33.0000   41.0000   7.7651   9.7122
34.0000   64.0000   6.1998   0.2326
35.0000   96.0000   1.2203   40.4962
36.0000   54.0000   5.6763   16.9430
37.0000   85.0000   28.4748   28.0920
38.0000   33.0000   31.6247   35.5443
39.0000   30.0000   32.1397   3.6340
40.0000   32.0000   30.1381   25.8068
41.0000   107.0000   0.7283   2.5641
42.0000   32.0000   40.3524   28.6786
43.0000   64.0000   14.6872   20.4439
44.0000   125.0000   41.6954   37.2530
45.0000   105.0000   12.6166   15.9108
46.0000   34.0000   29.3778   9.5648
47.0000   38.0000   10.9181   22.7570
48.0000   40.0000   30.7768   5.7556
49.0000   82.0000   11.4183   33.5974
50.0000   65.0000   32.1141   16.6074
51.0000   31.0000   28.1864   24.0659
52.0000   66.0000   19.7972   14.6504
53.0000   51.0000   26.6041   3.1647
54.0000   74.0000   15.6155   20.9945
55.0000   102.0000   14.5108   30.6391
56.0000   65.0000   8.5242   0.5330
57.0000   104.0000   40.4600   24.8702
58.0000   89.0000   4.6565   21.7436
59.0000   123.0000   46.4560   40.7682
60.0000   54.0000   41.8539   2.6713
61.0000   127.0000   34.0370   0.2215
62.0000   65.0000   1.8636   18.9340
63.0000   98.0000   29.6083   29.7500
64.0000   98.0000   45.8757   10.5057
65.0000   45.0000   7.9729   8.6659
66.0000   84.0000   36.2176   47.7354
67.0000   130.0000   31.4120   46.7577
68.0000   74.0000   42.1859   16.9958
69.0000   106.0000   38.5885   9.7739
70.0000   84.0000   4.8674   42.3779
71.0000   94.0000   36.8145   49.1769
72.0000   40.0000   13.7270   18.9948
73.0000   60.0000   40.6296   33.5041
74.0000   76.0000   7.7028   24.8520
75.0000   55.0000   27.4230   9.4461
76.0000   124.0000   36.8504   39.7130
77.0000   59.0000   18.9587   38.5059
78.0000   60.0000   46.7383   45.3211
79.0000   61.0000   27.6986   25.2617
80.0000   38.0000   37.8723   39.7149
81.0000   95.0000   41.5516   8.6032
82.0000   45.0000   38.2932   21.2990
83.0000   42.0000   33.6552   37.5746
84.0000   61.0000   14.9871   20.0208
85.0000   48.0000   47.5480   45.6751
86.0000   38.0000   41.1251   28.1093
87.0000   95.0000   38.4070   43.2030
88.0000   106.0000   38.5826   5.7005
89.0000   79.0000   16.6543   3.8922
90.0000   57.0000   0.2504   45.2007
91.0000   116.0000   3.8736   46.8914
92.0000   117.0000   16.5731   10.9125
93.0000   65.0000   6.1382   21.8187
94.0000   73.0000   25.5194   37.8228
95.0000   43.0000   48.7241   19.8174
96.0000   73.0000   36.4255   9.6429
97.0000   106.0000   5.2438   21.3848
98.0000   112.0000   49.5676   27.8761
99.0000   49.0000   40.0319   37.9732
100.0000   106.0000   14.7261   16.3402
