0.0000   0.0000   0.0000   0.0000
1.0000   78.0000   15.3793   34.7414
2.0000   80.0000   9.9587   38.9317
3.0000   74.0000   33.1698   17.6161
4.0000   84.0000   26.4067   36.3708
5.0000   63.0000   6.2996   25.9484
6.0000   111.0000   42.2485   40.9590
7.0000   67.0000   1.5931   0.8799
8.0000   118.0000   26.2665   37.8817
9.0000   92.0000   22.7680   13.3109
10.0000   61.0000   6.0263   30.1112
11.0000   48.0000   32.8068   36.4717
12.0000   86.0000   46.3175   13.5997
13.0000   76.0000   4.1254   25.6272
14.0000   69.0000   5.1215   14.2451
15.0000   96.0000   15.1598   34.7295
16.0000   91.0000   33.2706   26.5603
17.0000   38.0000   24.8210   42.4657
18.0000   72.0000   28.8629   16.5546
19.0000   60.0000   7.4722   48.3334
20.0000   37.0000   43.0371   18.7906
21.0000   113.0000   17.6864   14.2176
22.0000   60.0000   13.6841   25.4116
23.0000   119.0000   3.2257   47.8940
24.0000   34.0000   46.8037   19.4959
25.0000   30.0000   45.4083   18.6826
26.0000   115.0000   6.1312   24.4245
27.0000   76.0000   21.1893   34.7008
28.0000   96.0000   48.4631   16.9375
29.0000   104.0000   26.4646   20.7705
30.0000   118.0000   48.7925   19.4088
31.0000   99.0000   9.1433   14.6918
32.0000   108.0000   46.7342   29.0330
33.0000   83.0000   32.9010   10.8777
34.0000   83.0000   0.1567   39.2063
35.0000   113.0000   38.5232   24.6865
36.0000   106.0000   44.0596   49.0324
37.0000   33.0000   17.9776   14.3332
38.0000   56.0000   11.9915   25.6828
39.0000   78.0000   0.8020   32.6526
40.0000   48.0000   31.0235   4.6819
41.0000   110.0000   29.5677   0.7340
42.0000   53.0000   38.7559   26.5942
43.0000   39.0000   34.2378   6.8755
44.0000   96.0000   38.6075   38.5861
45.0000   113.0000   45.1911   42.4970
46.0000   55.0000   34.2889   16.7039
47.0000   95.0000   48.7648   30.5333
48.0000   99.0000   10.8754   25.6084
49.0000   93.0000   31.5011   0.5569
50.0000   76.0000   37.5490   14.2543
51.0000   100.0000   7.7913   30.5473
52.0000   69.0000   37.2983   39.4236
53.0000   46.0000   41.4935   21.8067
54.0000   107.0000   39.8417   4.6705
55.0000   109.0000   49.8149   28.7384
56.0000   56.0000   15.0223   20.0704
57.0000   54.0000   5.3270   43.9386
58.0000   82.0000   26.3618   44.1667
59.0000   56.0000   13.6172   29.9362
60.0000   85.0000   42.4039   8.0999
61.0000   118.0000   10.2705   33.1274
62.0000   70.0000   18.9687   43.1647
63.0000   106.0000   8.9324   5.9226
64.0000   87.0000   46.0268   39.7731
65.0000   42.0000   48.3520   40.3191
66.0000   113.0000   28.7517   28.2385
67.0000   89.0000   42.7100   35.9119
68.0000   57.0000   7.9564   49.2613
69.0000   56.0000   35.2983   4.7701
70.0000   37.0000   0.0313   32.8063
71.0000   42.0000   35.2022   24.2291
72.0000   77.0000   11.2581   41.4109
73.0000   87.0000   15.1028   25.2797
74.0000   106.0000   6.8888   35.2637
75.0000   108.0000   33.7100   15.5180
76.0000   91.0000   12.4500   10.5074
77.0000   31.0000   42.1637   47.5297
78.0000   32.0000   41.4183   43.9135
79.0000   113.0000   16.8306   31.6876
80.0000   42.0000   7.4539   12.5872
81.0000   37.0000   0.1171   11.8778
82.0000   65.0000   20.2610   27.9006
83.0000   80.0000   4.0084   30.7241
84.0000   64.0000   49.2804   36.3156
85.0000   61.0000   30.5043   31.1159
86.0000   71.0000   25.1408   28.2647
87.0000   33.0000   37.1766   0.4120
88.0000   50.0000   32.6668   7.2212
89.0000   61.0000   32.0698   13.3602
90.0000   32.0000   10.6728   30.4625
91.0000   96.0000   12.5449   47.4842
92.0000   54.0000   0.9931   16.2516
93.0000   44.0000   30.4580   24.8847
94.0000   95.0000   43.5264   27.5615
95.0000   107.0000   14.3412   19.2933
96.0000   38.0000   7.9646   7.7786
97.0000   53.0000   47.6597   47.7222
98.0000   95.0000   3.8921   1.5868
99.0000   111.0000   32.9808   44.6310
100.0000   30.0000   18.2728   19.2012
101.0000   108.0000   36.8580   32.0946
102.0000   75.0000   48.0922   43.5820
103.0000   89.0000   37.5566   0.2864
104.0000   99.0000   19.5609   18.3680
105.0000   57.0000   36.0054   46.0434
106.0000   44.0000   7.7839   33.6695
107.0000   56.0000   7.2163   48.1120
108.0000   67.0000   30.1569   44.1871
109.0000   79.0000   5.1833   25.8826
110.0000   60.0000   20.1769   19.7351
111.0000   94.0000   4.3467   33.6725
112.0000   40.0000   5.7911   6.4705
113.0000   92.0000   12.6028   32.0537
114.0000   37.0000   25.9852   2.6422
115.0000   93.0000   3.2915   1.3967
116.0000   78.0000   44.2356   4.5964
117.0000   109.0000   38.2236   25.6368
118.0000   58.0000   26.3129   23.0439
119.0000   109.0000   9.5280   29.2289
120.0000   108.0000   40.2557   48.4667
121.0000   51.0000   7.2468   4.9732
122.0000   72.0000   14.3426   21.2187
123.0000   56.0000   42.5654   27.6578
124.0000   93.0000   47.8383   45.6544
125.0000   40.0000   24.7880   11.2826
126.0000   103.0000   28.4072   4.5441
127.0000   85.0000   38.7216   2.1285
128.0000   108.0000   8.7194   18.6679
129.0000   54.0000   8.5247   4.3929
130.0000   73.0000   31.2161   20.7530
131.0000   69.0000   26.9228   29.0037
132.0000   71.0000   46.2237   20.6492
133.0000   67.0000   3.8936   20.0021
134.0000   40.0000   10.6717   9.0706
135.0000   94.0000   42.6325   9.7768
136.0000   88.0000   38.3433   18.3715
137.0000   106.0000   15.3296   42.5028
138.0000   70.0000   7.5171   31.5293
139.0000   88.0000   11.3568   23.4004
140.0000   104.0000   16.3511   36.6779
141.0000   65.0000   29.4723   0.6286
142.0000   85.0000   6.7644   25.3296
143.0000   113.0000   13.9460   35.3370
144.0000   77.0000   31.5572   26.4667
145.0000   71.0000   47.0071   8.9897
146.0000   43.0000   15.2470   5.9682
147.0000   63.0000   30.0394   2.3455
148.0000   119.0000   42.5608   12.8393
149.0000   68.0000   21.1288   34.5920
150.0000   82.0000   0.6998   18.5574
151.0000   119.0000   11.0257   26.5324
152.0000   46.0000   21.4274   22.3774
153.0000   89.0000   7.0724   2.4386
154.0000   39.0000   26.9645   11.7136
155.0000   40.0000   4.1010   39.8823
156.0000   69.0000   11.8244   47.4502
157.0000   78.0000   39.7840   20.8824
158.0000   99.0000   49.1100   10.1745
159.0000   79.0000   19.1905   36.0189
160.0000   51.0000   5.8264   25.9716
161.0000   67.0000   31.1999   20.6081
162.0000   90.0000   12.8827   37.4986
163.0000   66.0000   31.2883   18.2462
164.0000   99.0000   2.0044   43.1622
165.0000   74.0000   31.0579   49.6715
166.0000   74.0000   3.0620   34.7602
167.0000   69.0000   22.3484   41.9066
168.0000   64.0000   19.9045   2.9973
169.0000   30.0000   42.1569   0.9619
170.0000   109.0000   10.4747   25.8301
171.0000   76.0000   3.5818   35.5826
172.0000   111.0000   46.8673   7.7201
173.0000   74.0000   31.3709   32.9070
174.0000   99.0000   15.2592   48.5715
175.0000   37.0000   14.9867   14.1011
176.0000   83.0000   9.8417   32.2173
177.0000   80.0000   38.2505   26.9295
178.0000   84.0000   41.6640   33.8038
179.0000   58.0000   49.3832   23.8340
180.0000   104.0000   4.6368   4.9939
181.0000   53.0000   22.3139   9.0281
182.0000   34.0000   27.5556   5.8886
183.0000   61.0000   14.6110   6.2443
184.0000   54.0000   32.9530   40.1949
185.0000   64.0000   49.5209   42.7251
186.0000   91.0000   2.9591   44.8230
187.0000   114.0000   2.8775   23.4641
188.0000   74.0000   20.4438   0.5180
189.0000   47.0000   24.1817   23.2992
190.0000   78.0000   18.7634   26.0828
191.0000   112.0000   6.4496   43.0692
192.0000   30.0000   33.5184   25.4202
193.0000   108.0000   24.8883   13.2731
194.0000   50.0000   33.8262   21.2931
195.0000   60.0000   2.5201   35.3828
196.0000   107.0000   17.8949   11.2977
197.0000   65.0000   8.6307   45.8560
198.0000   74.0000   38.1501   42.8662
199.0000   43.0000   44.3197   38.0206
200.0000   119.0000   40.9696   24.9763
201.0000   79.0000   6.1031   39.4261
202.0000   100.0000   37.0990   41.2392
203.0000   88.0000   26.3019   3.4679
204.0000   84.0000   6.6928   15.7496
205.0000   44.0000   19.1975   35.4466
206.0000   83.0000   41.6247   14.4153
207.0000   57.0000   17.0732   24.0414
208.0000   103.0000   41.5117   4.3615
209.0000   39.0000   14.8162   27.7229
210.0000   48.0000   13.7654   0.7081
211.0000   56.0000   26.4517   18.6369
212.0000   113.0000   10.9515   19.9392
213.0000   41.0000   28.2217   1.3181
214.0000   53.0000   39.4171   8.5013
215.0000   98.0000   11.4010   4.7842
216.0000   86.0000   44.9329   25.6112
217.0000   88.0000   37.3482   33.2641
218.0000   120.0000   18.4724   47.7849
219.0000   51.0000   18.8200   32.8524
220.0000   48.0000   16.2852   12.9018
221.0000   100.0000   35.6249   37.9537
222.0000   64.0000   20.2826   0.3290
223.0000   96.0000   33.5942   42.7112
224.0000   46.0000   25.2422   22.9302
225.0000   55.0000   41.2376   49.2642
226.0000   34.0000   2.1261   21.9295
227.0000   46.0000   16.0507   20.4764
228.0000   43.0000   22.5298   36.8864
229.0000   82.0000   11.0967   1.1901
230.0000   97.0000   47.3376   44.3205
231.0000   50.0000   19.3061   49.5630
232.0000   30.0000   41.6841   5.0363
233.0000   66.0000   14.2920   49.0631
234.0000   79.0000   47.3436   13.3786
235.0000   74.0000   32.8292   39.7515
236.0000   107.0000   47.2187   40.1248
237.0000   36.0000   44.4203   22.3565
238.0000   57.0000   44.9050   4.4598
239.0000   112.0000   17.8315   6.6890
240.0000   84.0000   8.8995   7.4884
241.0000   55.0000   24.5024   35.0410
242.0000   67.0000   46.2386   21.4470
243.0000   107.0000   29.7623   21.8057
244.0000   107.0000   25.8080   32.7549
245.0000   98.0000   16.9792   3.3454
246.0000   51.0000   3.6684   31.6935
247.0000   57.0000   33.6495   17.7452
248.0000   118.0000   26.2834   8.8471
249.0000   115.0000   14.8517   45.0555
250.0000   49.0000   5.4244   25.0351
251.0000   39.0000   28.4129   47.2135
252.0000   61.0000   12.9822   13.1924
253.0000   73.0000   34.9278   29.1810
254.0000   63.0000   6.0398   41.7699
255.0000   66.0000   33.9607   29.5231
256.0000   77.0000   4.9727   4.9965
257.0000   112.0000   20.7426   0.4582
258.0000   100.0000   43.8723   20.3129
259.0000   68.0000   27.1747   39.3290
260.0000   66.0000   18.4062   18.2538
261.0000   57.0000   26.7275   44.8288
262.0000   46.0000   1.6712   34.9041
263.0000   83.0000   34.4312   20.7348
264.0000   30.0000   3.1965   28.9937
265.0000   103.0000   19.7177   49.1102
266.0000   95.0000   22.5165   22.5167
267.0000   93.0000   32.3396   6.9365
268.0000   62.0000   1.8757   31.2030
269.0000   71.0000   29.6791   49.5552
270.0000   35.0000   24.7561   20.0303
271.0000   90.0000   19.7832   15.9889
272.0000   94.0000   21.0458   28.4923
273.0000   95.0000   43.9712   36.6033
274.0000   112.0000   34.5493   36.5732
275.0000   52.0000   25.4697   2.2249
276.0000   65.0000   44.4057   21.6595
277.0000   56.0000   19.8969   41.6198
278.0000   103.0000   40.4346   22.2368
279.0000   55.0000   47.3868   8.3683
280.0000   74.0000   14.1878   9.6123
281.0000   114.0000   16.4950   43.7475
282.0000   117.0000   44.7615   23.7935
283.0000   37.0000   39.7312   38.1776
284.0000   73.0000   28.3150   34.1006
285.0000   91.0000   3.2742   24.4205
286.0000   109.0000   6.2720   11.6834
287.0000   103.0000   46.1871   3.1914
288.0000   35.0000   33.9762   47.8613
289.0000   69.0000   22.4826   37.1698
290.0000   35.0000   28.2696   28.5043
291.0000   109.0000   21.6456   33.0477
292.0000   118.0000   10.8539   16.4231
293.0000   49.0000   49.9345   44.9507
294.0000   31.0000   28.8044   32.8256
295.0000   30.0000   3.7484   11.4698
296.0000   69.0000   48.2030   28.8889
297.0000   80.0000   32.8847   29.2249
298.0000   92.0000   4.7628   35.6232
299.0000   49.0000   27.1727   0.9864
300.0000   38.0000   2.2920   31.1710
301.0000   110.0000   7.3581   36.2282
302.0000   53.0000   32.5194   7.3622
303.0000   51.0000   31.7644   38.8215
304.0000   96.0000   24.7331   37.2987
305.0000   66.0000   31.8512   30.5530
306.0000   80.0000   2.8158   33.6906
307.0000   45.0000   27.5704   19.7457
308.0000   97.0000   0.2307   3.5757
309.0000   118.0000   43.5016   21.8124
310.0000   45.0000   45.8980   23.4512
311.0000   42.0000   20.8907   34.9682
312.0000   102.0000   47.6244   10.0297
313.0000   42.0000   28.0873   42.5317
314.0000   115.0000   30.5481   39.4310
315.0000   82.0000   3.5102   0.3634
316.0000   40.0000   49.0514   1.4416
317.0000   48.0000   48.8613   23.5761
318.0000   59.0000   43.6863   9.8011
319.0000   97.0000   31.3047   37.3231
320.0000   43.0000   45.3695   26.7619
321.0000   33.0000   20.0958   24.3039
322.0000   55.0000   11.1064   2.4391
323.0000   92.0000   12.7499   23.6738
324.0000   45.0000   4.4435   39.1538
325.0000   83.0000   7.7175   8.8510
326.0000   68.0000   1.2758   37.1402
327.0000   95.0000   44.8203   0.0923
328.0000   48.0000   13.2908   0.0074
329.0000   48.0000   42.2807   47.5635
330.0000   30.0000   0.2903   25.0891
331.0000   69.0000   17.5832   5.2499
332.0000   110.0000   35.0273   26.0721
333.0000   92.0000   41.9751   43.8895
334.0000   35.0000   44.0414   0.8934
335.0000   67.0000   10.8165   18.4330
336.0000   90.0000   1.4591   43.0107
337.0000   90.0000   30.1770   19.1940
338.0000   100.0000   45.1899   6.4976
339.0000   56.0000   32.6696   2.6595
340.0000   41.0000   30.3940   29.1894
341.0000   117.0000   38.2453   37.0494
342.0000   81.0000   35.0448   18.1630
343.0000   35.0000   29.6024   4.5808
344.0000   52.0000   36.2019   4.6168
345.0000   119.0000   34.3366   18.8386
346.0000   68.0000   29.1847   42.6290
347.0000   56.0000   33.3130   4.1136
348.0000   72.0000   40.6844   13.7746
349.0000   54.0000   3.2529   47.5233
350.0000   79.0000   42.7105   38.1732
351.0000   83.0000   27.9429   4.8759
352.0000   94.0000   9.9472   44.8671
353.0000   75.0000   8.3084   5.6141
354.0000   112.0000   22.8315   29.4473
355.0000   80.0000   16.6432   32.5293
356.0000   44.0000   48.3298   45.4034
357.0000   32.0000   12.8299   35.0780
358.0000   98.0000   0.8750   20.0111
359.0000   71.0000   20.3052   43.9493
360.0000   41.0000   7.7489   18.3117
361.0000   45.0000   32.7416   42.6366
362.0000   82.0000   34.2280   29.9492
363.0000   96.0000   1.8443   7.7361
364.0000   47.0000   17.4077   15.3817
365.0000   97.0000   35.7920   12.0093
366.0000   95.0000   32.2072   19.0106
367.0000   92.0000   29.2111   46.4076
368.0000   100.0000   4.8057   25.4277
369.0000   56.0000   29.7256   4.0416
370.0000   76.0000   46.3793   0.2722
371.0000   70.0000   34.4887   35.2216
372.0000   102.0000   2.4061   40.1244
373.0000   64.0000   15.5630   8.5089
374.0000   75.0000   11.9194   23.7206
375.0000   41.0000   36.5834   27.5373
376.0000   120.0000   8.4683   41.9106
377.0000   83.0000   27.2094   38.7657
378.0000   107.0000   24.3171   28.6473
379.0000   111.0000   35.2212   1.0728
380.0000   67.0000   2.5057   44.8703
381.0000   111.0000   34.6830   28.4064
382.0000   90.0000   29.4595   42.0957
383.0000   84.0000   43.3377   11.5837
384.0000   40.0000   44.3913   46.6899
385.0000   75.0000   1.4995   45.0053
386.0000   74.0000   38.9345   22.5787
387.0000   114.0000   32.8293   45.6405
388.0000   99.0000   37.6694   24.5180
389.0000   45.0000   15.1074   43.7684
390.0000   86.0000   34.6057   25.0113
391.0000   103.0000   1.6084   12.9248
392.0000   34.0000   2.8217   35.7147
393.0000   43.0000   42.4193   28.1704
394.0000   37.0000   49.3756   23.7316
395.0000   85.0000   20.9969   27.2527
396.0000   40.0000   16.6044   36.8144
397.0000   59.0000   3.4309   26.2235
398.0000   46.0000   11.3377   42.1792
399.0000   92.0000   21.8093   11.7825
400.0000   40.0000   44.2879   8.2494
