0.0000   0.0000   0.0000   0.0000
1.0000   179.0000   29.1296   31.0914
2.0000   95.0000   27.4415   27.3707
3.0000   172.0000   6.1901   19.3399
4.0000   112.0000   45.1209   14.0562
5.0000   115.0000   25.0673   32.3712
6.0000   146.0000   47.1910   44.8652
7.0000   140.0000   3.3710   46.5580
8.0000   133.0000   11.8358   8.9259
9.0000   127.0000   20.3584   23.6616
10.0000   157.0000   31.0149   16.9105
11.0000   172.0000   10.5639   49.6628
12.0000   142.0000   30.9261   36.1916
13.0000   140.0000   22.1205   5.9575
14.0000   142.0000   42.4374   47.1021
15.0000   160.0000   21.0882   2.5977
16.0000   176.0000   38.8280   49.3119
17.0000   136.0000   23.8761   7.3987
18.0000   169.0000   9.7186   46.5706
19.0000   106.0000   49.2510   41.9453
20.0000   150.0000   45.5253   8.2297
21.0000   122.0000   31.4792   20.6457
22.0000   115.0000   34.0739   7.8669
23.0000   156.0000   9.0658   15.7949
24.0000   117.0000   12.0546   0.4296
25.0000   146.0000   31.2659   8.7708
26.0000   106.0000   20.6482   4.1549
27.0000   107.0000   19.8382   4.3111
28.0000   129.0000   19.3827   35.2666
29.0000   144.0000   10.3186   42.7180
30.0000   101.0000   6.6975   34.2554
31.0000   92.0000   26.8565   13.0823
32.0000   134.0000   19.8180   39.6513
33.0000   180.0000   14.4525   1.8860
34.0000   129.0000   13.6824   0.9192
35.0000   167.0000   15.9093   1.3362
36.0000   129.0000   0.7237   20.0215
37.0000   96.0000   37.3745   45.4938
38.0000   154.0000   48.5905   36.0135
39.0000   126.0000   9.4134   6.8953
40.0000   96.0000   7.6930   7.0672
41.0000   145.0000   26.9878   40.9054
42.0000   178.0000   26.1611   19.2600
43.0000   136.0000   13.9765   47.0106
44.0000   158.0000   45.4478   48.2631
45.0000   94.0000   0.2709   30.6488
46.0000   179.0000   8.1053   13.4075
47.0000   167.0000   10.6113   23.8967
48.0000   180.0000   15.9958   17.5126
49.0000   180.0000   18.8719   22.6582
50.0000   172.0000   17.7400   32.7523
51.0000   168.0000   10.1325   40.6334
52.0000   123.0000   31.0136   26.7022
53.0000   140.0000   9.4469   47.1606
54.0000   103.0000   27.1339   36.2049
55.0000   164.0000   1.9132   20.6627
56.0000   91.0000   27.0975   8.7472
57.0000   93.0000   5.3576   10.0909
58.0000   141.0000   9.4134   0.4296
59.0000   174.0000   9.5262   39.0989
60.0000   98.0000   17.4433   17.5892
61.0000   158.0000   33.8641   26.6618
62.0000   180.0000   0.4524   28.7353
63.0000   112.0000   46.5996   0.9207
64.0000   152.0000   37.7119   3.1062
65.0000   128.0000   19.6155   5.0137
66.0000   138.0000   47.1679   40.2751
67.0000   169.0000   28.0031   10.0818
68.0000   135.0000   39.8623   14.0712
69.0000   94.0000   44.5064   17.2952
70.0000   164.0000   4.8198   25.4394
71.0000   115.0000   31.0904   23.8490
72.0000   166.0000   22.9500   22.3255
73.0000   104.0000   9.1782   49.2554
74.0000   134.0000   42.2050   49.9936
75.0000   91.0000   26.7160   43.7555
76.0000   154.0000   2.7006   38.3752
77.0000   155.0000   21.4718   31.4359
78.0000   103.0000   48.8753   17.8819
79.0000   119.0000   43.6440   25.9494
80.0000   171.0000   17.6865   5.2557
81.0000   139.0000   45.5998   40.0293
82.0000   96.0000   32.7872   3.2064
83.0000   163.0000   23.1095   15.5382
84.0000   172.0000   47.6248   45.2311
85.0000   107.0000   12.4777   33.4121
86.0000   173.0000   8.6690   16.0514
87.0000   132.0000   33.1954   24.2469
88.0000   159.0000   24.9646   21.4787
89.0000   118.0000   36.5490   9.6120
90.0000   114.0000   21.7282   8.4167
91.0000   139.0000   25.4791   44.5318
92.0000   169.0000   31.1337   32.4390
93.0000   159.0000   48.9729   41.7267
94.0000   91.0000   24.8067   42.1034
95.0000   148.0000   4.9598   34.5062
96.0000   174.0000   25.0907   45.4616
97.0000   113.0000   39.7539   37.7565
98.0000   154.0000   42.5623   34.5000
99.0000   133.0000   42.3343   34.2939
100.0000   160.0000   29.1672   19.4073
101.0000   133.0000   18.7236   2.1477
102.0000   93.0000   8.5747   25.1501
103.0000   140.0000   29.0383   12.7374
104.0000   105.0000   41.5239   7.8092
105.0000   125.0000   6.8827   47.3848
106.0000   100.0000   42.0531   47.4650
107.0000   108.0000   25.3513   15.6674
108.0000   106.0000   15.8690   32.4713
109.0000   128.0000   4.8884   32.2514
110.0000   168.0000   5.1373   4.1807
111.0000   101.0000   13.4051   23.7428
112.0000   151.0000   22.1147   27.6812
113.0000   90.0000   38.1807   47.0617
114.0000   104.0000   3.6336   40.6452
115.0000   137.0000   2.2246   12.0195
116.0000   152.0000   13.9705   25.7393
117.0000   114.0000   32.8099   21.8759
118.0000   127.0000   41.9096   40.2366
119.0000   111.0000   42.5507   9.0185
120.0000   147.0000   15.3971   10.6251
121.0000   137.0000   15.7503   4.2040
122.0000   123.0000   25.1121   44.8689
123.0000   176.0000   7.4062   25.9712
124.0000   102.0000   46.5990   8.9004
125.0000   151.0000   31.3592   31.8656
126.0000   117.0000   23.5636   23.3131
127.0000   98.0000   15.2066   27.2903
128.0000   163.0000   43.9239   34.4575
129.0000   143.0000   18.5769   41.1882
130.0000   154.0000   37.7433   43.7407
131.0000   177.0000   9.1916   2.4276
132.0000   99.0000   13.4197   22.6772
133.0000   99.0000   42.2980   9.3698
134.0000   137.0000   5.0836   22.9240
135.0000   127.0000   39.2700   2.9758
136.0000   94.0000   40.8141   27.8086
137.0000   162.0000   18.4000   16.8324
138.0000   170.0000   39.2800   7.2738
139.0000   151.0000   40.4929   21.1341
140.0000   100.0000   36.3443   12.5249
141.0000   160.0000   27.0034   43.4728
142.0000   131.0000   48.3496   36.3630
143.0000   95.0000   0.4567   15.7307
144.0000   118.0000   18.7918   35.8428
145.0000   131.0000   25.3055   42.5290
146.0000   102.0000   46.5545   35.3214
147.0000   135.0000   8.1946   15.4914
148.0000   178.0000   4.1604   17.6994
149.0000   142.0000   30.2969   5.7239
150.0000   103.0000   28.0429   16.8740
151.0000   170.0000   17.2188   6.9244
152.0000   139.0000   31.0067   29.5813
153.0000   143.0000   32.8134   17.5314
154.0000   111.0000   18.3242   22.7800
155.0000   145.0000   22.6672   24.9525
156.0000   137.0000   30.5786   41.4251
157.0000   180.0000   12.6765   13.3536
158.0000   168.0000   31.0048   20.8053
159.0000   102.0000   7.7272   38.2451
160.0000   153.0000   46.0534   35.0095
161.0000   142.0000   47.1421   18.6054
162.0000   147.0000   40.3978   19.9162
163.0000   104.0000   4.0395   23.0790
164.0000   118.0000   7.4062   17.4167
165.0000   97.0000   27.4818   16.3140
166.0000   162.0000   24.8676   0.2895
167.0000   146.0000   32.0824   40.7262
168.0000   106.0000   26.8111   10.7014
169.0000   93.0000   26.4923   40.3905
170.0000   124.0000   27.6393   13.6719
171.0000   169.0000   5.8253   17.3829
172.0000   139.0000   1.4545   45.1998
173.0000   105.0000   43.8482   13.7416
174.0000   110.0000   26.1197   11.3583
175.0000   139.0000   23.8601   30.4791
176.0000   105.0000   10.1143   39.7891
177.0000   126.0000   21.1732   33.2123
178.0000   162.0000   10.8139   43.5330
179.0000   92.0000   45.7540   7.5958
180.0000   115.0000   28.8447   12.6885
181.0000   128.0000   42.4222   36.0351
182.0000   112.0000   21.2252   29.7600
183.0000   114.0000   16.4349   29.4584
184.0000   171.0000   13.0566   9.5060
185.0000   165.0000   19.9007   18.0369
186.0000   137.0000   2.8347   44.8629
187.0000   103.0000   25.5518   15.1859
188.0000   173.0000   12.1955   29.3685
189.0000   151.0000   1.4035   23.6801
190.0000   162.0000   29.5947   22.6898
191.0000   114.0000   29.5326   23.3204
192.0000   172.0000   41.0383   33.7684
193.0000   111.0000   16.0207   48.6711
194.0000   147.0000   2.4673   39.8125
195.0000   96.0000   38.8720   23.4916
196.0000   150.0000   43.4944   18.8821
197.0000   116.0000   48.5036   44.7545
198.0000   108.0000   36.1365   15.6916
199.0000   174.0000   41.7412   35.2214
200.0000   131.0000   23.2901   48.0802
201.0000   112.0000   26.3254   28.9093
202.0000   171.0000   7.2041   41.8577
203.0000   121.0000   47.4101   10.7571
204.0000   178.0000   33.9120   4.8471
205.0000   127.0000   0.8823   13.5565
206.0000   167.0000   39.4687   40.5952
207.0000   114.0000   33.8006   7.1867
208.0000   155.0000   15.7989   42.9072
209.0000   147.0000   12.6894   9.0919
210.0000   175.0000   2.3530   6.1597
211.0000   135.0000   28.8164   14.4470
212.0000   156.0000   49.4192   44.9092
213.0000   98.0000   44.6633   16.6770
214.0000   122.0000   49.0738   0.3786
215.0000   108.0000   23.2241   12.5556
216.0000   130.0000   35.3200   29.9266
217.0000   132.0000   3.8167   25.8164
218.0000   97.0000   8.9359   34.0264
219.0000   174.0000   24.8990   49.6021
220.0000   117.0000   32.1546   15.1889
221.0000   106.0000   10.0135   23.9068
222.0000   94.0000   14.8397   12.2308
223.0000   101.0000   6.0980   36.0140
224.0000   171.0000   29.8456   33.3736
225.0000   154.0000   22.8909   42.4955
226.0000   103.0000   49.9584   19.2612
227.0000   119.0000   49.9783   15.5403
228.0000   128.0000   33.9735   12.7369
229.0000   155.0000   21.3316   27.1000
230.0000   118.0000   25.5790   29.3599
231.0000   142.0000   26.9248   2.0463
232.0000   175.0000   28.0845   35.4120
233.0000   123.0000   1.7635   43.9575
234.0000   90.0000   16.2406   3.3254
235.0000   91.0000   46.6010   40.5997
236.0000   112.0000   11.1290   14.0824
237.0000   124.0000   13.3387   38.6467
238.0000   147.0000   28.0542   46.0532
239.0000   124.0000   28.0759   34.2684
240.0000   156.0000   49.3777   48.9688
241.0000   103.0000   44.5777   33.4334
242.0000   90.0000   4.9437   11.8332
243.0000   150.0000   16.3510   31.1894
244.0000   175.0000   0.6301   22.9505
245.0000   172.0000   21.8172   15.4051
246.0000   120.0000   2.1605   37.3285
247.0000   122.0000   43.4124   11.9250
248.0000   105.0000   35.9973   24.1403
249.0000   125.0000   17.0740   6.6490
250.0000   173.0000   33.9060   36.9436
251.0000   97.0000   21.8833   48.8008
252.0000   139.0000   2.2531   31.2306
253.0000   103.0000   1.3265   48.0417
254.0000   106.0000   29.4752   24.5523
255.0000   119.0000   32.3568   30.8301
256.0000   142.0000   48.6078   13.2122
257.0000   169.0000   38.3169   23.5773
258.0000   168.0000   0.6972   30.2766
259.0000   155.0000   4.5566   11.9621
260.0000   119.0000   18.3753   14.3543
261.0000   98.0000   3.7017   25.1165
262.0000   168.0000   47.6598   46.4839
263.0000   108.0000   22.9050   26.1784
264.0000   126.0000   34.9509   23.9169
265.0000   142.0000   39.9750   40.1174
266.0000   151.0000   34.5444   28.3758
267.0000   108.0000   23.0548   33.1781
268.0000   90.0000   28.9981   38.5606
269.0000   135.0000   33.7983   46.8105
270.0000   156.0000   37.8770   35.2070
271.0000   140.0000   16.6154   30.9503
272.0000   112.0000   27.1800   20.8216
273.0000   144.0000   41.3112   15.2723
274.0000   179.0000   37.5102   10.3999
275.0000   156.0000   25.6642   38.7347
276.0000   105.0000   18.1447   34.1654
277.0000   141.0000   11.7890   3.3846
278.0000   153.0000   26.8949   19.8471
279.0000   101.0000   33.4993   37.1329
280.0000   170.0000   47.7937   41.2131
281.0000   94.0000   25.2934   48.0389
282.0000   156.0000   12.5153   31.0695
283.0000   119.0000   28.5564   22.7083
284.0000   91.0000   48.5624   14.2092
285.0000   165.0000   16.8812   14.5403
286.0000   173.0000   14.4399   33.1945
287.0000   109.0000   10.5916   0.2590
288.0000   167.0000   16.2667   25.8351
289.0000   180.0000   35.5911   23.5904
290.0000   153.0000   15.8065   37.7326
291.0000   96.0000   31.7253   31.0001
292.0000   114.0000   41.6383   49.3165
293.0000   112.0000   41.0459   47.8939
294.0000   167.0000   26.1659   7.6474
295.0000   140.0000   0.5787   14.5668
296.0000   156.0000   37.8216   24.6445
297.0000   141.0000   39.6543   31.3114
298.0000   178.0000   13.9510   44.8088
299.0000   92.0000   26.7927   13.9427
300.0000   167.0000   13.6098   14.1915
301.0000   172.0000   41.5747   2.5666
302.0000   140.0000   15.3386   49.8998
303.0000   138.0000   0.8272   38.4615
304.0000   90.0000   16.6745   28.0044
305.0000   177.0000   8.4025   17.6254
306.0000   120.0000   23.6234   37.5013
307.0000   104.0000   24.4920   14.9963
308.0000   124.0000   38.7308   12.8644
309.0000   148.0000   12.4709   16.6332
310.0000   103.0000   12.3442   32.2277
311.0000   105.0000   9.5463   26.2155
312.0000   133.0000   28.6231   40.7937
313.0000   176.0000   44.7125   30.8975
314.0000   121.0000   17.3309   49.0936
315.0000   161.0000   41.0945   7.7819
316.0000   133.0000   29.3390   26.6772
317.0000   161.0000   11.7797   8.7210
318.0000   155.0000   7.0725   44.8227
319.0000   177.0000   22.8299   31.1970
320.0000   106.0000   48.4659   20.3159
321.0000   100.0000   9.5798   38.5538
322.0000   106.0000   6.0188   13.4453
323.0000   117.0000   2.9165   39.6855
324.0000   93.0000   11.4348   32.0571
325.0000   161.0000   32.0704   40.0249
