0.0000   0.0000   0.0000   0.0000
1.0000   110.0000   95.7911   54.4079
2.0000   74.0000   27.1104   54.4534
3.0000   79.0000   76.7634   72.8857
4.0000   69.0000   47.8292   4.9715
5.0000   40.0000   24.8924   42.9459
6.0000   113.0000   37.5476   71.2471
7.0000   65.0000   35.5642   0.8635
8.0000   37.0000   28.3610   63.1510
9.0000   75.0000   84.1366   20.6176
10.0000   113.0000   93.0519   15.9738
11.0000   118.0000   75.6269   23.0038
12.0000   116.0000   51.4079   12.6407
13.0000   31.0000   51.0850   49.2348
14.0000   57.0000   55.4315   11.4086
15.0000   111.0000   69.6270   3.2952
16.0000   36.0000   45.7726   15.5865
17.0000   42.0000   3.5099   29.9614
18.0000   85.0000   23.5805   93.0738
19.0000   62.0000   95.5775   72.9963
20.0000   78.0000   88.9604   45.4120
21.0000   69.0000   48.2699   57.8859
22.0000   102.0000   53.3993   29.3337
23.0000   43.0000   68.0883   55.7001
24.0000   60.0000   39.1610   36.8472
25.0000   74.0000   90.1136   50.9767
26.0000   93.0000   69.6275   42.4096
27.0000   118.0000   77.3493   56.7355
28.0000   42.0000   1.5404   61.8225
29.0000   96.0000   43.5123   67.8491
30.0000   30.0000   52.5166   0.3407
31.0000   115.0000   42.9417   57.4765
32.0000   119.0000   81.1429   31.8482
33.0000   110.0000   4.4491   73.7998
34.0000   52.0000   87.9590   73.1838
35.0000   73.0000   33.8513   96.1604
36.0000   69.0000   96.8145   59.7200
37.0000   97.0000   94.0163   49.8944
38.0000   101.0000   43.5103   67.0928
39.0000   36.0000   94.7790   33.1947
40.0000   102.0000   17.8626   34.9154
41.0000   38.0000   31.8365   61.7593
42.0000   104.0000   75.6411   69.1759
43.0000   68.0000   74.9973   26.6244
44.0000   63.0000   63.3960   31.7472
45.0000   106.0000   79.4262   71.2835
46.0000   55.0000   68.2799   8.0639
47.0000   99.0000   7.2256   73.1435
48.0000   36.0000   63.5200   37.2895
49.0000   40.0000   0.5910   33.1850
50.0000   40.0000   59.6906   93.2187
51.0000   64.0000   82.4698   81.7153
52.0000   38.0000   96.5893   17.4497
53.0000   64.0000   90.9211   11.7833
54.0000   51.0000   59.5704   30.5558
55.0000   39.0000   89.4025   49.8519
56.0000   82.0000   10.7182   42.4503
57.0000   117.0000   47.3739   96.2624
58.0000   55.0000   23.7660   70.2125
59.0000   95.0000   21.5165   46.8507
60.0000   30.0000   22.8751   84.9217
61.0000   48.0000   98.9143   65.3158
62.0000   71.0000   79.1521   70.0543
63.0000   43.0000   27.3446   48.0097
64.0000   65.0000   18.8190   73.1997
65.0000   81.0000   71.0863   75.5395
66.0000   61.0000   90.5833   98.2026
67.0000   31.0000   19.9587   79.1932
68.0000   34.0000   20.7919   85.4830
69.0000   90.0000   16.4799   56.6508
70.0000   64.0000   6.8918   93.1526
71.0000   88.0000   11.2036   17.3058
72.0000   64.0000   45.5715   77.6377
73.0000   32.0000   16.6628   32.4186
74.0000   115.0000   22.0923   96.4864
75.0000   103.0000   8.2216   41.4434
76.0000   97.0000   68.1692   93.2696
77.0000   118.0000   60.3992   11.8697
78.0000   63.0000   58.4918   71.0844
79.0000   103.0000   47.7749   17.8860
80.0000   66.0000   51.8973   94.0627
81.0000   100.0000   55.8354   22.5333
82.0000   38.0000   46.9398   84.2814
83.0000   100.0000   53.0522   40.7452
84.0000   82.0000   30.1147   74.1029
85.0000   97.0000   99.5124   32.8934
86.0000   71.0000   73.7735   63.9913
87.0000   96.0000   74.5481   86.9697
88.0000   74.0000   6.5112   75.2837
89.0000   58.0000   7.7514   7.4750
90.0000   62.0000   55.7845   28.1112
91.0000   103.0000   68.9391   73.7545
92.0000   50.0000   39.4440   10.8847
93.0000   87.0000   56.8381   32.5879
94.0000   64.0000   26.1047   90.7602
95.0000   86.0000   27.8803   95.4821
96.0000   82.0000   36.8079   71.7031
97.0000   91.0000   92.3970   90.6354
98.0000   79.0000   67.7797   43.2266
99.0000   64.0000   47.1158   82.5551
100.0000   82.0000   8.6226   90.2775
101.0000   62.0000   55.0601   54.4232
102.0000   118.0000   48.9874   58.0099
103.0000   113.0000   32.8713   46.2237
104.0000   45.0000   79.5404   76.0914
105.0000   91.0000   98.3694   12.5901
106.0000   38.0000   69.4523   40.4601
107.0000   70.0000   49.2759   43.8512
108.0000   98.0000   78.5825   90.6807
109.0000   81.0000   91.4661   87.8598
110.0000   107.0000   57.3724   54.9687
111.0000   34.0000   5.2536   79.7612
112.0000   58.0000   0.1127   0.4817
113.0000   51.0000   39.5051   46.2719
114.0000   82.0000   4.7726   81.9077
115.0000   40.0000   58.0192   19.7607
116.0000   38.0000   41.4902   81.9250
117.0000   62.0000   34.0173   54.4698
118.0000   93.0000   31.3567   21.2232
119.0000   90.0000   29.7701   59.3375
120.0000   32.0000   2.8205   97.7747
121.0000   86.0000   58.6709   71.3333
122.0000   61.0000   78.7386   31.9718
123.0000   96.0000   1.4872   92.2787
124.0000   117.0000   55.3534   81.8737
125.0000   77.0000   4.5711   81.8349
126.0000   88.0000   62.6547   94.6294
127.0000   57.0000   45.9431   71.9304
128.0000   77.0000   50.6330   98.0833
129.0000   63.0000   89.2330   68.2860
130.0000   39.0000   91.1007   61.1785
131.0000   65.0000   32.8570   5.2662
132.0000   64.0000   84.0121   4.8429
133.0000   117.0000   9.9014   80.2839
134.0000   50.0000   79.7418   30.8454
135.0000   106.0000   95.8661   63.2856
136.0000   99.0000   0.0066   3.8379
137.0000   47.0000   98.7471   9.8351
138.0000   99.0000   2.8522   55.8812
139.0000   91.0000   96.0208   94.7544
140.0000   37.0000   86.9765   79.4743
141.0000   109.0000   8.2604   63.1892
142.0000   36.0000   11.8739   53.8296
143.0000   104.0000   87.5138   12.9420
144.0000   52.0000   57.4217   79.0642
145.0000   59.0000   48.8805   28.6012
146.0000   63.0000   83.6608   53.2338
147.0000   80.0000   62.8581   41.6572
148.0000   104.0000   49.2746   74.9517
149.0000   84.0000   60.2489   35.5227
150.0000   44.0000   8.5313   86.6362
151.0000   120.0000   19.5136   44.4872
152.0000   53.0000   55.2977   66.6022
153.0000   37.0000   72.9238   83.3010
154.0000   66.0000   1.6378   28.0509
155.0000   78.0000   26.7869   22.6943
156.0000   111.0000   44.1621   35.7476
157.0000   78.0000   24.0166   76.3825
158.0000   116.0000   39.3626   86.7841
159.0000   98.0000   37.7891   48.8458
160.0000   110.0000   55.5710   22.8022
161.0000   89.0000   45.3835   75.5100
162.0000   39.0000   21.2478   29.8477
163.0000   109.0000   25.9262   65.1300
164.0000   96.0000   62.2675   4.5801
165.0000   82.0000   86.9335   21.0497
166.0000   102.0000   1.8670   62.7965
167.0000   41.0000   35.6740   91.6860
168.0000   58.0000   32.2692   79.8533
169.0000   87.0000   66.4152   51.0231
170.0000   34.0000   34.6163   62.9531
171.0000   113.0000   35.4152   60.0712
172.0000   92.0000   62.6817   50.1609
173.0000   34.0000   41.6203   11.8193
174.0000   106.0000   52.3425   25.5280
175.0000   80.0000   21.7825   99.6981
176.0000   116.0000   60.7102   17.6868
177.0000   112.0000   75.6769   49.0321
178.0000   100.0000   62.6740   42.5502
179.0000   49.0000   52.7755   52.3772
180.0000   66.0000   45.8773   30.0865
181.0000   58.0000   49.3106   58.5956
182.0000   54.0000   69.9490   89.8909
183.0000   94.0000   37.7799   46.4729
184.0000   32.0000   81.7047   35.6197
185.0000   75.0000   35.9193   78.1179
186.0000   97.0000   26.6149   26.6547
187.0000   31.0000   59.3120   84.9484
188.0000   100.0000   22.1921   91.2635
189.0000   115.0000   11.0416   30.3896
190.0000   46.0000   75.7323   93.6073
191.0000   41.0000   15.9747   95.5619
192.0000   50.0000   90.7183   31.9586
193.0000   46.0000   33.7365   99.4326
194.0000   74.0000   91.0403   6.6890
195.0000   41.0000   53.7998   26.8926
196.0000   94.0000   50.9513   15.1048
197.0000   69.0000   89.1999   93.4520
198.0000   56.0000   66.0641   22.7230
199.0000   89.0000   44.5646   86.1380
200.0000   86.0000   56.1700   19.7879
201.0000   106.0000   40.2067   94.6724
202.0000   70.0000   99.2995   60.5636
203.0000   52.0000   61.1898   57.2710
204.0000   40.0000   19.9836   38.5744
205.0000   73.0000   95.3261   36.7629
206.0000   63.0000   83.0301   70.1056
207.0000   89.0000   69.1285   70.5531
208.0000   75.0000   46.2569   22.6380
209.0000   43.0000   64.1624   68.6613
210.0000   120.0000   32.5386   27.9817
211.0000   58.0000   49.5514   75.0982
212.0000   46.0000   22.2018   38.8611
213.0000   80.0000   76.1701   49.3617
214.0000   80.0000   19.6646   3.8127
215.0000   102.0000   68.2184   88.0074
216.0000   52.0000   1.1211   12.9277
217.0000   77.0000   65.3656   48.1256
218.0000   91.0000   84.9536   22.0668
219.0000   116.0000   70.3462   84.6553
220.0000   101.0000   1.5381   44.2183
221.0000   120.0000   26.8422   62.5485
222.0000   89.0000   91.6026   10.6594
223.0000   104.0000   88.2430   8.0509
224.0000   76.0000   13.5998   18.8814
225.0000   100.0000   96.0788   52.5375
226.0000   118.0000   38.3965   58.6936
227.0000   45.0000   59.2815   74.0411
228.0000   105.0000   33.8239   5.6887
229.0000   110.0000   20.4727   4.8088
230.0000   39.0000   53.8432   17.0050
231.0000   98.0000   99.3548   93.0765
232.0000   78.0000   76.5700   1.4706
233.0000   94.0000   86.3944   33.9744
234.0000   37.0000   80.4682   20.7722
235.0000   39.0000   57.9183   28.5165
236.0000   87.0000   4.8056   43.9457
237.0000   34.0000   44.1196   78.9957
238.0000   85.0000   62.5685   16.6937
239.0000   79.0000   41.7013   8.9742
240.0000   57.0000   35.7394   64.7942
241.0000   115.0000   8.7860   85.1026
242.0000   75.0000   54.4964   32.1839
243.0000   45.0000   30.2373   91.9642
244.0000   93.0000   7.8881   72.2595
245.0000   112.0000   39.8009   50.9001
246.0000   119.0000   86.0184   25.0274
247.0000   41.0000   16.7445   47.6207
248.0000   59.0000   46.2413   46.3276
249.0000   115.0000   57.6108   12.0415
250.0000   63.0000   76.2857   51.1202
