0.0000   0.0000   50.0000   50.0000
1.0000   63.0000   54.9792   94.7073
2.0000   101.0000   77.5926   81.9958
3.0000   10.0000   1.2764   17.8544
4.0000   11.0000   91.6619   84.9313
5.0000   14.0000   67.7386   49.1739
6.0000   53.0000   26.2062   83.0226
7.0000   56.0000   89.6528   17.7701
8.0000   63.0000   33.0920   80.5835
9.0000   111.0000   79.2541   44.0878
10.0000   74.0000   60.7311   45.7102
11.0000   14.0000   28.7793   93.6034
12.0000   103.0000   90.7084   87.4351
13.0000   65.0000   53.5806   90.8125
14.0000   19.0000   22.3426   77.1924
15.0000   87.0000   6.8684   58.3577
16.0000   68.0000   68.6598   23.6357
17.0000   108.0000   13.8593   63.7940
18.0000   83.0000   85.6656   92.7877
19.0000   61.0000   93.3885   8.9923
20.0000   111.0000   38.6631   86.0807
21.0000   76.0000   53.9450   68.1004
22.0000   31.0000   4.3342   25.4643
23.0000   92.0000   69.0921   68.8835
24.0000   57.0000   26.5984   43.2960
25.0000   42.0000   89.2363   43.1303
26.0000   100.0000   2.5087   94.6255
27.0000   23.0000   21.4431   14.4941
28.0000   29.0000   3.8447   83.9673
29.0000   86.0000   10.9417   46.5829
30.0000   46.0000   85.0958   59.4711
31.0000   25.0000   95.7649   19.1441
32.0000   28.0000   97.3162   54.1212
33.0000   115.0000   92.1906   39.2377
34.0000   23.0000   59.5129   63.4544
35.0000   47.0000   26.6728   47.1111
36.0000   117.0000   1.1602   12.9979
37.0000   16.0000   33.2962   83.0647
38.0000   75.0000   61.2932   33.7069
39.0000   25.0000   69.8016   19.5170
40.0000   113.0000   35.5614   2.2297
41.0000   25.0000   28.1606   38.2248
42.0000   20.0000   89.2751   36.2585
43.0000   70.0000   99.7424   87.4810
44.0000   18.0000   82.8303   9.3182
45.0000   95.0000   15.2106   92.6418
46.0000   46.0000   80.7444   8.3492
47.0000   82.0000   85.7763   50.1630
48.0000   46.0000   20.2206   35.9046
49.0000   37.0000   99.9245   10.9332
50.0000   77.0000   40.0427   51.5578
51.0000   10.0000   45.1373   73.1318
52.0000   81.0000   53.4414   30.8199
53.0000   51.0000   72.5390   80.8088
54.0000   37.0000   65.0011   47.5338
55.0000   49.0000   2.1424   35.0301
56.0000   49.0000   7.1691   18.6407
57.0000   101.0000   30.6197   53.8184
58.0000   44.0000   18.4496   36.8580
59.0000   120.0000   90.6037   30.6058
60.0000   73.0000   54.3736   74.3957
61.0000   27.0000   39.6759   57.4272
62.0000   15.0000   12.1310   70.8643
63.0000   111.0000   0.7907   47.6292
64.0000   37.0000   95.3120   89.1555
65.0000   58.0000   46.7442   16.5971
66.0000   53.0000   28.0217   74.9535
67.0000   56.0000   68.4397   60.3646
68.0000   94.0000   0.3058   94.5910
69.0000   71.0000   56.2773   65.7732
70.0000   111.0000   54.6257   4.4839
71.0000   50.0000   92.2641   16.5130
72.0000   41.0000   44.7370   87.4771
73.0000   68.0000   35.8731   77.1998
74.0000   111.0000   11.8610   77.6397
75.0000   60.0000   86.7250   99.7453
76.0000   71.0000   82.8927   47.6469
77.0000   49.0000   89.0147   42.1446
78.0000   102.0000   61.3812   88.2474
79.0000   118.0000   71.7358   48.9939
80.0000   29.0000   41.5309   39.4014
81.0000   39.0000   97.0562   20.1830
82.0000   82.0000   71.5440   21.8331
83.0000   30.0000   94.8748   1.4509
84.0000   39.0000   46.5287   85.3003
85.0000   37.0000   37.3407   20.7138
86.0000   30.0000   27.3235   58.2595
87.0000   11.0000   80.9092   3.8855
88.0000   98.0000   25.3769   69.1605
89.0000   17.0000   84.4159   88.4191
90.0000   23.0000   27.7639   61.9845
91.0000   51.0000   0.8340   73.3142
92.0000   16.0000   39.7889   81.8372
93.0000   36.0000   30.6502   83.9496
94.0000   43.0000   68.3886   88.9878
95.0000   60.0000   5.8151   86.1457
96.0000   92.0000   36.9329   70.2158
97.0000   59.0000   6.1913   47.5585
98.0000   38.0000   44.8543   92.2316
99.0000   99.0000   18.7684   87.1149
100.0000   61.0000   68.6189   73.7127
101.0000   87.0000   18.7105   28.5519
102.0000   75.0000   75.5721   75.4893
103.0000   100.0000   88.2190   38.7090
104.0000   81.0000   36.5193   44.0237
105.0000   24.0000   35.3835   57.7115
106.0000   114.0000   25.6537   67.7045
107.0000   83.0000   21.6692   48.0569
108.0000   96.0000   3.3288   77.6046
109.0000   12.0000   19.7735   41.0400
110.0000   98.0000   41.0901   30.4935
111.0000   119.0000   35.9396   71.5395
112.0000   40.0000   73.4992   58.0581
113.0000   42.0000   91.2821   38.3673
114.0000   45.0000   66.5065   76.5070
115.0000   21.0000   59.9514   60.8199
116.0000   73.0000   22.8561   69.3979
117.0000   79.0000   83.9792   9.2877
118.0000   72.0000   49.9744   98.3991
119.0000   16.0000   43.4293   19.0331
120.0000   36.0000   76.0821   70.2873
121.0000   70.0000   50.5183   71.1738
122.0000   85.0000   53.5098   14.7563
123.0000   90.0000   78.5024   82.6882
124.0000   87.0000   35.0263   52.1620
125.0000   56.0000   72.2633   18.4124
126.0000   56.0000   40.4189   27.8775
127.0000   72.0000   78.0648   9.3499
128.0000   117.0000   59.7432   46.3785
129.0000   88.0000   17.8100   79.9624
130.0000   71.0000   45.7578   17.7243
131.0000   82.0000   91.7852   92.9654
132.0000   76.0000   13.4272   95.7505
133.0000   56.0000   50.0098   90.6946
134.0000   27.0000   46.4297   11.6538
135.0000   104.0000   42.2835   57.2993
136.0000   73.0000   51.9897   5.3838
137.0000   13.0000   11.7813   46.4913
138.0000   36.0000   1.8904   89.3847
139.0000   47.0000   25.2920   60.5175
140.0000   30.0000   77.2077   34.9801
141.0000   44.0000   53.9748   26.7794
142.0000   18.0000   65.2171   40.5209
143.0000   31.0000   51.6767   33.9900
144.0000   22.0000   50.2056   70.5041
145.0000   46.0000   83.6809   54.4001
146.0000   119.0000   34.1323   29.4755
147.0000   74.0000   80.1815   64.4173
148.0000   88.0000   51.8836   9.1671
149.0000   47.0000   21.6725   72.9383
150.0000   91.0000   26.8611   60.3628
151.0000   45.0000   51.6307   34.8665
152.0000   109.0000   73.7241   41.5108
153.0000   29.0000   39.5364   62.6838
154.0000   114.0000   37.3788   18.0211
155.0000   27.0000   40.8472   28.1736
156.0000   31.0000   88.8562   56.7925
157.0000   106.0000   97.1429   33.9992
158.0000   65.0000   70.0696   72.0579
159.0000   104.0000   57.2656   84.7535
160.0000   42.0000   10.6985   54.8942
161.0000   82.0000   5.3572   82.8594
162.0000   15.0000   50.3012   75.6822
163.0000   108.0000   65.8007   28.0804
164.0000   86.0000   76.2600   12.0178
165.0000   85.0000   42.7422   69.2508
166.0000   68.0000   39.0232   55.8954
167.0000   40.0000   81.5599   99.2287
168.0000   48.0000   56.1387   60.2670
169.0000   80.0000   51.0126   35.3828
170.0000   119.0000   99.4119   60.8422
171.0000   90.0000   31.8479   25.9860
172.0000   92.0000   22.6945   46.1256
173.0000   94.0000   82.5054   79.5048
174.0000   105.0000   89.7794   71.4042
175.0000   36.0000   92.9331   99.6946
176.0000   66.0000   59.2130   73.1315
177.0000   14.0000   95.6800   11.6929
178.0000   86.0000   63.5580   95.1692
179.0000   40.0000   11.7678   58.4376
180.0000   89.0000   33.0003   83.2319
181.0000   112.0000   48.7589   40.5157
182.0000   29.0000   50.2332   95.4265
183.0000   87.0000   81.5525   53.3724
184.0000   116.0000   99.6672   85.5301
185.0000   84.0000   95.9546   88.0042
186.0000   74.0000   57.3443   70.1041
187.0000   46.0000   89.6119   41.1476
188.0000   101.0000   81.0114   8.1204
189.0000   115.0000   69.4203   68.5793
190.0000   33.0000   18.2077   65.2863
191.0000   46.0000   93.3731   71.1727
192.0000   22.0000   20.2785   7.2676
193.0000   59.0000   34.5484   83.1063
194.0000   38.0000   8.1618   70.1677
195.0000   47.0000   67.6368   96.0203
196.0000   83.0000   24.3267   19.3117
197.0000   90.0000   14.4676   31.2316
198.0000   50.0000   53.1567   22.9382
199.0000   89.0000   81.7198   42.8497
200.0000   102.0000   72.0767   15.4419
201.0000   94.0000   58.6663   40.3859
202.0000   15.0000   37.6863   5.9003
203.0000   88.0000   13.6761   81.6311
204.0000   14.0000   73.1337   32.4215
205.0000   106.0000   99.6261   21.5773
206.0000   47.0000   61.0234   79.5691
207.0000   14.0000   43.4915   61.2472
208.0000   68.0000   72.8250   22.2731
209.0000   33.0000   75.4986   48.0479
210.0000   35.0000   97.3405   48.8077
211.0000   19.0000   55.6553   25.4551
212.0000   111.0000   24.5467   96.7946
213.0000   36.0000   65.3450   85.5271
214.0000   90.0000   54.8768   56.5313
215.0000   103.0000   77.4149   42.6745
216.0000   14.0000   86.7781   16.6751
217.0000   82.0000   96.0288   49.1906
218.0000   110.0000   97.5111   7.9874
219.0000   56.0000   49.0208   38.8055
220.0000   70.0000   41.8863   30.8227
221.0000   43.0000   54.7646   5.5813
222.0000   40.0000   5.4439   43.1960
223.0000   84.0000   83.0985   84.5757
224.0000   97.0000   96.7195   63.7645
225.0000   58.0000   57.0285   9.5326
226.0000   22.0000   63.2428   7.6871
227.0000   56.0000   8.9882   85.2729
228.0000   69.0000   44.3278   85.8486
229.0000   68.0000   34.0776   10.9911
230.0000   47.0000   83.0188   91.0901
231.0000   104.0000   15.5111   95.6089
232.0000   117.0000   66.9269   34.0365
233.0000   18.0000   44.2199   22.0513
234.0000   58.0000   28.2030   47.1372
235.0000   115.0000   75.4348   63.7292
236.0000   87.0000   31.5967   77.7370
237.0000   68.0000   7.8166   98.3679
238.0000   75.0000   11.3608   34.1230
239.0000   41.0000   93.7658   5.9378
240.0000   62.0000   92.6347   57.1564
241.0000   18.0000   98.9496   51.3362
242.0000   80.0000   21.6524   65.9128
243.0000   90.0000   65.1075   47.6078
244.0000   82.0000   23.4349   24.8591
245.0000   18.0000   66.0700   34.1554
246.0000   27.0000   65.4579   82.2836
247.0000   42.0000   66.9075   83.4871
248.0000   48.0000   38.3791   34.2723
249.0000   64.0000   54.6789   65.2597
250.0000   52.0000   17.0273   46.0723
251.0000   76.0000   1.9325   44.8018
252.0000   74.0000   77.8641   41.1072
253.0000   39.0000   68.7625   19.5995
254.0000   67.0000   84.5142   9.2434
255.0000   20.0000   37.4220   29.5630
256.0000   54.0000   59.8937   96.2821
257.0000   79.0000   63.1408   72.9510
258.0000   67.0000   53.1487   15.2541
259.0000   90.0000   88.2651   57.3127
260.0000   59.0000   53.9392   45.4566
261.0000   83.0000   22.9225   1.2573
262.0000   74.0000   93.0048   48.6188
263.0000   88.0000   15.6128   12.3321
264.0000   10.0000   96.2086   29.2108
265.0000   49.0000   36.2960   40.2429
266.0000   55.0000   50.0125   10.0235
267.0000   109.0000   65.1511   0.1345
268.0000   40.0000   39.1184   8.4857
269.0000   53.0000   69.8483   67.7724
270.0000   86.0000   72.4490   45.1781
271.0000   26.0000   49.1836   16.0947
272.0000   110.0000   65.2602   78.1427
273.0000   80.0000   72.0552   85.9441
274.0000   47.0000   20.0959   60.2730
275.0000   49.0000   34.0084   37.0912
276.0000   65.0000   73.6217   19.2902
277.0000   78.0000   31.3031   78.3460
278.0000   50.0000   60.2584   48.7036
279.0000   114.0000   60.0206   58.2193
280.0000   45.0000   77.3609   47.0258
281.0000   32.0000   58.5288   37.2595
282.0000   95.0000   36.8760   16.0879
283.0000   117.0000   4.2447   92.9558
284.0000   79.0000   69.8796   42.0969
285.0000   69.0000   0.0992   59.4771
286.0000   35.0000   36.7257   6.5077
287.0000   61.0000   94.7633   32.3499
288.0000   94.0000   72.8436   32.2078
289.0000   28.0000   56.9482   51.4651
290.0000   39.0000   65.4238   88.0797
291.0000   20.0000   81.5255   28.7661
292.0000   68.0000   1.3504   4.8912
293.0000   86.0000   74.7018   0.6822
294.0000   47.0000   38.2876   41.6270
295.0000   54.0000   96.3824   22.7950
296.0000   119.0000   3.1537   78.5522
297.0000   73.0000   64.3296   45.3105
298.0000   116.0000   48.8663   74.7603
299.0000   25.0000   44.6153   61.4357
300.0000   20.0000   91.6975   17.2550
301.0000   103.0000   29.2043   8.4153
302.0000   91.0000   70.2092   39.7109
303.0000   103.0000   33.8376   96.8037
304.0000   113.0000   40.1005   96.6254
305.0000   28.0000   70.2792   6.5161
306.0000   58.0000   12.4424   13.4388
307.0000   55.0000   31.3488   41.3493
308.0000   89.0000   16.5352   2.6067
309.0000   14.0000   66.9209   37.8247
310.0000   50.0000   68.5318   80.2890
311.0000   17.0000   7.6868   89.8400
312.0000   114.0000   85.9856   76.0537
313.0000   102.0000   70.1425   8.3976
314.0000   75.0000   52.8061   69.7631
315.0000   60.0000   44.8473   91.0550
316.0000   81.0000   9.1649   52.1251
317.0000   26.0000   67.9310   36.9508
318.0000   114.0000   11.5847   79.2283
319.0000   81.0000   76.4406   33.2952
320.0000   65.0000   99.3578   49.1111
321.0000   76.0000   67.0361   67.7566
322.0000   99.0000   55.6598   50.7419
323.0000   24.0000   41.3546   32.9228
324.0000   111.0000   49.6315   10.8997
325.0000   103.0000   31.0533   43.1251
326.0000   104.0000   48.1888   75.6496
327.0000   120.0000   27.9253   81.7325
328.0000   25.0000   63.7233   69.6380
329.0000   30.0000   72.6782   84.4277
330.0000   48.0000   34.6801   83.1231
331.0000   15.0000   29.6486   59.3560
332.0000   107.0000   48.5914   16.9704
333.0000   61.0000   4.8228   55.5081
334.0000   43.0000   93.5951   8.4021
335.0000   75.0000   20.3571   81.2193
336.0000   82.0000   30.2239   17.8820
337.0000   65.0000   45.0570   48.1729
338.0000   72.0000   23.2596   4.5220
339.0000   28.0000   63.5787   86.0938
340.0000   43.0000   57.9990   59.1924
341.0000   92.0000   76.1646   49.1168
342.0000   10.0000   27.3545   72.7745
343.0000   88.0000   24.8117   49.1501
344.0000   72.0000   54.1519   12.0497
345.0000   119.0000   17.5741   2.7602
346.0000   72.0000   98.1816   50.7346
347.0000   116.0000   16.9538   55.5586
348.0000   13.0000   26.7869   36.5138
349.0000   99.0000   67.4958   75.7828
350.0000   17.0000   94.1581   62.2164
351.0000   39.0000   66.2344   23.4693
352.0000   43.0000   43.1464   28.2439
353.0000   119.0000   26.9785   23.1850
354.0000   61.0000   79.7372   54.2045
355.0000   99.0000   85.8711   71.1574
356.0000   76.0000   74.6039   67.5200
357.0000   55.0000   23.9474   51.5141
358.0000   33.0000   3.0092   4.2335
359.0000   103.0000   27.8743   14.7931
360.0000   98.0000   85.3316   58.3340
361.0000   118.0000   11.8822   83.6869
362.0000   76.0000   19.9281   85.7047
363.0000   23.0000   58.8488   21.4369
364.0000   115.0000   64.5505   71.4172
365.0000   61.0000   91.4544   37.8073
366.0000   23.0000   11.8512   45.8156
367.0000   99.0000   51.9487   34.5676
368.0000   68.0000   2.9494   76.6528
369.0000   94.0000   48.4384   4.3285
370.0000   33.0000   52.9369   74.9039
371.0000   56.0000   64.3342   81.4244
372.0000   28.0000   80.0219   38.9698
373.0000   63.0000   49.1522   85.7825
374.0000   64.0000   90.1755   66.0996
375.0000   49.0000   53.5719   93.3075
376.0000   18.0000   16.0099   22.4023
377.0000   27.0000   66.8280   11.4763
378.0000   16.0000   71.6409   77.2327
379.0000   76.0000   6.0307   33.3146
380.0000   92.0000   21.9673   52.3263
381.0000   16.0000   41.5182   72.2931
382.0000   32.0000   80.2842   53.4051
383.0000   61.0000   59.2910   40.9902
384.0000   73.0000   16.0108   70.1442
385.0000   89.0000   48.1289   10.4528
386.0000   117.0000   6.1591   53.0740
387.0000   43.0000   53.4625   63.2783
388.0000   14.0000   21.4047   95.9941
389.0000   49.0000   61.4874   16.5790
390.0000   78.0000   83.4769   57.6650
391.0000   31.0000   34.0018   16.0425
392.0000   40.0000   22.5348   30.9694
393.0000   76.0000   88.7766   26.7950
394.0000   89.0000   73.4365   67.4124
395.0000   109.0000   96.0883   94.5909
396.0000   26.0000   84.0342   39.3954
397.0000   46.0000   30.2124   4.3057
398.0000   64.0000   91.9418   48.1504
399.0000   52.0000   29.3510   94.0295
400.0000   108.0000   28.6951   7.1222
401.0000   77.0000   28.9144   32.9663
402.0000   69.0000   1.0573   14.0154
403.0000   13.0000   72.7193   61.9110
404.0000   48.0000   81.9388   62.6387
405.0000   58.0000   1.1391   22.8280
406.0000   110.0000   27.2722   68.3978
407.0000   78.0000   11.8376   77.8205
408.0000   62.0000   5.9675   40.8419
409.0000   103.0000   78.8536   90.6478
410.0000   30.0000   6.1031   89.1146
411.0000   77.0000   84.7503   1.5225
412.0000   36.0000   7.6388   53.8791
413.0000   90.0000   42.1838   82.6421
414.0000   57.0000   53.7671   42.0803
415.0000   83.0000   3.7353   26.6941
416.0000   60.0000   58.9896   23.0473
417.0000   61.0000   59.3282   65.6922
418.0000   82.0000   26.6433   74.4715
419.0000   72.0000   19.7758   77.2684
420.0000   37.0000   76.9727   28.3748
421.0000   116.0000   12.5786   66.5759
422.0000   32.0000   61.4855   91.1691
423.0000   105.0000   43.5699   28.5341
424.0000   29.0000   35.2677   11.8743
425.0000   26.0000   58.7393   18.4363
426.0000   13.0000   91.3103   41.9173
427.0000   107.0000   52.9968   51.5905
428.0000   98.0000   75.1533   81.0859
429.0000   90.0000   3.1235   30.1211
430.0000   43.0000   86.8931   73.9198
431.0000   43.0000   76.6160   60.6259
432.0000   24.0000   33.7030   8.0657
433.0000   75.0000   37.0557   59.4498
434.0000   110.0000   19.3628   30.1426
435.0000   112.0000   92.5064   34.4659
436.0000   80.0000   17.0995   25.9763
437.0000   96.0000   13.2359   3.4909
438.0000   62.0000   84.4677   4.6331
439.0000   46.0000   51.8011   41.7086
440.0000   44.0000   9.6592   95.1291
441.0000   73.0000   17.4144   2.6614
442.0000   112.0000   40.6381   99.6163
443.0000   78.0000   1.9103   62.5357
444.0000   46.0000   43.2600   67.0966
445.0000   39.0000   15.5633   11.1289
446.0000   68.0000   23.1696   42.1751
447.0000   16.0000   30.8867   58.3295
448.0000   50.0000   69.6006   49.8299
449.0000   29.0000   46.5091   97.7033
450.0000   53.0000   85.5578   43.4476
451.0000   95.0000   48.0641   23.2374
452.0000   58.0000   61.9130   48.7335
453.0000   23.0000   47.8034   13.5947
454.0000   75.0000   54.3818   16.7739
455.0000   102.0000   18.6797   13.0664
456.0000   55.0000   64.8959   0.6496
457.0000   18.0000   90.1539   32.1086
458.0000   26.0000   85.8360   97.0640
459.0000   49.0000   47.8917   55.8180
460.0000   16.0000   17.2336   86.5257
461.0000   57.0000   49.8048   37.2558
462.0000   51.0000   36.4668   86.2732
463.0000   27.0000   25.3841   71.2446
464.0000   22.0000   21.0471   39.9117
465.0000   13.0000   30.0946   77.2573
466.0000   81.0000   76.5422   30.5129
467.0000   91.0000   5.3425   51.1823
468.0000   83.0000   98.7508   26.6526
469.0000   29.0000   39.3649   71.5278
470.0000   12.0000   84.7776   75.3838
471.0000   78.0000   18.4077   41.5908
472.0000   29.0000   61.3240   18.4525
473.0000   94.0000   47.4661   12.3230
474.0000   100.0000   43.2558   75.9927
475.0000   52.0000   36.5780   76.7501
476.0000   75.0000   5.6247   58.7783
477.0000   118.0000   92.6668   10.4640
478.0000   42.0000   96.8430   36.5490
479.0000   91.0000   22.5573   93.6156
480.0000   92.0000   79.3505   38.7416
481.0000   37.0000   62.4688   79.1774
482.0000   106.0000   91.5130   54.1708
483.0000   20.0000   11.4312   43.6111
484.0000   87.0000   77.7940   70.9624
485.0000   16.0000   77.0592   91.5853
486.0000   27.0000   36.3651   73.5674
487.0000   55.0000   80.4989   75.8894
488.0000   20.0000   95.4263   92.8818
489.0000   35.0000   18.1955   73.9722
490.0000   40.0000   32.2627   43.6964
491.0000   35.0000   69.7618   25.6475
492.0000   42.0000   63.9965   10.5434
493.0000   31.0000   74.4789   26.4283
494.0000   111.0000   16.2075   25.4804
495.0000   74.0000   5.3189   10.7807
496.0000   83.0000   84.0265   21.2283
497.0000   63.0000   28.8901   19.3971
498.0000   47.0000   61.7719   49.7186
499.0000   117.0000   18.1607   10.0043
500.0000   90.0000   54.1477   58.2744
