0.0000   0.0000   50.0000   50.0000
1.0000   30.0000   49.4516   13.7442
2.0000   75.0000   87.4625   88.0409
3.0000   40.0000   90.0912   55.2778
4.0000   72.0000   89.4094   42.2688
5.0000   31.0000   53.0841   37.6581
6.0000   20.0000   78.9924   46.6916
7.0000   23.0000   92.3729   15.2829
8.0000   50.0000   62.9025   98.9478
9.0000   61.0000   33.2694   53.1027
10.0000   31.0000   24.6096   78.1256
11.0000   13.0000   63.3369   19.9577
12.0000   60.0000   26.4293   18.2753
13.0000   38.0000   27.1808   51.8967
14.0000   50.0000   99.4925   87.2147
15.0000   58.0000   55.1371   0.5975
16.0000   63.0000   15.2793   89.6770
17.0000   87.0000   9.2065   50.8098
18.0000   43.0000   17.4429   44.8852
19.0000   53.0000   25.2185   81.2660
20.0000   47.0000   21.5999   92.4168
21.0000   41.0000   2.9555   11.0154
22.0000   84.0000   27.5312   19.4447
23.0000   94.0000   51.4968   92.5523
24.0000   19.0000   42.9591   87.1274
25.0000   70.0000   19.5669   68.2390
26.0000   75.0000   79.9746   33.5396
27.0000   83.0000   69.6708   85.1170
28.0000   68.0000   21.7819   65.3245
29.0000   39.0000   69.2935   44.0890
30.0000   31.0000   97.9024   8.0759
31.0000   1.0000   51.1069   91.0935
32.0000   54.0000   31.6494   90.0484
33.0000   35.0000   26.0422   9.8282
34.0000   98.0000   16.6760   5.7035
35.0000   64.0000   65.1092   33.1540
36.0000   94.0000   42.6101   98.4214
37.0000   61.0000   80.6763   33.5118
38.0000   20.0000   44.0586   85.5583
39.0000   4.0000   92.4908   47.1616
40.0000   88.0000   62.8852   54.1821
41.0000   63.0000   62.2419   84.1017
42.0000   30.0000   12.5775   46.0675
43.0000   52.0000   46.9981   28.8688
44.0000   80.0000   23.8633   60.8016
45.0000   38.0000   92.1268   66.9583
46.0000   27.0000   55.4189   95.5450
47.0000   6.0000   76.6270   79.0080
48.0000   99.0000   82.1378   64.4915
49.0000   72.0000   97.5625   28.6696
50.0000   33.0000   38.7027   10.4052
51.0000   18.0000   8.8694   25.8855
52.0000   60.0000   83.9177   48.9556
53.0000   96.0000   1.7056   51.8199
54.0000   19.0000   28.8678   9.1143
55.0000   41.0000   95.3782   66.0096
56.0000   4.0000   92.1998   53.9446
57.0000   84.0000   37.1543   67.5317
58.0000   79.0000   41.0405   65.8457
59.0000   89.0000   96.8926   12.0947
60.0000   66.0000   94.8188   87.2924
61.0000   85.0000   23.5336   55.2713
62.0000   79.0000   64.9587   70.8563
63.0000   52.0000   97.8230   97.5199
64.0000   96.0000   3.1925   81.5001
65.0000   15.0000   68.2786   13.0343
66.0000   55.0000   32.1194   63.0921
67.0000   36.0000   65.2440   50.7472
68.0000   64.0000   32.8004   72.9278
69.0000   8.0000   54.5718   0.8438
70.0000   34.0000   57.0261   70.5394
71.0000   6.0000   84.9541   68.5830
72.0000   74.0000   45.5716   39.3803
73.0000   7.0000   80.6874   52.1124
74.0000   29.0000   98.0283   2.1434
75.0000   34.0000   24.1903   7.2111
76.0000   55.0000   16.9857   20.8512
77.0000   47.0000   0.6996   21.8943
78.0000   39.0000   7.9086   98.7078
79.0000   64.0000   69.7121   24.9691
80.0000   93.0000   38.8163   58.7296
81.0000   82.0000   36.8643   23.1719
82.0000   3.0000   93.4439   89.5147
83.0000   99.0000   27.4434   20.5117
84.0000   11.0000   55.9062   54.7519
85.0000   83.0000   26.7450   61.4706
86.0000   4.0000   90.0215   23.4332
87.0000   8.0000   12.5343   0.0729
88.0000   75.0000   72.4391   17.6233
89.0000   54.0000   4.1545   34.4107
90.0000   21.0000   72.6961   84.4800
91.0000   15.0000   89.5838   15.3431
92.0000   36.0000   54.0391   17.7700
93.0000   39.0000   4.3336   47.2453
94.0000   26.0000   0.8491   5.3850
95.0000   11.0000   20.1130   62.6461
96.0000   80.0000   16.4257   57.1077
97.0000   46.0000   97.0716   32.8087
98.0000   100.0000   83.3293   22.8309
99.0000   88.0000   36.8469   16.4757
100.0000   69.0000   94.8956   45.5152
101.0000   81.0000   57.8955   91.4447
102.0000   54.0000   22.3146   84.7080
103.0000   76.0000   88.0790   63.9529
104.0000   26.0000   7.5109   43.4518
105.0000   65.0000   94.9111   27.4239
106.0000   20.0000   37.6391   71.4524
107.0000   35.0000   36.6925   59.6477
108.0000   32.0000   90.2385   44.1909
109.0000   70.0000   16.6600   99.5253
110.0000   93.0000   82.2207   4.7724
111.0000   95.0000   10.3937   33.1079
112.0000   80.0000   72.7021   98.3625
113.0000   100.0000   38.3885   80.1600
114.0000   89.0000   17.4246   14.1971
115.0000   93.0000   3.0780   94.3027
116.0000   68.0000   1.3421   34.9746
117.0000   26.0000   65.0917   49.8006
118.0000   23.0000   73.6723   77.9504
119.0000   36.0000   47.6874   2.0951
120.0000   49.0000   81.4298   70.5027
121.0000   38.0000   95.8059   1.7053
122.0000   87.0000   80.9006   90.6314
123.0000   91.0000   76.5322   84.7311
124.0000   83.0000   16.8127   7.9881
125.0000   59.0000   32.1095   79.3839
126.0000   47.0000   72.6393   23.1668
127.0000   31.0000   91.9304   79.3786
128.0000   3.0000   11.2453   74.7006
129.0000   41.0000   88.8160   90.9746
130.0000   92.0000   84.6696   72.1050
131.0000   95.0000   71.4983   72.0303
132.0000   94.0000   61.0504   60.2568
133.0000   19.0000   23.0924   98.4107
134.0000   45.0000   85.8705   50.9176
135.0000   29.0000   29.0416   7.4035
136.0000   69.0000   54.0862   53.4890
137.0000   6.0000   95.8368   17.2762
138.0000   4.0000   68.4012   3.7279
139.0000   63.0000   69.7918   82.0214
140.0000   43.0000   38.8756   96.3750
141.0000   10.0000   21.7784   78.7697
142.0000   77.0000   61.7831   6.2947
143.0000   58.0000   30.4564   4.8170
144.0000   24.0000   96.3391   15.2376
145.0000   40.0000   60.2194   73.4389
146.0000   34.0000   70.0389   73.1603
147.0000   86.0000   19.2398   32.6020
148.0000   17.0000   20.2769   47.0081
149.0000   63.0000   85.3078   23.9364
150.0000   76.0000   79.3834   41.6761
151.0000   59.0000   5.3270   30.1666
152.0000   58.0000   19.2529   76.4465
153.0000   39.0000   85.8764   88.2853
154.0000   10.0000   89.3932   85.6177
155.0000   22.0000   57.1662   14.6455
156.0000   66.0000   95.1671   22.4358
157.0000   56.0000   72.5776   99.0823
158.0000   28.0000   38.1420   92.2171
159.0000   53.0000   28.9095   76.9157
160.0000   99.0000   23.2333   51.8480
161.0000   22.0000   0.9444   47.4533
162.0000   35.0000   44.0759   86.5176
163.0000   75.0000   50.8150   18.3965
164.0000   88.0000   80.1932   61.8435
165.0000   27.0000   64.1741   84.3843
166.0000   69.0000   34.4302   88.6232
167.0000   15.0000   5.1395   91.3884
168.0000   28.0000   35.0293   24.2401
169.0000   39.0000   53.1134   33.9194
170.0000   38.0000   25.5757   58.5127
171.0000   81.0000   61.4963   19.0973
172.0000   23.0000   74.4357   87.5168
173.0000   82.0000   32.8836   9.7245
174.0000   40.0000   34.4091   32.8354
175.0000   53.0000   85.2616   2.6134
176.0000   50.0000   50.0423   65.8969
177.0000   35.0000   88.3793   88.8499
178.0000   17.0000   32.0665   6.1176
179.0000   40.0000   20.7635   84.5650
180.0000   41.0000   9.8827   76.5448
181.0000   44.0000   76.5050   43.6377
182.0000   75.0000   46.8967   99.2125
183.0000   53.0000   89.7024   42.2877
184.0000   96.0000   49.4784   96.9710
185.0000   29.0000   70.1525   16.3480
186.0000   2.0000   25.6747   39.5369
187.0000   100.0000   46.5827   94.3549
188.0000   74.0000   8.1930   81.7850
189.0000   1.0000   0.9308   22.4717
190.0000   69.0000   16.5664   20.1554
191.0000   44.0000   7.3387   96.7638
192.0000   96.0000   49.3089   98.7377
193.0000   10.0000   86.1582   0.9652
194.0000   31.0000   16.8343   23.0510
195.0000   33.0000   3.7265   80.2684
196.0000   11.0000   29.3712   82.7016
197.0000   65.0000   2.5907   6.3500
198.0000   23.0000   33.8828   16.5936
199.0000   83.0000   83.2047   83.5178
200.0000   50.0000   47.1364   75.8272
201.0000   89.0000   26.6983   11.9145
202.0000   94.0000   68.0461   25.5828
203.0000   55.0000   6.9962   41.1282
204.0000   83.0000   31.9725   39.8074
205.0000   66.0000   66.4935   77.8893
206.0000   91.0000   38.5515   58.5726
207.0000   51.0000   31.3661   89.4794
208.0000   78.0000   33.1525   86.3955
209.0000   68.0000   20.7538   23.9424
210.0000   80.0000   21.0384   56.9441
211.0000   16.0000   15.1382   84.7019
212.0000   31.0000   45.1403   62.2069
213.0000   42.0000   9.9746   83.2051
214.0000   40.0000   43.3951   12.1468
215.0000   76.0000   32.7049   85.5724
216.0000   1.0000   8.4185   22.0345
217.0000   94.0000   21.0720   56.4109
218.0000   89.0000   90.1520   13.1865
219.0000   19.0000   77.3871   22.8541
220.0000   49.0000   44.9751   66.1954
221.0000   34.0000   54.7878   46.3175
222.0000   95.0000   22.8605   78.3896
223.0000   74.0000   87.0893   23.8464
224.0000   95.0000   19.8406   52.2454
225.0000   92.0000   48.0185   49.1143
226.0000   89.0000   63.5507   97.8430
227.0000   61.0000   21.2685   91.9733
228.0000   56.0000   98.2358   95.1031
229.0000   42.0000   3.5204   44.9098
230.0000   25.0000   34.3941   37.0549
231.0000   35.0000   48.9955   71.8111
232.0000   25.0000   36.0219   61.9609
233.0000   63.0000   17.9844   0.3377
234.0000   68.0000   1.2495   54.5544
235.0000   7.0000   71.2182   86.1324
236.0000   23.0000   79.8059   91.6818
237.0000   70.0000   81.6360   23.7311
238.0000   71.0000   72.4465   15.3209
239.0000   55.0000   22.6291   18.2295
240.0000   5.0000   57.1655   36.0545
241.0000   59.0000   96.9306   85.5210
242.0000   73.0000   66.5800   30.3315
243.0000   32.0000   83.6841   32.2758
244.0000   38.0000   16.9246   71.7418
245.0000   90.0000   88.9186   6.4119
246.0000   42.0000   54.3463   22.6999
247.0000   67.0000   55.6526   73.6575
248.0000   51.0000   52.9197   79.7537
249.0000   17.0000   69.9264   88.0059
250.0000   24.0000   84.0605   74.2144
251.0000   6.0000   32.3488   80.3645
252.0000   50.0000   40.7349   0.8110
253.0000   94.0000   7.4098   85.3995
254.0000   39.0000   84.6060   54.4371
255.0000   4.0000   85.5203   22.5900
256.0000   50.0000   26.5534   16.2900
257.0000   96.0000   53.8410   6.4156
258.0000   17.0000   41.9452   51.2145
259.0000   43.0000   99.8797   4.2955
260.0000   11.0000   13.4262   84.3840
261.0000   63.0000   73.6296   50.2735
262.0000   1.0000   77.1386   24.9816
263.0000   24.0000   23.1154   3.8185
264.0000   37.0000   6.8649   61.1739
265.0000   46.0000   23.4000   87.0345
266.0000   2.0000   76.4890   97.5256
267.0000   70.0000   27.7419   95.5649
268.0000   45.0000   25.3201   60.5899
269.0000   33.0000   80.8261   29.9132
270.0000   79.0000   80.3242   89.8513
271.0000   62.0000   87.0917   69.2674
272.0000   81.0000   60.5997   74.1714
273.0000   39.0000   40.4844   72.0182
274.0000   88.0000   66.2404   90.2640
275.0000   77.0000   42.2403   87.4484
276.0000   50.0000   24.5941   14.8951
277.0000   55.0000   63.5821   4.2651
278.0000   43.0000   93.9453   50.5973
279.0000   5.0000   66.9062   84.7375
280.0000   46.0000   94.9602   18.6229
281.0000   100.0000   91.1417   22.4276
282.0000   81.0000   21.7664   49.2770
283.0000   64.0000   26.9308   75.7787
284.0000   48.0000   96.1537   74.1706
285.0000   42.0000   55.8152   84.5019
286.0000   19.0000   48.5990   84.8224
287.0000   69.0000   26.8279   71.8290
288.0000   35.0000   13.5760   66.8634
289.0000   32.0000   14.9726   70.1189
290.0000   81.0000   11.7115   36.4060
291.0000   82.0000   35.8903   9.6173
292.0000   77.0000   47.4507   45.7032
293.0000   74.0000   58.6892   10.8285
294.0000   93.0000   87.5050   71.5520
295.0000   31.0000   55.0841   13.0492
296.0000   15.0000   85.6909   89.5435
297.0000   3.0000   48.8046   24.4023
298.0000   29.0000   66.5127   93.7399
299.0000   17.0000   96.0969   9.8084
300.0000   61.0000   64.2093   23.3600
301.0000   91.0000   56.3684   51.4360
302.0000   81.0000   96.1624   24.7066
303.0000   27.0000   19.7353   3.2064
304.0000   59.0000   92.4897   50.9070
305.0000   3.0000   67.0674   59.5596
306.0000   95.0000   67.2042   11.5132
307.0000   96.0000   57.8416   98.3782
308.0000   26.0000   37.2082   48.9876
309.0000   87.0000   98.3056   20.9119
310.0000   68.0000   60.1128   95.9899
311.0000   27.0000   98.2377   13.0935
312.0000   17.0000   15.4794   33.8652
313.0000   22.0000   67.8766   0.7936
314.0000   45.0000   85.7541   90.9329
315.0000   56.0000   93.9051   82.6635
316.0000   71.0000   24.0806   45.2002
317.0000   79.0000   79.8165   58.8002
318.0000   22.0000   15.1477   91.9799
319.0000   27.0000   6.4224   29.4709
320.0000   7.0000   42.6507   62.4350
321.0000   67.0000   94.3777   51.4754
322.0000   2.0000   62.3215   30.8586
323.0000   79.0000   76.9291   3.1392
324.0000   82.0000   4.4241   4.1022
325.0000   29.0000   69.2770   73.8739
326.0000   76.0000   64.9211   84.7764
327.0000   33.0000   36.8722   31.8177
328.0000   70.0000   60.8205   26.9975
329.0000   87.0000   81.8813   0.3630
330.0000   66.0000   52.7775   3.2982
331.0000   19.0000   77.7455   94.7263
332.0000   9.0000   41.5968   90.2083
333.0000   98.0000   92.2677   2.8610
334.0000   24.0000   15.6119   10.0727
335.0000   39.0000   98.6582   82.1175
336.0000   76.0000   29.6213   44.7145
337.0000   28.0000   54.5631   19.9581
338.0000   96.0000   23.5443   54.2810
339.0000   45.0000   63.3403   46.1131
340.0000   22.0000   62.6606   14.2278
341.0000   80.0000   31.9301   28.5820
342.0000   61.0000   27.4099   1.4675
343.0000   91.0000   63.2985   35.8613
344.0000   58.0000   16.1595   94.1312
345.0000   73.0000   99.5253   30.0540
346.0000   19.0000   60.6728   80.5135
347.0000   3.0000   96.6037   32.8646
348.0000   81.0000   28.3601   50.4021
349.0000   92.0000   72.3296   32.1669
350.0000   69.0000   87.1315   96.5316
