0.0000   0.0000   0.0000   0.0000
1.0000   38.0000   47.4689   30.0133
2.0000   83.0000   64.0401   60.2710
3.0000   75.0000   83.1316   53.0695
4.0000   93.0000   33.4448   11.7212
5.0000   111.0000   12.3279   83.2448
6.0000   101.0000   44.9270   22.9495
7.0000   102.0000   42.5462   99.0288
8.0000   110.0000   28.8713   7.6067
9.0000   74.0000   98.0057   50.1210
10.0000   111.0000   61.1688   85.0857
11.0000   86.0000   74.1241   3.1413
12.0000   56.0000   79.7193   10.1324
13.0000   99.0000   70.3155   95.6509
14.0000   110.0000   48.9120   15.9764
15.0000   69.0000   63.1962   82.2869
16.0000   90.0000   21.3083   14.3841
17.0000   49.0000   79.0899   92.6156
18.0000   92.0000   0.1963   47.9910
19.0000   96.0000   67.7959   64.7993
20.0000   112.0000   42.3838   66.7164
21.0000   77.0000   80.4043   63.6412
22.0000   42.0000   3.4624   81.7314
23.0000   72.0000   68.4888   94.4015
24.0000   38.0000   86.5636   15.1219
25.0000   33.0000   42.3107   50.9203
26.0000   78.0000   3.3598   66.3502
27.0000   76.0000   52.1671   5.4355
28.0000   84.0000   90.1165   47.9433
29.0000   103.0000   94.9299   11.5238
30.0000   44.0000   43.0387   3.6073
31.0000   93.0000   15.0615   52.4372
32.0000   84.0000   85.7247   93.1312
33.0000   97.0000   4.1997   50.0451
34.0000   93.0000   31.7734   58.6835
35.0000   115.0000   86.2412   89.8139
36.0000   82.0000   47.5825   56.4183
37.0000   65.0000   29.2862   46.8074
38.0000   67.0000   31.2575   32.9612
39.0000   71.0000   1.3696   19.2714
40.0000   34.0000   24.4964   78.3058
41.0000   49.0000   27.6779   80.2571
42.0000   112.0000   73.4228   23.5930
43.0000   47.0000   99.8998   6.1252
44.0000   66.0000   60.4991   13.6389
45.0000   90.0000   24.5999   54.1387
46.0000   94.0000   70.3905   33.4952
47.0000   69.0000   74.0275   43.0844
48.0000   83.0000   85.4247   39.6427
49.0000   41.0000   35.2770   31.7567
50.0000   63.0000   9.0203   86.6047
51.0000   44.0000   64.0067   67.9338
52.0000   93.0000   5.8106   10.8667
53.0000   60.0000   54.7765   63.2516
54.0000   117.0000   75.6200   71.5588
55.0000   107.0000   47.8568   86.4469
56.0000   56.0000   48.9054   25.4664
57.0000   71.0000   7.6620   64.7592
58.0000   97.0000   90.1024   39.6653
59.0000   111.0000   5.1601   60.9934
60.0000   61.0000   8.5691   81.5947
61.0000   72.0000   39.0816   12.7620
62.0000   82.0000   0.5298   48.5531
63.0000   71.0000   99.8855   44.1256
64.0000   44.0000   29.0522   59.0157
65.0000   98.0000   89.3649   31.2314
66.0000   39.0000   32.8449   10.4341
67.0000   37.0000   20.3284   18.1580
68.0000   76.0000   16.7918   83.8098
69.0000   109.0000   99.3483   48.2203
70.0000   96.0000   10.8732   82.0326
71.0000   55.0000   59.8681   22.9455
72.0000   49.0000   16.2604   33.6977
73.0000   80.0000   75.8181   14.8194
74.0000   67.0000   32.2019   74.3056
75.0000   80.0000   40.2653   10.0065
76.0000   81.0000   83.3105   40.5743
77.0000   93.0000   33.2487   31.4468
78.0000   46.0000   16.3433   24.7116
79.0000   40.0000   54.1966   15.1050
80.0000   77.0000   16.0993   71.8944
81.0000   99.0000   71.4315   45.1925
82.0000   62.0000   71.5824   52.0256
83.0000   98.0000   93.0083   27.1784
84.0000   70.0000   26.9111   89.4959
85.0000   68.0000   11.7744   26.5579
86.0000   67.0000   2.1827   65.2521
87.0000   89.0000   18.0184   64.8750
88.0000   101.0000   41.1699   71.4982
89.0000   89.0000   85.7361   41.9118
90.0000   53.0000   32.6060   65.1871
91.0000   107.0000   5.9456   21.5089
92.0000   97.0000   69.7208   16.3550
93.0000   113.0000   95.2204   76.8519
94.0000   51.0000   8.0527   54.6594
95.0000   78.0000   88.5683   52.0768
96.0000   77.0000   35.1533   51.7823
97.0000   78.0000   65.4713   47.8724
98.0000   79.0000   6.4766   17.7986
99.0000   71.0000   52.0315   13.2109
100.0000   69.0000   1.6267   59.2582
101.0000   39.0000   61.4081   78.4016
102.0000   78.0000   98.5536   69.3755
103.0000   95.0000   95.5898   92.6148
104.0000   81.0000   3.2377   71.6858
105.0000   36.0000   22.2538   63.4407
106.0000   49.0000   18.2813   31.8985
107.0000   35.0000   56.6891   98.0181
108.0000   75.0000   87.9110   40.4708
109.0000   99.0000   36.4225   56.7334
110.0000   67.0000   16.0418   39.2717
111.0000   72.0000   39.1749   83.3246
112.0000   69.0000   29.9740   75.1147
113.0000   49.0000   40.7140   83.8605
114.0000   50.0000   22.9873   38.6463
115.0000   84.0000   85.5252   71.5250
116.0000   46.0000   57.1034   41.7947
117.0000   116.0000   69.1456   81.1775
118.0000   49.0000   80.4275   71.3799
119.0000   64.0000   54.1957   44.1234
120.0000   47.0000   12.1771   47.3074
121.0000   55.0000   32.7203   38.0957
122.0000   89.0000   46.1601   83.0189
123.0000   46.0000   32.1844   59.3274
124.0000   90.0000   36.6125   6.2598
125.0000   114.0000   89.9630   44.5543
126.0000   74.0000   25.2932   49.8629
127.0000   82.0000   93.9397   61.2697
128.0000   98.0000   20.2856   41.4170
129.0000   54.0000   1.2105   3.4561
130.0000   118.0000   9.6113   42.1192
131.0000   37.0000   51.4487   81.2497
132.0000   52.0000   74.6930   99.2557
133.0000   109.0000   19.3939   41.1506
134.0000   101.0000   83.2533   48.4659
135.0000   88.0000   12.7539   48.8764
136.0000   58.0000   85.1099   63.3574
137.0000   67.0000   84.6470   88.9073
138.0000   87.0000   4.5536   4.0098
139.0000   90.0000   25.7187   11.6102
140.0000   37.0000   31.5278   68.0561
141.0000   30.0000   31.8173   82.0838
142.0000   68.0000   80.5631   80.2708
143.0000   55.0000   79.6458   83.8323
144.0000   110.0000   92.8902   97.1749
145.0000   112.0000   18.5580   77.8293
146.0000   63.0000   3.2297   53.3803
147.0000   72.0000   28.7472   17.7612
148.0000   96.0000   54.4645   64.5020
149.0000   54.0000   94.1688   16.8245
150.0000   52.0000   67.9177   60.5708
151.0000   72.0000   73.3904   36.4834
152.0000   83.0000   34.8689   4.9602
153.0000   82.0000   30.9008   70.9548
154.0000   117.0000   81.2224   34.3673
155.0000   32.0000   20.7775   59.2172
156.0000   91.0000   87.1083   88.7022
157.0000   97.0000   27.8285   50.5182
158.0000   115.0000   86.8079   80.6711
159.0000   105.0000   15.3626   81.0654
160.0000   111.0000   64.1987   65.9838
161.0000   61.0000   22.5592   85.4413
162.0000   117.0000   79.9064   48.0971
163.0000   100.0000   97.7401   63.8929
164.0000   86.0000   80.7810   39.2830
165.0000   73.0000   28.2927   34.3473
166.0000   107.0000   71.9579   95.9686
167.0000   76.0000   17.2130   33.8056
168.0000   86.0000   99.9171   38.8249
169.0000   74.0000   70.9612   54.0899
170.0000   96.0000   55.9013   21.6900
171.0000   103.0000   62.8822   4.3150
172.0000   52.0000   4.9396   63.9656
173.0000   95.0000   65.3183   53.8561
174.0000   95.0000   46.9390   33.6927
175.0000   81.0000   33.8084   92.6356
176.0000   61.0000   8.6408   50.9026
177.0000   59.0000   19.7491   84.6554
178.0000   38.0000   17.5942   15.6209
179.0000   47.0000   78.9222   10.5077
180.0000   36.0000   84.4046   77.5703
181.0000   116.0000   22.4737   76.2037
182.0000   68.0000   14.7212   2.0997
183.0000   118.0000   28.7027   1.6975
184.0000   31.0000   24.5597   37.3944
185.0000   109.0000   27.8864   59.2775
186.0000   67.0000   51.2954   15.4845
187.0000   40.0000   29.4127   79.5293
188.0000   43.0000   24.1045   54.6230
189.0000   78.0000   95.1810   91.7937
190.0000   95.0000   0.6167   63.4989
191.0000   37.0000   52.2985   79.4365
192.0000   67.0000   67.9964   74.7838
193.0000   44.0000   14.5735   49.9689
194.0000   49.0000   56.8581   42.9880
195.0000   43.0000   86.0339   96.1897
196.0000   120.0000   39.9496   5.2704
197.0000   118.0000   24.5091   72.5931
198.0000   60.0000   8.0619   13.3945
199.0000   119.0000   45.8229   44.5217
200.0000   67.0000   1.3299   68.1457
201.0000   100.0000   25.4424   78.9497
202.0000   72.0000   67.8876   31.1653
203.0000   102.0000   78.3917   70.1810
204.0000   43.0000   37.1107   51.2145
205.0000   64.0000   26.6106   60.9611
206.0000   47.0000   87.6125   83.1049
207.0000   86.0000   41.6332   19.6606
208.0000   91.0000   71.0826   36.7224
209.0000   117.0000   29.9503   61.0795
210.0000   79.0000   55.5120   98.6868
211.0000   77.0000   62.2289   42.9318
212.0000   96.0000   30.8170   27.7318
213.0000   110.0000   32.2980   78.3720
214.0000   71.0000   89.9011   17.8693
215.0000   58.0000   29.9826   40.0729
216.0000   52.0000   5.2192   38.3546
217.0000   101.0000   90.6356   82.6589
218.0000   49.0000   29.0718   83.3458
219.0000   80.0000   64.6983   11.5982
220.0000   94.0000   12.2247   93.4283
221.0000   36.0000   28.8729   79.6750
222.0000   80.0000   71.6256   30.9738
223.0000   116.0000   39.6143   72.2767
224.0000   93.0000   98.2746   76.0213
225.0000   71.0000   98.7467   53.7447
226.0000   93.0000   77.5225   64.3875
227.0000   42.0000   99.4192   52.2740
228.0000   103.0000   58.7506   47.6277
229.0000   84.0000   98.8261   77.4978
230.0000   90.0000   86.0871   5.9224
231.0000   114.0000   12.0781   79.6215
232.0000   35.0000   78.6737   75.5706
233.0000   68.0000   41.2641   83.1097
234.0000   100.0000   71.2223   33.3867
235.0000   36.0000   62.1202   87.1513
236.0000   68.0000   72.4009   0.4639
237.0000   118.0000   91.5795   91.2686
238.0000   96.0000   6.2722   27.4130
239.0000   51.0000   15.6577   73.8255
240.0000   97.0000   37.6419   28.2907
241.0000   50.0000   68.5203   23.9616
242.0000   44.0000   91.5427   24.5297
243.0000   90.0000   92.7482   58.0428
244.0000   40.0000   84.4618   58.1711
245.0000   60.0000   17.9301   57.1081
246.0000   75.0000   66.6192   21.6952
247.0000   53.0000   34.3976   0.6049
248.0000   54.0000   21.4379   60.6294
249.0000   45.0000   88.8866   76.5467
250.0000   117.0000   77.1739   80.4254
251.0000   110.0000   91.2481   40.5457
252.0000   86.0000   4.9239   20.2389
253.0000   51.0000   42.7014   88.6699
254.0000   78.0000   41.4061   99.7194
255.0000   44.0000   27.5744   29.8654
256.0000   106.0000   35.1069   13.6482
257.0000   48.0000   44.6538   21.4470
258.0000   48.0000   56.9388   97.7915
259.0000   102.0000   83.8622   14.5854
260.0000   40.0000   47.9569   38.0296
261.0000   36.0000   15.5843   96.1326
262.0000   108.0000   10.7604   54.0144
263.0000   80.0000   18.2691   63.4419
264.0000   90.0000   18.9846   10.1390
265.0000   108.0000   80.8682   14.9696
266.0000   52.0000   94.2812   77.5839
267.0000   40.0000   27.3461   36.2983
268.0000   65.0000   66.7430   28.6636
269.0000   34.0000   50.6104   43.2615
270.0000   34.0000   13.8303   90.0649
271.0000   52.0000   46.2402   85.0019
272.0000   50.0000   77.0551   70.6244
273.0000   99.0000   74.2177   54.0863
274.0000   56.0000   91.3498   79.1132
275.0000   74.0000   58.9015   83.6220
276.0000   76.0000   89.1930   70.6579
277.0000   120.0000   46.6514   42.4467
278.0000   79.0000   74.7808   26.8568
279.0000   99.0000   95.7209   42.9017
280.0000   86.0000   58.2500   52.2750
281.0000   48.0000   16.0334   8.1036
282.0000   106.0000   31.2201   10.1170
283.0000   84.0000   4.4225   32.2942
284.0000   34.0000   7.1847   70.8691
285.0000   56.0000   15.0953   10.4220
286.0000   88.0000   87.6575   35.8533
287.0000   54.0000   38.2303   26.7946
288.0000   37.0000   92.5441   65.3367
289.0000   37.0000   75.1090   83.1298
290.0000   89.0000   80.6946   30.2658
291.0000   64.0000   37.7551   68.1556
292.0000   100.0000   13.9685   84.6558
293.0000   95.0000   32.1854   77.4065
294.0000   35.0000   24.2501   42.2562
295.0000   67.0000   49.1677   15.1897
296.0000   66.0000   10.9680   53.6506
297.0000   58.0000   70.4237   22.7539
298.0000   31.0000   50.4623   5.3647
299.0000   47.0000   26.8965   56.0849
300.0000   78.0000   22.3456   42.2340
301.0000   39.0000   10.5446   12.7168
302.0000   114.0000   6.8928   16.9177
303.0000   106.0000   88.8552   37.9399
304.0000   120.0000   60.9124   75.5704
305.0000   86.0000   2.9039   49.6840
306.0000   83.0000   36.4404   36.9524
307.0000   49.0000   92.4084   3.7309
308.0000   114.0000   8.5381   99.7769
309.0000   117.0000   35.6850   21.1754
310.0000   79.0000   53.0032   96.4490
311.0000   71.0000   2.5149   52.3808
312.0000   120.0000   42.8555   14.5394
313.0000   36.0000   25.4001   14.5630
314.0000   67.0000   59.4815   85.1029
315.0000   90.0000   71.3184   68.7961
316.0000   70.0000   42.8231   33.6320
317.0000   61.0000   56.1333   7.5511
318.0000   78.0000   31.4890   29.1726
319.0000   86.0000   61.4613   45.6871
320.0000   93.0000   1.3520   66.0346
321.0000   99.0000   92.8432   81.3782
322.0000   55.0000   23.8791   32.6064
323.0000   104.0000   60.1295   79.7917
324.0000   107.0000   39.3329   7.7758
325.0000   39.0000   43.4141   86.4346
326.0000   78.0000   86.4683   33.1864
327.0000   80.0000   13.6279   32.9621
328.0000   107.0000   55.8153   22.2367
329.0000   120.0000   75.6989   96.6088
330.0000   118.0000   19.2467   56.6831
331.0000   31.0000   27.0510   0.3445
332.0000   31.0000   48.6871   54.7410
333.0000   70.0000   21.2997   79.7032
334.0000   32.0000   45.1624   49.8242
335.0000   63.0000   83.1507   75.3502
336.0000   62.0000   29.4845   88.9705
337.0000   37.0000   25.0063   63.1034
338.0000   77.0000   13.5208   2.2085
339.0000   69.0000   77.2179   15.2162
340.0000   92.0000   1.4204   15.2982
341.0000   39.0000   80.0740   7.2307
342.0000   84.0000   63.6640   98.1107
343.0000   116.0000   43.7213   23.7655
344.0000   89.0000   97.4049   20.6971
345.0000   39.0000   77.8683   75.1888
346.0000   78.0000   18.5567   91.1169
347.0000   72.0000   97.1289   71.9891
348.0000   34.0000   38.5949   75.1599
349.0000   62.0000   39.4324   9.7866
350.0000   36.0000   0.1896   98.0198
351.0000   77.0000   10.0524   30.0078
352.0000   82.0000   34.2147   50.5452
353.0000   95.0000   78.4856   43.7850
354.0000   109.0000   50.0247   47.6610
355.0000   52.0000   27.4556   97.5466
356.0000   35.0000   35.0084   41.4328
357.0000   117.0000   11.7728   84.3893
358.0000   96.0000   69.9903   8.1151
359.0000   95.0000   79.3657   20.1894
360.0000   82.0000   55.2527   14.3695
361.0000   106.0000   87.4630   3.6885
362.0000   49.0000   39.1172   2.7477
363.0000   106.0000   16.3758   51.7545
364.0000   62.0000   32.8214   4.5613
365.0000   98.0000   98.7801   55.5826
366.0000   111.0000   85.6335   42.5468
367.0000   103.0000   22.0709   65.1283
368.0000   48.0000   98.6465   46.6995
369.0000   42.0000   16.3713   29.1004
370.0000   83.0000   77.8573   20.5037
371.0000   78.0000   23.3052   82.7317
372.0000   110.0000   66.5849   38.3995
373.0000   41.0000   91.0741   64.4158
374.0000   85.0000   50.1439   63.4436
375.0000   76.0000   53.4325   17.1276
376.0000   81.0000   43.3376   15.3018
377.0000   105.0000   10.5043   95.9005
378.0000   113.0000   25.7249   1.6512
379.0000   36.0000   38.1870   20.9225
380.0000   93.0000   18.7562   4.1752
381.0000   35.0000   94.0757   96.9986
382.0000   49.0000   15.5035   3.4073
383.0000   49.0000   46.4429   90.7968
384.0000   112.0000   27.3105   68.8844
385.0000   35.0000   81.2490   77.4510
386.0000   104.0000   23.9776   20.1531
387.0000   73.0000   53.7436   98.3553
388.0000   60.0000   50.3338   23.4972
389.0000   58.0000   37.4487   57.2505
390.0000   86.0000   49.8648   65.2027
391.0000   109.0000   12.0638   83.1711
392.0000   50.0000   96.5272   23.2726
393.0000   120.0000   32.3080   53.7208
394.0000   78.0000   71.8717   62.8470
395.0000   79.0000   90.8161   78.4224
396.0000   74.0000   18.2127   38.1691
397.0000   83.0000   25.9885   79.1421
398.0000   99.0000   33.9046   62.1618
399.0000   36.0000   87.1466   91.7175
400.0000   37.0000   89.6378   30.7179
