0.0000   0.0000   0.0000   0.0000
1.0000   53.0000   17.8743   21.7687
2.0000   71.0000   5.3263   7.3012
3.0000   111.0000   38.6353   49.1114
4.0000   65.0000   46.9898   32.1720
5.0000   88.0000   17.4766   2.5747
6.0000   72.0000   13.4398   27.9804
7.0000   60.0000   22.2924   36.1923
8.0000   23.0000   3.5497   11.6517
9.0000   59.0000   44.7816   23.3031
10.0000   81.0000   31.1075   4.2864
11.0000   59.0000   1.8721   22.7808
12.0000   28.0000   27.6431   28.9205
13.0000   71.0000   35.4149   41.7923
14.0000   38.0000   34.0641   3.5031
15.0000   117.0000   40.5308   7.2750
16.0000   90.0000   15.2658   9.8800
17.0000   48.0000   28.0014   37.9944
18.0000   116.0000   3.7356   37.1887
19.0000   33.0000   27.8773   19.0875
20.0000   114.0000   5.8009   44.7398
21.0000   28.0000   39.3368   48.9598
22.0000   73.0000   14.6518   49.8510
23.0000   39.0000   7.2924   7.2644
24.0000   20.0000   44.9901   21.2893
25.0000   109.0000   44.7598   38.0145
26.0000   28.0000   7.7200   40.5817
27.0000   39.0000   35.6699   28.6196
28.0000   52.0000   49.2833   27.8740
29.0000   106.0000   1.9584   34.1404
30.0000   45.0000   30.9694   35.7473
31.0000   120.0000   12.6615   40.9992
32.0000   104.0000   15.6220   6.2725
33.0000   113.0000   42.1972   15.7594
34.0000   53.0000   6.8097   22.8062
35.0000   113.0000   47.8120   3.9722
36.0000   52.0000   20.2722   21.1858
37.0000   114.0000   33.2613   0.2644
38.0000   104.0000   17.2181   48.0044
39.0000   83.0000   34.0859   30.7704
40.0000   103.0000   8.4700   20.7579
41.0000   110.0000   19.7926   4.6484
42.0000   67.0000   29.2219   26.0419
43.0000   102.0000   30.1552   19.9792
44.0000   87.0000   6.1420   40.0310
45.0000   77.0000   8.8778   27.6292
46.0000   120.0000   12.2417   38.7734
47.0000   25.0000   32.1788   1.2163
48.0000   48.0000   41.6678   2.5154
49.0000   56.0000   7.9899   22.3098
50.0000   109.0000   3.8211   47.2741
51.0000   100.0000   8.6000   41.3657
52.0000   28.0000   16.7673   36.7830
53.0000   20.0000   1.9204   31.8676
54.0000   77.0000   6.3858   17.5280
55.0000   116.0000   49.9846   21.2931
56.0000   77.0000   40.5525   32.2834
57.0000   47.0000   7.5946   36.4931
58.0000   97.0000   11.0146   37.6895
59.0000   103.0000   28.5247   28.8836
60.0000   95.0000   12.6083   33.1219
61.0000   77.0000   31.2923   42.8907
62.0000   102.0000   40.3732   19.5591
63.0000   54.0000   26.2646   2.7147
64.0000   44.0000   26.8864   30.0574
65.0000   71.0000   4.2813   49.0965
66.0000   53.0000   7.9042   35.2441
67.0000   51.0000   22.0744   31.2173
68.0000   27.0000   26.7045   2.9874
69.0000   78.0000   4.0294   24.4269
70.0000   85.0000   43.7076   15.1733
71.0000   67.0000   5.7082   28.2827
72.0000   103.0000   4.3495   3.3823
73.0000   73.0000   10.5901   38.5389
74.0000   70.0000   47.3961   22.7213
75.0000   26.0000   18.0874   31.3447
76.0000   110.0000   45.9350   38.5727
77.0000   90.0000   33.5464   31.0976
78.0000   52.0000   13.7889   23.6637
79.0000   109.0000   33.0977   20.1924
80.0000   114.0000   24.9449   14.8018
81.0000   119.0000   44.1147   0.8901
82.0000   101.0000   11.2691   23.3154
83.0000   62.0000   45.9967   29.7435
84.0000   31.0000   4.1606   0.2771
85.0000   33.0000   48.5238   46.3352
86.0000   53.0000   25.1766   47.3644
87.0000   50.0000   4.3970   44.1225
88.0000   55.0000   18.4673   22.6622
89.0000   67.0000   10.6827   46.8842
90.0000   96.0000   5.7943   13.0433
91.0000   64.0000   21.4523   2.6352
92.0000   119.0000   2.7708   13.3748
93.0000   74.0000   24.9265   23.7259
94.0000   59.0000   15.5656   28.5297
95.0000   87.0000   5.6826   29.8680
96.0000   109.0000   41.5368   42.5378
97.0000   42.0000   39.8407   34.0263
98.0000   31.0000   13.3668   36.6547
99.0000   116.0000   45.7173   30.7613
100.0000   57.0000   25.0505   36.1698
101.0000   67.0000   8.4246   26.0829
102.0000   20.0000   21.1465   33.7305
103.0000   27.0000   48.2337   31.7072
104.0000   113.0000   14.4475   10.0374
105.0000   117.0000   24.0401   46.1614
106.0000   37.0000   17.7537   43.8432
107.0000   71.0000   4.8034   27.9935
108.0000   88.0000   36.5182   20.9619
109.0000   60.0000   47.3941   7.9090
110.0000   39.0000   23.9334   5.6019
111.0000   36.0000   18.3862   26.7484
112.0000   47.0000   35.9136   22.5893
113.0000   30.0000   16.7261   4.0982
114.0000   76.0000   29.2945   49.9063
115.0000   43.0000   8.3026   34.1508
116.0000   91.0000   7.8018   34.5479
117.0000   45.0000   20.6028   16.9178
118.0000   116.0000   31.1919   11.0345
119.0000   110.0000   30.5019   38.9982
120.0000   100.0000   9.1184   7.7173
121.0000   82.0000   13.7316   39.3901
122.0000   50.0000   24.1280   47.5875
123.0000   26.0000   36.2394   26.3043
124.0000   40.0000   49.1697   44.3787
125.0000   58.0000   45.4733   19.1315
126.0000   39.0000   10.8049   19.1053
127.0000   76.0000   6.8840   21.6501
128.0000   24.0000   34.8643   21.4787
129.0000   25.0000   22.4146   10.1335
130.0000   33.0000   27.7181   6.0429
131.0000   61.0000   0.0526   25.4124
132.0000   32.0000   13.4330   11.8353
133.0000   49.0000   30.5705   3.5956
134.0000   102.0000   34.0974   44.4010
135.0000   41.0000   4.5257   26.1554
136.0000   99.0000   48.1161   12.4516
137.0000   66.0000   29.6493   1.3165
138.0000   93.0000   13.4491   29.1748
139.0000   68.0000   26.3685   8.3170
140.0000   73.0000   7.1714   19.0875
141.0000   92.0000   22.2307   1.2302
142.0000   93.0000   24.4912   43.2800
143.0000   24.0000   21.7953   33.2267
144.0000   35.0000   44.3466   27.1528
145.0000   118.0000   28.6065   28.7547
146.0000   86.0000   47.3581   24.2478
147.0000   84.0000   27.2907   25.6775
148.0000   39.0000   39.9951   9.5641
149.0000   105.0000   14.7028   1.1409
150.0000   98.0000   18.6006   37.2265
151.0000   79.0000   49.5025   43.1198
152.0000   114.0000   43.9660   33.5080
153.0000   45.0000   23.8427   35.4009
154.0000   20.0000   23.8636   13.7052
155.0000   104.0000   2.1849   28.2236
156.0000   92.0000   7.8190   6.7386
157.0000   39.0000   39.2075   28.2914
158.0000   61.0000   39.3495   40.3287
159.0000   40.0000   15.0792   7.4840
160.0000   36.0000   19.0961   25.9513
161.0000   78.0000   17.6312   6.0396
162.0000   119.0000   46.9892   15.7876
163.0000   95.0000   37.8091   47.5530
164.0000   102.0000   19.5208   13.3594
165.0000   20.0000   4.4257   29.4634
166.0000   120.0000   12.4694   16.3883
167.0000   41.0000   35.1971   15.9130
168.0000   35.0000   20.9312   1.0381
169.0000   119.0000   6.9982   20.8136
170.0000   80.0000   6.2189   36.1115
171.0000   95.0000   19.4050   49.9633
172.0000   71.0000   39.4625   34.8601
173.0000   55.0000   36.7195   11.0622
174.0000   118.0000   37.7610   4.3358
175.0000   55.0000   6.7514   44.6258
176.0000   30.0000   31.5724   26.7020
177.0000   83.0000   45.3647   2.1269
178.0000   68.0000   35.3982   33.1387
179.0000   93.0000   10.5909   19.1504
180.0000   114.0000   40.0384   15.0437
181.0000   85.0000   11.4207   35.9079
182.0000   49.0000   38.2128   25.8954
183.0000   94.0000   49.4362   11.9820
184.0000   45.0000   28.9151   6.4844
185.0000   59.0000   11.9474   19.3176
186.0000   90.0000   45.2197   2.0746
187.0000   59.0000   39.9839   23.4476
188.0000   75.0000   38.4340   6.5344
189.0000   24.0000   5.0367   49.4500
190.0000   60.0000   33.6697   10.3101
191.0000   68.0000   7.2488   0.9292
192.0000   102.0000   18.7680   18.3938
193.0000   90.0000   11.9225   14.8682
194.0000   43.0000   17.1644   25.4250
195.0000   113.0000   43.2552   21.9433
196.0000   47.0000   8.0335   44.9917
197.0000   53.0000   3.2971   20.9768
198.0000   34.0000   3.0077   16.6545
199.0000   99.0000   43.1785   49.0496
200.0000   75.0000   20.1296   45.4114
201.0000   90.0000   4.6511   8.9759
202.0000   36.0000   42.4060   47.8511
203.0000   112.0000   45.9336   28.9639
204.0000   81.0000   32.9196   8.6654
205.0000   28.0000   12.2095   32.4421
206.0000   51.0000   3.7877   26.6853
207.0000   115.0000   49.6350   23.5212
208.0000   43.0000   9.1544   18.0044
209.0000   72.0000   11.9926   8.6860
210.0000   80.0000   21.6256   14.2832
211.0000   20.0000   44.6488   40.6025
212.0000   84.0000   43.2364   40.0495
213.0000   43.0000   2.5399   46.3752
214.0000   61.0000   13.7410   9.6708
215.0000   25.0000   10.3437   32.6940
216.0000   97.0000   16.3844   35.6014
217.0000   21.0000   44.9003   44.3718
218.0000   81.0000   16.2481   25.3741
219.0000   105.0000   19.1796   19.7827
220.0000   99.0000   31.4073   25.4326
221.0000   91.0000   22.8920   18.5720
222.0000   81.0000   34.3682   48.0146
223.0000   75.0000   32.8084   12.4237
224.0000   81.0000   33.0086   19.9440
225.0000   20.0000   24.8929   6.0884
226.0000   79.0000   1.4166   49.4540
227.0000   83.0000   30.6581   49.9206
228.0000   58.0000   0.5079   38.3431
229.0000   53.0000   30.5882   5.9166
230.0000   53.0000   26.8337   37.1689
231.0000   29.0000   20.8264   10.2984
232.0000   34.0000   20.0767   36.0847
233.0000   39.0000   23.2903   25.0450
234.0000   30.0000   26.8073   30.4124
235.0000   101.0000   49.2818   20.1495
236.0000   66.0000   24.7011   6.5022
237.0000   78.0000   2.3122   44.4609
238.0000   80.0000   45.0068   25.4979
239.0000   85.0000   20.8726   46.3911
240.0000   112.0000   3.8420   35.7436
241.0000   104.0000   4.7445   48.2174
242.0000   54.0000   38.4053   35.8010
243.0000   47.0000   0.9018   23.6022
244.0000   23.0000   7.7363   7.6716
245.0000   98.0000   39.6665   1.5069
246.0000   33.0000   1.2609   6.5535
247.0000   60.0000   30.9827   25.7744
248.0000   69.0000   32.4763   22.5964
249.0000   53.0000   49.2026   11.2309
250.0000   53.0000   26.9289   15.6258
251.0000   85.0000   49.8849   14.2515
252.0000   102.0000   42.1811   8.8893
253.0000   106.0000   10.5030   0.3005
254.0000   101.0000   38.7333   20.4302
255.0000   100.0000   29.2389   19.4286
256.0000   36.0000   6.4580   20.2401
257.0000   51.0000   39.4772   30.5225
258.0000   117.0000   45.5617   25.2488
259.0000   72.0000   10.5458   43.6609
260.0000   112.0000   41.1877   16.8661
261.0000   56.0000   49.9062   15.2681
262.0000   92.0000   19.1207   0.7338
263.0000   69.0000   40.3138   34.2258
264.0000   42.0000   6.7562   34.6464
265.0000   102.0000   29.6497   37.3142
266.0000   95.0000   20.7124   19.4858
267.0000   89.0000   34.8728   46.4664
268.0000   93.0000   9.2139   0.1384
269.0000   78.0000   8.4366   49.5252
270.0000   38.0000   21.0108   5.3677
271.0000   86.0000   10.7398   0.8244
272.0000   117.0000   24.6926   34.4379
273.0000   113.0000   14.1965   13.7230
274.0000   26.0000   26.5510   4.0514
275.0000   71.0000   14.4373   38.5129
276.0000   101.0000   32.3983   18.2571
277.0000   47.0000   14.6872   39.4183
278.0000   57.0000   47.7147   49.3683
279.0000   84.0000   3.9540   38.9032
280.0000   56.0000   31.0757   34.3202
281.0000   46.0000   15.3651   17.9599
282.0000   45.0000   12.1238   24.9894
283.0000   87.0000   0.9020   22.3207
284.0000   115.0000   0.3637   14.7397
285.0000   106.0000   45.3975   48.8361
286.0000   61.0000   41.1405   0.9318
287.0000   23.0000   34.5701   18.3390
288.0000   68.0000   17.9601   13.5974
289.0000   61.0000   11.3294   35.9928
290.0000   106.0000   42.2334   10.7686
291.0000   115.0000   16.9622   44.5862
292.0000   67.0000   32.2943   29.1952
293.0000   50.0000   37.5334   48.4485
294.0000   30.0000   39.6029   21.9532
295.0000   111.0000   39.4629   45.6913
296.0000   64.0000   19.8030   32.7357
297.0000   56.0000   34.1053   27.0326
298.0000   92.0000   40.0060   18.1840
299.0000   115.0000   13.2902   1.8358
300.0000   57.0000   13.3350   42.6084
301.0000   31.0000   11.8051   10.7035
302.0000   84.0000   25.4135   4.0961
303.0000   25.0000   26.3086   33.2333
304.0000   71.0000   17.7659   37.7878
305.0000   105.0000   0.5624   32.6332
306.0000   26.0000   31.2788   39.2354
307.0000   115.0000   25.6764   46.6116
308.0000   71.0000   47.0010   12.4888
309.0000   92.0000   45.4704   0.0760
310.0000   41.0000   2.3474   11.3491
311.0000   34.0000   9.1030   48.6862
312.0000   116.0000   42.5990   21.7185
313.0000   77.0000   15.9167   9.5311
314.0000   96.0000   45.5180   12.6500
315.0000   44.0000   38.1568   1.2558
316.0000   31.0000   14.7673   32.9769
317.0000   64.0000   41.1583   27.9927
318.0000   120.0000   39.4757   19.6106
319.0000   91.0000   3.1826   11.8280
320.0000   47.0000   0.7375   9.7575
321.0000   34.0000   49.7181   7.5707
322.0000   37.0000   39.7355   27.6792
323.0000   36.0000   2.0210   33.6115
324.0000   20.0000   40.2380   15.4341
325.0000   96.0000   38.9121   14.8136
