0.0000   0.0000   50.0000   50.0000
1.0000   79.0000   15.4237   72.4219
2.0000   76.0000   89.2579   52.8293
3.0000   85.0000   42.5931   17.6848
4.0000   38.0000   90.6658   11.5085
5.0000   51.0000   20.6105   27.9025
6.0000   64.0000   85.7275   86.0152
7.0000   49.0000   13.3310   61.9593
8.0000   94.0000   78.6555   88.4705
9.0000   79.0000   66.3839   83.8704
10.0000   30.0000   70.4902   4.9662
11.0000   62.0000   8.2088   66.4303
12.0000   87.0000   44.3573   84.5798
13.0000   42.0000   90.8927   39.8163
14.0000   55.0000   99.1551   73.3604
15.0000   14.0000   96.9123   29.9599
16.0000   92.0000   31.8545   93.1215
17.0000   76.0000   76.5202   85.7905
18.0000   19.0000   51.7755   31.0390
19.0000   29.0000   63.4727   23.0509
20.0000   83.0000   84.7284   26.8248

