0.0000   0.0000   0.0000   0.0000
1.0000   115.0000   35.1176   43.8030
2.0000   123.0000   33.4324   48.6090
3.0000   121.0000   16.1194   20.2864
4.0000   114.0000   49.7205   46.1823
5.0000   152.0000   6.2872   34.3243
6.0000   172.0000   26.1791   20.0535
7.0000   96.0000   47.7829   38.3129
8.0000   163.0000   30.5014   3.4226
9.0000   125.0000   18.2265   25.4851
10.0000   138.0000   37.1235   34.1078
11.0000   97.0000   32.4517   37.9703
12.0000   112.0000   47.5539   8.6023
13.0000   128.0000   15.1096   2.7664
14.0000   173.0000   0.0654   4.2431
15.0000   173.0000   22.2917   33.8240
16.0000   97.0000   18.8748   5.5494
17.0000   145.0000   37.6016   29.6308
18.0000   169.0000   0.7733   24.3089
19.0000   123.0000   7.5903   27.8635
20.0000   122.0000   31.4740   49.0807
21.0000   174.0000   5.5974   0.5076
22.0000   161.0000   35.9678   3.6192
23.0000   161.0000   14.5186   11.5025
24.0000   93.0000   29.6486   31.5975
25.0000   135.0000   26.5897   24.6532
26.0000   93.0000   47.4339   0.5904
27.0000   109.0000   29.9243   0.3742
28.0000   144.0000   7.7120   26.0809
29.0000   142.0000   5.1909   13.4472
30.0000   157.0000   44.4055   12.1334
31.0000   172.0000   45.7617   38.5004
32.0000   105.0000   26.7467   19.3000
33.0000   167.0000   48.7485   34.0201
34.0000   125.0000   10.1488   23.2628
35.0000   117.0000   39.4140   4.8792
36.0000   146.0000   49.3505   18.3866
37.0000   171.0000   28.9734   48.3455
38.0000   169.0000   11.8138   19.1836
39.0000   133.0000   44.3921   35.4519
40.0000   154.0000   16.5125   0.1082
41.0000   101.0000   2.8427   14.9937
42.0000   158.0000   41.3397   48.7462
43.0000   157.0000   17.7137   21.0256
44.0000   149.0000   13.3088   13.3158
45.0000   159.0000   7.5876   44.8267
46.0000   140.0000   34.7511   49.9635
47.0000   148.0000   48.9744   43.4981
48.0000   104.0000   5.3199   13.5172
49.0000   148.0000   29.8407   10.5307
50.0000   174.0000   16.6067   1.9994
51.0000   99.0000   47.9599   9.3230
52.0000   95.0000   1.2502   39.8783
53.0000   155.0000   22.4519   33.9282
54.0000   109.0000   42.5100   9.8923
55.0000   103.0000   5.5997   15.1368
56.0000   99.0000   48.6794   44.8049
57.0000   179.0000   49.0032   8.9563
58.0000   112.0000   22.4873   41.8983
59.0000   142.0000   9.0496   34.5658
60.0000   149.0000   19.7323   40.8502
61.0000   155.0000   42.5148   2.1376
62.0000   157.0000   4.7066   37.7300
63.0000   160.0000   19.2969   9.6798
64.0000   132.0000   48.5045   44.4584
65.0000   172.0000   7.6225   27.1076
66.0000   113.0000   7.3523   24.5977
67.0000   111.0000   8.8706   24.2463
68.0000   135.0000   32.9208   44.4865
69.0000   167.0000   48.1737   7.6315
70.0000   112.0000   13.3378   5.3583
71.0000   162.0000   29.6843   39.5702
72.0000   132.0000   12.0991   42.3783
73.0000   103.0000   19.3562   17.0071
74.0000   129.0000   47.1588   37.9273
75.0000   151.0000   11.3391   19.1452
76.0000   159.0000   38.6167   21.2940
77.0000   146.0000   2.0569   9.1695
78.0000   150.0000   48.6540   10.7298
79.0000   102.0000   49.3182   47.4145
80.0000   145.0000   15.1875   1.3282
81.0000   172.0000   48.4232   43.7422
82.0000   103.0000   11.0565   31.0608
83.0000   156.0000   10.4544   44.0777
84.0000   110.0000   0.1926   0.2092
85.0000   135.0000   35.2873   36.7876
86.0000   94.0000   41.7732   45.8055
87.0000   107.0000   3.3210   39.5778
88.0000   126.0000   23.5062   6.3243
89.0000   176.0000   2.7987   42.4819
90.0000   180.0000   33.3160   10.4594
91.0000   112.0000   16.0577   18.0275
92.0000   106.0000   34.7032   18.8335
93.0000   111.0000   34.2393   17.8443
94.0000   153.0000   41.1254   6.6386
95.0000   150.0000   27.5161   46.1851
96.0000   129.0000   43.7436   28.6170
97.0000   106.0000   18.8974   7.7667
98.0000   160.0000   45.2391   49.0356
99.0000   167.0000   17.1572   5.3539
100.0000   90.0000   30.3331   37.4843
101.0000   132.0000   21.9366   28.7369
102.0000   158.0000   12.6386   14.4355
103.0000   111.0000   22.5344   9.9681
104.0000   157.0000   45.2273   45.9920
105.0000   99.0000   4.8420   33.2719
106.0000   157.0000   10.1094   31.9862
107.0000   158.0000   28.6122   41.2885
108.0000   156.0000   1.6941   3.0718
109.0000   100.0000   25.7881   48.7516
110.0000   144.0000   34.0262   44.7257
111.0000   134.0000   8.5349   16.4464
112.0000   171.0000   8.8047   18.6512
113.0000   111.0000   48.3389   28.2146
114.0000   174.0000   13.7521   33.7625
115.0000   179.0000   47.6991   23.1984
116.0000   127.0000   1.7652   43.6590
117.0000   138.0000   42.6173   0.9759
118.0000   100.0000   24.7179   44.2249
119.0000   152.0000   3.0203   25.4714
120.0000   100.0000   16.2752   39.4147
121.0000   145.0000   29.1078   43.6280
122.0000   124.0000   2.8153   33.3691
123.0000   106.0000   31.3893   18.9283
124.0000   140.0000   47.4123   43.7767
125.0000   136.0000   35.6553   9.7872
126.0000   141.0000   33.3726   15.8162
127.0000   140.0000   2.3547   36.8533
128.0000   147.0000   32.8119   33.4011
129.0000   151.0000   29.4175   44.1071
130.0000   93.0000   3.5277   13.5911
131.0000   132.0000   35.4525   41.3264
132.0000   126.0000   13.7863   21.5441
133.0000   146.0000   7.6038   0.9097
134.0000   99.0000   22.1488   28.8901
135.0000   101.0000   5.7162   38.6818
136.0000   143.0000   1.8068   41.7681
137.0000   97.0000   16.8355   2.0371
138.0000   143.0000   0.1245   42.9300
139.0000   102.0000   44.3800   48.6992
140.0000   157.0000   34.7586   21.8008
141.0000   109.0000   26.1379   40.0239
142.0000   107.0000   39.6432   42.9559
143.0000   168.0000   19.9075   44.2144
144.0000   112.0000   37.8651   2.8466
145.0000   167.0000   3.6683   7.7055
146.0000   124.0000   4.3717   47.9408
147.0000   144.0000   29.9126   14.9334
148.0000   105.0000   19.1059   6.9214
149.0000   169.0000   45.4678   9.0062
150.0000   124.0000   10.8807   26.1636
151.0000   135.0000   43.7798   43.5749
152.0000   128.0000   17.6869   26.3123
153.0000   98.0000   10.6586   1.5487
154.0000   147.0000   8.8754   11.4597
155.0000   128.0000   39.7964   41.5257
156.0000   100.0000   41.5806   6.2065
157.0000   135.0000   1.0508   33.9378
158.0000   176.0000   32.4233   16.9276
159.0000   175.0000   35.7771   28.9238
160.0000   150.0000   17.5704   27.2840
161.0000   175.0000   35.5829   38.2950
162.0000   150.0000   26.5348   31.1219
163.0000   127.0000   46.2839   20.3128
164.0000   91.0000   30.9772   28.8238
165.0000   111.0000   48.6575   22.0317
166.0000   175.0000   16.3151   8.4873
167.0000   145.0000   9.2617   29.7288
168.0000   96.0000   38.6252   44.3454
169.0000   166.0000   2.0586   39.5012
170.0000   119.0000   29.0943   19.0948
171.0000   120.0000   0.2679   20.5687
172.0000   153.0000   42.2835   45.8333
173.0000   140.0000   42.7752   0.5562
174.0000   123.0000   6.2918   4.3821
175.0000   158.0000   31.4919   15.1612
176.0000   131.0000   49.7725   45.9574
177.0000   117.0000   4.4342   18.2104
178.0000   155.0000   43.3793   9.6247
179.0000   90.0000   39.4607   16.3444
180.0000   137.0000   21.6041   49.4358
181.0000   108.0000   12.9786   22.3645
182.0000   180.0000   18.9675   40.2414
183.0000   96.0000   10.9851   34.4443
184.0000   135.0000   0.4128   42.2620
185.0000   166.0000   9.0192   26.1721
186.0000   102.0000   37.9211   36.8376
187.0000   138.0000   14.5561   36.8654
188.0000   172.0000   13.8192   7.6800
189.0000   120.0000   18.5159   2.7684
190.0000   156.0000   36.7188   5.9630
191.0000   180.0000   22.8458   33.4682
192.0000   150.0000   16.1224   12.5108
193.0000   156.0000   0.9255   26.3688
194.0000   172.0000   26.4054   9.1244
195.0000   167.0000   46.3747   16.6694
196.0000   149.0000   32.3664   19.9184
197.0000   144.0000   7.3575   45.1169
198.0000   97.0000   12.4565   24.6106
199.0000   146.0000   40.2987   39.7661
200.0000   140.0000   29.2122   12.2875
201.0000   97.0000   7.3254   20.8982
202.0000   145.0000   40.8616   23.3377
203.0000   125.0000   30.1457   6.2709
204.0000   116.0000   11.1863   24.4262
205.0000   151.0000   1.1682   29.5722
206.0000   172.0000   27.5125   45.3003
207.0000   102.0000   14.5620   9.1060
208.0000   158.0000   19.7972   45.4597
209.0000   151.0000   13.7897   5.4218
210.0000   105.0000   9.1834   49.2638
211.0000   93.0000   8.0319   11.8560
212.0000   97.0000   14.9831   49.5629
213.0000   127.0000   4.9067   32.4146
214.0000   135.0000   26.7445   5.7210
215.0000   135.0000   11.5790   22.5022
216.0000   103.0000   37.6801   49.0818
217.0000   118.0000   1.2593   25.8601
218.0000   140.0000   32.3947   47.9059
219.0000   179.0000   45.7257   49.8219
220.0000   141.0000   9.9049   17.3271
221.0000   140.0000   11.3469   6.1150
222.0000   164.0000   42.0552   8.4410
223.0000   163.0000   18.7877   18.5451
224.0000   102.0000   9.5998   47.3875
225.0000   126.0000   41.4988   7.0450
226.0000   125.0000   8.4096   48.9803
227.0000   142.0000   4.6928   49.0874
228.0000   99.0000   1.6053   13.8577
229.0000   123.0000   14.0814   3.0024
230.0000   108.0000   13.0505   35.7894
231.0000   117.0000   45.8636   26.9151
232.0000   162.0000   38.7278   27.5259
233.0000   134.0000   46.2969   46.0040
234.0000   96.0000   39.1610   22.3709
235.0000   165.0000   42.2341   2.4098
236.0000   136.0000   17.4342   44.4921
237.0000   105.0000   33.8565   22.4110
238.0000   138.0000   48.3386   36.0349
239.0000   113.0000   37.0177   10.0906
240.0000   166.0000   30.4247   5.3388
241.0000   114.0000   29.8904   39.3375
242.0000   118.0000   42.4818   4.9461
243.0000   118.0000   45.1808   43.4207
244.0000   127.0000   34.7734   48.7581
245.0000   176.0000   27.3973   27.8613
246.0000   155.0000   44.5438   32.1343
247.0000   161.0000   5.1158   36.2851
248.0000   141.0000   44.5659   29.8377
249.0000   173.0000   26.4451   47.8621
250.0000   136.0000   29.0389   23.2656
251.0000   106.0000   35.9691   38.3918
252.0000   94.0000   36.4171   4.7994
253.0000   121.0000   38.5292   30.6783
254.0000   139.0000   43.3807   41.0299
255.0000   133.0000   14.4448   3.7403
256.0000   165.0000   43.0065   30.0975
257.0000   159.0000   5.9435   30.3770
258.0000   154.0000   0.7695   2.5654
259.0000   163.0000   24.2017   28.3810
260.0000   118.0000   10.8970   35.2775
261.0000   98.0000   39.0718   46.7369
262.0000   152.0000   2.6533   29.8683
263.0000   108.0000   24.0982   6.5033
264.0000   151.0000   25.9237   13.0471
265.0000   118.0000   9.5237   10.1311
266.0000   168.0000   36.5274   1.0328
267.0000   102.0000   8.7390   15.2908
268.0000   96.0000   35.9008   23.5936
269.0000   134.0000   48.2220   29.5788
270.0000   137.0000   37.7053   41.6980
271.0000   136.0000   44.4345   46.9047
272.0000   149.0000   18.6878   4.5921
273.0000   176.0000   6.7792   47.5719
274.0000   107.0000   44.2793   48.4171
275.0000   141.0000   6.6841   49.8389
276.0000   118.0000   12.9671   3.0115
277.0000   109.0000   4.8101   0.3157
278.0000   164.0000   0.6132   2.7706
279.0000   97.0000   46.5637   38.8350
280.0000   125.0000   0.5418   7.0567
281.0000   133.0000   41.6221   34.9697
282.0000   157.0000   15.9434   17.5130
283.0000   134.0000   26.3824   33.8811
284.0000   144.0000   41.2078   13.7533
285.0000   153.0000   49.3244   22.4511
286.0000   133.0000   49.3214   0.1601
287.0000   171.0000   42.3825   26.2200
288.0000   149.0000   41.7054   16.5822
289.0000   160.0000   21.4748   48.9999
290.0000   175.0000   46.6348   25.1360
291.0000   131.0000   13.5616   13.7035
292.0000   140.0000   34.6978   28.0537
293.0000   96.0000   45.1923   2.7989
294.0000   154.0000   45.5235   1.4364
295.0000   151.0000   13.8662   18.5392
296.0000   135.0000   44.2401   20.7014
297.0000   118.0000   12.9920   21.3325
298.0000   170.0000   13.2626   34.8234
299.0000   175.0000   18.9935   39.8536
300.0000   100.0000   36.2722   15.0816
