0.0000   0.0000   0.0000   0.0000
1.0000   52.0000   23.5420   19.5658
2.0000   42.0000   10.5147   7.0035
3.0000   32.0000   30.2231   18.5417
4.0000   107.0000   12.0707   8.8761
5.0000   57.0000   45.8417   25.6147
6.0000   70.0000   22.3203   24.3163
7.0000   118.0000   15.5455   12.8666
8.0000   100.0000   19.4785   37.6403
9.0000   114.0000   18.9799   36.8155
10.0000   33.0000   37.4970   24.4492
11.0000   64.0000   31.7973   46.1974
12.0000   58.0000   31.4508   20.4208
13.0000   33.0000   25.9014   9.8577
14.0000   31.0000   11.9993   18.3555
15.0000   45.0000   16.9129   30.0506
16.0000   31.0000   5.4091   12.5968
17.0000   119.0000   7.5410   8.9692
18.0000   34.0000   28.3857   24.3038
19.0000   35.0000   12.3782   12.6882
20.0000   38.0000   41.8146   34.4356
21.0000   50.0000   39.8164   29.4317
22.0000   76.0000   17.5259   48.0244
23.0000   45.0000   48.6953   11.1592
24.0000   43.0000   41.2869   37.3281
25.0000   68.0000   14.0999   39.7023
26.0000   80.0000   21.1470   48.1822
27.0000   70.0000   15.2073   43.8464
28.0000   41.0000   24.7378   6.9234
29.0000   88.0000   15.5169   31.0524
30.0000   78.0000   31.3885   49.6394
31.0000   67.0000   38.7524   45.8686
32.0000   31.0000   41.3677   32.1015
33.0000   114.0000   49.8182   3.4914
34.0000   82.0000   26.9192   18.5008
35.0000   76.0000   11.9033   5.6558
36.0000   101.0000   41.5635   20.2058
37.0000   102.0000   16.9891   7.0036
38.0000   109.0000   40.2111   1.4225
39.0000   30.0000   24.0009   17.8864
40.0000   108.0000   40.4778   41.7180
41.0000   41.0000   26.4040   5.2105
42.0000   95.0000   49.9196   47.5094
43.0000   86.0000   28.8624   17.0639
44.0000   68.0000   38.9772   14.2072
45.0000   36.0000   15.7216   32.7327
46.0000   93.0000   2.6937   34.2997
47.0000   31.0000   6.5545   31.8224
48.0000   77.0000   14.8740   1.3650
49.0000   37.0000   33.6735   28.2400
50.0000   103.0000   28.1157   34.1920
51.0000   34.0000   29.6662   8.0670
52.0000   118.0000   25.0099   23.9008
53.0000   86.0000   19.8133   25.1443
54.0000   83.0000   25.3595   34.6506
55.0000   101.0000   25.7081   28.9135
56.0000   83.0000   16.1983   43.6868
57.0000   96.0000   14.6900   9.4629
58.0000   62.0000   48.4271   42.9053
59.0000   120.0000   6.7262   2.0841
60.0000   79.0000   40.6144   2.6524
61.0000   35.0000   47.0380   42.3767
62.0000   95.0000   27.2458   28.7256
63.0000   105.0000   14.1878   39.6337
64.0000   85.0000   42.2505   20.8556
65.0000   114.0000   46.2546   16.0205
66.0000   119.0000   5.4597   28.7359
67.0000   78.0000   2.8606   28.0223
68.0000   87.0000   6.4399   10.6595
69.0000   73.0000   37.7539   44.7443
70.0000   33.0000   12.6338   12.3621
71.0000   102.0000   37.5556   11.0772
72.0000   93.0000   20.8863   23.4570
73.0000   54.0000   40.1054   45.9724
74.0000   94.0000   30.5618   40.0045
75.0000   76.0000   36.5593   37.4809
76.0000   55.0000   11.0330   34.2742
77.0000   39.0000   10.7648   30.6071
78.0000   41.0000   17.7931   5.0655
79.0000   58.0000   23.3272   37.4330
80.0000   42.0000   24.3012   1.1837
81.0000   91.0000   39.8271   11.9665
82.0000   58.0000   17.4612   0.5424
83.0000   41.0000   18.5936   34.3386
84.0000   60.0000   23.3927   12.4859
85.0000   45.0000   31.7350   47.2992
86.0000   119.0000   20.4300   36.2843
87.0000   56.0000   34.1008   7.4186
88.0000   33.0000   20.2931   34.3687
89.0000   120.0000   37.5796   20.0626
90.0000   58.0000   5.4089   32.8643
91.0000   108.0000   9.4963   47.8492
92.0000   33.0000   12.9168   6.9438
93.0000   102.0000   48.6351   4.8892
94.0000   53.0000   46.1414   18.9173
95.0000   82.0000   43.3663   2.3304
96.0000   82.0000   42.2959   29.0318
97.0000   83.0000   41.9667   9.8895
98.0000   112.0000   32.2149   27.1360
99.0000   105.0000   18.2425   4.7431
100.0000   112.0000   42.0209   0.8754
101.0000   75.0000   37.0720   1.0999
102.0000   39.0000   45.3428   47.3419
103.0000   70.0000   40.1115   48.7651
104.0000   78.0000   19.0563   44.1094
105.0000   65.0000   19.8301   38.6018
106.0000   99.0000   12.7812   22.1993
107.0000   58.0000   8.6359   41.3491
108.0000   61.0000   38.2700   1.2655
109.0000   89.0000   25.0195   19.0455
110.0000   62.0000   15.0065   41.3603
111.0000   32.0000   26.2048   43.0839
112.0000   101.0000   27.2166   43.2293
113.0000   118.0000   38.5172   4.8761
114.0000   98.0000   47.0870   25.8781
115.0000   50.0000   44.6980   13.3996
116.0000   107.0000   19.7855   4.2241
117.0000   75.0000   34.9131   13.8347
118.0000   112.0000   14.8458   39.1391
119.0000   44.0000   12.5704   16.7854
120.0000   43.0000   4.9745   29.5687
121.0000   31.0000   44.7546   35.4215
122.0000   119.0000   44.1691   0.5326
123.0000   106.0000   45.6521   47.4635
124.0000   70.0000   21.5519   48.1086
125.0000   45.0000   19.8590   30.2679
126.0000   90.0000   24.8726   37.9343
127.0000   106.0000   44.5928   21.0333
128.0000   84.0000   44.0006   38.9429
129.0000   104.0000   25.5462   31.6912
130.0000   76.0000   35.8100   18.1612
131.0000   97.0000   12.5230   28.4580
132.0000   99.0000   20.1692   40.3335
133.0000   68.0000   35.9317   6.9679
134.0000   41.0000   16.8429   33.2805
135.0000   37.0000   21.9462   45.3687
136.0000   55.0000   34.4328   13.8891
137.0000   97.0000   9.7969   40.8940
138.0000   77.0000   30.0263   40.5626
139.0000   50.0000   35.1630   45.1370
140.0000   104.0000   5.0213   26.7212
141.0000   55.0000   5.4329   26.6676
142.0000   120.0000   20.4214   24.3327
143.0000   111.0000   17.9436   4.3926
144.0000   100.0000   7.0606   35.0442
145.0000   77.0000   27.4624   16.0800
146.0000   73.0000   22.4367   4.0228
147.0000   73.0000   8.6151   28.7795
148.0000   55.0000   13.4979   23.8177
149.0000   43.0000   10.0781   46.7249
150.0000   99.0000   42.1632   0.8615
151.0000   59.0000   38.0489   15.0180
152.0000   104.0000   22.4663   44.9688
153.0000   42.0000   33.5505   13.0245
154.0000   81.0000   31.7626   46.1191
155.0000   89.0000   9.7019   27.5817
156.0000   118.0000   14.7653   47.1625
157.0000   99.0000   23.1233   25.0277
158.0000   92.0000   7.9587   2.2551
159.0000   54.0000   22.2003   31.8657
160.0000   41.0000   8.1008   2.3364
161.0000   72.0000   11.0106   1.4173
162.0000   56.0000   17.4661   46.4344
163.0000   120.0000   46.2360   7.3470
164.0000   119.0000   32.2466   11.4585
165.0000   59.0000   44.8959   24.8443
166.0000   39.0000   36.6116   9.9645
167.0000   76.0000   29.0237   32.4322
168.0000   98.0000   34.1945   12.6855
169.0000   52.0000   3.2238   15.3904
170.0000   85.0000   13.1061   48.4783
171.0000   85.0000   39.2277   46.8752
172.0000   37.0000   6.5883   29.3803
173.0000   56.0000   5.3121   10.9948
174.0000   49.0000   16.8771   4.7535
175.0000   118.0000   47.9199   18.0364
176.0000   85.0000   30.1263   22.6387
177.0000   64.0000   36.2429   46.5487
178.0000   52.0000   19.7653   12.0061
179.0000   63.0000   19.0397   36.1329
180.0000   114.0000   15.9997   46.0013
181.0000   47.0000   43.7894   9.2224
182.0000   64.0000   4.7350   15.5065
183.0000   67.0000   35.5725   20.5537
184.0000   115.0000   6.5003   14.9795
185.0000   92.0000   36.2732   31.4793
186.0000   67.0000   3.8038   43.2254
187.0000   79.0000   15.0059   36.8907
188.0000   94.0000   36.9845   43.8510
189.0000   81.0000   28.7038   24.8896
190.0000   69.0000   1.5161   41.3660
191.0000   110.0000   17.4502   17.9616
192.0000   68.0000   41.5250   15.5865
193.0000   33.0000   8.1277   5.1071
194.0000   101.0000   41.2086   23.4597
195.0000   85.0000   7.4403   29.9393
196.0000   118.0000   22.3473   40.7036
197.0000   66.0000   15.1294   22.7081
198.0000   53.0000   43.1869   0.6669
199.0000   56.0000   39.3229   49.7062
200.0000   98.0000   1.8308   14.4382
201.0000   30.0000   36.0007   21.2729
202.0000   68.0000   9.8276   6.9444
203.0000   63.0000   38.5065   39.3506
204.0000   40.0000   37.6019   7.7196
205.0000   102.0000   12.2536   25.9900
206.0000   58.0000   49.5504   48.6168
207.0000   41.0000   12.9330   30.2604
208.0000   59.0000   21.2647   17.2718
209.0000   90.0000   37.1922   8.6677
210.0000   111.0000   45.3320   37.4914
211.0000   65.0000   27.3997   0.3249
212.0000   49.0000   45.2329   34.0152
213.0000   103.0000   28.5129   20.4802
214.0000   106.0000   39.5102   16.5150
215.0000   65.0000   39.9023   35.6496
216.0000   104.0000   29.1045   10.1634
217.0000   78.0000   39.8474   25.6396
218.0000   85.0000   13.6493   35.4623
219.0000   58.0000   9.3014   15.4694
220.0000   80.0000   10.8647   13.3383
221.0000   78.0000   45.4021   10.3048
222.0000   63.0000   1.6936   6.1632
223.0000   114.0000   23.8022   40.7021
224.0000   119.0000   22.2391   9.9168
225.0000   37.0000   5.0326   5.3408
226.0000   43.0000   13.7512   22.1731
227.0000   79.0000   47.6201   44.7240
228.0000   83.0000   2.9020   42.7370
229.0000   59.0000   38.0300   4.4062
230.0000   37.0000   42.4744   32.4366
231.0000   118.0000   39.2188   28.5011
232.0000   95.0000   48.3182   44.1244
233.0000   45.0000   29.9626   21.7476
234.0000   38.0000   46.0040   41.0691
235.0000   56.0000   28.4814   9.9841
236.0000   73.0000   40.9587   46.7069
237.0000   37.0000   12.1053   40.6285
238.0000   65.0000   31.0528   9.7738
239.0000   78.0000   32.4065   13.9257
240.0000   93.0000   43.7272   10.3238
241.0000   41.0000   40.7303   9.6286
242.0000   71.0000   32.4973   39.9635
243.0000   95.0000   23.5576   3.2022
244.0000   88.0000   43.9145   28.5992
245.0000   50.0000   16.2028   45.6476
246.0000   41.0000   12.5058   7.6256
247.0000   45.0000   37.4265   24.2272
248.0000   53.0000   38.7840   10.9777
249.0000   108.0000   11.6728   2.3550
250.0000   77.0000   8.6249   40.6296
251.0000   65.0000   2.9625   36.7089
252.0000   38.0000   36.6595   17.7412
253.0000   68.0000   38.3509   16.5724
254.0000   63.0000   37.3160   12.0078
255.0000   81.0000   40.1590   11.2790
256.0000   112.0000   44.4301   16.7583
257.0000   47.0000   12.1236   25.5707
258.0000   30.0000   44.5017   24.5236
259.0000   49.0000   1.9695   10.4589
260.0000   84.0000   43.3245   6.4516
261.0000   78.0000   31.7604   23.1384
262.0000   101.0000   10.1418   35.1145
263.0000   69.0000   33.7681   41.1288
264.0000   30.0000   19.8723   27.0003
265.0000   88.0000   3.2737   39.3197
266.0000   62.0000   16.0518   22.5476
267.0000   45.0000   42.8177   27.9828
268.0000   89.0000   44.9683   34.5520
269.0000   49.0000   47.5500   33.4136
270.0000   86.0000   13.4741   42.4902
271.0000   30.0000   13.0263   11.3152
272.0000   69.0000   11.7380   2.5175
273.0000   92.0000   28.6035   2.1369
274.0000   43.0000   40.6298   32.5433
275.0000   46.0000   27.1214   32.2072
276.0000   43.0000   40.8804   47.8557
277.0000   83.0000   26.9343   18.1487
278.0000   94.0000   13.1413   41.6727
279.0000   82.0000   44.7716   16.2972
280.0000   55.0000   9.4855   16.9552
281.0000   56.0000   4.8442   6.2874
282.0000   91.0000   35.1597   35.2986
283.0000   76.0000   17.6001   24.1404
284.0000   73.0000   47.0471   19.6724
285.0000   108.0000   25.6264   17.5020
286.0000   91.0000   5.5017   11.7092
287.0000   60.0000   41.2039   49.3260
288.0000   116.0000   40.2432   13.5677
289.0000   111.0000   3.6716   48.9809
290.0000   92.0000   44.6840   25.2015
291.0000   72.0000   37.6238   47.4250
292.0000   31.0000   5.8851   43.5538
293.0000   47.0000   39.8350   41.5859
294.0000   34.0000   16.2903   17.8562
295.0000   79.0000   3.1208   28.4845
296.0000   111.0000   48.2660   10.2272
297.0000   44.0000   4.8887   29.9721
298.0000   36.0000   16.8146   6.0714
299.0000   53.0000   23.6539   3.9717
300.0000   44.0000   17.0145   7.2532
301.0000   96.0000   2.9574   27.6720
302.0000   50.0000   37.1899   48.9122
303.0000   34.0000   32.7780   11.7294
304.0000   84.0000   25.4009   18.3815
305.0000   79.0000   6.4243   27.3383
306.0000   102.0000   13.3272   43.4783
307.0000   33.0000   22.0782   48.1863
308.0000   34.0000   38.9818   12.5884
309.0000   86.0000   16.4735   43.1558
310.0000   105.0000   29.9002   44.2568
311.0000   67.0000   42.5473   1.1861
312.0000   61.0000   42.0969   9.2031
313.0000   39.0000   12.3093   42.7058
314.0000   102.0000   42.0114   37.9562
315.0000   38.0000   5.2480   0.2867
316.0000   62.0000   20.8662   42.7833
317.0000   111.0000   12.8048   15.1978
318.0000   113.0000   15.2762   38.6993
319.0000   74.0000   39.5484   7.2134
320.0000   54.0000   22.7671   3.9775
321.0000   107.0000   30.7863   30.3792
322.0000   53.0000   20.4298   36.9413
323.0000   94.0000   19.8697   35.2699
324.0000   60.0000   5.6602   22.1169
325.0000   76.0000   33.8128   30.1772
326.0000   52.0000   34.0777   29.7877
327.0000   46.0000   10.1633   37.3444
328.0000   113.0000   3.9789   20.3217
329.0000   110.0000   39.7845   6.1497
330.0000   48.0000   19.6867   12.0529
331.0000   55.0000   25.0149   16.8219
332.0000   71.0000   6.6038   36.3080
333.0000   35.0000   16.2485   39.4977
334.0000   100.0000   3.7253   15.1608
335.0000   43.0000   47.0621   10.8322
336.0000   95.0000   47.0916   28.4436
337.0000   31.0000   4.6752   43.9785
338.0000   92.0000   46.2767   47.8087
339.0000   74.0000   32.0846   44.9314
340.0000   70.0000   36.4763   42.0010
341.0000   90.0000   20.5126   36.7140
342.0000   50.0000   30.1047   31.8704
343.0000   108.0000   33.7247   13.0333
344.0000   45.0000   26.3534   2.3527
345.0000   88.0000   43.9559   48.1567
346.0000   80.0000   4.7936   42.8421
347.0000   49.0000   24.0929   22.5421
348.0000   116.0000   6.1511   49.6880
349.0000   105.0000   26.8657   2.1423
350.0000   55.0000   47.6976   1.2781
351.0000   48.0000   14.7701   31.3368
352.0000   50.0000   4.8877   35.9003
353.0000   45.0000   18.3176   30.6887
354.0000   98.0000   41.4988   42.1024
355.0000   31.0000   21.9169   34.2409
356.0000   73.0000   44.1774   15.2895
357.0000   51.0000   1.5386   48.5509
358.0000   115.0000   25.3481   33.3045
359.0000   74.0000   14.5232   14.7617
360.0000   31.0000   39.0059   5.6311
361.0000   56.0000   38.3622   42.4056
362.0000   108.0000   21.6037   48.1164
363.0000   90.0000   45.0990   27.0089
364.0000   80.0000   9.2022   17.5880
365.0000   55.0000   22.8063   32.9320
366.0000   108.0000   43.1894   1.9998
367.0000   114.0000   36.2250   0.4905
368.0000   50.0000   0.1434   3.5083
369.0000   65.0000   9.7713   38.7141
370.0000   78.0000   1.8145   27.2783
371.0000   68.0000   43.9225   0.4579
372.0000   74.0000   2.7923   3.6173
373.0000   48.0000   13.4511   29.7457
374.0000   32.0000   32.9906   15.3516
375.0000   34.0000   17.6102   22.8776
376.0000   94.0000   21.1971   6.9090
377.0000   108.0000   39.7800   5.9005
378.0000   39.0000   48.0051   11.9754
379.0000   30.0000   40.1107   26.5245
380.0000   64.0000   47.5514   36.1109
381.0000   59.0000   11.0344   33.5780
382.0000   37.0000   41.1328   28.3712
383.0000   81.0000   14.9120   0.7833
384.0000   67.0000   24.3158   49.2033
385.0000   116.0000   17.7667   13.2408
386.0000   114.0000   0.9121   44.1538
387.0000   36.0000   46.0120   35.7511
388.0000   78.0000   36.8185   10.3075
389.0000   78.0000   39.6452   6.3314
390.0000   99.0000   16.8749   36.9047
391.0000   66.0000   39.2428   47.3968
392.0000   102.0000   7.7534   9.5990
393.0000   85.0000   38.0836   19.3150
394.0000   60.0000   34.5678   27.1021
395.0000   92.0000   10.0707   21.9216
396.0000   41.0000   23.0215   18.3166
397.0000   110.0000   39.7786   42.9818
398.0000   39.0000   27.1231   18.5700
399.0000   32.0000   48.7494   7.4726
400.0000   88.0000   37.0598   12.0892
401.0000   105.0000   10.8563   22.8443
402.0000   53.0000   41.0345   43.7940
403.0000   106.0000   30.3111   2.4313
404.0000   58.0000   0.3325   3.2879
405.0000   97.0000   42.8834   38.6265
406.0000   65.0000   0.4250   25.9315
407.0000   90.0000   11.2907   20.6056
408.0000   54.0000   33.7541   8.1911
409.0000   98.0000   18.6125   38.6110
410.0000   83.0000   3.5913   29.5730
411.0000   96.0000   8.3161   27.5626
412.0000   47.0000   38.2951   1.2109
413.0000   79.0000   17.6724   3.2977
414.0000   30.0000   32.4253   34.9782
415.0000   101.0000   27.7989   46.8635
416.0000   103.0000   46.0092   9.5838
417.0000   36.0000   47.9182   36.3274
418.0000   60.0000   27.2406   22.3309
419.0000   36.0000   31.5296   41.8911
420.0000   38.0000   5.3770   42.6803
421.0000   111.0000   3.3604   18.5102
422.0000   69.0000   6.6788   11.6973
423.0000   34.0000   38.8961   48.2922
424.0000   43.0000   33.5961   23.5417
425.0000   46.0000   45.4846   12.9132
426.0000   110.0000   2.1638   37.4695
427.0000   76.0000   1.8965   10.4789
428.0000   95.0000   4.5830   47.1658
429.0000   60.0000   10.7833   27.1544
430.0000   45.0000   28.7340   24.0893
431.0000   55.0000   11.6051   30.2954
432.0000   91.0000   16.4968   26.1632
433.0000   93.0000   43.5058   42.7762
434.0000   97.0000   33.1678   49.4220
435.0000   100.0000   26.3575   30.1904
436.0000   43.0000   10.0668   13.7197
437.0000   71.0000   23.9298   13.0469
438.0000   51.0000   22.9341   8.6672
439.0000   41.0000   43.3026   6.7322
440.0000   73.0000   10.8703   25.9381
441.0000   87.0000   1.3010   31.2832
442.0000   81.0000   39.8777   12.5908
443.0000   48.0000   3.6396   12.1558
444.0000   30.0000   41.1872   3.0063
445.0000   110.0000   13.2741   9.7024
446.0000   105.0000   37.6794   19.3885
447.0000   41.0000   16.6446   2.4018
448.0000   91.0000   42.6991   41.9862
449.0000   109.0000   14.9937   6.9421
450.0000   63.0000   31.5982   28.7114
451.0000   87.0000   33.2169   48.8434
452.0000   62.0000   9.2736   8.0186
453.0000   42.0000   44.9380   46.0878
454.0000   119.0000   2.9255   21.1839
455.0000   77.0000   6.6095   34.5025
456.0000   40.0000   39.8218   11.9298
457.0000   45.0000   25.1189   4.7536
458.0000   70.0000   45.2693   2.5682
459.0000   48.0000   49.5101   9.6756
460.0000   33.0000   11.1041   8.3314
461.0000   48.0000   44.1270   14.2171
462.0000   73.0000   34.5068   0.7891
463.0000   92.0000   42.4602   32.6500
464.0000   70.0000   3.0597   18.0663
465.0000   84.0000   1.5390   27.4235
466.0000   107.0000   30.6715   19.9046
467.0000   36.0000   15.7167   22.3964
468.0000   54.0000   9.0432   33.1530
469.0000   99.0000   46.3138   26.3622
470.0000   36.0000   43.5231   49.7696
471.0000   107.0000   49.1317   43.4062
472.0000   63.0000   18.0004   47.2620
473.0000   107.0000   31.2261   39.5945
474.0000   53.0000   37.6892   20.2113
475.0000   103.0000   26.8791   14.1828
476.0000   36.0000   18.3354   27.3296
477.0000   89.0000   38.6289   44.1629
478.0000   116.0000   33.4468   33.0897
479.0000   70.0000   39.8501   18.0078
480.0000   52.0000   48.2435   49.7907
481.0000   116.0000   48.6735   41.0997
482.0000   109.0000   42.1659   6.8459
483.0000   70.0000   20.6755   31.6005
484.0000   42.0000   15.9396   36.7957
485.0000   44.0000   11.6872   43.4779
486.0000   95.0000   2.3736   44.0345
487.0000   78.0000   16.8353   22.3526
488.0000   33.0000   16.3820   41.6926
489.0000   97.0000   30.7963   47.9473
490.0000   90.0000   42.4905   33.9467
491.0000   64.0000   21.1863   21.5858
492.0000   62.0000   8.6056   19.1652
493.0000   115.0000   4.6158   31.7735
494.0000   70.0000   29.1203   34.3339
495.0000   84.0000   31.3484   20.8984
496.0000   54.0000   41.2526   1.5952
497.0000   72.0000   17.6609   4.2691
498.0000   58.0000   7.2425   44.0682
499.0000   92.0000   42.8449   25.9945
500.0000   100.0000   44.0571   25.6247
