0.0000   0.0000   0.0000   0.0000
1.0000   55.0000   93.1573   77.9078
2.0000   62.0000   28.7021   8.9478
3.0000   51.0000   72.7151   91.9786
4.0000   67.0000   27.6243   70.1168
5.0000   30.0000   82.9854   9.6882
6.0000   35.0000   72.8169   5.1165
7.0000   90.0000   30.4676   65.3141
8.0000   58.0000   73.2748   4.4749
9.0000   97.0000   64.8502   55.0994
10.0000   48.0000   15.1681   68.4374
11.0000   102.0000   34.6947   49.0059
12.0000   117.0000   71.7141   9.8114
13.0000   50.0000   74.9294   96.6145
14.0000   40.0000   6.8734   83.5343
15.0000   95.0000   83.0074   47.6542
16.0000   41.0000   51.3600   79.8042
17.0000   113.0000   59.2662   79.5777
18.0000   114.0000   92.5423   4.4477
19.0000   60.0000   69.2757   55.3496
20.0000   74.0000   90.0011   66.7545
21.0000   60.0000   48.0160   89.6922
22.0000   47.0000   35.0549   99.9194
23.0000   52.0000   3.1441   50.4605
24.0000   54.0000   62.2448   2.0785
25.0000   42.0000   19.8250   57.7828
26.0000   92.0000   53.3444   32.4075
27.0000   116.0000   27.5207   82.2573
28.0000   96.0000   2.3014   92.9009
29.0000   42.0000   75.4573   11.3648
30.0000   116.0000   25.6599   36.9945
31.0000   100.0000   23.6575   68.1971
32.0000   57.0000   86.4117   95.4187
33.0000   50.0000   14.0762   1.8741
34.0000   82.0000   1.4995   71.5595
35.0000   49.0000   34.7667   89.4267
36.0000   77.0000   20.4645   65.8085
37.0000   35.0000   16.9889   97.5580
38.0000   48.0000   84.8952   27.4626
39.0000   81.0000   2.8381   34.7175
40.0000   119.0000   11.3747   75.7017
41.0000   73.0000   13.6848   22.1288
42.0000   31.0000   19.3670   76.2527
43.0000   46.0000   31.1780   91.8605
44.0000   59.0000   28.7239   58.2310
45.0000   44.0000   27.4315   68.7815
46.0000   107.0000   67.7636   14.3900
47.0000   116.0000   65.6144   55.0982
48.0000   43.0000   58.4839   52.3788
49.0000   41.0000   76.5807   67.2367
50.0000   106.0000   29.1990   90.9600
51.0000   70.0000   84.9802   85.3211
52.0000   104.0000   28.5796   37.3207
53.0000   107.0000   24.7593   8.1472
54.0000   53.0000   71.4432   71.9348
55.0000   91.0000   38.3838   59.2858
56.0000   93.0000   41.3814   20.4663
57.0000   117.0000   10.4011   37.3701
58.0000   56.0000   64.4259   4.9487
59.0000   74.0000   26.4673   11.7989
60.0000   73.0000   59.4082   88.3983
61.0000   67.0000   48.9231   61.5205
62.0000   66.0000   14.2849   22.5431
63.0000   46.0000   58.8713   83.0853
64.0000   54.0000   27.2362   60.6673
65.0000   83.0000   52.7691   89.6061
66.0000   97.0000   98.0781   7.9528
67.0000   70.0000   43.5215   18.7477
68.0000   99.0000   73.8226   19.6084
69.0000   79.0000   60.2199   42.2567
70.0000   119.0000   63.3606   65.5145
71.0000   46.0000   52.4237   85.5334
72.0000   104.0000   61.7647   87.6346
73.0000   50.0000   22.4232   85.4316
74.0000   36.0000   91.5959   51.2719
75.0000   107.0000   93.6793   1.2641
76.0000   84.0000   4.2089   34.0543
77.0000   99.0000   2.1848   36.7368
78.0000   35.0000   37.6999   40.1228
79.0000   39.0000   13.0335   37.1683
80.0000   34.0000   63.5094   27.9184
81.0000   40.0000   55.5542   95.6922
82.0000   78.0000   5.5347   1.3500
83.0000   49.0000   90.2001   18.2857
84.0000   94.0000   80.0994   47.3817
85.0000   98.0000   43.1524   76.2696
86.0000   35.0000   70.8853   21.0596
87.0000   50.0000   96.8194   20.1470
88.0000   31.0000   30.7377   90.2993
89.0000   53.0000   73.5541   21.4771
90.0000   79.0000   92.4195   81.6582
91.0000   103.0000   69.4675   5.8094
92.0000   98.0000   82.6804   16.9528
93.0000   31.0000   84.9463   97.5232
94.0000   96.0000   62.9657   64.8358
95.0000   47.0000   74.2850   38.0888
96.0000   62.0000   74.1523   74.9702
97.0000   74.0000   55.5612   45.9945
98.0000   37.0000   17.4864   64.9817
99.0000   94.0000   2.2918   20.5800
100.0000   80.0000   80.5271   47.4389
101.0000   47.0000   77.8531   22.0843
102.0000   91.0000   84.5904   11.3809
103.0000   50.0000   75.4703   83.3651
104.0000   47.0000   16.1666   48.0245
105.0000   105.0000   24.2527   40.8820
106.0000   72.0000   63.3020   11.4472
107.0000   56.0000   29.7424   92.6615
108.0000   94.0000   58.5424   39.0396
109.0000   111.0000   83.7312   8.3533
110.0000   115.0000   46.2046   25.9418
111.0000   68.0000   30.0365   76.9370
112.0000   59.0000   57.1087   60.0601
113.0000   79.0000   81.8264   42.3147
114.0000   117.0000   95.8618   77.6889
115.0000   31.0000   49.8093   89.1621
116.0000   95.0000   19.7769   8.7880
117.0000   110.0000   33.5382   35.3534
118.0000   43.0000   40.9033   14.7040
119.0000   68.0000   33.8346   30.5150
120.0000   115.0000   4.9397   72.8566
121.0000   109.0000   14.7940   3.7353
122.0000   89.0000   49.2807   42.9853
123.0000   82.0000   77.5343   21.1205
124.0000   58.0000   72.6849   11.2203
125.0000   71.0000   24.4283   68.7978
126.0000   40.0000   80.9993   91.4649
127.0000   64.0000   94.5767   38.7876
128.0000   36.0000   92.4320   90.7602
129.0000   35.0000   84.3979   75.1807
130.0000   42.0000   52.9527   94.0643
131.0000   84.0000   29.5749   44.9455
132.0000   113.0000   90.2748   57.4912
133.0000   66.0000   33.8985   93.3646
134.0000   120.0000   33.5430   14.4258
135.0000   107.0000   14.5413   79.4922
136.0000   30.0000   10.6484   68.6559
137.0000   38.0000   1.2753   84.1598
138.0000   61.0000   67.7604   46.3318
139.0000   40.0000   66.8360   18.4490
140.0000   80.0000   86.1088   86.5087
141.0000   60.0000   79.4416   59.7420
142.0000   49.0000   41.0143   31.3523
143.0000   75.0000   24.5798   43.3210
144.0000   89.0000   47.6775   94.2418
145.0000   72.0000   33.9881   26.5425
146.0000   35.0000   65.2779   50.8063
147.0000   45.0000   18.0238   35.5784
148.0000   82.0000   10.3278   90.5682
149.0000   65.0000   56.3112   23.4910
150.0000   76.0000   73.2833   33.8466
151.0000   39.0000   45.8466   1.7190
152.0000   68.0000   59.9570   99.5518
153.0000   119.0000   23.7341   48.7956
154.0000   106.0000   9.1004   70.9076
155.0000   68.0000   48.1234   82.5188
156.0000   35.0000   22.1874   84.3252
157.0000   70.0000   83.0688   13.5569
158.0000   53.0000   54.3273   22.4669
159.0000   43.0000   17.1714   87.4728
160.0000   32.0000   43.4961   43.1296
161.0000   98.0000   82.2129   54.5579
162.0000   78.0000   79.6443   75.8288
163.0000   88.0000   44.5062   45.3125
164.0000   118.0000   97.1419   50.0657
165.0000   46.0000   17.8579   14.4851
166.0000   33.0000   58.8258   22.4989
167.0000   99.0000   93.6304   57.0281
168.0000   107.0000   74.7070   28.8555
169.0000   92.0000   54.8977   8.6804
170.0000   110.0000   78.0776   21.5634
171.0000   98.0000   72.1287   73.2380
172.0000   37.0000   18.1265   87.8826
173.0000   79.0000   55.8261   44.1229
174.0000   30.0000   22.4062   70.8097
175.0000   37.0000   98.2711   44.4336
176.0000   39.0000   64.6702   86.8187
177.0000   77.0000   70.3961   45.7936
178.0000   47.0000   13.1579   12.8085
179.0000   60.0000   73.9737   8.2706
180.0000   80.0000   57.3036   72.7756
181.0000   52.0000   32.3845   18.0229
182.0000   55.0000   96.8755   41.6081
183.0000   64.0000   13.6125   78.5767
184.0000   41.0000   7.7799   56.7923
185.0000   101.0000   95.0374   84.4434
186.0000   81.0000   40.5240   85.5596
187.0000   93.0000   36.7200   24.7330
188.0000   30.0000   27.3130   78.1150
189.0000   93.0000   72.5137   6.8763
190.0000   48.0000   80.8387   28.4738
191.0000   109.0000   3.3085   34.2502
192.0000   97.0000   76.0433   26.2596
193.0000   104.0000   19.8005   34.8994
194.0000   32.0000   24.6310   76.8444
195.0000   103.0000   26.5180   51.5400
196.0000   112.0000   81.8577   48.5309
197.0000   70.0000   75.9456   11.2292
198.0000   37.0000   1.7704   68.1608
199.0000   102.0000   9.6273   28.7873
200.0000   85.0000   75.7341   10.3029
201.0000   37.0000   4.8458   14.4934
202.0000   111.0000   51.6533   66.6227
203.0000   50.0000   95.3690   62.5949
204.0000   92.0000   17.5880   90.7566
205.0000   36.0000   60.7970   13.4742
206.0000   52.0000   91.2676   25.0081
207.0000   51.0000   67.8177   43.3814
208.0000   62.0000   42.8791   18.0177
209.0000   77.0000   68.0856   63.7459
210.0000   32.0000   64.7773   69.7694
211.0000   94.0000   77.6740   80.2296
212.0000   35.0000   2.5273   6.4306
213.0000   76.0000   11.0987   86.3570
214.0000   89.0000   53.8058   13.5399
215.0000   43.0000   57.1341   92.0298
216.0000   33.0000   5.0017   19.3153
217.0000   106.0000   68.8947   39.2903
218.0000   68.0000   27.6985   28.6032
219.0000   50.0000   68.6443   81.6563
220.0000   73.0000   27.8039   82.4146
221.0000   69.0000   40.2691   75.7316
222.0000   114.0000   73.4012   6.1684
223.0000   45.0000   2.1816   42.4952
224.0000   98.0000   23.9509   70.6985
225.0000   68.0000   90.9700   34.0426
226.0000   82.0000   80.4674   55.8259
227.0000   93.0000   69.5214   44.3907
228.0000   83.0000   95.3927   3.6598
229.0000   48.0000   83.3020   80.4681
230.0000   30.0000   43.9938   69.1376
231.0000   89.0000   41.3318   98.6851
232.0000   87.0000   77.3558   4.5950
233.0000   41.0000   18.6667   25.9149
234.0000   42.0000   66.5301   94.7355
235.0000   37.0000   5.1849   45.0484
236.0000   71.0000   87.8631   0.3304
237.0000   66.0000   66.1323   79.5384
238.0000   64.0000   67.5664   76.8787
239.0000   67.0000   14.7692   7.2331
240.0000   31.0000   92.7984   64.0183
241.0000   117.0000   96.7823   17.2033
242.0000   107.0000   81.4347   37.4621
243.0000   42.0000   69.9453   18.5658
244.0000   87.0000   55.3657   76.2293
245.0000   113.0000   24.2512   10.6826
246.0000   63.0000   43.1354   13.1955
247.0000   51.0000   74.3367   55.4702
248.0000   80.0000   55.8599   71.4956
249.0000   111.0000   99.0396   47.3337
250.0000   85.0000   97.7308   53.0734
251.0000   99.0000   14.9835   79.1229
252.0000   52.0000   71.0735   37.7464
253.0000   107.0000   84.9794   66.0571
254.0000   107.0000   23.6019   42.8365
255.0000   60.0000   58.8910   4.7027
256.0000   108.0000   31.3104   4.4652
257.0000   36.0000   43.4267   78.6780
258.0000   48.0000   38.5051   2.8476
259.0000   84.0000   76.2334   86.5470
260.0000   31.0000   18.8891   4.7876
261.0000   67.0000   50.9061   42.9404
262.0000   32.0000   48.1940   38.7801
263.0000   34.0000   48.9113   20.3777
264.0000   99.0000   6.5114   0.5478
265.0000   93.0000   79.2215   35.9514
266.0000   88.0000   67.5386   35.2329
267.0000   74.0000   54.6267   86.0941
268.0000   66.0000   66.5720   43.5454
269.0000   72.0000   94.9282   45.1449
270.0000   32.0000   86.5451   84.7894
271.0000   104.0000   35.4979   35.6474
272.0000   36.0000   81.5278   68.7557
273.0000   55.0000   19.0214   85.2129
274.0000   37.0000   77.2660   10.4026
275.0000   39.0000   15.3424   85.2194
276.0000   43.0000   82.6348   89.0623
277.0000   31.0000   34.4675   69.1422
278.0000   57.0000   3.7254   99.6442
279.0000   116.0000   2.4563   71.2879
280.0000   62.0000   29.1600   88.1523
281.0000   52.0000   39.3120   5.1895
282.0000   100.0000   93.5079   13.5858
283.0000   34.0000   50.7723   79.6083
284.0000   72.0000   14.3755   67.4204
285.0000   111.0000   72.1746   40.8334
286.0000   75.0000   26.6591   55.5070
287.0000   69.0000   56.7046   6.4581
288.0000   35.0000   13.7570   23.9318
289.0000   41.0000   66.3083   99.6188
290.0000   71.0000   92.1727   52.2312
291.0000   47.0000   4.7764   83.0929
292.0000   78.0000   42.5331   77.7934
293.0000   109.0000   41.4241   32.1481
294.0000   49.0000   76.9246   40.0660
295.0000   110.0000   53.8037   38.3066
296.0000   48.0000   32.4961   39.6932
297.0000   38.0000   14.8936   36.9199
298.0000   99.0000   12.5732   76.5733
299.0000   110.0000   36.2999   42.6433
300.0000   85.0000   51.8555   38.9100
301.0000   49.0000   40.3069   83.3974
302.0000   59.0000   99.6110   8.4590
303.0000   83.0000   76.4189   29.4089
304.0000   117.0000   90.1951   79.2601
305.0000   95.0000   33.1217   73.9526
306.0000   81.0000   94.0310   85.4240
307.0000   35.0000   19.7178   97.9066
308.0000   83.0000   45.2837   65.0452
309.0000   79.0000   18.5480   72.3609
310.0000   63.0000   66.7875   29.5632
311.0000   99.0000   4.6118   69.4734
312.0000   77.0000   46.1704   6.5110
313.0000   34.0000   6.5114   5.9781
314.0000   103.0000   75.0800   85.4304
315.0000   34.0000   1.7109   28.1146
316.0000   104.0000   82.0885   14.8748
317.0000   65.0000   85.3758   44.3221
318.0000   57.0000   1.2392   56.4665
319.0000   69.0000   68.2809   3.2942
320.0000   111.0000   55.9948   84.4568
321.0000   37.0000   66.5717   69.6431
322.0000   119.0000   71.0102   39.1593
323.0000   116.0000   19.7881   8.3395
324.0000   51.0000   85.6745   98.7831
325.0000   62.0000   45.9464   67.4794
326.0000   119.0000   54.1373   0.6782
327.0000   48.0000   16.5416   29.3586
328.0000   63.0000   40.1781   85.1636
329.0000   80.0000   88.8895   9.1554
330.0000   62.0000   35.3299   89.5458
331.0000   84.0000   52.3877   15.4846
332.0000   41.0000   65.9048   88.6899
333.0000   100.0000   41.6848   10.1917
334.0000   49.0000   72.4038   87.4626
335.0000   91.0000   58.4458   74.2319
336.0000   110.0000   93.5541   42.9225
337.0000   102.0000   97.7636   3.4820
338.0000   81.0000   4.7756   25.0684
339.0000   82.0000   86.6066   33.9623
340.0000   90.0000   75.3750   82.4752
341.0000   46.0000   50.5703   71.4663
342.0000   111.0000   42.3501   15.6851
343.0000   95.0000   75.7637   41.3868
344.0000   111.0000   35.2845   89.3336
345.0000   33.0000   97.9147   65.3696
346.0000   55.0000   69.6349   97.6536
347.0000   41.0000   35.9455   44.0208
348.0000   62.0000   49.3588   49.0895
349.0000   99.0000   69.8366   93.4795
350.0000   60.0000   74.0025   3.0533
351.0000   70.0000   56.8759   13.4573
352.0000   104.0000   9.2393   80.5970
353.0000   120.0000   11.1137   91.5525
354.0000   36.0000   80.3182   46.2623
355.0000   31.0000   43.0633   29.3436
356.0000   92.0000   37.7684   42.9913
357.0000   87.0000   90.3202   96.7694
358.0000   53.0000   29.6455   34.9572
359.0000   37.0000   31.4965   37.1005
360.0000   79.0000   64.8346   98.9430
361.0000   44.0000   16.6571   57.6597
362.0000   120.0000   75.3957   80.6750
363.0000   66.0000   84.6213   44.5551
364.0000   91.0000   19.4766   92.5523
365.0000   37.0000   40.3652   8.5195
366.0000   97.0000   90.7124   45.0769
367.0000   116.0000   18.2671   60.4757
368.0000   43.0000   38.9572   92.4936
369.0000   54.0000   57.8836   69.8979
370.0000   52.0000   4.4539   39.2059
371.0000   113.0000   61.7624   51.8989
372.0000   46.0000   0.9322   66.0124
373.0000   87.0000   51.7707   21.5328
374.0000   67.0000   46.3219   8.8734
375.0000   85.0000   22.8426   91.7893
