0.0000   0.0000   0.0000   0.0000
1.0000   81.0000   46.4678   30.3854
2.0000   99.0000   45.4132   38.8192
3.0000   129.0000   49.6928   47.1956
4.0000   78.0000   36.3200   1.6925
5.0000   91.0000   10.9020   49.4374
6.0000   118.0000   15.8663   26.2462
7.0000   100.0000   0.2759   28.6931
8.0000   119.0000   41.5054   45.0189
9.0000   70.0000   37.6905   48.6171
10.0000   92.0000   33.9418   8.2554
11.0000   89.0000   40.8804   14.9441
12.0000   73.0000   24.0807   31.0126
13.0000   125.0000   4.5222   13.4220
14.0000   68.0000   30.1563   30.0571
15.0000   91.0000   36.5341   44.9707
16.0000   137.0000   41.6744   43.6277
17.0000   53.0000   25.2626   1.3165
18.0000   56.0000   23.4565   19.9488
19.0000   94.0000   31.5296   46.2691
20.0000   87.0000   9.8573   38.6066
21.0000   90.0000   12.2181   23.9260
22.0000   135.0000   9.4562   0.3241
23.0000   125.0000   7.2768   8.2365
24.0000   75.0000   11.7216   33.5931
25.0000   58.0000   38.5867   29.2142
