0.0000   0.0000   0.0000   0.0000
1.0000   79.0000   23.7411   33.8750
2.0000   124.0000   39.5043   46.6165
3.0000   97.0000   21.2802   48.9475
4.0000   97.0000   32.9791   15.6846
5.0000   66.0000   18.5123   5.3862
6.0000   109.0000   9.1116   39.6607
7.0000   98.0000   47.5870   43.4768
8.0000   63.0000   40.4679   15.4588
9.0000   77.0000   22.0245   46.2100
10.0000   111.0000   5.9459   0.2528
11.0000   138.0000   24.9868   11.2300
12.0000   73.0000   48.9325   38.6091
13.0000   96.0000   46.0584   7.7611
14.0000   121.0000   35.6563   0.8349
15.0000   93.0000   34.9070   24.3078
16.0000   77.0000   19.6251   6.5478
17.0000   100.0000   46.6571   5.4134
18.0000   128.0000   13.8129   30.7909
19.0000   53.0000   32.0670   8.5723
20.0000   111.0000   48.4014   27.5585
21.0000   136.0000   48.1949   39.3738
22.0000   54.0000   42.6892   11.8865
23.0000   57.0000   44.3978   25.7332
24.0000   81.0000   45.2328   2.0182
25.0000   51.0000   1.9264   42.7429
26.0000   64.0000   11.7896   37.5022
27.0000   66.0000   43.0035   37.9808
28.0000   62.0000   13.0586   17.9172
29.0000   118.0000   7.4549   0.6519
30.0000   113.0000   49.2457   19.5619
31.0000   80.0000   27.8573   21.0225
32.0000   59.0000   5.0971   30.7171
33.0000   113.0000   27.9020   0.6876
34.0000   81.0000   32.7312   8.0026
35.0000   55.0000   43.2149   20.5841
36.0000   93.0000   11.0756   5.8940
37.0000   81.0000   9.1922   48.4260
38.0000   112.0000   39.0691   42.9676
39.0000   89.0000   26.9347   13.7713
40.0000   50.0000   32.8027   48.3245
41.0000   138.0000   39.0472   7.2558
42.0000   108.0000   19.8573   21.8372
43.0000   88.0000   7.9813   8.2547
44.0000   50.0000   11.7331   27.8452
45.0000   50.0000   2.6251   43.2913
46.0000   74.0000   32.6672   37.1039
47.0000   133.0000   28.7713   41.3483
48.0000   50.0000   9.3403   16.8121
49.0000   72.0000   4.7959   3.2154
50.0000   93.0000   45.2460   44.3877
51.0000   114.0000   48.6926   11.4751
52.0000   135.0000   31.0092   38.9020
53.0000   135.0000   30.1072   4.7845
54.0000   57.0000   0.4254   41.3317
55.0000   90.0000   6.7978   41.4486
56.0000   105.0000   34.2724   13.1407
57.0000   138.0000   29.1447   28.6918
58.0000   110.0000   6.5646   24.3137
59.0000   137.0000   2.3071   25.1130
60.0000   56.0000   35.0132   18.1185
61.0000   133.0000   49.5931   46.3042
62.0000   81.0000   1.1529   34.8797
63.0000   102.0000   16.6953   8.6805
64.0000   91.0000   4.7557   23.9726
65.0000   84.0000   34.3905   21.6416
66.0000   110.0000   15.3325   3.3821
67.0000   87.0000   30.8262   33.0601
68.0000   133.0000   7.9987   48.5473
69.0000   53.0000   21.0361   0.3876
70.0000   76.0000   32.3974   7.0623
71.0000   124.0000   32.5653   49.1997
72.0000   91.0000   0.0438   42.1458
73.0000   57.0000   36.2634   22.9040
74.0000   136.0000   26.4760   14.0697
75.0000   131.0000   8.1747   41.6350
76.0000   132.0000   44.1201   4.8354
77.0000   138.0000   2.4897   29.2885
78.0000   126.0000   46.3569   11.9522
79.0000   95.0000   45.9584   23.1906
80.0000   62.0000   8.0415   47.1828
81.0000   124.0000   23.9766   39.8018
82.0000   119.0000   49.9754   14.6390
83.0000   102.0000   39.7771   16.8715
84.0000   115.0000   29.7151   25.7780
85.0000   69.0000   4.4026   23.0523
86.0000   107.0000   1.0588   13.5249
87.0000   57.0000   24.3691   6.8666
88.0000   94.0000   30.0622   10.4785
89.0000   91.0000   49.7825   20.0658
90.0000   90.0000   21.8683   34.5220
91.0000   81.0000   3.5559   22.0913
92.0000   101.0000   43.6593   36.8123
93.0000   77.0000   28.5959   16.4875
94.0000   104.0000   14.8408   6.0540
95.0000   100.0000   46.9013   0.1182
96.0000   50.0000   47.4353   4.4333
97.0000   138.0000   15.4647   3.6396
98.0000   59.0000   30.8424   13.1610
99.0000   116.0000   19.6238   19.3054
100.0000   94.0000   29.4187   38.6156
101.0000   123.0000   36.1149   23.4154
102.0000   101.0000   4.1171   11.2726
103.0000   110.0000   31.0585   1.2825
104.0000   54.0000   34.8381   29.2204
105.0000   89.0000   8.8074   12.0273
106.0000   63.0000   49.0498   17.7177
107.0000   89.0000   6.1872   20.0278
108.0000   60.0000   31.4621   1.8343
109.0000   106.0000   39.1917   3.5449
110.0000   110.0000   24.0699   25.8978
111.0000   76.0000   2.7418   14.3863
112.0000   51.0000   46.9320   36.2917
113.0000   137.0000   28.0421   33.5256
114.0000   52.0000   11.6276   1.0416
115.0000   76.0000   3.1326   30.5971
116.0000   116.0000   10.6223   34.6116
117.0000   116.0000   3.8557   21.3225
118.0000   82.0000   32.8640   6.7056
119.0000   64.0000   17.2769   22.8879
120.0000   106.0000   1.9790   43.2586
121.0000   130.0000   23.9149   15.4456
122.0000   115.0000   11.9685   21.6342
123.0000   105.0000   41.4027   12.9147
124.0000   123.0000   15.4560   47.4264
125.0000   83.0000   7.4127   8.1149
126.0000   96.0000   10.6262   41.5097
127.0000   126.0000   6.2509   9.2539
128.0000   50.0000   13.1319   4.4404
129.0000   83.0000   46.7966   0.3476
130.0000   97.0000   12.2079   41.9868
131.0000   57.0000   42.2073   27.2372
132.0000   92.0000   36.1116   39.9728
133.0000   73.0000   36.8659   36.0305
134.0000   126.0000   7.8770   6.3414
135.0000   64.0000   7.9849   35.8512
136.0000   109.0000   26.7853   41.5129
137.0000   86.0000   19.6310   17.4410
138.0000   116.0000   16.5375   32.1842
139.0000   73.0000   5.6766   17.4768
140.0000   79.0000   30.5712   33.8527
141.0000   129.0000   28.0543   27.1959
142.0000   82.0000   23.4491   46.4146
143.0000   50.0000   14.6807   33.5445
144.0000   97.0000   34.7471   31.3757
145.0000   84.0000   6.8990   47.2505
146.0000   79.0000   22.2458   9.2281
147.0000   54.0000   34.6417   5.1742
148.0000   53.0000   31.7020   28.9518
149.0000   124.0000   6.3071   1.0750
150.0000   61.0000   48.3512   8.0398
151.0000   107.0000   36.0808   41.5412
152.0000   114.0000   23.4996   42.7713
153.0000   115.0000   23.6721   21.8135
154.0000   113.0000   27.8518   46.0402
155.0000   99.0000   26.4437   32.0046
156.0000   97.0000   33.2816   10.7717
157.0000   79.0000   1.8669   37.6111
158.0000   108.0000   46.1858   18.8047
159.0000   87.0000   48.5211   11.7632
160.0000   103.0000   12.1046   36.1561
161.0000   63.0000   39.1406   44.3163
162.0000   61.0000   8.3181   11.4812
163.0000   71.0000   44.7635   12.7542
164.0000   120.0000   38.3833   17.9223
165.0000   117.0000   26.1780   2.9126
166.0000   81.0000   31.2230   18.2420
167.0000   94.0000   24.6848   34.2740
168.0000   91.0000   7.0272   8.4594
169.0000   83.0000   43.1355   19.1273
170.0000   74.0000   15.8622   34.7152
171.0000   78.0000   6.5907   14.5497
172.0000   61.0000   46.0635   14.0069
173.0000   67.0000   24.1949   11.6923
174.0000   58.0000   26.8927   4.1124
175.0000   123.0000   8.6239   2.6954
176.0000   51.0000   29.6210   40.7825
177.0000   66.0000   15.2466   42.2145
178.0000   136.0000   27.9945   6.7083
179.0000   136.0000   42.4186   42.4304
180.0000   85.0000   8.4364   4.2122
181.0000   109.0000   7.8129   9.4204
182.0000   130.0000   31.6039   28.6794
183.0000   106.0000   25.0426   49.9037
184.0000   61.0000   30.9707   27.0359
185.0000   107.0000   5.5767   10.8245
186.0000   133.0000   7.3577   42.9251
187.0000   131.0000   32.8398   16.8310
188.0000   66.0000   3.2899   8.5447
189.0000   66.0000   36.2037   3.8283
190.0000   50.0000   1.2457   49.7315
191.0000   83.0000   30.0191   44.4742
192.0000   65.0000   7.7564   10.6385
193.0000   110.0000   33.3331   15.9543
194.0000   73.0000   46.4486   4.4593
195.0000   90.0000   21.7950   23.6740
196.0000   139.0000   39.0996   38.5973
197.0000   58.0000   36.3752   44.6663
198.0000   136.0000   3.0159   23.9884
199.0000   124.0000   11.0867   21.8992
200.0000   96.0000   33.2061   3.7120
201.0000   76.0000   17.3804   9.1618
202.0000   76.0000   31.5271   45.4508
203.0000   83.0000   5.3439   47.2454
204.0000   107.0000   12.5029   12.1683
205.0000   75.0000   35.5371   6.5316
206.0000   120.0000   21.8512   34.7780
207.0000   108.0000   13.2616   39.6791
208.0000   97.0000   12.9775   0.2414
209.0000   104.0000   41.9935   23.1635
210.0000   111.0000   29.4050   20.8951
211.0000   128.0000   1.4859   7.2476
212.0000   64.0000   4.8803   8.3690
213.0000   89.0000   18.1293   32.4578
214.0000   117.0000   5.8274   48.9259
215.0000   56.0000   0.5268   17.8643
216.0000   121.0000   16.1167   23.9231
217.0000   69.0000   6.2571   34.7258
218.0000   100.0000   25.8016   13.8639
219.0000   71.0000   14.8144   20.5719
220.0000   58.0000   22.3769   33.4849
221.0000   102.0000   43.5306   28.1166
222.0000   95.0000   11.7514   3.1868
223.0000   97.0000   3.2789   26.3916
224.0000   112.0000   0.5252   8.6034
225.0000   99.0000   37.4951   36.4193
226.0000   59.0000   21.4556   33.9297
227.0000   112.0000   38.7549   26.3767
228.0000   58.0000   14.7886   24.4256
229.0000   74.0000   3.6699   30.2542
230.0000   89.0000   45.2711   2.0773
231.0000   112.0000   11.2473   35.0459
232.0000   133.0000   29.8394   6.5113
233.0000   96.0000   10.0511   5.8093
234.0000   126.0000   27.9067   38.5496
235.0000   52.0000   43.3978   4.0924
236.0000   106.0000   18.5078   39.2672
237.0000   80.0000   10.3339   15.6219
238.0000   129.0000   2.8140   37.3876
239.0000   131.0000   29.8777   12.0737
240.0000   128.0000   20.6826   31.2443
241.0000   115.0000   32.8915   1.6743
242.0000   51.0000   46.7824   23.2431
243.0000   71.0000   47.1116   40.1946
244.0000   57.0000   25.1919   17.1345
245.0000   132.0000   49.7832   19.3980
246.0000   54.0000   15.0866   18.9441
247.0000   91.0000   37.7090   24.9613
248.0000   75.0000   44.3395   19.7980
249.0000   130.0000   22.5013   22.7423
250.0000   83.0000   43.4872   45.4055
251.0000   84.0000   22.0843   20.2631
252.0000   66.0000   13.9348   34.1649
253.0000   112.0000   26.9077   12.4745
254.0000   79.0000   41.6719   42.8920
255.0000   128.0000   25.3653   17.4588
256.0000   57.0000   14.5006   42.2326
257.0000   89.0000   28.3974   3.5804
258.0000   98.0000   23.9738   44.7005
259.0000   50.0000   4.2575   34.5220
260.0000   104.0000   40.4595   31.5041
261.0000   139.0000   20.6651   5.7266
262.0000   75.0000   45.1762   34.5943
263.0000   126.0000   3.5172   36.4104
264.0000   69.0000   1.1763   4.4050
265.0000   54.0000   27.2349   40.5477
266.0000   118.0000   1.7982   9.4868
267.0000   62.0000   42.9806   33.8888
268.0000   68.0000   35.2885   40.8691
269.0000   124.0000   28.4954   0.8642
270.0000   104.0000   1.7281   48.2193
271.0000   99.0000   17.7806   44.2569
272.0000   54.0000   20.2648   45.6693
273.0000   133.0000   6.3754   10.6871
274.0000   70.0000   35.0781   24.6509
275.0000   87.0000   12.8799   21.7920
276.0000   73.0000   48.3784   19.8922
277.0000   123.0000   40.5245   33.9970
278.0000   53.0000   44.0181   42.8439
279.0000   83.0000   27.0339   18.2796
280.0000   125.0000   26.9728   11.5534
281.0000   99.0000   45.4859   4.2069
282.0000   112.0000   47.2993   32.4035
283.0000   89.0000   17.2775   47.8119
284.0000   109.0000   13.2242   32.8045
285.0000   73.0000   33.6626   0.0181
286.0000   134.0000   41.3321   3.3579
287.0000   93.0000   30.3217   13.5001
288.0000   70.0000   9.5113   19.7581
289.0000   118.0000   22.5780   19.0249
290.0000   51.0000   5.0306   22.1343
291.0000   51.0000   47.6954   6.5929
292.0000   54.0000   47.2502   22.7262
293.0000   77.0000   8.6511   4.8255
294.0000   62.0000   22.1916   3.3762
295.0000   129.0000   36.0445   25.6884
296.0000   124.0000   12.8735   35.4884
297.0000   101.0000   31.8305   11.3051
298.0000   106.0000   21.2875   46.8894
299.0000   128.0000   19.3342   46.9845
300.0000   96.0000   28.3786   17.7398
301.0000   54.0000   3.4561   36.0690
302.0000   72.0000   27.3127   43.7350
303.0000   138.0000   37.9547   9.0295
304.0000   72.0000   7.0813   25.7149
305.0000   98.0000   48.9334   26.5179
306.0000   135.0000   48.4462   18.9856
307.0000   129.0000   38.2763   43.1192
308.0000   51.0000   10.2137   30.7014
309.0000   65.0000   46.4609   47.9914
310.0000   80.0000   28.8572   34.3629
311.0000   63.0000   9.0350   49.7213
312.0000   123.0000   16.0124   44.4687
313.0000   85.0000   37.0189   22.1898
314.0000   102.0000   44.8556   21.6876
315.0000   113.0000   26.9897   21.5651
316.0000   89.0000   44.0284   4.1581
317.0000   100.0000   30.4096   4.0728
318.0000   91.0000   47.7012   6.4350
319.0000   83.0000   35.9986   48.0438
320.0000   62.0000   18.9870   36.2193
321.0000   61.0000   11.0527   20.9263
322.0000   78.0000   40.6439   1.8953
323.0000   106.0000   3.3377   25.8536
324.0000   107.0000   43.5122   20.1070
325.0000   66.0000   43.1250   41.5129
326.0000   67.0000   42.7056   32.6798
327.0000   114.0000   31.1197   27.7296
328.0000   117.0000   42.0672   4.0023
329.0000   93.0000   27.3187   48.2983
330.0000   75.0000   15.0166   20.9059
331.0000   61.0000   39.5847   23.2415
332.0000   54.0000   17.0316   16.5549
333.0000   71.0000   7.1034   30.9465
334.0000   131.0000   48.3804   42.9665
335.0000   132.0000   43.8088   12.8872
336.0000   78.0000   1.6001   32.6700
337.0000   64.0000   47.8046   42.9704
338.0000   122.0000   39.7568   36.3148
339.0000   77.0000   8.5698   17.6874
340.0000   64.0000   36.3041   32.7340
341.0000   88.0000   10.5016   11.4569
342.0000   79.0000   5.5919   4.8269
343.0000   133.0000   0.8907   48.7401
344.0000   58.0000   46.8193   13.0912
345.0000   122.0000   25.5817   33.4091
346.0000   81.0000   29.7269   12.7493
347.0000   132.0000   32.1426   46.3169
348.0000   90.0000   23.3465   27.6126
349.0000   111.0000   16.2687   46.1730
350.0000   97.0000   34.2716   17.9222
351.0000   94.0000   38.1348   28.3682
352.0000   77.0000   36.7404   18.0324
353.0000   97.0000   24.6092   3.4578
354.0000   135.0000   3.6214   20.5383
355.0000   94.0000   47.6942   33.6802
356.0000   65.0000   45.9108   2.1207
357.0000   126.0000   7.9695   7.8091
358.0000   72.0000   29.8766   18.2050
359.0000   54.0000   28.3322   38.5017
360.0000   133.0000   41.8599   0.9772
361.0000   90.0000   16.2973   32.3610
362.0000   62.0000   47.2926   20.1659
363.0000   100.0000   29.8902   25.9212
364.0000   95.0000   18.8380   49.9678
365.0000   97.0000   47.0720   17.6566
366.0000   52.0000   43.2552   1.6795
367.0000   124.0000   40.7995   2.5192
368.0000   82.0000   40.9234   32.3489
369.0000   95.0000   46.4093   31.5097
370.0000   104.0000   45.9799   21.9890
371.0000   103.0000   44.3383   41.5736
372.0000   137.0000   0.4297   34.4291
373.0000   56.0000   47.7931   25.1688
374.0000   74.0000   2.1647   36.8829
375.0000   131.0000   15.9614   28.5289
376.0000   85.0000   16.2590   29.8810
377.0000   93.0000   39.2742   14.1229
378.0000   60.0000   29.0060   11.1632
379.0000   133.0000   22.2700   45.5541
380.0000   76.0000   32.9920   33.7871
381.0000   126.0000   2.8927   10.6003
382.0000   100.0000   36.5014   12.4121
383.0000   116.0000   21.0882   28.2109
384.0000   75.0000   49.4019   45.3568
385.0000   102.0000   44.1128   43.2500
386.0000   107.0000   18.7985   17.3958
387.0000   88.0000   48.6503   12.3426
388.0000   136.0000   37.7754   43.8325
389.0000   92.0000   11.9548   8.5474
390.0000   103.0000   43.2989   33.8896
391.0000   115.0000   4.8164   7.0043
392.0000   132.0000   31.1953   17.3419
393.0000   63.0000   31.6289   40.7160
394.0000   118.0000   4.1652   28.4340
395.0000   107.0000   13.2700   3.6227
396.0000   117.0000   14.4077   33.3601
397.0000   111.0000   36.5414   3.2406
398.0000   119.0000   22.3049   20.4397
399.0000   130.0000   37.8670   0.3859
400.0000   67.0000   47.6470   10.2194
401.0000   54.0000   25.9438   3.5174
402.0000   85.0000   16.3668   10.0511
403.0000   51.0000   22.9473   41.6936
404.0000   52.0000   10.2238   22.5609
405.0000   107.0000   10.2664   49.7086
406.0000   130.0000   19.5702   30.5141
407.0000   86.0000   47.5275   17.8862
408.0000   78.0000   21.6797   36.0155
409.0000   112.0000   44.4020   34.5858
410.0000   130.0000   39.3630   10.0151
411.0000   111.0000   16.5315   44.2921
412.0000   54.0000   35.2715   39.3949
413.0000   91.0000   3.2428   8.1278
414.0000   74.0000   45.9633   2.0118
415.0000   107.0000   49.3020   49.4715
416.0000   62.0000   22.6612   28.3781
417.0000   63.0000   7.6819   28.0993
418.0000   65.0000   20.5730   31.5598
419.0000   87.0000   24.1703   37.0983
420.0000   99.0000   45.7309   24.2466
421.0000   117.0000   25.1533   46.0378
422.0000   124.0000   13.2173   20.9939
423.0000   53.0000   44.1691   14.4164
424.0000   59.0000   2.4431   36.1339
425.0000   80.0000   43.3483   1.1029
426.0000   106.0000   44.8729   29.6230
427.0000   125.0000   10.3748   28.3609
428.0000   134.0000   33.6162   48.2035
429.0000   118.0000   32.2503   7.5724
430.0000   126.0000   37.8867   15.8423
431.0000   59.0000   25.0622   29.3468
432.0000   97.0000   2.1735   11.9191
433.0000   138.0000   46.3200   18.3516
434.0000   135.0000   15.5221   26.3902
435.0000   65.0000   32.4086   36.9787
436.0000   137.0000   26.4189   16.8078
437.0000   60.0000   27.6820   38.1425
438.0000   60.0000   30.7851   41.5615
439.0000   84.0000   25.0519   7.6780
440.0000   128.0000   39.2223   34.3888
441.0000   72.0000   27.5069   19.2644
442.0000   77.0000   0.6623   31.1289
443.0000   131.0000   10.5093   32.4178
444.0000   53.0000   28.5001   46.5053
445.0000   140.0000   9.4252   35.0501
446.0000   107.0000   35.4123   26.1500
447.0000   133.0000   21.0064   30.5159
448.0000   116.0000   45.2963   42.0926
449.0000   87.0000   49.5465   13.7420
450.0000   95.0000   33.1048   43.1975
451.0000   94.0000   33.4918   27.7873
452.0000   79.0000   22.8570   32.4287
453.0000   59.0000   1.0551   15.1111
454.0000   138.0000   46.2570   1.1524
455.0000   87.0000   16.0127   6.5919
456.0000   122.0000   49.9221   16.7596
457.0000   140.0000   6.9592   32.1636
458.0000   95.0000   22.3876   7.6490
459.0000   96.0000   31.4309   18.8058
460.0000   73.0000   49.8116   35.3616
461.0000   59.0000   20.8853   20.7736
462.0000   94.0000   9.2718   16.7102
463.0000   92.0000   44.3260   34.1751
464.0000   78.0000   17.5485   27.5812
465.0000   61.0000   13.3590   1.3372
466.0000   133.0000   44.6338   8.6433
467.0000   51.0000   16.3458   33.7559
468.0000   129.0000   10.2497   38.9212
469.0000   96.0000   23.3131   19.7426
470.0000   122.0000   31.0602   10.9799
471.0000   123.0000   21.5988   31.6854
472.0000   77.0000   10.9715   29.7769
473.0000   93.0000   0.4637   20.1597
474.0000   57.0000   39.9190   29.5279
475.0000   109.0000   17.2846   35.1674
476.0000   125.0000   8.3073   4.1176
477.0000   110.0000   35.2738   20.7793
478.0000   75.0000   13.9683   32.8800
479.0000   79.0000   29.0764   7.1850
480.0000   118.0000   2.8326   12.4914
481.0000   53.0000   28.8490   40.4471
482.0000   101.0000   28.6818   6.5357
483.0000   58.0000   32.3544   35.6273
484.0000   72.0000   29.9047   19.9067
485.0000   63.0000   24.7690   3.6851
486.0000   68.0000   2.4741   48.5201
487.0000   98.0000   48.1465   15.9585
488.0000   101.0000   5.5536   8.1917
489.0000   80.0000   38.3606   48.0374
490.0000   86.0000   46.9807   3.0062
491.0000   54.0000   46.6147   45.2599
492.0000   136.0000   18.9752   21.1690
493.0000   76.0000   18.4204   24.2362
494.0000   68.0000   9.5517   46.9665
495.0000   65.0000   43.0003   39.4000
496.0000   64.0000   33.4331   19.3422
497.0000   96.0000   21.7742   44.1169
498.0000   69.0000   6.9069   41.3077
499.0000   114.0000   45.5549   8.0276
500.0000   93.0000   16.0849   19.9831
