0.0000   0.0000   0.0000   0.0000
1.0000   55.0000   20.8679   29.2712
2.0000   80.0000   39.8802   40.1066
3.0000   64.0000   17.2307   37.8886
4.0000   70.0000   47.4981   46.1688
5.0000   60.0000   21.9133   11.6070
6.0000   104.0000   6.4555   39.3417
7.0000   110.0000   11.7541   7.1347
8.0000   30.0000   26.5831   24.7586
9.0000   82.0000   48.9126   42.7576
10.0000   96.0000   33.5275   31.1190
11.0000   103.0000   45.1816   10.7597
12.0000   35.0000   2.9926   39.9318
13.0000   107.0000   44.1781   28.5102
14.0000   75.0000   6.6657   8.0487
15.0000   33.0000   8.7001   49.9385
16.0000   102.0000   38.5881   9.3014
17.0000   82.0000   20.4013   22.5750
18.0000   96.0000   30.9458   2.5602
19.0000   54.0000   16.1005   29.9309
20.0000   97.0000   24.7134   30.4001
21.0000   46.0000   33.7033   25.7758
22.0000   59.0000   46.4500   21.4606
23.0000   71.0000   48.4420   33.9746
24.0000   85.0000   13.5675   46.6579
25.0000   108.0000   30.6750   26.9452
26.0000   20.0000   34.7154   5.7502
27.0000   103.0000   7.8433   17.1502
28.0000   119.0000   35.8760   25.9927
29.0000   47.0000   16.2104   45.8690
30.0000   25.0000   0.4584   23.7986
31.0000   51.0000   47.3470   24.3655
32.0000   72.0000   9.4255   9.2073
33.0000   93.0000   20.4548   44.4886
34.0000   86.0000   44.4754   45.9766
35.0000   53.0000   32.2335   35.4961
36.0000   52.0000   32.4547   28.4572
37.0000   112.0000   2.0950   31.9001
38.0000   60.0000   15.0397   18.5521
39.0000   80.0000   32.8059   20.5321
40.0000   40.0000   8.5370   45.2687
41.0000   83.0000   2.6277   17.5165
42.0000   116.0000   47.1816   36.8062
43.0000   68.0000   48.3046   35.2812
44.0000   112.0000   32.1420   36.1877
45.0000   63.0000   23.8047   22.8016
46.0000   96.0000   29.7821   38.3999
47.0000   32.0000   17.0917   32.1137
48.0000   86.0000   20.0615   34.4846
49.0000   102.0000   5.7578   20.0806
50.0000   35.0000   4.0852   1.6311
51.0000   103.0000   2.5460   2.8280
52.0000   88.0000   39.3804   18.6519
53.0000   54.0000   36.8748   17.5563
54.0000   47.0000   32.2017   48.8065
55.0000   106.0000   5.9184   33.5882
56.0000   62.0000   6.3428   24.3048
57.0000   31.0000   22.7165   42.9070
58.0000   85.0000   19.7765   14.3868
59.0000   50.0000   17.7487   49.0105
60.0000   88.0000   35.1114   21.0866
61.0000   32.0000   31.5728   23.2222
62.0000   56.0000   26.3950   46.3610
63.0000   23.0000   15.7462   19.4701
64.0000   26.0000   9.7701   12.1886
65.0000   28.0000   2.3503   44.3024
66.0000   71.0000   12.2307   8.6368
67.0000   119.0000   19.8180   42.3559
68.0000   77.0000   15.4950   9.3459
69.0000   49.0000   28.6484   11.3745
70.0000   22.0000   36.5932   3.9700
71.0000   103.0000   48.0056   28.1145
72.0000   79.0000   29.6508   49.8011
73.0000   54.0000   18.6040   26.9407
74.0000   110.0000   18.0124   32.1918
75.0000   77.0000   32.4402   19.1298
76.0000   105.0000   22.1493   21.3255
77.0000   21.0000   24.6658   29.5840
78.0000   101.0000   3.1169   30.6850
79.0000   54.0000   31.1174   13.7327
80.0000   29.0000   2.4966   11.1347
81.0000   103.0000   42.0881   30.2892
82.0000   103.0000   6.8840   20.1120
83.0000   68.0000   6.3306   31.8357
84.0000   48.0000   17.8532   13.4620
85.0000   32.0000   28.8460   1.8061
86.0000   90.0000   10.8177   38.8338
87.0000   68.0000   22.3489   49.6520
88.0000   113.0000   48.3140   17.8778
89.0000   89.0000   24.0452   38.6556
90.0000   83.0000   0.4427   16.8998
91.0000   103.0000   38.6144   18.0755
92.0000   76.0000   8.0933   38.4299
93.0000   111.0000   47.4156   17.0675
94.0000   37.0000   48.5938   46.3725
95.0000   73.0000   44.1406   22.5593
96.0000   114.0000   47.6395   14.8407
97.0000   101.0000   48.6839   27.9388
98.0000   59.0000   41.6611   1.1987
99.0000   92.0000   18.6065   40.2637
100.0000   31.0000   6.0998   49.7019
101.0000   98.0000   48.1456   38.9869
102.0000   37.0000   47.7413   13.2488
103.0000   95.0000   35.8187   37.5295
104.0000   110.0000   20.9056   44.2301
105.0000   114.0000   21.2744   5.8045
106.0000   39.0000   49.8368   25.3315
107.0000   118.0000   21.3991   37.8258
108.0000   113.0000   37.1315   27.4488
109.0000   83.0000   32.0405   5.8677
110.0000   85.0000   41.1511   1.3025
111.0000   50.0000   11.5773   0.3937
112.0000   61.0000   31.4959   2.0703
113.0000   68.0000   26.2677   12.7265
114.0000   66.0000   48.9571   46.7239
115.0000   98.0000   10.9433   5.5682
116.0000   76.0000   11.3336   47.8648
117.0000   22.0000   25.4605   37.8930
118.0000   40.0000   43.3890   35.5981
119.0000   94.0000   23.8580   47.0172
120.0000   35.0000   17.0192   29.1386
121.0000   45.0000   5.0604   26.5729
122.0000   47.0000   1.8639   14.3488
123.0000   92.0000   23.3996   25.7148
124.0000   55.0000   23.8744   40.5223
125.0000   97.0000   32.0263   26.0854
126.0000   120.0000   13.4411   12.1191
127.0000   44.0000   9.0752   32.5533
128.0000   79.0000   6.0322   8.7237
129.0000   63.0000   23.5835   13.0163
130.0000   120.0000   2.5227   35.0501
131.0000   23.0000   9.1775   42.6640
132.0000   59.0000   29.2606   45.2137
133.0000   87.0000   10.7594   23.9199
134.0000   112.0000   31.5161   44.3575
135.0000   84.0000   19.8330   15.2953
136.0000   120.0000   14.9648   5.5312
137.0000   93.0000   48.7935   5.4973
138.0000   106.0000   40.5589   46.5753
139.0000   73.0000   15.7161   40.4546
140.0000   70.0000   7.1892   2.9816
141.0000   109.0000   4.6929   44.6149
142.0000   35.0000   31.3924   36.9430
143.0000   52.0000   2.3245   18.2795
144.0000   108.0000   0.8248   31.1518
145.0000   44.0000   29.4554   31.5148
146.0000   69.0000   37.2367   15.9694
147.0000   41.0000   11.3533   42.7864
148.0000   42.0000   6.5973   0.2897
149.0000   45.0000   46.8536   49.1182
150.0000   80.0000   9.3717   1.2540
151.0000   23.0000   6.9661   43.0216
152.0000   119.0000   19.7080   44.7207
153.0000   40.0000   9.2558   30.4838
154.0000   72.0000   40.2260   26.0649
155.0000   66.0000   43.4300   0.4024
156.0000   68.0000   0.7611   46.3794
157.0000   99.0000   27.9932   3.5698
158.0000   53.0000   26.2263   27.5515
159.0000   100.0000   17.8001   17.8731
160.0000   70.0000   24.9237   7.3846
161.0000   96.0000   16.9038   4.1626
162.0000   57.0000   49.9736   10.7446
163.0000   43.0000   4.0630   41.0522
164.0000   59.0000   20.1853   48.2465
165.0000   23.0000   7.8091   19.3333
166.0000   54.0000   36.8618   23.8824
167.0000   47.0000   46.0783   32.5227
168.0000   93.0000   28.1253   24.1136
169.0000   106.0000   26.5115   24.5385
170.0000   20.0000   33.7832   36.2715
171.0000   36.0000   40.1552   11.9822
172.0000   113.0000   46.2399   5.7323
173.0000   61.0000   46.4819   11.0462
174.0000   29.0000   19.3430   28.6537
175.0000   90.0000   35.9942   10.8560
176.0000   96.0000   48.6652   33.0721
177.0000   83.0000   6.2979   30.0194
178.0000   40.0000   6.3837   0.8147
179.0000   22.0000   15.9910   30.6148
180.0000   46.0000   49.9295   19.0518
181.0000   96.0000   21.4268   20.9879
182.0000   37.0000   34.8257   19.6918
183.0000   22.0000   45.1972   5.0695
184.0000   110.0000   4.7897   22.7186
185.0000   75.0000   21.6940   23.5470
186.0000   50.0000   40.3038   15.9748
187.0000   116.0000   40.8946   17.8861
188.0000   69.0000   6.4051   48.0614
189.0000   83.0000   33.3415   9.1821
190.0000   67.0000   41.7406   35.5694
191.0000   86.0000   10.0881   19.1568
192.0000   93.0000   13.5905   21.8894
193.0000   32.0000   21.4865   40.7980
194.0000   66.0000   2.0427   16.3763
195.0000   109.0000   42.2106   20.9593
196.0000   68.0000   4.5754   22.6687
197.0000   90.0000   24.9638   29.2691
198.0000   79.0000   39.6355   9.4497
199.0000   69.0000   48.5975   16.0788
200.0000   48.0000   12.7807   43.6751
201.0000   34.0000   29.4378   0.9836
202.0000   22.0000   20.0381   38.0510
203.0000   39.0000   43.4835   7.4525
204.0000   109.0000   8.5418   39.8006
205.0000   81.0000   30.3908   28.9829
206.0000   81.0000   21.3311   35.8913
207.0000   89.0000   34.3831   6.3975
208.0000   41.0000   24.3740   9.5622
209.0000   71.0000   12.3826   34.5538
210.0000   44.0000   17.0906   24.1324
211.0000   43.0000   8.2958   1.0331
212.0000   39.0000   8.7810   4.6931
213.0000   97.0000   27.2664   26.8594
214.0000   25.0000   26.1610   23.3823
215.0000   36.0000   40.5772   20.4469
216.0000   30.0000   34.6441   41.4705
217.0000   89.0000   4.9516   49.6074
218.0000   22.0000   24.1898   33.2836
219.0000   73.0000   33.5329   28.6045
220.0000   61.0000   34.7835   15.6599
221.0000   42.0000   35.1931   40.6638
222.0000   23.0000   35.0043   42.6982
223.0000   95.0000   2.3969   1.4172
224.0000   92.0000   20.4964   15.8498
225.0000   22.0000   35.8445   40.5853
226.0000   63.0000   33.3170   30.6377
227.0000   112.0000   14.7552   20.2545
228.0000   101.0000   7.6050   47.9317
229.0000   59.0000   41.2327   43.0443
230.0000   104.0000   42.3306   35.2052
231.0000   90.0000   31.4795   33.0222
232.0000   76.0000   7.9425   13.4514
233.0000   33.0000   49.9141   38.2340
234.0000   30.0000   39.5901   20.5135
235.0000   102.0000   8.1142   2.4176
236.0000   38.0000   5.7270   28.9091
237.0000   46.0000   20.2702   13.7342
238.0000   63.0000   15.1828   25.3770
239.0000   73.0000   2.5132   15.2588
240.0000   52.0000   15.3559   21.8938
241.0000   116.0000   3.3145   35.6083
242.0000   54.0000   22.7054   44.8187
243.0000   29.0000   48.9206   4.1547
244.0000   111.0000   9.3661   13.1789
245.0000   60.0000   33.9170   16.0339
246.0000   61.0000   37.6270   23.3147
247.0000   38.0000   33.7474   48.7499
248.0000   71.0000   2.2388   22.3806
249.0000   80.0000   16.5193   36.7664
250.0000   85.0000   15.6213   21.1898
251.0000   24.0000   13.0035   29.5664
252.0000   68.0000   49.7810   44.9987
253.0000   64.0000   47.1875   38.1986
254.0000   41.0000   2.0152   9.5312
255.0000   75.0000   16.9194   26.0995
256.0000   95.0000   6.7932   22.5004
257.0000   56.0000   44.3839   48.3533
258.0000   49.0000   20.0479   43.4839
259.0000   75.0000   41.2889   12.2956
260.0000   72.0000   40.0757   0.5687
261.0000   34.0000   43.8052   6.1102
262.0000   41.0000   16.3005   39.1354
263.0000   67.0000   20.6187   44.0854
264.0000   36.0000   7.3914   24.8976
265.0000   65.0000   29.7358   48.2923
266.0000   66.0000   15.2623   33.6622
267.0000   119.0000   37.3841   18.2042
268.0000   107.0000   11.0078   42.6712
269.0000   22.0000   35.8115   2.5935
270.0000   37.0000   0.9603   15.2168
271.0000   112.0000   10.1022   31.3495
272.0000   120.0000   21.4058   14.1253
273.0000   95.0000   23.8663   34.5745
274.0000   117.0000   27.9772   47.4540
275.0000   100.0000   40.3515   4.7473
276.0000   43.0000   5.0607   17.1934
277.0000   51.0000   15.7710   29.0049
278.0000   53.0000   21.9193   29.9697
279.0000   101.0000   39.8780   10.5523
280.0000   117.0000   18.7266   10.4887
281.0000   95.0000   23.3507   23.8615
282.0000   24.0000   46.3813   41.3783
283.0000   24.0000   45.6393   9.7508
284.0000   39.0000   26.8805   36.7592
285.0000   42.0000   0.3838   6.0351
286.0000   88.0000   32.8370   24.0608
287.0000   120.0000   1.9241   2.9822
288.0000   35.0000   27.6303   15.6692
289.0000   52.0000   4.2275   38.8825
290.0000   95.0000   17.6332   38.5051
291.0000   78.0000   30.4254   44.7229
292.0000   34.0000   24.4697   25.8807
293.0000   111.0000   44.1980   10.5985
294.0000   68.0000   21.7634   19.0874
295.0000   39.0000   3.8087   13.0102
296.0000   112.0000   44.3620   38.5177
297.0000   69.0000   27.4692   25.2235
298.0000   105.0000   28.9057   40.0424
299.0000   29.0000   42.9693   3.4135
300.0000   75.0000   15.4658   46.5087
301.0000   51.0000   29.5557   3.2129
302.0000   30.0000   32.1866   36.6621
303.0000   21.0000   23.2263   26.7575
304.0000   48.0000   20.2505   29.0830
305.0000   96.0000   13.9708   21.9131
306.0000   83.0000   13.4708   41.6845
307.0000   114.0000   31.2045   17.6249
308.0000   83.0000   3.3961   37.4425
309.0000   115.0000   44.6560   23.6841
310.0000   55.0000   0.8640   37.1500
311.0000   93.0000   25.6543   30.7620
312.0000   109.0000   42.7965   30.8347
313.0000   49.0000   13.5966   14.3281
314.0000   64.0000   5.6362   5.1431
315.0000   31.0000   33.5413   19.2430
316.0000   30.0000   30.1688   23.1457
317.0000   57.0000   42.5285   29.5257
318.0000   75.0000   24.4163   47.9691
319.0000   25.0000   46.0219   16.1568
320.0000   72.0000   47.8545   34.9873
321.0000   120.0000   34.2849   27.9013
322.0000   115.0000   22.9564   46.0328
323.0000   47.0000   34.7592   25.9807
324.0000   46.0000   17.0841   28.8681
325.0000   85.0000   28.9854   14.7380
326.0000   103.0000   31.7919   47.6639
327.0000   94.0000   35.4680   2.8053
328.0000   61.0000   16.0193   32.2070
329.0000   120.0000   43.1967   18.0418
330.0000   77.0000   1.0803   7.9113
331.0000   72.0000   31.1923   2.4537
332.0000   105.0000   28.9874   30.6626
333.0000   95.0000   39.3599   21.7240
334.0000   58.0000   11.8278   23.6150
335.0000   57.0000   12.7141   1.3360
336.0000   68.0000   20.0559   29.7960
337.0000   113.0000   41.0326   32.3825
338.0000   26.0000   47.7011   1.2100
339.0000   70.0000   29.0211   41.6596
340.0000   81.0000   17.7178   8.8243
341.0000   41.0000   18.2172   32.8914
342.0000   119.0000   9.4188   31.6698
343.0000   101.0000   13.9289   9.2741
344.0000   22.0000   32.4985   18.3664
345.0000   22.0000   6.8128   7.3364
346.0000   105.0000   7.1783   13.3792
347.0000   46.0000   45.7037   13.0625
348.0000   119.0000   23.9928   36.7407
349.0000   50.0000   16.2311   17.5416
350.0000   108.0000   19.0636   7.1771
351.0000   60.0000   6.1800   1.6773
352.0000   119.0000   48.6888   9.9127
353.0000   26.0000   49.1942   43.0314
354.0000   62.0000   27.5718   18.3647
355.0000   113.0000   25.9042   0.8889
356.0000   68.0000   33.4786   17.1419
357.0000   74.0000   38.7730   5.2381
358.0000   55.0000   5.6248   42.7729
359.0000   100.0000   43.3306   36.0805
360.0000   61.0000   29.3893   44.7584
361.0000   73.0000   1.5425   43.5363
362.0000   20.0000   27.7022   27.7414
363.0000   82.0000   32.1927   27.3634
364.0000   110.0000   20.0155   14.7878
365.0000   76.0000   26.2334   33.4317
366.0000   92.0000   30.4998   43.0551
367.0000   63.0000   23.1002   29.9453
368.0000   65.0000   34.8377   36.8124
369.0000   64.0000   29.4785   4.8313
370.0000   102.0000   21.2052   25.1089
371.0000   56.0000   6.0259   29.9984
372.0000   110.0000   30.4387   46.3975
373.0000   56.0000   4.1503   22.9345
374.0000   61.0000   41.2622   11.6306
375.0000   83.0000   25.1213   42.2529
376.0000   67.0000   8.8835   7.3118
377.0000   90.0000   7.9316   31.8666
378.0000   81.0000   26.9073   15.9960
379.0000   47.0000   3.4809   23.9640
380.0000   44.0000   25.1294   17.5388
381.0000   116.0000   45.6154   9.4946
382.0000   90.0000   38.8240   42.6705
383.0000   89.0000   6.1625   28.0789
384.0000   92.0000   45.6568   9.6447
385.0000   73.0000   44.1914   42.9716
386.0000   57.0000   48.2210   17.5435
387.0000   73.0000   4.4132   39.2526
388.0000   44.0000   47.8822   38.7574
389.0000   31.0000   13.7241   24.8899
390.0000   114.0000   31.4562   48.5635
391.0000   119.0000   39.6921   40.0507
392.0000   75.0000   44.3799   34.4652
393.0000   107.0000   42.2450   1.2764
394.0000   77.0000   0.8944   1.9630
395.0000   33.0000   2.3498   19.4730
396.0000   51.0000   4.7767   24.9123
397.0000   40.0000   18.9897   31.9407
398.0000   68.0000   14.8178   28.7931
399.0000   51.0000   36.9090   18.5258
400.0000   119.0000   38.6573   0.4707
401.0000   39.0000   10.8278   10.0023
402.0000   23.0000   48.4571   7.4680
403.0000   119.0000   38.8842   21.2970
404.0000   87.0000   34.7857   34.8513
405.0000   65.0000   35.3970   47.7174
406.0000   72.0000   2.9007   29.8774
407.0000   31.0000   9.2864   36.9777
408.0000   26.0000   28.3149   13.5714
409.0000   45.0000   48.6545   22.6457
410.0000   25.0000   32.7634   26.2699
411.0000   51.0000   13.8204   17.4917
412.0000   87.0000   2.2612   19.1616
413.0000   54.0000   16.1444   49.9483
414.0000   117.0000   42.9468   10.3499
415.0000   37.0000   21.8697   29.2814
416.0000   72.0000   17.7220   11.2023
417.0000   114.0000   25.6514   43.6076
418.0000   48.0000   29.5131   6.5025
419.0000   49.0000   13.8029   38.3765
420.0000   39.0000   38.6836   46.0149
421.0000   68.0000   5.3396   46.5608
422.0000   21.0000   11.0805   8.3252
423.0000   120.0000   1.9640   5.2982
424.0000   117.0000   49.1013   30.2213
425.0000   96.0000   47.8005   15.0151
426.0000   34.0000   40.1128   18.4071
427.0000   106.0000   13.3238   18.0301
428.0000   101.0000   13.0632   27.9050
429.0000   101.0000   31.9469   5.9597
430.0000   102.0000   46.1534   14.1502
431.0000   68.0000   36.7013   37.6732
432.0000   54.0000   33.7705   9.8972
433.0000   101.0000   30.9433   18.2501
434.0000   63.0000   35.7529   19.2986
435.0000   77.0000   33.4223   34.4615
436.0000   101.0000   30.5221   15.5026
437.0000   110.0000   8.9754   22.1699
438.0000   83.0000   17.5832   25.0328
439.0000   77.0000   48.8649   8.5284
440.0000   69.0000   26.4410   16.8811
441.0000   88.0000   8.3778   22.6123
442.0000   49.0000   30.4173   15.2383
443.0000   35.0000   16.5910   3.6213
444.0000   87.0000   23.3541   2.5213
445.0000   81.0000   8.7312   23.6956
446.0000   35.0000   32.5441   30.0788
447.0000   56.0000   26.0935   43.8053
448.0000   97.0000   38.0822   25.1045
449.0000   40.0000   20.1233   45.8369
450.0000   31.0000   42.0861   34.5279
451.0000   83.0000   9.8206   22.1231
452.0000   56.0000   49.7160   15.0948
453.0000   110.0000   9.8383   33.9559
454.0000   28.0000   40.2199   25.8473
455.0000   26.0000   8.4901   9.0233
456.0000   72.0000   37.9996   31.9179
457.0000   73.0000   9.6591   26.1277
458.0000   57.0000   28.8732   13.7617
459.0000   43.0000   42.1791   42.1621
460.0000   50.0000   8.0182   44.5731
461.0000   24.0000   36.9353   9.0172
462.0000   75.0000   21.3787   33.1901
463.0000   64.0000   2.2677   8.6887
464.0000   101.0000   38.1337   6.7972
465.0000   120.0000   2.3802   41.3339
466.0000   32.0000   31.6284   14.1365
467.0000   114.0000   49.3732   19.5103
468.0000   108.0000   31.4662   41.0168
469.0000   91.0000   35.9410   31.1023
470.0000   88.0000   46.3207   26.4791
471.0000   114.0000   40.7513   3.7764
472.0000   57.0000   38.3731   2.5090
473.0000   58.0000   15.4461   4.3111
474.0000   88.0000   5.5339   48.1175
475.0000   117.0000   35.8704   4.7323
476.0000   92.0000   41.0045   22.7611
477.0000   95.0000   9.7169   49.7010
478.0000   70.0000   45.1475   38.9142
479.0000   28.0000   43.0037   15.8075
480.0000   116.0000   34.1737   42.9220
481.0000   102.0000   19.6392   26.9921
482.0000   46.0000   37.0778   44.6078
483.0000   88.0000   30.3320   47.8729
484.0000   31.0000   44.2165   13.5145
485.0000   72.0000   23.9779   9.2770
486.0000   75.0000   46.8347   8.4722
487.0000   24.0000   0.7785   49.8038
488.0000   118.0000   14.1096   47.7248
489.0000   44.0000   11.3087   41.9402
490.0000   107.0000   28.1774   15.5948
491.0000   51.0000   7.9360   41.4880
492.0000   100.0000   39.8369   21.4441
493.0000   23.0000   46.2552   38.6525
494.0000   116.0000   19.8268   11.2990
495.0000   57.0000   0.5252   22.8115
496.0000   22.0000   14.6916   2.7833
497.0000   62.0000   13.1558   15.6894
498.0000   42.0000   1.7584   30.6692
499.0000   39.0000   8.7879   22.3622
500.0000   45.0000   19.7750   32.9082
