0.0000   0.0000   0.0000   0.0000
1.0000   144.0000   35.4879   31.8304
2.0000   106.0000   26.6760   5.2252
3.0000   136.0000   24.1809   24.5200
4.0000   84.0000   9.0096   40.6100
5.0000   115.0000   19.8257   28.4524
6.0000   101.0000   36.1063   33.4388
7.0000   125.0000   29.5801   24.1300
8.0000   112.0000   39.5786   9.8686
9.0000   70.0000   35.0223   33.0666
10.0000   104.0000   19.9515   5.7009
11.0000   134.0000   26.4348   23.4576
12.0000   136.0000   2.3214   42.6315
13.0000   144.0000   13.9451   10.7899
14.0000   118.0000   29.0308   19.3407
15.0000   88.0000   7.9888   28.6885
16.0000   66.0000   24.8755   29.3287
17.0000   140.0000   48.4906   8.9846
18.0000   129.0000   49.3880   40.4658
19.0000   65.0000   42.4819   18.4149
20.0000   84.0000   17.2860   29.8210
21.0000   95.0000   38.6957   9.8433
22.0000   98.0000   41.3184   21.2377
23.0000   107.0000   5.5719   32.9059
24.0000   99.0000   38.9484   22.9547
25.0000   71.0000   30.4007   35.4914
26.0000   128.0000   3.9384   34.2386
27.0000   120.0000   20.2249   40.1676
28.0000   134.0000   48.6068   32.6809
29.0000   132.0000   40.0284   33.0450
30.0000   108.0000   45.2722   41.4845
31.0000   131.0000   6.5354   21.4711
32.0000   108.0000   10.1855   19.9402
33.0000   109.0000   7.7061   44.6738
34.0000   150.0000   41.7685   33.4865
35.0000   91.0000   15.3697   48.1877
36.0000   64.0000   20.1310   6.9385
37.0000   78.0000   6.0373   4.3418
38.0000   149.0000   38.1880   0.4151
39.0000   69.0000   29.5603   31.7191
40.0000   103.0000   6.0201   30.8646
41.0000   62.0000   23.5947   23.5525
42.0000   73.0000   28.8876   25.3598
43.0000   119.0000   9.0022   40.0697
44.0000   91.0000   30.7581   28.4835
45.0000   88.0000   10.7011   32.9237
46.0000   126.0000   47.3539   40.5089
47.0000   65.0000   26.5891   15.5960
48.0000   116.0000   25.3303   40.2487
49.0000   98.0000   31.6092   25.2587
50.0000   109.0000   9.8024   44.2794
51.0000   76.0000   5.9263   19.4920
52.0000   76.0000   42.6924   49.0379
53.0000   113.0000   39.5488   19.5496
54.0000   62.0000   31.7474   2.4942
55.0000   95.0000   21.7531   44.8916
56.0000   135.0000   6.9731   35.4505
57.0000   126.0000   49.6765   42.9606
58.0000   99.0000   15.8890   14.7395
59.0000   99.0000   10.5280   30.1629
60.0000   109.0000   17.2025   30.7060
61.0000   97.0000   15.7424   46.6568
62.0000   117.0000   21.3052   36.6102
63.0000   119.0000   36.5855   12.0806
64.0000   146.0000   36.0438   40.2928
65.0000   138.0000   20.5630   9.1262
66.0000   104.0000   4.2757   10.7102
67.0000   70.0000   16.0628   37.7651
68.0000   147.0000   17.2252   40.3701
69.0000   106.0000   1.8391   25.9489
70.0000   150.0000   21.9105   0.0214
71.0000   147.0000   33.4122   23.0963
72.0000   85.0000   6.0093   48.6479
73.0000   86.0000   10.9522   0.2044
74.0000   117.0000   37.1091   36.1780
75.0000   134.0000   38.6558   16.6014
76.0000   116.0000   22.1386   40.0294
77.0000   119.0000   44.2738   17.3172
78.0000   115.0000   35.7798   9.0718
79.0000   90.0000   8.2969   6.2718
80.0000   129.0000   47.9654   19.4447
81.0000   127.0000   29.9960   1.2040
82.0000   78.0000   34.1656   6.9094
83.0000   107.0000   7.0258   46.0321
84.0000   96.0000   2.5111   48.5710
85.0000   114.0000   34.1987   9.2845
86.0000   142.0000   49.9590   36.4390
87.0000   64.0000   3.7627   27.6682
88.0000   95.0000   49.5944   9.0311
89.0000   116.0000   30.6887   17.9758
90.0000   67.0000   38.0678   27.1717
91.0000   147.0000   19.2592   9.6823
92.0000   106.0000   44.7889   47.8963
93.0000   72.0000   34.2852   33.5001
94.0000   120.0000   34.9720   43.8970
95.0000   88.0000   39.1395   24.9057
96.0000   112.0000   6.5669   16.5235
97.0000   82.0000   35.8115   18.7228
98.0000   98.0000   16.9676   13.0361
99.0000   109.0000   24.6475   22.6182
100.0000   77.0000   22.8090   39.2909
101.0000   121.0000   41.8855   24.8061
102.0000   131.0000   12.8011   20.5963
103.0000   150.0000   7.5017   41.4081
104.0000   81.0000   26.0270   26.9386
105.0000   128.0000   24.5637   16.7857
106.0000   142.0000   2.3555   26.3177
107.0000   122.0000   38.9917   21.2377
108.0000   97.0000   40.9936   34.0937
109.0000   130.0000   38.3283   18.8849
110.0000   136.0000   32.6071   2.0485
111.0000   137.0000   26.9155   24.8595
112.0000   83.0000   7.1517   34.3775
113.0000   83.0000   8.9536   48.3624
114.0000   117.0000   40.6784   8.6586
115.0000   64.0000   34.0968   22.7498
116.0000   144.0000   10.7326   17.4787
117.0000   139.0000   48.3176   21.5524
118.0000   78.0000   15.3914   31.2397
119.0000   121.0000   21.1755   47.9454
120.0000   67.0000   32.4844   9.0371
121.0000   144.0000   15.0886   1.2590
122.0000   79.0000   6.8009   18.4863
123.0000   129.0000   15.4189   13.5850
124.0000   128.0000   3.3043   41.1890
125.0000   112.0000   32.8015   33.1816
126.0000   105.0000   20.0509   6.1595
127.0000   150.0000   27.7853   28.1840
128.0000   95.0000   22.8049   32.5512
129.0000   150.0000   33.1316   40.7557
130.0000   79.0000   27.1228   46.4789
131.0000   126.0000   33.9765   18.8753
132.0000   135.0000   20.2055   34.2079
133.0000   72.0000   31.2551   27.9009
134.0000   97.0000   7.0760   9.7701
135.0000   85.0000   20.2978   39.9236
136.0000   113.0000   47.5722   34.7236
137.0000   71.0000   21.4714   8.3220
138.0000   134.0000   3.3820   36.9735
139.0000   125.0000   6.5333   3.4780
140.0000   131.0000   7.1118   26.5172
141.0000   144.0000   32.6393   15.4332
142.0000   128.0000   44.8675   23.8674
143.0000   117.0000   20.0645   18.8775
144.0000   90.0000   16.9467   4.7837
145.0000   76.0000   31.0973   43.8354
146.0000   99.0000   48.4798   21.6833
147.0000   150.0000   16.0419   38.7613
148.0000   136.0000   17.9275   44.4839
149.0000   76.0000   43.9347   37.4861
150.0000   61.0000   9.6153   8.5695
151.0000   105.0000   44.3728   34.7246
152.0000   61.0000   35.5141   20.8019
153.0000   96.0000   49.9316   5.2284
154.0000   69.0000   15.2681   41.7129
155.0000   83.0000   18.3827   20.3400
156.0000   112.0000   46.8377   7.1363
157.0000   78.0000   17.2447   1.1644
158.0000   120.0000   45.9529   37.5319
159.0000   82.0000   6.2968   4.0366
160.0000   122.0000   12.0643   24.2781
161.0000   86.0000   0.4766   16.0522
162.0000   105.0000   5.8912   25.8864
163.0000   133.0000   33.3119   39.0351
164.0000   129.0000   33.1676   40.6471
165.0000   114.0000   29.3657   22.0887
166.0000   116.0000   36.0130   23.0100
167.0000   103.0000   29.4580   15.7390
168.0000   73.0000   25.7858   3.8649
169.0000   135.0000   40.2825   30.2909
170.0000   127.0000   5.5819   44.9641
171.0000   145.0000   43.5464   4.9121
172.0000   82.0000   30.1866   8.3955
173.0000   116.0000   47.5154   16.6247
174.0000   121.0000   17.9770   20.9917
175.0000   86.0000   14.7771   44.4680
176.0000   66.0000   29.0580   9.3351
177.0000   99.0000   37.6431   10.6073
178.0000   79.0000   27.5240   36.9897
179.0000   96.0000   7.7404   21.2392
180.0000   121.0000   12.4747   13.7762
181.0000   100.0000   46.1698   45.6231
182.0000   96.0000   40.1066   36.9054
183.0000   80.0000   45.8155   36.9281
184.0000   75.0000   24.1389   44.7661
185.0000   78.0000   12.7182   29.2483
186.0000   84.0000   43.1265   15.6164
187.0000   143.0000   21.3530   10.0140
188.0000   77.0000   33.1406   28.7177
189.0000   125.0000   19.8286   15.7758
190.0000   134.0000   0.9231   18.2586
191.0000   137.0000   49.2783   0.9592
192.0000   100.0000   45.2031   6.8943
193.0000   87.0000   22.9045   15.7518
194.0000   148.0000   20.8012   28.8076
195.0000   65.0000   1.1245   11.7467
196.0000   72.0000   42.5870   17.2032
197.0000   76.0000   29.7558   17.9299
198.0000   104.0000   10.6897   31.7533
199.0000   129.0000   24.4522   18.8808
200.0000   122.0000   36.4366   31.0426
201.0000   142.0000   20.8348   37.8680
202.0000   80.0000   8.4704   16.8985
203.0000   148.0000   18.3765   0.7428
204.0000   125.0000   48.1973   46.1390
205.0000   84.0000   7.2201   49.5745
206.0000   78.0000   3.7256   21.9536
207.0000   99.0000   20.5669   24.0120
208.0000   103.0000   14.4824   41.4209
209.0000   103.0000   14.6528   20.6906
210.0000   146.0000   22.6365   39.9596
211.0000   112.0000   36.8437   47.1801
212.0000   63.0000   21.1288   31.2091
213.0000   92.0000   48.2374   37.9436
214.0000   149.0000   32.4672   7.8151
215.0000   68.0000   43.8250   17.4854
216.0000   88.0000   10.4651   33.4165
217.0000   88.0000   27.0357   11.6250
218.0000   106.0000   1.1178   8.3543
219.0000   134.0000   49.5912   22.0243
220.0000   134.0000   37.2719   26.2569
221.0000   114.0000   46.0976   11.5617
222.0000   90.0000   47.2996   35.0794
223.0000   102.0000   3.1410   37.6166
224.0000   120.0000   11.6646   1.5162
225.0000   102.0000   47.5087   11.4015
226.0000   118.0000   29.4494   10.9445
227.0000   91.0000   26.3431   13.5473
228.0000   99.0000   3.0194   2.9526
229.0000   143.0000   31.9734   30.4140
230.0000   141.0000   42.7049   9.7081
231.0000   129.0000   0.7906   12.8435
232.0000   110.0000   10.5196   45.4792
233.0000   118.0000   48.6542   12.3916
234.0000   71.0000   41.6849   1.3058
235.0000   113.0000   6.9886   41.8896
236.0000   149.0000   19.6636   46.9033
237.0000   86.0000   34.1239   22.9185
238.0000   86.0000   17.1541   44.7765
239.0000   87.0000   32.2123   33.1391
240.0000   95.0000   29.8013   25.6784
241.0000   119.0000   2.2311   38.7033
242.0000   76.0000   39.4174   40.2884
243.0000   98.0000   47.5065   21.8892
244.0000   76.0000   31.1697   30.6225
245.0000   115.0000   3.0689   41.6052
246.0000   132.0000   10.8349   38.3888
247.0000   112.0000   34.3865   27.1096
248.0000   135.0000   7.7746   19.8676
249.0000   87.0000   4.1615   0.4582
250.0000   64.0000   13.9627   49.4147
251.0000   118.0000   15.3516   28.5124
252.0000   112.0000   10.0148   9.7737
253.0000   90.0000   7.4199   10.0478
254.0000   148.0000   17.7722   11.5881
255.0000   101.0000   25.2661   16.8474
256.0000   136.0000   9.8967   29.6638
257.0000   63.0000   18.4559   17.6865
258.0000   97.0000   23.3215   28.7912
259.0000   79.0000   32.2040   10.8365
260.0000   147.0000   29.5353   34.8266
261.0000   72.0000   21.8934   40.0360
262.0000   105.0000   6.7362   35.8292
263.0000   92.0000   49.7830   9.7639
264.0000   95.0000   11.5730   48.3997
265.0000   87.0000   17.3306   1.7645
266.0000   140.0000   32.5757   0.5055
267.0000   144.0000   22.6817   17.9456
268.0000   80.0000   32.6450   18.8657
269.0000   141.0000   12.8309   2.5833
270.0000   104.0000   4.8777   3.7101
271.0000   85.0000   26.9869   22.2959
272.0000   119.0000   4.8291   33.3336
273.0000   101.0000   2.7278   33.7968
274.0000   102.0000   45.3802   32.7209
275.0000   140.0000   26.2412   39.2582
276.0000   109.0000   27.0115   12.9309
277.0000   117.0000   23.2640   5.3212
278.0000   129.0000   6.8989   13.7210
279.0000   131.0000   27.5693   20.7709
280.0000   83.0000   12.8149   24.8294
281.0000   127.0000   35.4687   38.9861
282.0000   98.0000   16.7822   40.2801
283.0000   124.0000   1.7509   44.3951
284.0000   137.0000   32.5793   2.8846
285.0000   148.0000   32.0783   13.8805
286.0000   106.0000   41.6733   29.8164
287.0000   70.0000   5.7542   28.1396
288.0000   149.0000   29.5271   1.9430
289.0000   94.0000   7.2139   23.7080
290.0000   119.0000   41.5565   28.4932
291.0000   118.0000   10.3798   20.8736
292.0000   122.0000   13.6912   43.5109
293.0000   60.0000   40.3552   3.7307
294.0000   95.0000   28.4811   30.7614
295.0000   132.0000   11.7346   26.3693
296.0000   97.0000   46.4099   29.3931
297.0000   76.0000   6.5598   37.1054
298.0000   60.0000   44.0567   29.5591
299.0000   89.0000   30.6711   22.2670
300.0000   147.0000   47.0279   31.5915
301.0000   112.0000   17.6241   10.1718
302.0000   87.0000   48.2836   46.9133
303.0000   78.0000   16.6356   38.3266
304.0000   124.0000   45.2554   29.2500
305.0000   61.0000   19.8666   18.1744
306.0000   70.0000   40.1406   14.9545
307.0000   80.0000   40.1767   10.9373
308.0000   113.0000   27.2144   36.4586
309.0000   61.0000   49.6791   25.2812
310.0000   127.0000   23.8274   0.7802
311.0000   124.0000   21.1134   20.1939
312.0000   105.0000   26.0551   19.7855
313.0000   84.0000   3.9257   39.0302
314.0000   138.0000   12.2299   21.4756
315.0000   104.0000   44.5605   35.7089
316.0000   124.0000   35.8006   11.2898
317.0000   121.0000   0.1702   22.2929
318.0000   128.0000   40.8974   49.5838
319.0000   117.0000   42.3713   32.7140
320.0000   142.0000   31.0137   5.8855
321.0000   118.0000   29.2880   9.4683
322.0000   66.0000   28.2967   42.5194
323.0000   121.0000   17.0589   35.6068
324.0000   74.0000   36.4308   33.6745
325.0000   95.0000   48.3828   5.2190
326.0000   133.0000   32.4363   33.2914
327.0000   117.0000   36.2890   14.1134
328.0000   144.0000   12.7435   22.1197
329.0000   144.0000   16.8614   42.3245
330.0000   119.0000   17.5740   19.2860
331.0000   146.0000   4.3092   7.0105
332.0000   63.0000   10.5873   42.5676
333.0000   144.0000   47.1125   42.6371
334.0000   101.0000   36.2443   42.1472
335.0000   142.0000   41.7792   7.2066
336.0000   148.0000   23.4769   20.8735
337.0000   64.0000   26.8301   44.4391
338.0000   85.0000   10.2825   24.1871
339.0000   141.0000   44.6314   46.3847
340.0000   145.0000   18.1361   3.2418
341.0000   129.0000   15.6958   39.7204
342.0000   108.0000   27.7497   42.6515
343.0000   85.0000   19.2650   19.4586
344.0000   114.0000   22.2733   7.6004
345.0000   82.0000   20.8009   44.8642
346.0000   71.0000   46.9175   48.8864
347.0000   85.0000   10.8295   40.9335
348.0000   145.0000   22.1807   39.0344
349.0000   67.0000   18.6342   22.2110
350.0000   66.0000   18.5520   14.3471
351.0000   81.0000   25.8867   41.6409
352.0000   110.0000   27.1078   44.6102
353.0000   103.0000   10.4817   1.3746
354.0000   112.0000   6.7465   9.7219
355.0000   85.0000   25.5076   4.4588
356.0000   74.0000   25.2995   43.4110
357.0000   127.0000   41.5436   40.8496
358.0000   90.0000   0.6398   24.3775
359.0000   98.0000   36.4779   1.2246
360.0000   127.0000   8.8456   48.9834
361.0000   143.0000   3.9332   22.4771
362.0000   119.0000   26.2827   40.0672
363.0000   75.0000   13.9994   39.2881
364.0000   104.0000   40.0298   5.6010
365.0000   89.0000   26.7759   37.2226
366.0000   125.0000   39.2162   40.1379
367.0000   146.0000   17.1852   30.9275
368.0000   119.0000   29.0494   25.1833
369.0000   140.0000   25.3471   17.6203
370.0000   83.0000   46.0082   33.2836
371.0000   72.0000   3.3677   48.0385
372.0000   62.0000   31.8928   27.3442
373.0000   67.0000   0.0118   45.3595
374.0000   116.0000   4.6480   15.4696
375.0000   88.0000   18.9812   38.0244
376.0000   130.0000   22.7361   19.5320
377.0000   104.0000   10.4765   36.1470
378.0000   77.0000   1.5066   1.6774
379.0000   124.0000   39.0710   24.5558
380.0000   81.0000   6.2640   16.6232
381.0000   83.0000   42.7437   6.9507
382.0000   101.0000   30.3362   9.9224
383.0000   113.0000   26.5357   35.2756
384.0000   64.0000   43.2556   21.9041
385.0000   123.0000   30.9048   13.9813
386.0000   143.0000   38.4092   17.4428
387.0000   79.0000   2.7171   29.3076
388.0000   125.0000   1.4466   47.2885
389.0000   137.0000   45.5666   18.0388
390.0000   121.0000   43.5295   32.4370
391.0000   135.0000   9.2020   35.2845
392.0000   77.0000   38.2811   3.1300
393.0000   102.0000   30.6876   33.4300
394.0000   60.0000   15.2799   11.4168
395.0000   72.0000   27.3503   4.3075
396.0000   86.0000   18.7249   45.1366
397.0000   121.0000   24.1113   32.8762
398.0000   94.0000   48.3950   35.0274
399.0000   142.0000   5.8878   9.4974
400.0000   93.0000   16.6284   7.4672
401.0000   84.0000   12.7587   10.1755
402.0000   141.0000   13.0375   1.3291
403.0000   104.0000   49.8492   18.4648
404.0000   84.0000   26.4265   22.7718
405.0000   95.0000   9.5364   12.7070
406.0000   127.0000   15.8132   15.9297
407.0000   114.0000   2.9508   46.5823
408.0000   119.0000   34.9833   28.2619
409.0000   68.0000   28.4704   13.0049
410.0000   99.0000   49.5582   17.5027
411.0000   62.0000   18.2420   1.8517
412.0000   74.0000   22.3518   1.7050
413.0000   124.0000   43.5853   35.9550
414.0000   145.0000   44.5688   39.3260
415.0000   116.0000   40.1580   22.9913
416.0000   121.0000   25.4240   14.5155
417.0000   112.0000   45.4556   24.9898
418.0000   93.0000   31.7025   10.3744
419.0000   65.0000   15.5598   35.7584
420.0000   88.0000   18.9039   21.8034
421.0000   79.0000   20.6064   3.3879
422.0000   95.0000   24.2058   28.6133
423.0000   125.0000   35.2759   5.0912
424.0000   97.0000   33.0885   8.8748
425.0000   65.0000   12.9986   45.4962
426.0000   90.0000   35.9907   33.3150
427.0000   149.0000   2.0830   6.6246
428.0000   81.0000   18.7295   5.2327
429.0000   142.0000   11.4283   20.1666
430.0000   108.0000   47.1051   45.3718
431.0000   121.0000   19.6390   10.9119
432.0000   110.0000   23.7053   19.1524
433.0000   147.0000   39.0279   46.4439
434.0000   107.0000   28.9624   29.5639
435.0000   109.0000   2.0006   33.3149
436.0000   131.0000   33.6297   6.5791
437.0000   74.0000   19.8174   11.8543
438.0000   98.0000   36.8428   15.2598
439.0000   130.0000   34.7454   40.1028
440.0000   65.0000   19.0688   43.0530
441.0000   96.0000   47.4416   26.7924
442.0000   149.0000   40.1838   36.2305
443.0000   75.0000   24.1333   17.4946
444.0000   89.0000   43.0319   46.0814
445.0000   97.0000   49.2467   33.6778
446.0000   115.0000   26.6001   23.8848
447.0000   102.0000   48.4918   13.7525
448.0000   98.0000   43.5290   41.1707
449.0000   108.0000   24.9544   21.2401
450.0000   94.0000   35.8255   31.0445
