0.0000   0.0000   0.0000   0.0000
1.0000   94.0000   28.7853   1.7743
2.0000   130.0000   17.2258   29.5027
3.0000   77.0000   28.4980   7.6158
4.0000   139.0000   32.9052   10.0999
5.0000   72.0000   2.5982   20.2855
6.0000   75.0000   32.7186   17.8346
7.0000   59.0000   30.0265   45.6506
8.0000   102.0000   25.3513   11.5389
9.0000   79.0000   24.2212   38.3140
10.0000   131.0000   16.9113   17.2776
11.0000   59.0000   24.5214   17.9284
12.0000   78.0000   11.6460   32.7981
13.0000   75.0000   41.2246   12.3456
14.0000   117.0000   4.9542   4.3996
15.0000   128.0000   46.0724   6.3026
16.0000   96.0000   27.1076   4.5089
17.0000   133.0000   30.7643   27.8700
18.0000   68.0000   44.5588   12.0303
19.0000   91.0000   17.0018   48.5330
20.0000   125.0000   20.4296   46.0146
21.0000   112.0000   0.6865   32.0838
22.0000   84.0000   7.1619   7.5690
23.0000   115.0000   19.4139   14.4689
24.0000   123.0000   31.0849   18.2501
25.0000   104.0000   14.5831   12.6183
26.0000   98.0000   33.0417   4.0165
27.0000   96.0000   27.0537   25.9678
28.0000   51.0000   15.5346   20.1874
29.0000   113.0000   47.2238   3.5074
30.0000   71.0000   33.8458   2.5549
31.0000   78.0000   44.5276   46.9060
32.0000   81.0000   10.0207   15.0035
33.0000   69.0000   24.7917   17.1983
34.0000   87.0000   48.5255   22.9677
35.0000   134.0000   25.3762   24.4132
36.0000   52.0000   35.2986   38.6573
37.0000   95.0000   18.5831   6.5541
38.0000   83.0000   18.1214   43.1565
39.0000   74.0000   4.0404   32.8619
40.0000   89.0000   28.7523   11.4312
41.0000   82.0000   47.7582   3.1304
42.0000   80.0000   46.9879   44.4622
43.0000   109.0000   26.7088   34.8020
44.0000   130.0000   29.1254   38.2939
45.0000   73.0000   9.3532   8.4667
46.0000   74.0000   21.9774   25.0252
47.0000   80.0000   41.6478   46.7657
48.0000   65.0000   30.0156   7.2977
49.0000   90.0000   19.5505   15.4390
50.0000   115.0000   16.0099   25.8178
51.0000   84.0000   45.6856   2.0187
52.0000   81.0000   22.4518   4.5847
53.0000   64.0000   38.4364   44.3326
54.0000   127.0000   11.5613   12.1969
55.0000   66.0000   40.6134   41.9506
56.0000   50.0000   35.2627   44.3170
57.0000   55.0000   21.1688   34.9774
58.0000   105.0000   19.4064   19.3288
59.0000   60.0000   34.7152   0.0864
60.0000   85.0000   3.4977   14.0051
61.0000   85.0000   27.2612   16.7398
62.0000   137.0000   32.7366   23.2249
63.0000   72.0000   45.7092   3.5745
64.0000   131.0000   43.3726   5.1938
65.0000   134.0000   8.2896   38.1970
66.0000   96.0000   25.3061   6.2040
67.0000   55.0000   32.6828   23.9515
68.0000   122.0000   45.6674   45.6652
69.0000   108.0000   11.0039   10.7273
70.0000   140.0000   7.5371   20.5720
71.0000   92.0000   44.9303   41.8823
72.0000   82.0000   17.4419   13.1250
73.0000   66.0000   32.4478   47.7617
74.0000   106.0000   46.7825   33.2594
75.0000   80.0000   26.1309   49.7477
76.0000   108.0000   17.8051   3.7976
77.0000   134.0000   45.7208   36.4643
78.0000   120.0000   46.7790   15.2959
79.0000   116.0000   2.5100   6.4570
80.0000   140.0000   19.0366   0.1489
81.0000   104.0000   4.3054   19.3168
82.0000   133.0000   25.8340   39.0233
83.0000   79.0000   16.4703   27.7559
84.0000   90.0000   41.2032   7.5771
85.0000   120.0000   3.3363   26.7322
86.0000   110.0000   49.4522   43.8508
87.0000   53.0000   12.4763   42.7322
88.0000   65.0000   34.4635   47.2025
89.0000   50.0000   22.7180   15.4661
90.0000   121.0000   39.6818   17.0140
91.0000   127.0000   17.8685   34.8820
92.0000   65.0000   17.4389   35.4573
93.0000   134.0000   45.9401   22.8066
94.0000   133.0000   45.6947   48.7260
95.0000   81.0000   13.4553   49.2188
96.0000   125.0000   9.7784   21.5135
97.0000   57.0000   33.1748   1.0002
98.0000   57.0000   31.2135   47.6701
99.0000   139.0000   10.8513   36.7808
100.0000   67.0000   43.2659   36.5315
101.0000   95.0000   7.5090   15.0206
102.0000   73.0000   39.4610   21.3310
103.0000   125.0000   33.7042   49.0028
104.0000   132.0000   14.7239   7.7854
105.0000   104.0000   16.2151   35.4186
106.0000   86.0000   1.9930   22.2048
107.0000   80.0000   39.4149   22.5651
108.0000   62.0000   49.7850   14.4448
109.0000   77.0000   25.3640   3.7942
110.0000   112.0000   29.7256   27.8221
111.0000   135.0000   19.1682   30.3881
112.0000   101.0000   49.9738   19.5114
113.0000   130.0000   41.4653   44.1318
114.0000   75.0000   36.4388   22.6858
115.0000   93.0000   12.6254   7.5791
116.0000   93.0000   19.6591   25.3100
117.0000   126.0000   43.1625   5.9451
118.0000   99.0000   16.1062   38.5251
119.0000   139.0000   8.9304   20.5001
120.0000   107.0000   35.2747   14.9081
121.0000   70.0000   10.2278   45.7538
122.0000   57.0000   33.1036   9.7564
123.0000   119.0000   35.7226   19.7498
124.0000   94.0000   33.9940   26.1502
125.0000   134.0000   5.1140   47.4142
126.0000   91.0000   25.6614   1.4703
127.0000   136.0000   48.8548   46.4248
128.0000   69.0000   24.4825   11.8532
129.0000   127.0000   13.3081   31.0140
130.0000   77.0000   5.6823   16.2599
131.0000   56.0000   46.9470   26.0808
132.0000   131.0000   15.3921   38.1927
133.0000   106.0000   24.3430   37.5850
134.0000   134.0000   25.9153   8.6952
135.0000   59.0000   2.7439   24.5400
136.0000   67.0000   29.0609   40.4693
137.0000   112.0000   5.9355   48.4010
138.0000   59.0000   32.1335   49.8030
139.0000   77.0000   44.4770   24.5459
140.0000   124.0000   7.5236   35.4365
141.0000   75.0000   33.7809   25.0999
142.0000   80.0000   40.3555   33.3607
143.0000   63.0000   0.3711   32.2198
144.0000   51.0000   43.2465   0.1081
145.0000   69.0000   24.9351   31.0084
146.0000   133.0000   13.7079   40.7020
147.0000   105.0000   16.4238   45.9942
148.0000   67.0000   39.8769   10.9856
149.0000   93.0000   15.8947   10.1223
150.0000   138.0000   29.4634   16.4030
151.0000   62.0000   22.7624   49.3712
152.0000   60.0000   9.6182   46.5706
153.0000   104.0000   2.4820   11.7530
154.0000   80.0000   14.8649   34.7710
155.0000   52.0000   13.9298   1.7609
156.0000   55.0000   35.2452   12.6039
157.0000   118.0000   47.9614   38.1351
158.0000   75.0000   5.0707   32.6199
159.0000   134.0000   8.7868   9.5671
160.0000   133.0000   36.1276   39.2940
161.0000   122.0000   31.9471   39.8801
162.0000   66.0000   17.9957   40.8739
163.0000   118.0000   42.2551   18.2090
164.0000   63.0000   38.4004   10.3964
165.0000   71.0000   6.3203   12.9261
166.0000   115.0000   12.7439   39.3498
167.0000   101.0000   29.3029   5.5454
168.0000   134.0000   30.4637   12.8947
169.0000   61.0000   43.6834   18.9543
170.0000   116.0000   19.2063   7.5739
171.0000   102.0000   39.5008   48.2941
172.0000   87.0000   34.4628   7.3319
173.0000   107.0000   22.9567   8.7085
174.0000   66.0000   47.8028   16.3060
175.0000   90.0000   11.9230   39.4859
176.0000   111.0000   17.7952   7.2967
177.0000   65.0000   22.8522   26.4451
178.0000   50.0000   23.1462   12.0713
179.0000   129.0000   29.0471   26.8331
180.0000   102.0000   31.9476   23.6905
181.0000   124.0000   35.2820   2.0473
182.0000   74.0000   48.7752   23.6028
183.0000   76.0000   5.8454   30.0974
184.0000   122.0000   32.5337   26.8250
185.0000   117.0000   38.8340   38.4721
186.0000   128.0000   32.1926   34.4132
187.0000   60.0000   6.1510   38.8428
188.0000   67.0000   29.7071   19.2851
189.0000   140.0000   26.4422   49.1005
190.0000   92.0000   26.6610   8.6386
191.0000   106.0000   0.4095   12.6826
192.0000   108.0000   48.4665   40.3272
193.0000   64.0000   29.5756   29.2080
194.0000   57.0000   28.9402   43.8833
195.0000   54.0000   31.2767   46.7572
196.0000   78.0000   17.7112   13.8252
197.0000   65.0000   7.9304   25.5980
198.0000   74.0000   38.7467   41.1058
199.0000   138.0000   7.0543   27.0978
200.0000   52.0000   18.3336   19.8986
201.0000   63.0000   43.6218   42.4180
202.0000   122.0000   10.0428   12.3316
203.0000   85.0000   43.8744   13.9219
204.0000   109.0000   31.3130   25.4640
205.0000   129.0000   23.6907   30.3437
206.0000   79.0000   39.0184   22.5866
207.0000   90.0000   36.5384   26.6059
208.0000   131.0000   41.3100   18.4035
209.0000   99.0000   31.5023   3.0158
210.0000   65.0000   45.9041   14.0470
211.0000   66.0000   40.2063   28.1657
212.0000   138.0000   41.8259   8.2924
213.0000   118.0000   43.8985   8.3594
214.0000   122.0000   13.1469   3.4289
215.0000   71.0000   38.9758   13.2830
216.0000   89.0000   29.6686   0.5011
217.0000   102.0000   10.8992   19.6527
218.0000   109.0000   26.0632   28.1210
219.0000   63.0000   25.7028   24.9177
220.0000   124.0000   0.2902   27.0852
221.0000   99.0000   44.7594   17.0562
222.0000   72.0000   22.6376   32.6436
223.0000   137.0000   0.8385   30.6209
224.0000   89.0000   29.8668   9.6874
225.0000   101.0000   35.3444   7.8913
226.0000   116.0000   0.0352   7.8020
227.0000   137.0000   6.9844   2.9017
228.0000   67.0000   5.2487   40.3487
229.0000   110.0000   27.3607   49.2136
230.0000   66.0000   38.9715   20.6432
231.0000   106.0000   10.0008   3.8234
232.0000   61.0000   0.6666   4.6940
233.0000   56.0000   39.2992   42.3758
234.0000   130.0000   20.1393   34.8145
235.0000   80.0000   40.3036   8.8378
236.0000   78.0000   32.0981   35.9298
237.0000   81.0000   31.3686   21.3339
238.0000   121.0000   4.9774   42.4461
239.0000   63.0000   16.5895   18.4870
240.0000   133.0000   17.6007   28.8961
241.0000   78.0000   14.2330   6.2339
242.0000   118.0000   39.5762   14.1218
243.0000   72.0000   25.4695   15.1199
244.0000   118.0000   28.2377   4.6556
245.0000   124.0000   35.9140   35.4218
246.0000   56.0000   38.3584   20.6243
247.0000   92.0000   40.8429   13.8617
248.0000   80.0000   25.3739   23.6301
249.0000   137.0000   37.5822   37.3375
250.0000   115.0000   31.7051   23.2233
251.0000   86.0000   42.8732   0.1169
252.0000   120.0000   42.6904   38.1167
253.0000   57.0000   36.7565   40.5878
254.0000   52.0000   9.6638   17.2273
255.0000   78.0000   17.8776   18.3877
256.0000   69.0000   43.7236   43.7880
257.0000   102.0000   21.7052   1.9422
258.0000   76.0000   30.3260   47.1717
259.0000   98.0000   35.7623   18.7322
260.0000   76.0000   7.8398   38.7963
261.0000   63.0000   18.2430   3.2972
262.0000   122.0000   14.5535   46.2535
263.0000   51.0000   30.7623   39.8508
264.0000   78.0000   28.6564   37.4737
265.0000   116.0000   25.3807   38.4855
266.0000   112.0000   24.4101   23.7343
267.0000   68.0000   0.3438   21.6848
268.0000   130.0000   32.7615   2.2724
269.0000   67.0000   15.7391   42.6284
270.0000   73.0000   9.2975   7.3671
271.0000   56.0000   15.4949   22.4386
272.0000   80.0000   43.6402   8.7023
273.0000   121.0000   17.9035   27.7056
274.0000   62.0000   26.9353   0.4684
275.0000   135.0000   45.1095   15.8859
276.0000   106.0000   38.6238   9.3444
277.0000   75.0000   19.4910   16.6280
278.0000   89.0000   27.3636   21.4158
279.0000   114.0000   22.0779   8.8950
280.0000   80.0000   1.1253   37.7101
281.0000   121.0000   39.2188   47.4253
282.0000   78.0000   6.9456   40.3528
283.0000   87.0000   43.5711   49.3031
284.0000   53.0000   41.7650   36.6089
285.0000   79.0000   15.9667   5.9148
286.0000   108.0000   6.0433   26.2173
287.0000   59.0000   24.6393   29.3958
288.0000   97.0000   15.4464   17.8971
289.0000   87.0000   22.1085   49.8974
290.0000   92.0000   41.9385   28.1641
291.0000   131.0000   35.6482   17.4470
292.0000   61.0000   24.6610   44.2957
293.0000   72.0000   49.0169   42.1769
294.0000   81.0000   9.6042   5.3136
295.0000   109.0000   14.0488   43.4064
296.0000   110.0000   37.9544   19.6381
297.0000   59.0000   48.5054   26.1801
298.0000   93.0000   21.5726   47.6886
299.0000   55.0000   30.4423   21.9481
300.0000   116.0000   11.6498   46.3798
301.0000   122.0000   29.9547   14.3746
302.0000   85.0000   11.9313   33.9676
303.0000   58.0000   7.8269   13.8041
304.0000   99.0000   42.3222   31.2648
305.0000   84.0000   26.2986   6.1551
306.0000   91.0000   11.0332   37.0689
307.0000   81.0000   28.4215   31.6174
308.0000   103.0000   18.0025   10.8376
309.0000   129.0000   25.8061   37.4745
310.0000   52.0000   35.2169   8.6411
311.0000   113.0000   20.0200   30.2238
312.0000   53.0000   29.5152   39.4488
313.0000   59.0000   17.5973   31.4661
314.0000   61.0000   13.2999   42.3583
315.0000   133.0000   10.6976   17.9613
316.0000   86.0000   4.8036   17.8100
317.0000   51.0000   32.4034   45.0490
318.0000   52.0000   26.6466   19.6090
319.0000   63.0000   26.6543   44.8598
320.0000   120.0000   47.4734   27.2632
321.0000   75.0000   28.7077   43.0441
322.0000   73.0000   31.1564   12.8398
323.0000   74.0000   25.8195   12.2241
324.0000   123.0000   25.7917   38.6017
325.0000   59.0000   9.3669   40.7944
326.0000   56.0000   11.9306   48.4636
327.0000   65.0000   33.2233   6.2270
328.0000   91.0000   34.4964   30.7999
329.0000   71.0000   35.5356   19.7674
330.0000   93.0000   26.3986   44.9060
331.0000   86.0000   36.9607   15.8272
332.0000   102.0000   33.3954   18.1929
333.0000   107.0000   14.4488   15.5113
334.0000   55.0000   33.3565   41.9396
335.0000   67.0000   6.0718   33.4581
336.0000   111.0000   5.7520   13.1216
337.0000   101.0000   1.1905   32.7825
338.0000   116.0000   35.0328   0.2073
339.0000   72.0000   3.9138   36.9451
340.0000   125.0000   2.0663   34.8222
341.0000   50.0000   29.1577   2.5754
342.0000   140.0000   3.0749   13.2803
343.0000   121.0000   23.2159   41.2388
344.0000   131.0000   46.1108   16.5571
345.0000   84.0000   18.4920   3.8665
346.0000   113.0000   19.5027   44.0346
347.0000   95.0000   32.8722   13.9021
348.0000   114.0000   27.5091   22.7225
349.0000   92.0000   6.4453   7.1594
350.0000   77.0000   1.5663   19.1462
