0.0000   0.0000   0.0000   0.0000
1.0000   150.0000   34.9858   9.6375
2.0000   148.0000   20.8510   2.5981
3.0000   70.0000   38.4022   48.3075
4.0000   96.0000   11.3374   29.1885
5.0000   85.0000   25.8882   48.2244
6.0000   144.0000   36.5718   14.7926
7.0000   92.0000   19.7997   5.7077
8.0000   85.0000   39.0277   26.0082
9.0000   88.0000   0.5732   21.4559
10.0000   132.0000   12.2353   20.8704
11.0000   108.0000   38.4570   25.6197
12.0000   87.0000   38.5193   36.4637
13.0000   104.0000   20.8336   39.3525
14.0000   113.0000   3.5758   18.5606
15.0000   88.0000   32.9163   5.5328
16.0000   94.0000   41.0349   6.7030
17.0000   69.0000   20.0759   13.9814
18.0000   74.0000   25.4441   44.6100
19.0000   74.0000   21.7971   49.8610
20.0000   146.0000   41.0344   25.8246
21.0000   113.0000   12.5371   45.6430
22.0000   101.0000   12.4242   22.2891
23.0000   74.0000   44.5644   48.3373
24.0000   68.0000   33.3502   45.5628
25.0000   106.0000   24.3908   38.6153
26.0000   119.0000   28.3174   30.3015
27.0000   107.0000   34.9894   5.4683
28.0000   123.0000   38.7174   24.5615
29.0000   147.0000   39.0481   5.7628
30.0000   88.0000   38.6535   10.8582
31.0000   61.0000   48.3057   38.1996
32.0000   133.0000   7.9805   18.4459
33.0000   75.0000   14.0668   9.7297
34.0000   62.0000   15.5818   5.0858
35.0000   70.0000   34.8718   1.0764
36.0000   129.0000   12.8640   48.3366
37.0000   71.0000   47.3558   41.9352
38.0000   113.0000   5.9058   24.1224
39.0000   137.0000   3.3152   30.4499
40.0000   73.0000   38.5111   35.2712
41.0000   64.0000   14.7112   18.7789
42.0000   105.0000   25.0659   30.2658
43.0000   68.0000   40.9703   27.0771
44.0000   64.0000   29.7754   26.6533
45.0000   136.0000   28.0155   6.8199
46.0000   108.0000   42.1571   4.3376
47.0000   147.0000   5.2189   46.2568
48.0000   116.0000   45.2130   49.1264
49.0000   109.0000   3.8001   6.1339
50.0000   82.0000   35.4284   44.4958
51.0000   118.0000   11.5740   11.8762
52.0000   97.0000   41.7822   15.7284
53.0000   72.0000   6.7150   16.6578
54.0000   86.0000   44.8804   29.8000
55.0000   147.0000   26.5005   43.4615
56.0000   150.0000   27.3074   39.5777
57.0000   128.0000   7.9265   48.4114
58.0000   134.0000   46.5194   31.2744
59.0000   118.0000   20.4484   32.2081
60.0000   88.0000   24.4675   4.9034
61.0000   138.0000   32.5417   36.7350
62.0000   118.0000   21.8440   34.4843
63.0000   103.0000   17.7907   24.0604
64.0000   103.0000   49.6567   26.9690
65.0000   100.0000   20.3907   22.9511
66.0000   82.0000   2.8206   45.2027
67.0000   119.0000   35.7973   8.5241
68.0000   113.0000   38.2792   33.1269
69.0000   137.0000   42.0816   48.5129
70.0000   103.0000   37.7296   37.2964
71.0000   70.0000   32.2917   24.9900
72.0000   139.0000   21.3672   32.2976
73.0000   74.0000   42.3015   6.1398
74.0000   76.0000   7.1151   18.4428
75.0000   126.0000   26.3450   36.5696
76.0000   89.0000   26.7909   15.2054
77.0000   78.0000   27.2479   42.6472
78.0000   79.0000   47.4433   25.2731
79.0000   68.0000   42.2430   45.2629
80.0000   86.0000   44.7555   7.9202
81.0000   117.0000   17.1179   18.2908
82.0000   74.0000   4.9137   42.8917
83.0000   79.0000   14.6933   14.5962
84.0000   108.0000   16.2292   25.1992
85.0000   65.0000   23.7324   8.2593
86.0000   110.0000   30.1224   49.6128
87.0000   146.0000   49.6883   31.4993
88.0000   150.0000   27.9521   31.5824
89.0000   89.0000   2.6165   32.8171
90.0000   150.0000   41.0305   28.7607
91.0000   94.0000   7.3720   17.2708
92.0000   87.0000   32.8579   28.5877
93.0000   93.0000   45.2457   39.1845
94.0000   118.0000   22.1573   5.5968
95.0000   120.0000   33.7935   33.6780
96.0000   147.0000   36.6465   33.6750
97.0000   107.0000   13.4339   20.0602
98.0000   62.0000   27.0409   42.9854
99.0000   129.0000   0.9095   3.9641
100.0000   76.0000   35.2407   6.2214
101.0000   82.0000   34.0236   22.8377
102.0000   72.0000   30.2611   8.6137
103.0000   132.0000   39.6272   27.0634
104.0000   74.0000   40.6003   42.3741
105.0000   142.0000   17.6071   9.3811
106.0000   141.0000   29.7345   25.1115
107.0000   83.0000   41.5174   26.9726
108.0000   120.0000   6.2876   20.0218
109.0000   110.0000   3.3207   47.9521
110.0000   93.0000   23.1264   5.6801
111.0000   82.0000   13.1623   7.0044
112.0000   91.0000   43.4122   15.7865
113.0000   150.0000   48.2166   9.1977
114.0000   92.0000   47.4598   39.8432
115.0000   104.0000   18.3438   46.0851
116.0000   107.0000   18.7482   21.6249
117.0000   111.0000   23.2726   42.2647
118.0000   144.0000   19.3958   4.0140
119.0000   63.0000   13.2901   17.2941
120.0000   149.0000   22.5323   0.2396
121.0000   150.0000   45.1853   0.9440
122.0000   135.0000   30.0207   0.3431
123.0000   104.0000   29.7630   18.9728
124.0000   105.0000   34.3238   16.7419
125.0000   116.0000   43.1153   20.3011
126.0000   127.0000   7.2964   35.8319
127.0000   140.0000   47.6477   14.6556
128.0000   81.0000   40.4123   22.6541
129.0000   103.0000   47.1329   39.0334
130.0000   64.0000   7.4770   34.9751
131.0000   83.0000   38.1156   25.9369
132.0000   136.0000   31.1202   44.5350
133.0000   73.0000   39.5083   22.3302
134.0000   126.0000   21.7399   42.0211
135.0000   62.0000   39.4961   2.6480
136.0000   115.0000   21.4427   48.6943
137.0000   119.0000   23.3185   43.9417
138.0000   147.0000   35.4327   17.6485
139.0000   150.0000   0.2239   47.4111
140.0000   67.0000   26.5708   28.1225
141.0000   114.0000   47.2737   38.9932
142.0000   93.0000   32.0664   28.2864
143.0000   124.0000   40.1858   18.3084
144.0000   63.0000   31.5629   12.5822
145.0000   65.0000   39.1947   43.8246
146.0000   146.0000   48.5844   12.0594
147.0000   81.0000   16.7179   31.1612
148.0000   136.0000   39.5055   33.6169
149.0000   78.0000   2.2139   6.7109
150.0000   64.0000   0.0291   30.0700
151.0000   69.0000   5.6368   19.6511
152.0000   92.0000   45.8456   18.9731
153.0000   72.0000   41.6297   13.0038
154.0000   87.0000   14.1947   44.4506
155.0000   133.0000   11.8136   22.0893
156.0000   139.0000   46.3173   6.1749
157.0000   143.0000   5.9977   32.1546
158.0000   109.0000   41.3170   40.4760
159.0000   95.0000   47.3799   25.9642
160.0000   113.0000   28.1439   12.3666
161.0000   133.0000   20.2549   41.5243
162.0000   140.0000   21.7400   11.6730
163.0000   74.0000   26.0669   34.9034
164.0000   94.0000   43.5948   38.9575
165.0000   98.0000   25.2238   27.9469
166.0000   145.0000   0.0224   19.5606
167.0000   127.0000   2.3501   12.3051
168.0000   108.0000   13.4132   14.9060
169.0000   134.0000   5.0704   19.8713
170.0000   137.0000   10.2169   20.2276
171.0000   140.0000   6.3889   6.1437
172.0000   111.0000   22.5038   34.9987
173.0000   95.0000   48.0313   19.3107
174.0000   138.0000   36.3953   48.5419
175.0000   101.0000   32.9956   12.2296
176.0000   133.0000   0.7204   21.4910
177.0000   82.0000   44.8796   29.3000
178.0000   83.0000   34.5116   15.1697
179.0000   96.0000   40.2760   18.0802
180.0000   91.0000   17.7999   31.6237
181.0000   130.0000   0.8021   17.4687
182.0000   128.0000   35.3025   42.7902
183.0000   90.0000   5.2068   15.9160
184.0000   130.0000   44.1696   40.9133
185.0000   85.0000   13.8533   18.8437
186.0000   110.0000   31.0173   32.1958
187.0000   129.0000   13.9199   46.5915
188.0000   77.0000   24.7894   31.9770
189.0000   140.0000   6.6567   16.8596
190.0000   111.0000   43.1162   21.1249
191.0000   147.0000   35.1195   9.4998
192.0000   102.0000   43.9281   32.1761
193.0000   79.0000   9.9739   46.3832
194.0000   76.0000   4.5804   28.7478
195.0000   85.0000   27.8852   47.7917
196.0000   130.0000   20.6927   21.3251
197.0000   76.0000   10.1692   30.9842
198.0000   68.0000   39.7714   30.4243
199.0000   116.0000   12.9145   29.0336
200.0000   92.0000   7.4247   33.3727
201.0000   108.0000   6.5238   19.1241
202.0000   79.0000   34.7933   29.9591
203.0000   147.0000   25.3696   33.4595
204.0000   147.0000   38.1980   21.2557
205.0000   120.0000   40.4297   45.9849
206.0000   118.0000   25.3275   33.1500
207.0000   76.0000   16.0157   3.9109
208.0000   107.0000   30.4586   41.0680
209.0000   127.0000   42.9186   17.7672
210.0000   135.0000   14.4347   27.5183
211.0000   147.0000   13.0348   9.8363
212.0000   77.0000   18.3140   38.3731
213.0000   87.0000   48.6361   31.2564
214.0000   120.0000   30.0937   26.9923
215.0000   141.0000   17.7566   41.5202
216.0000   89.0000   15.9946   36.0110
217.0000   80.0000   49.1751   19.3233
218.0000   92.0000   49.3245   11.0309
219.0000   76.0000   3.1462   49.5272
220.0000   121.0000   44.8607   42.4366
221.0000   123.0000   46.4801   21.6271
222.0000   65.0000   15.8021   31.1313
223.0000   78.0000   5.7209   2.7806
224.0000   91.0000   47.0689   3.7642
225.0000   77.0000   24.2372   30.4955
226.0000   149.0000   4.1183   11.9556
227.0000   140.0000   20.9318   17.5328
228.0000   141.0000   10.2840   5.2745
229.0000   141.0000   2.8628   2.6085
230.0000   148.0000   8.7332   45.0359
231.0000   78.0000   30.8800   33.4807
232.0000   140.0000   2.5267   11.1279
233.0000   129.0000   19.3075   42.2161
234.0000   86.0000   1.5204   7.7575
235.0000   94.0000   17.2671   11.9257
236.0000   135.0000   34.1361   1.2147
237.0000   90.0000   21.1597   34.6117
238.0000   110.0000   3.6711   20.1140
239.0000   121.0000   1.5079   0.1234
240.0000   106.0000   13.2832   16.6001
241.0000   113.0000   21.3185   34.2569
242.0000   108.0000   28.3346   4.3259
243.0000   131.0000   17.4467   9.6034
244.0000   111.0000   22.7828   6.1316
245.0000   146.0000   3.6284   37.0317
246.0000   139.0000   26.8399   46.6317
247.0000   110.0000   22.9182   20.7770
248.0000   89.0000   43.2266   37.9344
249.0000   109.0000   37.3205   9.4983
250.0000   139.0000   0.3688   36.1962
251.0000   127.0000   42.8632   21.6068
252.0000   149.0000   29.5621   25.0322
253.0000   79.0000   1.6051   31.9028
254.0000   121.0000   12.2179   44.3657
255.0000   131.0000   18.8627   3.6690
256.0000   88.0000   43.9719   33.9479
257.0000   129.0000   12.7395   2.1927
258.0000   138.0000   37.5634   35.6171
259.0000   90.0000   13.0997   10.7586
260.0000   124.0000   26.3816   36.0955
261.0000   122.0000   47.0221   4.0928
262.0000   78.0000   30.3786   27.4400
263.0000   139.0000   43.0654   45.9333
264.0000   78.0000   9.7877   39.0092
265.0000   107.0000   5.2939   39.7569
266.0000   139.0000   17.2925   5.4444
267.0000   100.0000   15.8496   43.7933
268.0000   118.0000   43.1387   33.2387
269.0000   138.0000   19.2674   19.7639
270.0000   114.0000   34.4504   23.5237
271.0000   61.0000   23.6278   35.9330
272.0000   138.0000   19.7859   27.9461
273.0000   74.0000   0.2175   43.4250
274.0000   143.0000   7.2113   48.6735
275.0000   122.0000   8.0508   6.0451
276.0000   138.0000   19.3293   44.0843
277.0000   146.0000   5.4090   42.7924
278.0000   136.0000   9.8651   17.5707
279.0000   92.0000   40.4591   12.8547
280.0000   147.0000   45.3447   44.8184
281.0000   131.0000   37.0343   5.6839
282.0000   65.0000   39.8670   23.2773
283.0000   67.0000   46.6395   43.9855
284.0000   136.0000   9.6338   20.2319
285.0000   130.0000   15.4413   44.6861
286.0000   145.0000   46.2774   28.6673
287.0000   97.0000   26.4626   18.7487
288.0000   117.0000   37.0832   32.5916
289.0000   99.0000   16.0425   48.5231
290.0000   90.0000   31.9367   16.9735
291.0000   83.0000   39.8824   47.3628
292.0000   96.0000   38.1488   3.4171
293.0000   105.0000   38.9224   3.8039
294.0000   127.0000   23.3658   1.4550
295.0000   66.0000   0.7505   13.0313
296.0000   130.0000   44.4713   5.5746
297.0000   107.0000   40.5505   26.4120
298.0000   109.0000   16.0142   48.7861
299.0000   83.0000   42.7996   19.0024
300.0000   108.0000   38.7565   6.2645
301.0000   144.0000   34.9542   49.5805
302.0000   138.0000   29.1124   10.8157
303.0000   146.0000   39.1821   38.2080
304.0000   91.0000   10.0246   18.4831
305.0000   116.0000   9.7116   49.7314
306.0000   102.0000   33.8506   12.2863
307.0000   150.0000   31.4615   37.0353
308.0000   67.0000   6.5811   49.9037
309.0000   81.0000   48.6775   20.9950
310.0000   103.0000   16.2834   38.0349
311.0000   88.0000   22.0600   25.5428
312.0000   87.0000   43.2302   4.6218
313.0000   63.0000   3.3712   21.7292
314.0000   64.0000   37.1455   20.7397
315.0000   106.0000   14.1292   34.4476
316.0000   80.0000   10.3526   47.2482
317.0000   88.0000   34.9012   33.1941
318.0000   88.0000   5.4773   26.3076
319.0000   96.0000   28.1595   19.8323
320.0000   125.0000   17.7841   44.1646
321.0000   66.0000   3.1037   28.3940
322.0000   120.0000   24.0199   33.8997
323.0000   143.0000   5.1279   24.6908
324.0000   61.0000   11.8222   43.2531
325.0000   82.0000   38.4390   1.5824
